      prop.aneu prob.meio   prob.mito dispersal euploid mosaic aneuploid
1    1.00000000 0.7222222 0.009609355       0.5    0.19   0.10      0.71
2    1.00000000 0.7222222 0.009609355       0.5    0.19   0.10      0.71
3    1.00000000 0.7222222 0.009609355       0.5    0.19   0.10      0.71
4    1.00000000 0.7222222 0.009609355       0.5    0.19   0.10      0.71
5    1.00000000 0.7222222 0.009609355       0.5    0.19   0.10      0.71
6    1.00000000 0.7222222 0.009609355       0.5    0.19   0.10      0.71
7    0.52343750 0.7222222 0.009609355       0.5    0.19   0.10      0.71
8    1.00000000 0.7222222 0.009609355       0.5    0.19   0.10      0.71
9    0.02343750 0.7222222 0.009609355       0.5    0.19   0.10      0.71
10   1.00000000 0.7222222 0.009609355       0.5    0.19   0.10      0.71
11   1.00000000 0.7222222 0.009609355       0.5    0.19   0.10      0.71
12   1.00000000 0.7222222 0.009609355       0.5    0.19   0.10      0.71
13   1.00000000 0.7222222 0.009609355       0.5    0.19   0.10      0.71
14   1.00000000 0.7222222 0.009609355       0.5    0.19   0.10      0.71
15   1.00000000 0.7222222 0.009609355       0.5    0.19   0.10      0.71
16   0.27734375 0.7222222 0.009609355       0.5    0.19   0.10      0.71
17   1.00000000 0.7222222 0.009609355       0.5    0.19   0.10      0.71
18   1.00000000 0.7222222 0.009609355       0.5    0.19   0.10      0.71
19   1.00000000 0.7222222 0.009609355       0.5    0.19   0.10      0.71
20   1.00000000 0.7222222 0.009609355       0.5    0.19   0.10      0.71
21   1.00000000 0.7222222 0.009609355       0.5    0.19   0.10      0.71
22   1.00000000 0.7222222 0.009609355       0.5    0.19   0.10      0.71
23   1.00000000 0.7222222 0.009609355       0.5    0.19   0.10      0.71
24   1.00000000 0.7222222 0.009609355       0.5    0.19   0.10      0.71
25   0.07031250 0.7222222 0.009609355       0.5    0.19   0.10      0.71
26   1.00000000 0.7222222 0.009609355       0.5    0.19   0.10      0.71
27   0.02734375 0.7222222 0.009609355       0.5    0.19   0.10      0.71
28   0.27343750 0.7222222 0.009609355       0.5    0.19   0.10      0.71
29   0.03515625 0.7222222 0.009609355       0.5    0.19   0.10      0.71
30   0.13671875 0.7222222 0.009609355       0.5    0.19   0.10      0.71
31   0.04687500 0.7222222 0.009609355       0.5    0.19   0.10      0.71
32   1.00000000 0.7222222 0.009609355       0.5    0.19   0.10      0.71
33   1.00000000 0.7222222 0.009609355       0.5    0.19   0.10      0.71
34   1.00000000 0.7222222 0.009609355       0.5    0.19   0.10      0.71
35   1.00000000 0.7222222 0.009609355       0.5    0.19   0.10      0.71
36   0.00000000 0.7222222 0.009609355       0.5    0.19   0.10      0.71
37   1.00000000 0.7222222 0.009609355       0.5    0.19   0.10      0.71
38   1.00000000 0.7222222 0.009609355       0.5    0.19   0.10      0.71
39   1.00000000 0.7222222 0.009609355       0.5    0.19   0.10      0.71
40   1.00000000 0.7222222 0.009609355       0.5    0.19   0.10      0.71
41   0.28125000 0.7222222 0.009609355       0.5    0.19   0.10      0.71
42   0.01171875 0.7222222 0.009609355       0.5    0.19   0.10      0.71
43   1.00000000 0.7222222 0.009609355       0.5    0.19   0.10      0.71
44   1.00000000 0.7222222 0.009609355       0.5    0.19   0.10      0.71
45   0.06250000 0.7222222 0.009609355       0.5    0.19   0.10      0.71
46   0.03125000 0.7222222 0.009609355       0.5    0.19   0.10      0.71
47   0.02734375 0.7222222 0.009609355       0.5    0.19   0.10      0.71
48   0.07812500 0.7222222 0.009609355       0.5    0.19   0.10      0.71
49   0.06250000 0.7222222 0.009609355       0.5    0.19   0.10      0.71
50   1.00000000 0.7222222 0.009609355       0.5    0.19   0.10      0.71
51   1.00000000 0.7222222 0.009609355       0.5    0.19   0.10      0.71
52   1.00000000 0.7222222 0.009609355       0.5    0.19   0.10      0.71
53   1.00000000 0.7222222 0.009609355       0.5    0.19   0.10      0.71
54   0.04296875 0.7222222 0.009609355       0.5    0.19   0.10      0.71
55   1.00000000 0.7222222 0.009609355       0.5    0.19   0.10      0.71
56   1.00000000 0.7222222 0.009609355       0.5    0.19   0.10      0.71
57   1.00000000 0.7222222 0.009609355       0.5    0.19   0.10      0.71
58   1.00000000 0.7222222 0.009609355       0.5    0.19   0.10      0.71
59   1.00000000 0.7222222 0.009609355       0.5    0.19   0.10      0.71
60   0.26953125 0.7222222 0.009609355       0.5    0.19   0.10      0.71
61   0.03125000 0.7222222 0.009609355       0.5    0.19   0.10      0.71
62   1.00000000 0.7222222 0.009609355       0.5    0.19   0.10      0.71
63   1.00000000 0.7222222 0.009609355       0.5    0.19   0.10      0.71
64   1.00000000 0.7222222 0.009609355       0.5    0.19   0.10      0.71
65   1.00000000 0.7222222 0.009609355       0.5    0.19   0.10      0.71
66   1.00000000 0.7222222 0.009609355       0.5    0.19   0.10      0.71
67   1.00000000 0.7222222 0.009609355       0.5    0.19   0.10      0.71
68   0.51171875 0.7222222 0.009609355       0.5    0.19   0.10      0.71
69   1.00000000 0.7222222 0.009609355       0.5    0.19   0.10      0.71
70   1.00000000 0.7222222 0.009609355       0.5    0.19   0.10      0.71
71   0.09375000 0.7222222 0.009609355       0.5    0.19   0.10      0.71
72   1.00000000 0.7222222 0.009609355       0.5    0.19   0.10      0.71
73   1.00000000 0.7222222 0.009609355       0.5    0.19   0.10      0.71
74   1.00000000 0.7222222 0.009609355       0.5    0.19   0.10      0.71
75   1.00000000 0.7222222 0.009609355       0.5    0.19   0.10      0.71
76   1.00000000 0.7222222 0.009609355       0.5    0.19   0.10      0.71
77   1.00000000 0.7222222 0.009609355       0.5    0.19   0.10      0.71
78   1.00000000 0.7222222 0.009609355       0.5    0.19   0.10      0.71
79   1.00000000 0.7222222 0.009609355       0.5    0.19   0.10      0.71
80   1.00000000 0.7222222 0.009609355       0.5    0.19   0.10      0.71
81   0.00000000 0.7222222 0.009609355       0.5    0.19   0.10      0.71
82   1.00000000 0.7222222 0.009609355       0.5    0.19   0.10      0.71
83   1.00000000 0.7222222 0.009609355       0.5    0.19   0.10      0.71
84   0.11328125 0.7222222 0.009609355       0.5    0.19   0.10      0.71
85   1.00000000 0.7222222 0.009609355       0.5    0.19   0.10      0.71
86   1.00000000 0.7222222 0.009609355       0.5    0.19   0.10      0.71
87   1.00000000 0.7222222 0.009609355       0.5    0.19   0.10      0.71
88   0.01562500 0.7222222 0.009609355       0.5    0.19   0.10      0.71
89   0.02734375 0.7222222 0.009609355       0.5    0.19   0.10      0.71
90   1.00000000 0.7222222 0.009609355       0.5    0.19   0.10      0.71
91   0.03515625 0.7222222 0.009609355       0.5    0.19   0.10      0.71
92   0.05468750 0.7222222 0.009609355       0.5    0.19   0.10      0.71
93   1.00000000 0.7222222 0.009609355       0.5    0.19   0.10      0.71
94   1.00000000 0.7222222 0.009609355       0.5    0.19   0.10      0.71
95   1.00000000 0.7222222 0.009609355       0.5    0.19   0.10      0.71
96   0.16796875 0.7222222 0.009609355       0.5    0.19   0.10      0.71
97   1.00000000 0.7222222 0.009609355       0.5    0.19   0.10      0.71
98   1.00000000 0.7222222 0.009609355       0.5    0.19   0.10      0.71
99   1.00000000 0.7222222 0.009609355       0.5    0.19   0.10      0.71
100  1.00000000 0.7222222 0.009609355       0.5    0.19   0.10      0.71
101  1.00000000 0.5802367 0.036203801       0.5    0.10   0.33      0.57
102  0.23828125 0.5802367 0.036203801       0.5    0.10   0.33      0.57
103  0.12109375 0.5802367 0.036203801       0.5    0.10   0.33      0.57
104  0.44140625 0.5802367 0.036203801       0.5    0.10   0.33      0.57
105  0.34375000 0.5802367 0.036203801       0.5    0.10   0.33      0.57
106  0.17578125 0.5802367 0.036203801       0.5    0.10   0.33      0.57
107  0.11718750 0.5802367 0.036203801       0.5    0.10   0.33      0.57
108  1.00000000 0.5802367 0.036203801       0.5    0.10   0.33      0.57
109  1.00000000 0.5802367 0.036203801       0.5    0.10   0.33      0.57
110  0.23046875 0.5802367 0.036203801       0.5    0.10   0.33      0.57
111  1.00000000 0.5802367 0.036203801       0.5    0.10   0.33      0.57
112  0.35937500 0.5802367 0.036203801       0.5    0.10   0.33      0.57
113  1.00000000 0.5802367 0.036203801       0.5    0.10   0.33      0.57
114  0.20312500 0.5802367 0.036203801       0.5    0.10   0.33      0.57
115  1.00000000 0.5802367 0.036203801       0.5    0.10   0.33      0.57
116  1.00000000 0.5802367 0.036203801       0.5    0.10   0.33      0.57
117  1.00000000 0.5802367 0.036203801       0.5    0.10   0.33      0.57
118  0.67187500 0.5802367 0.036203801       0.5    0.10   0.33      0.57
119  0.10156250 0.5802367 0.036203801       0.5    0.10   0.33      0.57
120  1.00000000 0.5802367 0.036203801       0.5    0.10   0.33      0.57
121  0.11328125 0.5802367 0.036203801       0.5    0.10   0.33      0.57
122  1.00000000 0.5802367 0.036203801       0.5    0.10   0.33      0.57
123  1.00000000 0.5802367 0.036203801       0.5    0.10   0.33      0.57
124  1.00000000 0.5802367 0.036203801       0.5    0.10   0.33      0.57
125  0.28515625 0.5802367 0.036203801       0.5    0.10   0.33      0.57
126  1.00000000 0.5802367 0.036203801       0.5    0.10   0.33      0.57
127  0.22265625 0.5802367 0.036203801       0.5    0.10   0.33      0.57
128  1.00000000 0.5802367 0.036203801       0.5    0.10   0.33      0.57
129  0.25390625 0.5802367 0.036203801       0.5    0.10   0.33      0.57
130  1.00000000 0.5802367 0.036203801       0.5    0.10   0.33      0.57
131  0.32031250 0.5802367 0.036203801       0.5    0.10   0.33      0.57
132  0.25000000 0.5802367 0.036203801       0.5    0.10   0.33      0.57
133  1.00000000 0.5802367 0.036203801       0.5    0.10   0.33      0.57
134  1.00000000 0.5802367 0.036203801       0.5    0.10   0.33      0.57
135  1.00000000 0.5802367 0.036203801       0.5    0.10   0.33      0.57
136  1.00000000 0.5802367 0.036203801       0.5    0.10   0.33      0.57
137  1.00000000 0.5802367 0.036203801       0.5    0.10   0.33      0.57
138  0.10156250 0.5802367 0.036203801       0.5    0.10   0.33      0.57
139  0.10156250 0.5802367 0.036203801       0.5    0.10   0.33      0.57
140  0.14453125 0.5802367 0.036203801       0.5    0.10   0.33      0.57
141  1.00000000 0.5802367 0.036203801       0.5    0.10   0.33      0.57
142  1.00000000 0.5802367 0.036203801       0.5    0.10   0.33      0.57
143  1.00000000 0.5802367 0.036203801       0.5    0.10   0.33      0.57
144  1.00000000 0.5802367 0.036203801       0.5    0.10   0.33      0.57
145  1.00000000 0.5802367 0.036203801       0.5    0.10   0.33      0.57
146  0.13671875 0.5802367 0.036203801       0.5    0.10   0.33      0.57
147  0.15234375 0.5802367 0.036203801       0.5    0.10   0.33      0.57
148  0.30468750 0.5802367 0.036203801       0.5    0.10   0.33      0.57
149  0.18359375 0.5802367 0.036203801       0.5    0.10   0.33      0.57
150  1.00000000 0.5802367 0.036203801       0.5    0.10   0.33      0.57
151  1.00000000 0.5802367 0.036203801       0.5    0.10   0.33      0.57
152  0.53125000 0.5802367 0.036203801       0.5    0.10   0.33      0.57
153  1.00000000 0.5802367 0.036203801       0.5    0.10   0.33      0.57
154  0.25781250 0.5802367 0.036203801       0.5    0.10   0.33      0.57
155  1.00000000 0.5802367 0.036203801       0.5    0.10   0.33      0.57
156  0.25000000 0.5802367 0.036203801       0.5    0.10   0.33      0.57
157  0.12109375 0.5802367 0.036203801       0.5    0.10   0.33      0.57
158  0.21875000 0.5802367 0.036203801       0.5    0.10   0.33      0.57
159  0.17578125 0.5802367 0.036203801       0.5    0.10   0.33      0.57
160  0.11718750 0.5802367 0.036203801       0.5    0.10   0.33      0.57
161  1.00000000 0.5802367 0.036203801       0.5    0.10   0.33      0.57
162  1.00000000 0.5802367 0.036203801       0.5    0.10   0.33      0.57
163  1.00000000 0.5802367 0.036203801       0.5    0.10   0.33      0.57
164  1.00000000 0.5802367 0.036203801       0.5    0.10   0.33      0.57
165  1.00000000 0.5802367 0.036203801       0.5    0.10   0.33      0.57
166  1.00000000 0.5802367 0.036203801       0.5    0.10   0.33      0.57
167  1.00000000 0.5802367 0.036203801       0.5    0.10   0.33      0.57
168  1.00000000 0.5802367 0.036203801       0.5    0.10   0.33      0.57
169  0.32812500 0.5802367 0.036203801       0.5    0.10   0.33      0.57
170  1.00000000 0.5802367 0.036203801       0.5    0.10   0.33      0.57
171  1.00000000 0.5802367 0.036203801       0.5    0.10   0.33      0.57
172  0.22656250 0.5802367 0.036203801       0.5    0.10   0.33      0.57
173  1.00000000 0.5802367 0.036203801       0.5    0.10   0.33      0.57
174  1.00000000 0.5802367 0.036203801       0.5    0.10   0.33      0.57
175  1.00000000 0.5802367 0.036203801       0.5    0.10   0.33      0.57
176  0.41015625 0.5802367 0.036203801       0.5    0.10   0.33      0.57
177  1.00000000 0.5802367 0.036203801       0.5    0.10   0.33      0.57
178  0.15234375 0.5802367 0.036203801       0.5    0.10   0.33      0.57
179  1.00000000 0.5802367 0.036203801       0.5    0.10   0.33      0.57
180  1.00000000 0.5802367 0.036203801       0.5    0.10   0.33      0.57
181  1.00000000 0.5802367 0.036203801       0.5    0.10   0.33      0.57
182  0.34375000 0.5802367 0.036203801       0.5    0.10   0.33      0.57
183  1.00000000 0.5802367 0.036203801       0.5    0.10   0.33      0.57
184  0.18359375 0.5802367 0.036203801       0.5    0.10   0.33      0.57
185  0.17968750 0.5802367 0.036203801       0.5    0.10   0.33      0.57
186  1.00000000 0.5802367 0.036203801       0.5    0.10   0.33      0.57
187  1.00000000 0.5802367 0.036203801       0.5    0.10   0.33      0.57
188  0.14843750 0.5802367 0.036203801       0.5    0.10   0.33      0.57
189  0.12500000 0.5802367 0.036203801       0.5    0.10   0.33      0.57
190  1.00000000 0.5802367 0.036203801       0.5    0.10   0.33      0.57
191  0.34375000 0.5802367 0.036203801       0.5    0.10   0.33      0.57
192  1.00000000 0.5802367 0.036203801       0.5    0.10   0.33      0.57
193  1.00000000 0.5802367 0.036203801       0.5    0.10   0.33      0.57
194  1.00000000 0.5802367 0.036203801       0.5    0.10   0.33      0.57
195  0.30859375 0.5802367 0.036203801       0.5    0.10   0.33      0.57
196  0.34765625 0.5802367 0.036203801       0.5    0.10   0.33      0.57
197  1.00000000 0.5802367 0.036203801       0.5    0.10   0.33      0.57
198  1.00000000 0.5802367 0.036203801       0.5    0.10   0.33      0.57
199  1.00000000 0.5802367 0.036203801       0.5    0.10   0.33      0.57
200  1.00000000 0.5802367 0.036203801       0.5    0.10   0.33      0.57
201  0.35546875 0.6834861 0.018009721       0.5    0.21   0.15      0.64
202  1.00000000 0.6834861 0.018009721       0.5    0.21   0.15      0.64
203  1.00000000 0.6834861 0.018009721       0.5    0.21   0.15      0.64
204  1.00000000 0.6834861 0.018009721       0.5    0.21   0.15      0.64
205  1.00000000 0.6834861 0.018009721       0.5    0.21   0.15      0.64
206  1.00000000 0.6834861 0.018009721       0.5    0.21   0.15      0.64
207  1.00000000 0.6834861 0.018009721       0.5    0.21   0.15      0.64
208  1.00000000 0.6834861 0.018009721       0.5    0.21   0.15      0.64
209  1.00000000 0.6834861 0.018009721       0.5    0.21   0.15      0.64
210  1.00000000 0.6834861 0.018009721       0.5    0.21   0.15      0.64
211  0.09375000 0.6834861 0.018009721       0.5    0.21   0.15      0.64
212  1.00000000 0.6834861 0.018009721       0.5    0.21   0.15      0.64
213  1.00000000 0.6834861 0.018009721       0.5    0.21   0.15      0.64
214  1.00000000 0.6834861 0.018009721       0.5    0.21   0.15      0.64
215  0.05468750 0.6834861 0.018009721       0.5    0.21   0.15      0.64
216  1.00000000 0.6834861 0.018009721       0.5    0.21   0.15      0.64
217  1.00000000 0.6834861 0.018009721       0.5    0.21   0.15      0.64
218  1.00000000 0.6834861 0.018009721       0.5    0.21   0.15      0.64
219  0.04687500 0.6834861 0.018009721       0.5    0.21   0.15      0.64
220  1.00000000 0.6834861 0.018009721       0.5    0.21   0.15      0.64
221  0.06250000 0.6834861 0.018009721       0.5    0.21   0.15      0.64
222  1.00000000 0.6834861 0.018009721       0.5    0.21   0.15      0.64
223  0.26171875 0.6834861 0.018009721       0.5    0.21   0.15      0.64
224  0.03515625 0.6834861 0.018009721       0.5    0.21   0.15      0.64
225  1.00000000 0.6834861 0.018009721       0.5    0.21   0.15      0.64
226  0.24609375 0.6834861 0.018009721       0.5    0.21   0.15      0.64
227  0.05078125 0.6834861 0.018009721       0.5    0.21   0.15      0.64
228  1.00000000 0.6834861 0.018009721       0.5    0.21   0.15      0.64
229  0.27343750 0.6834861 0.018009721       0.5    0.21   0.15      0.64
230  0.10546875 0.6834861 0.018009721       0.5    0.21   0.15      0.64
231  0.03515625 0.6834861 0.018009721       0.5    0.21   0.15      0.64
232  0.05859375 0.6834861 0.018009721       0.5    0.21   0.15      0.64
233  1.00000000 0.6834861 0.018009721       0.5    0.21   0.15      0.64
234  1.00000000 0.6834861 0.018009721       0.5    0.21   0.15      0.64
235  1.00000000 0.6834861 0.018009721       0.5    0.21   0.15      0.64
236  0.05078125 0.6834861 0.018009721       0.5    0.21   0.15      0.64
237  1.00000000 0.6834861 0.018009721       0.5    0.21   0.15      0.64
238  1.00000000 0.6834861 0.018009721       0.5    0.21   0.15      0.64
239  1.00000000 0.6834861 0.018009721       0.5    0.21   0.15      0.64
240  1.00000000 0.6834861 0.018009721       0.5    0.21   0.15      0.64
241  1.00000000 0.6834861 0.018009721       0.5    0.21   0.15      0.64
242  1.00000000 0.6834861 0.018009721       0.5    0.21   0.15      0.64
243  0.03515625 0.6834861 0.018009721       0.5    0.21   0.15      0.64
244  0.09765625 0.6834861 0.018009721       0.5    0.21   0.15      0.64
245  1.00000000 0.6834861 0.018009721       0.5    0.21   0.15      0.64
246  0.07421875 0.6834861 0.018009721       0.5    0.21   0.15      0.64
247  1.00000000 0.6834861 0.018009721       0.5    0.21   0.15      0.64
248  1.00000000 0.6834861 0.018009721       0.5    0.21   0.15      0.64
249  1.00000000 0.6834861 0.018009721       0.5    0.21   0.15      0.64
250  1.00000000 0.6834861 0.018009721       0.5    0.21   0.15      0.64
251  0.09375000 0.6834861 0.018009721       0.5    0.21   0.15      0.64
252  0.12500000 0.6834861 0.018009721       0.5    0.21   0.15      0.64
253  0.33593750 0.6834861 0.018009721       0.5    0.21   0.15      0.64
254  0.08984375 0.6834861 0.018009721       0.5    0.21   0.15      0.64
255  1.00000000 0.6834861 0.018009721       0.5    0.21   0.15      0.64
256  1.00000000 0.6834861 0.018009721       0.5    0.21   0.15      0.64
257  0.07031250 0.6834861 0.018009721       0.5    0.21   0.15      0.64
258  1.00000000 0.6834861 0.018009721       0.5    0.21   0.15      0.64
259  1.00000000 0.6834861 0.018009721       0.5    0.21   0.15      0.64
260  1.00000000 0.6834861 0.018009721       0.5    0.21   0.15      0.64
261  1.00000000 0.6834861 0.018009721       0.5    0.21   0.15      0.64
262  1.00000000 0.6834861 0.018009721       0.5    0.21   0.15      0.64
263  1.00000000 0.6834861 0.018009721       0.5    0.21   0.15      0.64
264  1.00000000 0.6834861 0.018009721       0.5    0.21   0.15      0.64
265  1.00000000 0.6834861 0.018009721       0.5    0.21   0.15      0.64
266  1.00000000 0.6834861 0.018009721       0.5    0.21   0.15      0.64
267  0.08593750 0.6834861 0.018009721       0.5    0.21   0.15      0.64
268  1.00000000 0.6834861 0.018009721       0.5    0.21   0.15      0.64
269  0.13281250 0.6834861 0.018009721       0.5    0.21   0.15      0.64
270  0.17187500 0.6834861 0.018009721       0.5    0.21   0.15      0.64
271  1.00000000 0.6834861 0.018009721       0.5    0.21   0.15      0.64
272  1.00000000 0.6834861 0.018009721       0.5    0.21   0.15      0.64
273  0.20703125 0.6834861 0.018009721       0.5    0.21   0.15      0.64
274  0.18750000 0.6834861 0.018009721       0.5    0.21   0.15      0.64
275  0.11718750 0.6834861 0.018009721       0.5    0.21   0.15      0.64
276  0.08593750 0.6834861 0.018009721       0.5    0.21   0.15      0.64
277  1.00000000 0.6834861 0.018009721       0.5    0.21   0.15      0.64
278  1.00000000 0.6834861 0.018009721       0.5    0.21   0.15      0.64
279  0.03125000 0.6834861 0.018009721       0.5    0.21   0.15      0.64
280  0.09375000 0.6834861 0.018009721       0.5    0.21   0.15      0.64
281  1.00000000 0.6834861 0.018009721       0.5    0.21   0.15      0.64
282  1.00000000 0.6834861 0.018009721       0.5    0.21   0.15      0.64
283  1.00000000 0.6834861 0.018009721       0.5    0.21   0.15      0.64
284  1.00000000 0.6834861 0.018009721       0.5    0.21   0.15      0.64
285  1.00000000 0.6834861 0.018009721       0.5    0.21   0.15      0.64
286  0.06640625 0.6834861 0.018009721       0.5    0.21   0.15      0.64
287  0.08593750 0.6834861 0.018009721       0.5    0.21   0.15      0.64
288  0.39062500 0.6834861 0.018009721       0.5    0.21   0.15      0.64
289  1.00000000 0.6834861 0.018009721       0.5    0.21   0.15      0.64
290  1.00000000 0.6834861 0.018009721       0.5    0.21   0.15      0.64
291  0.06250000 0.6834861 0.018009721       0.5    0.21   0.15      0.64
292  1.00000000 0.6834861 0.018009721       0.5    0.21   0.15      0.64
293  1.00000000 0.6834861 0.018009721       0.5    0.21   0.15      0.64
294  1.00000000 0.6834861 0.018009721       0.5    0.21   0.15      0.64
295  1.00000000 0.6834861 0.018009721       0.5    0.21   0.15      0.64
296  1.00000000 0.6834861 0.018009721       0.5    0.21   0.15      0.64
297  1.00000000 0.6834861 0.018009721       0.5    0.21   0.15      0.64
298  0.07812500 0.6834861 0.018009721       0.5    0.21   0.15      0.64
299  1.00000000 0.6834861 0.018009721       0.5    0.21   0.15      0.64
300  1.00000000 0.6834861 0.018009721       0.5    0.21   0.15      0.64
301  0.07812500 0.3926266 0.014884201       0.5    0.33   0.24      0.43
302  1.00000000 0.3926266 0.014884201       0.5    0.33   0.24      0.43
303  1.00000000 0.3926266 0.014884201       0.5    0.33   0.24      0.43
304  0.05468750 0.3926266 0.014884201       0.5    0.33   0.24      0.43
305  0.01953125 0.3926266 0.014884201       0.5    0.33   0.24      0.43
306  0.04687500 0.3926266 0.014884201       0.5    0.33   0.24      0.43
307  0.35937500 0.3926266 0.014884201       0.5    0.33   0.24      0.43
308  0.04687500 0.3926266 0.014884201       0.5    0.33   0.24      0.43
309  0.04687500 0.3926266 0.014884201       0.5    0.33   0.24      0.43
310  1.00000000 0.3926266 0.014884201       0.5    0.33   0.24      0.43
311  1.00000000 0.3926266 0.014884201       0.5    0.33   0.24      0.43
312  0.05468750 0.3926266 0.014884201       0.5    0.33   0.24      0.43
313  0.06640625 0.3926266 0.014884201       0.5    0.33   0.24      0.43
314  0.10546875 0.3926266 0.014884201       0.5    0.33   0.24      0.43
315  0.08593750 0.3926266 0.014884201       0.5    0.33   0.24      0.43
316  1.00000000 0.3926266 0.014884201       0.5    0.33   0.24      0.43
317  1.00000000 0.3926266 0.014884201       0.5    0.33   0.24      0.43
318  0.07421875 0.3926266 0.014884201       0.5    0.33   0.24      0.43
319  1.00000000 0.3926266 0.014884201       0.5    0.33   0.24      0.43
320  1.00000000 0.3926266 0.014884201       0.5    0.33   0.24      0.43
321  1.00000000 0.3926266 0.014884201       0.5    0.33   0.24      0.43
322  0.03125000 0.3926266 0.014884201       0.5    0.33   0.24      0.43
323  1.00000000 0.3926266 0.014884201       0.5    0.33   0.24      0.43
324  0.17187500 0.3926266 0.014884201       0.5    0.33   0.24      0.43
325  0.02343750 0.3926266 0.014884201       0.5    0.33   0.24      0.43
326  0.05468750 0.3926266 0.014884201       0.5    0.33   0.24      0.43
327  0.04296875 0.3926266 0.014884201       0.5    0.33   0.24      0.43
328  0.12109375 0.3926266 0.014884201       0.5    0.33   0.24      0.43
329  0.01953125 0.3926266 0.014884201       0.5    0.33   0.24      0.43
330  1.00000000 0.3926266 0.014884201       0.5    0.33   0.24      0.43
331  1.00000000 0.3926266 0.014884201       0.5    0.33   0.24      0.43
332  1.00000000 0.3926266 0.014884201       0.5    0.33   0.24      0.43
333  0.17968750 0.3926266 0.014884201       0.5    0.33   0.24      0.43
334  1.00000000 0.3926266 0.014884201       0.5    0.33   0.24      0.43
335  1.00000000 0.3926266 0.014884201       0.5    0.33   0.24      0.43
336  0.10546875 0.3926266 0.014884201       0.5    0.33   0.24      0.43
337  1.00000000 0.3926266 0.014884201       0.5    0.33   0.24      0.43
338  1.00000000 0.3926266 0.014884201       0.5    0.33   0.24      0.43
339  0.13281250 0.3926266 0.014884201       0.5    0.33   0.24      0.43
340  1.00000000 0.3926266 0.014884201       0.5    0.33   0.24      0.43
341  0.30078125 0.3926266 0.014884201       0.5    0.33   0.24      0.43
342  0.06640625 0.3926266 0.014884201       0.5    0.33   0.24      0.43
343  0.30859375 0.3926266 0.014884201       0.5    0.33   0.24      0.43
344  0.04687500 0.3926266 0.014884201       0.5    0.33   0.24      0.43
345  0.14062500 0.3926266 0.014884201       0.5    0.33   0.24      0.43
346  1.00000000 0.3926266 0.014884201       0.5    0.33   0.24      0.43
347  0.16406250 0.3926266 0.014884201       0.5    0.33   0.24      0.43
348  1.00000000 0.3926266 0.014884201       0.5    0.33   0.24      0.43
349  0.11328125 0.3926266 0.014884201       0.5    0.33   0.24      0.43
350  1.00000000 0.3926266 0.014884201       0.5    0.33   0.24      0.43
351  0.22265625 0.3926266 0.014884201       0.5    0.33   0.24      0.43
352  1.00000000 0.3926266 0.014884201       0.5    0.33   0.24      0.43
353  1.00000000 0.3926266 0.014884201       0.5    0.33   0.24      0.43
354  1.00000000 0.3926266 0.014884201       0.5    0.33   0.24      0.43
355  0.05468750 0.3926266 0.014884201       0.5    0.33   0.24      0.43
356  0.51562500 0.3926266 0.014884201       0.5    0.33   0.24      0.43
357  0.42187500 0.3926266 0.014884201       0.5    0.33   0.24      0.43
358  1.00000000 0.3926266 0.014884201       0.5    0.33   0.24      0.43
359  0.03906250 0.3926266 0.014884201       0.5    0.33   0.24      0.43
360  1.00000000 0.3926266 0.014884201       0.5    0.33   0.24      0.43
361  0.01953125 0.3926266 0.014884201       0.5    0.33   0.24      0.43
362  1.00000000 0.3926266 0.014884201       0.5    0.33   0.24      0.43
363  1.00000000 0.3926266 0.014884201       0.5    0.33   0.24      0.43
364  0.04296875 0.3926266 0.014884201       0.5    0.33   0.24      0.43
365  0.19531250 0.3926266 0.014884201       0.5    0.33   0.24      0.43
366  0.08984375 0.3926266 0.014884201       0.5    0.33   0.24      0.43
367  1.00000000 0.3926266 0.014884201       0.5    0.33   0.24      0.43
368  1.00000000 0.3926266 0.014884201       0.5    0.33   0.24      0.43
369  0.02734375 0.3926266 0.014884201       0.5    0.33   0.24      0.43
370  0.14843750 0.3926266 0.014884201       0.5    0.33   0.24      0.43
371  0.07421875 0.3926266 0.014884201       0.5    0.33   0.24      0.43
372  0.06640625 0.3926266 0.014884201       0.5    0.33   0.24      0.43
373  1.00000000 0.3926266 0.014884201       0.5    0.33   0.24      0.43
374  0.03515625 0.3926266 0.014884201       0.5    0.33   0.24      0.43
375  0.01171875 0.3926266 0.014884201       0.5    0.33   0.24      0.43
376  1.00000000 0.3926266 0.014884201       0.5    0.33   0.24      0.43
377  0.09375000 0.3926266 0.014884201       0.5    0.33   0.24      0.43
378  1.00000000 0.3926266 0.014884201       0.5    0.33   0.24      0.43
379  1.00000000 0.3926266 0.014884201       0.5    0.33   0.24      0.43
380  1.00000000 0.3926266 0.014884201       0.5    0.33   0.24      0.43
381  0.05859375 0.3926266 0.014884201       0.5    0.33   0.24      0.43
382  0.00000000 0.3926266 0.014884201       0.5    0.33   0.24      0.43
383  1.00000000 0.3926266 0.014884201       0.5    0.33   0.24      0.43
384  0.28906250 0.3926266 0.014884201       0.5    0.33   0.24      0.43
385  0.08984375 0.3926266 0.014884201       0.5    0.33   0.24      0.43
386  1.00000000 0.3926266 0.014884201       0.5    0.33   0.24      0.43
387  1.00000000 0.3926266 0.014884201       0.5    0.33   0.24      0.43
388  1.00000000 0.3926266 0.014884201       0.5    0.33   0.24      0.43
389  0.05859375 0.3926266 0.014884201       0.5    0.33   0.24      0.43
390  1.00000000 0.3926266 0.014884201       0.5    0.33   0.24      0.43
391  0.08984375 0.3926266 0.014884201       0.5    0.33   0.24      0.43
392  0.13281250 0.3926266 0.014884201       0.5    0.33   0.24      0.43
393  1.00000000 0.3926266 0.014884201       0.5    0.33   0.24      0.43
394  0.22656250 0.3926266 0.014884201       0.5    0.33   0.24      0.43
395  0.09375000 0.3926266 0.014884201       0.5    0.33   0.24      0.43
396  1.00000000 0.3926266 0.014884201       0.5    0.33   0.24      0.43
397  0.03906250 0.3926266 0.014884201       0.5    0.33   0.24      0.43
398  0.12109375 0.3926266 0.014884201       0.5    0.33   0.24      0.43
399  0.20703125 0.3926266 0.014884201       0.5    0.33   0.24      0.43
400  1.00000000 0.3926266 0.014884201       0.5    0.33   0.24      0.43
401  1.00000000 0.5811914 0.046161328       0.5    0.10   0.29      0.61
402  1.00000000 0.5811914 0.046161328       0.5    0.10   0.29      0.61
403  1.00000000 0.5811914 0.046161328       0.5    0.10   0.29      0.61
404  1.00000000 0.5811914 0.046161328       0.5    0.10   0.29      0.61
405  1.00000000 0.5811914 0.046161328       0.5    0.10   0.29      0.61
406  0.20703125 0.5811914 0.046161328       0.5    0.10   0.29      0.61
407  1.00000000 0.5811914 0.046161328       0.5    0.10   0.29      0.61
408  1.00000000 0.5811914 0.046161328       0.5    0.10   0.29      0.61
409  1.00000000 0.5811914 0.046161328       0.5    0.10   0.29      0.61
410  0.69531250 0.5811914 0.046161328       0.5    0.10   0.29      0.61
411  1.00000000 0.5811914 0.046161328       0.5    0.10   0.29      0.61
412  0.14843750 0.5811914 0.046161328       0.5    0.10   0.29      0.61
413  1.00000000 0.5811914 0.046161328       0.5    0.10   0.29      0.61
414  1.00000000 0.5811914 0.046161328       0.5    0.10   0.29      0.61
415  1.00000000 0.5811914 0.046161328       0.5    0.10   0.29      0.61
416  0.10937500 0.5811914 0.046161328       0.5    0.10   0.29      0.61
417  1.00000000 0.5811914 0.046161328       0.5    0.10   0.29      0.61
418  1.00000000 0.5811914 0.046161328       0.5    0.10   0.29      0.61
419  0.32421875 0.5811914 0.046161328       0.5    0.10   0.29      0.61
420  0.26562500 0.5811914 0.046161328       0.5    0.10   0.29      0.61
421  1.00000000 0.5811914 0.046161328       0.5    0.10   0.29      0.61
422  1.00000000 0.5811914 0.046161328       0.5    0.10   0.29      0.61
423  0.26171875 0.5811914 0.046161328       0.5    0.10   0.29      0.61
424  1.00000000 0.5811914 0.046161328       0.5    0.10   0.29      0.61
425  0.24609375 0.5811914 0.046161328       0.5    0.10   0.29      0.61
426  1.00000000 0.5811914 0.046161328       0.5    0.10   0.29      0.61
427  1.00000000 0.5811914 0.046161328       0.5    0.10   0.29      0.61
428  1.00000000 0.5811914 0.046161328       0.5    0.10   0.29      0.61
429  0.10937500 0.5811914 0.046161328       0.5    0.10   0.29      0.61
430  0.66406250 0.5811914 0.046161328       0.5    0.10   0.29      0.61
431  1.00000000 0.5811914 0.046161328       0.5    0.10   0.29      0.61
432  0.35546875 0.5811914 0.046161328       0.5    0.10   0.29      0.61
433  1.00000000 0.5811914 0.046161328       0.5    0.10   0.29      0.61
434  0.30468750 0.5811914 0.046161328       0.5    0.10   0.29      0.61
435  0.23046875 0.5811914 0.046161328       0.5    0.10   0.29      0.61
436  1.00000000 0.5811914 0.046161328       0.5    0.10   0.29      0.61
437  0.41406250 0.5811914 0.046161328       0.5    0.10   0.29      0.61
438  0.25781250 0.5811914 0.046161328       0.5    0.10   0.29      0.61
439  1.00000000 0.5811914 0.046161328       0.5    0.10   0.29      0.61
440  0.57812500 0.5811914 0.046161328       0.5    0.10   0.29      0.61
441  1.00000000 0.5811914 0.046161328       0.5    0.10   0.29      0.61
442  1.00000000 0.5811914 0.046161328       0.5    0.10   0.29      0.61
443  0.44531250 0.5811914 0.046161328       0.5    0.10   0.29      0.61
444  0.32421875 0.5811914 0.046161328       0.5    0.10   0.29      0.61
445  0.25390625 0.5811914 0.046161328       0.5    0.10   0.29      0.61
446  1.00000000 0.5811914 0.046161328       0.5    0.10   0.29      0.61
447  1.00000000 0.5811914 0.046161328       0.5    0.10   0.29      0.61
448  0.16406250 0.5811914 0.046161328       0.5    0.10   0.29      0.61
449  0.33593750 0.5811914 0.046161328       0.5    0.10   0.29      0.61
450  0.28906250 0.5811914 0.046161328       0.5    0.10   0.29      0.61
451  1.00000000 0.5811914 0.046161328       0.5    0.10   0.29      0.61
452  1.00000000 0.5811914 0.046161328       0.5    0.10   0.29      0.61
453  1.00000000 0.5811914 0.046161328       0.5    0.10   0.29      0.61
454  1.00000000 0.5811914 0.046161328       0.5    0.10   0.29      0.61
455  1.00000000 0.5811914 0.046161328       0.5    0.10   0.29      0.61
456  1.00000000 0.5811914 0.046161328       0.5    0.10   0.29      0.61
457  1.00000000 0.5811914 0.046161328       0.5    0.10   0.29      0.61
458  1.00000000 0.5811914 0.046161328       0.5    0.10   0.29      0.61
459  1.00000000 0.5811914 0.046161328       0.5    0.10   0.29      0.61
460  0.41406250 0.5811914 0.046161328       0.5    0.10   0.29      0.61
461  0.35156250 0.5811914 0.046161328       0.5    0.10   0.29      0.61
462  1.00000000 0.5811914 0.046161328       0.5    0.10   0.29      0.61
463  0.16796875 0.5811914 0.046161328       0.5    0.10   0.29      0.61
464  0.33203125 0.5811914 0.046161328       0.5    0.10   0.29      0.61
465  1.00000000 0.5811914 0.046161328       0.5    0.10   0.29      0.61
466  1.00000000 0.5811914 0.046161328       0.5    0.10   0.29      0.61
467  0.17187500 0.5811914 0.046161328       0.5    0.10   0.29      0.61
468  0.26562500 0.5811914 0.046161328       0.5    0.10   0.29      0.61
469  0.35156250 0.5811914 0.046161328       0.5    0.10   0.29      0.61
470  1.00000000 0.5811914 0.046161328       0.5    0.10   0.29      0.61
471  1.00000000 0.5811914 0.046161328       0.5    0.10   0.29      0.61
472  0.36328125 0.5811914 0.046161328       0.5    0.10   0.29      0.61
473  1.00000000 0.5811914 0.046161328       0.5    0.10   0.29      0.61
474  1.00000000 0.5811914 0.046161328       0.5    0.10   0.29      0.61
475  1.00000000 0.5811914 0.046161328       0.5    0.10   0.29      0.61
476  0.65625000 0.5811914 0.046161328       0.5    0.10   0.29      0.61
477  0.35937500 0.5811914 0.046161328       0.5    0.10   0.29      0.61
478  0.12500000 0.5811914 0.046161328       0.5    0.10   0.29      0.61
479  1.00000000 0.5811914 0.046161328       0.5    0.10   0.29      0.61
480  1.00000000 0.5811914 0.046161328       0.5    0.10   0.29      0.61
481  1.00000000 0.5811914 0.046161328       0.5    0.10   0.29      0.61
482  1.00000000 0.5811914 0.046161328       0.5    0.10   0.29      0.61
483  1.00000000 0.5811914 0.046161328       0.5    0.10   0.29      0.61
484  1.00000000 0.5811914 0.046161328       0.5    0.10   0.29      0.61
485  0.37109375 0.5811914 0.046161328       0.5    0.10   0.29      0.61
486  0.25390625 0.5811914 0.046161328       0.5    0.10   0.29      0.61
487  1.00000000 0.5811914 0.046161328       0.5    0.10   0.29      0.61
488  0.12109375 0.5811914 0.046161328       0.5    0.10   0.29      0.61
489  1.00000000 0.5811914 0.046161328       0.5    0.10   0.29      0.61
490  0.19921875 0.5811914 0.046161328       0.5    0.10   0.29      0.61
491  1.00000000 0.5811914 0.046161328       0.5    0.10   0.29      0.61
492  1.00000000 0.5811914 0.046161328       0.5    0.10   0.29      0.61
493  1.00000000 0.5811914 0.046161328       0.5    0.10   0.29      0.61
494  1.00000000 0.5811914 0.046161328       0.5    0.10   0.29      0.61
495  1.00000000 0.5811914 0.046161328       0.5    0.10   0.29      0.61
496  0.12109375 0.5811914 0.046161328       0.5    0.10   0.29      0.61
497  1.00000000 0.5811914 0.046161328       0.5    0.10   0.29      0.61
498  0.36718750 0.5811914 0.046161328       0.5    0.10   0.29      0.61
499  1.00000000 0.5811914 0.046161328       0.5    0.10   0.29      0.61
500  1.00000000 0.5811914 0.046161328       0.5    0.10   0.29      0.61
501  1.00000000 0.4138689 0.012354135       0.5    0.35   0.21      0.44
502  0.28906250 0.4138689 0.012354135       0.5    0.35   0.21      0.44
503  1.00000000 0.4138689 0.012354135       0.5    0.35   0.21      0.44
504  0.01953125 0.4138689 0.012354135       0.5    0.35   0.21      0.44
505  0.08203125 0.4138689 0.012354135       0.5    0.35   0.21      0.44
506  1.00000000 0.4138689 0.012354135       0.5    0.35   0.21      0.44
507  0.16796875 0.4138689 0.012354135       0.5    0.35   0.21      0.44
508  1.00000000 0.4138689 0.012354135       0.5    0.35   0.21      0.44
509  0.03515625 0.4138689 0.012354135       0.5    0.35   0.21      0.44
510  1.00000000 0.4138689 0.012354135       0.5    0.35   0.21      0.44
511  0.11328125 0.4138689 0.012354135       0.5    0.35   0.21      0.44
512  1.00000000 0.4138689 0.012354135       0.5    0.35   0.21      0.44
513  0.03515625 0.4138689 0.012354135       0.5    0.35   0.21      0.44
514  1.00000000 0.4138689 0.012354135       0.5    0.35   0.21      0.44
515  1.00000000 0.4138689 0.012354135       0.5    0.35   0.21      0.44
516  1.00000000 0.4138689 0.012354135       0.5    0.35   0.21      0.44
517  0.08593750 0.4138689 0.012354135       0.5    0.35   0.21      0.44
518  1.00000000 0.4138689 0.012354135       0.5    0.35   0.21      0.44
519  0.02734375 0.4138689 0.012354135       0.5    0.35   0.21      0.44
520  0.10546875 0.4138689 0.012354135       0.5    0.35   0.21      0.44
521  0.06250000 0.4138689 0.012354135       0.5    0.35   0.21      0.44
522  0.03125000 0.4138689 0.012354135       0.5    0.35   0.21      0.44
523  1.00000000 0.4138689 0.012354135       0.5    0.35   0.21      0.44
524  1.00000000 0.4138689 0.012354135       0.5    0.35   0.21      0.44
525  1.00000000 0.4138689 0.012354135       0.5    0.35   0.21      0.44
526  0.05078125 0.4138689 0.012354135       0.5    0.35   0.21      0.44
527  1.00000000 0.4138689 0.012354135       0.5    0.35   0.21      0.44
528  0.07421875 0.4138689 0.012354135       0.5    0.35   0.21      0.44
529  0.11718750 0.4138689 0.012354135       0.5    0.35   0.21      0.44
530  1.00000000 0.4138689 0.012354135       0.5    0.35   0.21      0.44
531  1.00000000 0.4138689 0.012354135       0.5    0.35   0.21      0.44
532  1.00000000 0.4138689 0.012354135       0.5    0.35   0.21      0.44
533  1.00000000 0.4138689 0.012354135       0.5    0.35   0.21      0.44
534  1.00000000 0.4138689 0.012354135       0.5    0.35   0.21      0.44
535  0.10546875 0.4138689 0.012354135       0.5    0.35   0.21      0.44
536  0.01562500 0.4138689 0.012354135       0.5    0.35   0.21      0.44
537  0.05468750 0.4138689 0.012354135       0.5    0.35   0.21      0.44
538  0.06250000 0.4138689 0.012354135       0.5    0.35   0.21      0.44
539  1.00000000 0.4138689 0.012354135       0.5    0.35   0.21      0.44
540  0.03125000 0.4138689 0.012354135       0.5    0.35   0.21      0.44
541  0.01562500 0.4138689 0.012354135       0.5    0.35   0.21      0.44
542  1.00000000 0.4138689 0.012354135       0.5    0.35   0.21      0.44
543  1.00000000 0.4138689 0.012354135       0.5    0.35   0.21      0.44
544  1.00000000 0.4138689 0.012354135       0.5    0.35   0.21      0.44
545  0.14843750 0.4138689 0.012354135       0.5    0.35   0.21      0.44
546  0.05468750 0.4138689 0.012354135       0.5    0.35   0.21      0.44
547  0.02343750 0.4138689 0.012354135       0.5    0.35   0.21      0.44
548  1.00000000 0.4138689 0.012354135       0.5    0.35   0.21      0.44
549  1.00000000 0.4138689 0.012354135       0.5    0.35   0.21      0.44
550  0.08984375 0.4138689 0.012354135       0.5    0.35   0.21      0.44
551  0.03125000 0.4138689 0.012354135       0.5    0.35   0.21      0.44
552  0.75000000 0.4138689 0.012354135       0.5    0.35   0.21      0.44
553  0.16015625 0.4138689 0.012354135       0.5    0.35   0.21      0.44
554  0.02343750 0.4138689 0.012354135       0.5    0.35   0.21      0.44
555  1.00000000 0.4138689 0.012354135       0.5    0.35   0.21      0.44
556  0.03125000 0.4138689 0.012354135       0.5    0.35   0.21      0.44
557  0.04687500 0.4138689 0.012354135       0.5    0.35   0.21      0.44
558  1.00000000 0.4138689 0.012354135       0.5    0.35   0.21      0.44
559  0.07031250 0.4138689 0.012354135       0.5    0.35   0.21      0.44
560  0.15234375 0.4138689 0.012354135       0.5    0.35   0.21      0.44
561  1.00000000 0.4138689 0.012354135       0.5    0.35   0.21      0.44
562  0.05078125 0.4138689 0.012354135       0.5    0.35   0.21      0.44
563  1.00000000 0.4138689 0.012354135       0.5    0.35   0.21      0.44
564  1.00000000 0.4138689 0.012354135       0.5    0.35   0.21      0.44
565  0.03906250 0.4138689 0.012354135       0.5    0.35   0.21      0.44
566  1.00000000 0.4138689 0.012354135       0.5    0.35   0.21      0.44
567  1.00000000 0.4138689 0.012354135       0.5    0.35   0.21      0.44
568  0.09375000 0.4138689 0.012354135       0.5    0.35   0.21      0.44
569  1.00000000 0.4138689 0.012354135       0.5    0.35   0.21      0.44
570  0.07031250 0.4138689 0.012354135       0.5    0.35   0.21      0.44
571  0.05468750 0.4138689 0.012354135       0.5    0.35   0.21      0.44
572  0.21875000 0.4138689 0.012354135       0.5    0.35   0.21      0.44
573  0.03125000 0.4138689 0.012354135       0.5    0.35   0.21      0.44
574  0.14062500 0.4138689 0.012354135       0.5    0.35   0.21      0.44
575  1.00000000 0.4138689 0.012354135       0.5    0.35   0.21      0.44
576  0.06250000 0.4138689 0.012354135       0.5    0.35   0.21      0.44
577  1.00000000 0.4138689 0.012354135       0.5    0.35   0.21      0.44
578  0.25390625 0.4138689 0.012354135       0.5    0.35   0.21      0.44
579  0.10546875 0.4138689 0.012354135       0.5    0.35   0.21      0.44
580  0.07421875 0.4138689 0.012354135       0.5    0.35   0.21      0.44
581  0.08984375 0.4138689 0.012354135       0.5    0.35   0.21      0.44
582  0.07421875 0.4138689 0.012354135       0.5    0.35   0.21      0.44
583  1.00000000 0.4138689 0.012354135       0.5    0.35   0.21      0.44
584  1.00000000 0.4138689 0.012354135       0.5    0.35   0.21      0.44
585  1.00000000 0.4138689 0.012354135       0.5    0.35   0.21      0.44
586  0.03125000 0.4138689 0.012354135       0.5    0.35   0.21      0.44
587  1.00000000 0.4138689 0.012354135       0.5    0.35   0.21      0.44
588  0.01562500 0.4138689 0.012354135       0.5    0.35   0.21      0.44
589  1.00000000 0.4138689 0.012354135       0.5    0.35   0.21      0.44
590  0.16796875 0.4138689 0.012354135       0.5    0.35   0.21      0.44
591  1.00000000 0.4138689 0.012354135       0.5    0.35   0.21      0.44
592  0.08593750 0.4138689 0.012354135       0.5    0.35   0.21      0.44
593  0.06640625 0.4138689 0.012354135       0.5    0.35   0.21      0.44
594  0.04296875 0.4138689 0.012354135       0.5    0.35   0.21      0.44
595  1.00000000 0.4138689 0.012354135       0.5    0.35   0.21      0.44
596  1.00000000 0.4138689 0.012354135       0.5    0.35   0.21      0.44
597  1.00000000 0.4138689 0.012354135       0.5    0.35   0.21      0.44
598  0.01171875 0.4138689 0.012354135       0.5    0.35   0.21      0.44
599  0.07812500 0.4138689 0.012354135       0.5    0.35   0.21      0.44
600  0.34375000 0.4138689 0.012354135       0.5    0.35   0.21      0.44
601  1.00000000 0.6780832 0.012722758       0.5    0.20   0.07      0.73
602  1.00000000 0.6780832 0.012722758       0.5    0.20   0.07      0.73
603  1.00000000 0.6780832 0.012722758       0.5    0.20   0.07      0.73
604  1.00000000 0.6780832 0.012722758       0.5    0.20   0.07      0.73
605  1.00000000 0.6780832 0.012722758       0.5    0.20   0.07      0.73
606  1.00000000 0.6780832 0.012722758       0.5    0.20   0.07      0.73
607  1.00000000 0.6780832 0.012722758       0.5    0.20   0.07      0.73
608  1.00000000 0.6780832 0.012722758       0.5    0.20   0.07      0.73
609  0.08593750 0.6780832 0.012722758       0.5    0.20   0.07      0.73
610  0.03515625 0.6780832 0.012722758       0.5    0.20   0.07      0.73
611  1.00000000 0.6780832 0.012722758       0.5    0.20   0.07      0.73
612  0.05468750 0.6780832 0.012722758       0.5    0.20   0.07      0.73
613  0.05859375 0.6780832 0.012722758       0.5    0.20   0.07      0.73
614  1.00000000 0.6780832 0.012722758       0.5    0.20   0.07      0.73
615  1.00000000 0.6780832 0.012722758       0.5    0.20   0.07      0.73
616  1.00000000 0.6780832 0.012722758       0.5    0.20   0.07      0.73
617  1.00000000 0.6780832 0.012722758       0.5    0.20   0.07      0.73
618  1.00000000 0.6780832 0.012722758       0.5    0.20   0.07      0.73
619  1.00000000 0.6780832 0.012722758       0.5    0.20   0.07      0.73
620  1.00000000 0.6780832 0.012722758       0.5    0.20   0.07      0.73
621  0.36718750 0.6780832 0.012722758       0.5    0.20   0.07      0.73
622  1.00000000 0.6780832 0.012722758       0.5    0.20   0.07      0.73
623  1.00000000 0.6780832 0.012722758       0.5    0.20   0.07      0.73
624  1.00000000 0.6780832 0.012722758       0.5    0.20   0.07      0.73
625  1.00000000 0.6780832 0.012722758       0.5    0.20   0.07      0.73
626  1.00000000 0.6780832 0.012722758       0.5    0.20   0.07      0.73
627  0.04687500 0.6780832 0.012722758       0.5    0.20   0.07      0.73
628  0.03125000 0.6780832 0.012722758       0.5    0.20   0.07      0.73
629  0.05859375 0.6780832 0.012722758       0.5    0.20   0.07      0.73
630  1.00000000 0.6780832 0.012722758       0.5    0.20   0.07      0.73
631  1.00000000 0.6780832 0.012722758       0.5    0.20   0.07      0.73
632  1.00000000 0.6780832 0.012722758       0.5    0.20   0.07      0.73
633  1.00000000 0.6780832 0.012722758       0.5    0.20   0.07      0.73
634  0.17968750 0.6780832 0.012722758       0.5    0.20   0.07      0.73
635  1.00000000 0.6780832 0.012722758       0.5    0.20   0.07      0.73
636  1.00000000 0.6780832 0.012722758       0.5    0.20   0.07      0.73
637  1.00000000 0.6780832 0.012722758       0.5    0.20   0.07      0.73
638  1.00000000 0.6780832 0.012722758       0.5    0.20   0.07      0.73
639  1.00000000 0.6780832 0.012722758       0.5    0.20   0.07      0.73
640  0.03515625 0.6780832 0.012722758       0.5    0.20   0.07      0.73
641  1.00000000 0.6780832 0.012722758       0.5    0.20   0.07      0.73
642  1.00000000 0.6780832 0.012722758       0.5    0.20   0.07      0.73
643  1.00000000 0.6780832 0.012722758       0.5    0.20   0.07      0.73
644  1.00000000 0.6780832 0.012722758       0.5    0.20   0.07      0.73
645  1.00000000 0.6780832 0.012722758       0.5    0.20   0.07      0.73
646  1.00000000 0.6780832 0.012722758       0.5    0.20   0.07      0.73
647  1.00000000 0.6780832 0.012722758       0.5    0.20   0.07      0.73
648  1.00000000 0.6780832 0.012722758       0.5    0.20   0.07      0.73
649  1.00000000 0.6780832 0.012722758       0.5    0.20   0.07      0.73
650  1.00000000 0.6780832 0.012722758       0.5    0.20   0.07      0.73
651  0.13281250 0.6780832 0.012722758       0.5    0.20   0.07      0.73
652  1.00000000 0.6780832 0.012722758       0.5    0.20   0.07      0.73
653  1.00000000 0.6780832 0.012722758       0.5    0.20   0.07      0.73
654  0.09375000 0.6780832 0.012722758       0.5    0.20   0.07      0.73
655  1.00000000 0.6780832 0.012722758       0.5    0.20   0.07      0.73
656  1.00000000 0.6780832 0.012722758       0.5    0.20   0.07      0.73
657  0.04687500 0.6780832 0.012722758       0.5    0.20   0.07      0.73
658  1.00000000 0.6780832 0.012722758       0.5    0.20   0.07      0.73
659  0.09375000 0.6780832 0.012722758       0.5    0.20   0.07      0.73
660  1.00000000 0.6780832 0.012722758       0.5    0.20   0.07      0.73
661  1.00000000 0.6780832 0.012722758       0.5    0.20   0.07      0.73
662  1.00000000 0.6780832 0.012722758       0.5    0.20   0.07      0.73
663  0.01953125 0.6780832 0.012722758       0.5    0.20   0.07      0.73
664  0.03125000 0.6780832 0.012722758       0.5    0.20   0.07      0.73
665  1.00000000 0.6780832 0.012722758       0.5    0.20   0.07      0.73
666  1.00000000 0.6780832 0.012722758       0.5    0.20   0.07      0.73
667  1.00000000 0.6780832 0.012722758       0.5    0.20   0.07      0.73
668  0.14453125 0.6780832 0.012722758       0.5    0.20   0.07      0.73
669  1.00000000 0.6780832 0.012722758       0.5    0.20   0.07      0.73
670  1.00000000 0.6780832 0.012722758       0.5    0.20   0.07      0.73
671  1.00000000 0.6780832 0.012722758       0.5    0.20   0.07      0.73
672  0.04296875 0.6780832 0.012722758       0.5    0.20   0.07      0.73
673  1.00000000 0.6780832 0.012722758       0.5    0.20   0.07      0.73
674  1.00000000 0.6780832 0.012722758       0.5    0.20   0.07      0.73
675  0.08984375 0.6780832 0.012722758       0.5    0.20   0.07      0.73
676  0.02734375 0.6780832 0.012722758       0.5    0.20   0.07      0.73
677  1.00000000 0.6780832 0.012722758       0.5    0.20   0.07      0.73
678  1.00000000 0.6780832 0.012722758       0.5    0.20   0.07      0.73
679  0.09375000 0.6780832 0.012722758       0.5    0.20   0.07      0.73
680  1.00000000 0.6780832 0.012722758       0.5    0.20   0.07      0.73
681  1.00000000 0.6780832 0.012722758       0.5    0.20   0.07      0.73
682  0.02734375 0.6780832 0.012722758       0.5    0.20   0.07      0.73
683  0.14062500 0.6780832 0.012722758       0.5    0.20   0.07      0.73
684  1.00000000 0.6780832 0.012722758       0.5    0.20   0.07      0.73
685  1.00000000 0.6780832 0.012722758       0.5    0.20   0.07      0.73
686  1.00000000 0.6780832 0.012722758       0.5    0.20   0.07      0.73
687  0.10156250 0.6780832 0.012722758       0.5    0.20   0.07      0.73
688  1.00000000 0.6780832 0.012722758       0.5    0.20   0.07      0.73
689  0.03906250 0.6780832 0.012722758       0.5    0.20   0.07      0.73
690  1.00000000 0.6780832 0.012722758       0.5    0.20   0.07      0.73
691  1.00000000 0.6780832 0.012722758       0.5    0.20   0.07      0.73
692  1.00000000 0.6780832 0.012722758       0.5    0.20   0.07      0.73
693  1.00000000 0.6780832 0.012722758       0.5    0.20   0.07      0.73
694  1.00000000 0.6780832 0.012722758       0.5    0.20   0.07      0.73
695  1.00000000 0.6780832 0.012722758       0.5    0.20   0.07      0.73
696  1.00000000 0.6780832 0.012722758       0.5    0.20   0.07      0.73
697  1.00000000 0.6780832 0.012722758       0.5    0.20   0.07      0.73
698  1.00000000 0.6780832 0.012722758       0.5    0.20   0.07      0.73
699  0.05078125 0.6780832 0.012722758       0.5    0.20   0.07      0.73
700  0.03906250 0.6780832 0.012722758       0.5    0.20   0.07      0.73
701  0.12109375 0.5649988 0.039799637       0.5    0.15   0.24      0.61
702  0.53125000 0.5649988 0.039799637       0.5    0.15   0.24      0.61
703  1.00000000 0.5649988 0.039799637       0.5    0.15   0.24      0.61
704  0.13281250 0.5649988 0.039799637       0.5    0.15   0.24      0.61
705  0.32031250 0.5649988 0.039799637       0.5    0.15   0.24      0.61
706  1.00000000 0.5649988 0.039799637       0.5    0.15   0.24      0.61
707  1.00000000 0.5649988 0.039799637       0.5    0.15   0.24      0.61
708  1.00000000 0.5649988 0.039799637       0.5    0.15   0.24      0.61
709  0.60546875 0.5649988 0.039799637       0.5    0.15   0.24      0.61
710  1.00000000 0.5649988 0.039799637       0.5    0.15   0.24      0.61
711  0.20312500 0.5649988 0.039799637       0.5    0.15   0.24      0.61
712  0.48046875 0.5649988 0.039799637       0.5    0.15   0.24      0.61
713  0.35937500 0.5649988 0.039799637       0.5    0.15   0.24      0.61
714  1.00000000 0.5649988 0.039799637       0.5    0.15   0.24      0.61
715  1.00000000 0.5649988 0.039799637       0.5    0.15   0.24      0.61
716  0.20312500 0.5649988 0.039799637       0.5    0.15   0.24      0.61
717  1.00000000 0.5649988 0.039799637       0.5    0.15   0.24      0.61
718  1.00000000 0.5649988 0.039799637       0.5    0.15   0.24      0.61
719  1.00000000 0.5649988 0.039799637       0.5    0.15   0.24      0.61
720  1.00000000 0.5649988 0.039799637       0.5    0.15   0.24      0.61
721  0.14062500 0.5649988 0.039799637       0.5    0.15   0.24      0.61
722  1.00000000 0.5649988 0.039799637       0.5    0.15   0.24      0.61
723  0.70312500 0.5649988 0.039799637       0.5    0.15   0.24      0.61
724  0.52734375 0.5649988 0.039799637       0.5    0.15   0.24      0.61
725  0.17187500 0.5649988 0.039799637       0.5    0.15   0.24      0.61
726  0.56640625 0.5649988 0.039799637       0.5    0.15   0.24      0.61
727  0.49609375 0.5649988 0.039799637       0.5    0.15   0.24      0.61
728  0.14062500 0.5649988 0.039799637       0.5    0.15   0.24      0.61
729  0.27734375 0.5649988 0.039799637       0.5    0.15   0.24      0.61
730  1.00000000 0.5649988 0.039799637       0.5    0.15   0.24      0.61
731  1.00000000 0.5649988 0.039799637       0.5    0.15   0.24      0.61
732  1.00000000 0.5649988 0.039799637       0.5    0.15   0.24      0.61
733  1.00000000 0.5649988 0.039799637       0.5    0.15   0.24      0.61
734  0.19921875 0.5649988 0.039799637       0.5    0.15   0.24      0.61
735  1.00000000 0.5649988 0.039799637       0.5    0.15   0.24      0.61
736  1.00000000 0.5649988 0.039799637       0.5    0.15   0.24      0.61
737  1.00000000 0.5649988 0.039799637       0.5    0.15   0.24      0.61
738  1.00000000 0.5649988 0.039799637       0.5    0.15   0.24      0.61
739  1.00000000 0.5649988 0.039799637       0.5    0.15   0.24      0.61
740  1.00000000 0.5649988 0.039799637       0.5    0.15   0.24      0.61
741  1.00000000 0.5649988 0.039799637       0.5    0.15   0.24      0.61
742  1.00000000 0.5649988 0.039799637       0.5    0.15   0.24      0.61
743  0.27734375 0.5649988 0.039799637       0.5    0.15   0.24      0.61
744  0.17187500 0.5649988 0.039799637       0.5    0.15   0.24      0.61
745  1.00000000 0.5649988 0.039799637       0.5    0.15   0.24      0.61
746  0.12500000 0.5649988 0.039799637       0.5    0.15   0.24      0.61
747  0.16015625 0.5649988 0.039799637       0.5    0.15   0.24      0.61
748  1.00000000 0.5649988 0.039799637       0.5    0.15   0.24      0.61
749  0.17578125 0.5649988 0.039799637       0.5    0.15   0.24      0.61
750  1.00000000 0.5649988 0.039799637       0.5    0.15   0.24      0.61
751  1.00000000 0.5649988 0.039799637       0.5    0.15   0.24      0.61
752  0.13281250 0.5649988 0.039799637       0.5    0.15   0.24      0.61
753  0.15625000 0.5649988 0.039799637       0.5    0.15   0.24      0.61
754  1.00000000 0.5649988 0.039799637       0.5    0.15   0.24      0.61
755  0.38671875 0.5649988 0.039799637       0.5    0.15   0.24      0.61
756  1.00000000 0.5649988 0.039799637       0.5    0.15   0.24      0.61
757  0.60156250 0.5649988 0.039799637       0.5    0.15   0.24      0.61
758  1.00000000 0.5649988 0.039799637       0.5    0.15   0.24      0.61
759  1.00000000 0.5649988 0.039799637       0.5    0.15   0.24      0.61
760  0.07031250 0.5649988 0.039799637       0.5    0.15   0.24      0.61
761  0.64453125 0.5649988 0.039799637       0.5    0.15   0.24      0.61
762  0.34765625 0.5649988 0.039799637       0.5    0.15   0.24      0.61
763  0.26953125 0.5649988 0.039799637       0.5    0.15   0.24      0.61
764  1.00000000 0.5649988 0.039799637       0.5    0.15   0.24      0.61
765  1.00000000 0.5649988 0.039799637       0.5    0.15   0.24      0.61
766  1.00000000 0.5649988 0.039799637       0.5    0.15   0.24      0.61
767  0.28906250 0.5649988 0.039799637       0.5    0.15   0.24      0.61
768  1.00000000 0.5649988 0.039799637       0.5    0.15   0.24      0.61
769  0.53125000 0.5649988 0.039799637       0.5    0.15   0.24      0.61
770  0.25781250 0.5649988 0.039799637       0.5    0.15   0.24      0.61
771  1.00000000 0.5649988 0.039799637       0.5    0.15   0.24      0.61
772  1.00000000 0.5649988 0.039799637       0.5    0.15   0.24      0.61
773  1.00000000 0.5649988 0.039799637       0.5    0.15   0.24      0.61
774  1.00000000 0.5649988 0.039799637       0.5    0.15   0.24      0.61
775  0.42968750 0.5649988 0.039799637       0.5    0.15   0.24      0.61
776  1.00000000 0.5649988 0.039799637       0.5    0.15   0.24      0.61
777  1.00000000 0.5649988 0.039799637       0.5    0.15   0.24      0.61
778  0.57812500 0.5649988 0.039799637       0.5    0.15   0.24      0.61
779  1.00000000 0.5649988 0.039799637       0.5    0.15   0.24      0.61
780  0.64453125 0.5649988 0.039799637       0.5    0.15   0.24      0.61
781  1.00000000 0.5649988 0.039799637       0.5    0.15   0.24      0.61
782  1.00000000 0.5649988 0.039799637       0.5    0.15   0.24      0.61
783  1.00000000 0.5649988 0.039799637       0.5    0.15   0.24      0.61
784  1.00000000 0.5649988 0.039799637       0.5    0.15   0.24      0.61
785  1.00000000 0.5649988 0.039799637       0.5    0.15   0.24      0.61
786  1.00000000 0.5649988 0.039799637       0.5    0.15   0.24      0.61
787  0.17187500 0.5649988 0.039799637       0.5    0.15   0.24      0.61
788  1.00000000 0.5649988 0.039799637       0.5    0.15   0.24      0.61
789  1.00000000 0.5649988 0.039799637       0.5    0.15   0.24      0.61
790  1.00000000 0.5649988 0.039799637       0.5    0.15   0.24      0.61
791  0.67968750 0.5649988 0.039799637       0.5    0.15   0.24      0.61
792  0.19531250 0.5649988 0.039799637       0.5    0.15   0.24      0.61
793  1.00000000 0.5649988 0.039799637       0.5    0.15   0.24      0.61
794  1.00000000 0.5649988 0.039799637       0.5    0.15   0.24      0.61
795  1.00000000 0.5649988 0.039799637       0.5    0.15   0.24      0.61
796  1.00000000 0.5649988 0.039799637       0.5    0.15   0.24      0.61
797  1.00000000 0.5649988 0.039799637       0.5    0.15   0.24      0.61
798  1.00000000 0.5649988 0.039799637       0.5    0.15   0.24      0.61
799  1.00000000 0.5649988 0.039799637       0.5    0.15   0.24      0.61
800  1.00000000 0.5649988 0.039799637       0.5    0.15   0.24      0.61
801  1.00000000 0.6562688 0.014711699       0.5    0.22   0.19      0.59
802  0.12890625 0.6562688 0.014711699       0.5    0.22   0.19      0.59
803  1.00000000 0.6562688 0.014711699       0.5    0.22   0.19      0.59
804  0.26562500 0.6562688 0.014711699       0.5    0.22   0.19      0.59
805  1.00000000 0.6562688 0.014711699       0.5    0.22   0.19      0.59
806  1.00000000 0.6562688 0.014711699       0.5    0.22   0.19      0.59
807  1.00000000 0.6562688 0.014711699       0.5    0.22   0.19      0.59
808  0.28906250 0.6562688 0.014711699       0.5    0.22   0.19      0.59
809  0.11328125 0.6562688 0.014711699       0.5    0.22   0.19      0.59
810  0.00781250 0.6562688 0.014711699       0.5    0.22   0.19      0.59
811  0.18750000 0.6562688 0.014711699       0.5    0.22   0.19      0.59
812  1.00000000 0.6562688 0.014711699       0.5    0.22   0.19      0.59
813  1.00000000 0.6562688 0.014711699       0.5    0.22   0.19      0.59
814  1.00000000 0.6562688 0.014711699       0.5    0.22   0.19      0.59
815  0.26953125 0.6562688 0.014711699       0.5    0.22   0.19      0.59
816  0.18359375 0.6562688 0.014711699       0.5    0.22   0.19      0.59
817  1.00000000 0.6562688 0.014711699       0.5    0.22   0.19      0.59
818  0.15625000 0.6562688 0.014711699       0.5    0.22   0.19      0.59
819  1.00000000 0.6562688 0.014711699       0.5    0.22   0.19      0.59
820  0.10937500 0.6562688 0.014711699       0.5    0.22   0.19      0.59
821  1.00000000 0.6562688 0.014711699       0.5    0.22   0.19      0.59
822  1.00000000 0.6562688 0.014711699       0.5    0.22   0.19      0.59
823  1.00000000 0.6562688 0.014711699       0.5    0.22   0.19      0.59
824  1.00000000 0.6562688 0.014711699       0.5    0.22   0.19      0.59
825  1.00000000 0.6562688 0.014711699       0.5    0.22   0.19      0.59
826  0.19921875 0.6562688 0.014711699       0.5    0.22   0.19      0.59
827  1.00000000 0.6562688 0.014711699       0.5    0.22   0.19      0.59
828  1.00000000 0.6562688 0.014711699       0.5    0.22   0.19      0.59
829  1.00000000 0.6562688 0.014711699       0.5    0.22   0.19      0.59
830  1.00000000 0.6562688 0.014711699       0.5    0.22   0.19      0.59
831  1.00000000 0.6562688 0.014711699       0.5    0.22   0.19      0.59
832  1.00000000 0.6562688 0.014711699       0.5    0.22   0.19      0.59
833  0.04687500 0.6562688 0.014711699       0.5    0.22   0.19      0.59
834  0.50390625 0.6562688 0.014711699       0.5    0.22   0.19      0.59
835  0.15625000 0.6562688 0.014711699       0.5    0.22   0.19      0.59
836  0.15234375 0.6562688 0.014711699       0.5    0.22   0.19      0.59
837  1.00000000 0.6562688 0.014711699       0.5    0.22   0.19      0.59
838  1.00000000 0.6562688 0.014711699       0.5    0.22   0.19      0.59
839  1.00000000 0.6562688 0.014711699       0.5    0.22   0.19      0.59
840  0.05468750 0.6562688 0.014711699       0.5    0.22   0.19      0.59
841  0.51171875 0.6562688 0.014711699       0.5    0.22   0.19      0.59
842  0.05468750 0.6562688 0.014711699       0.5    0.22   0.19      0.59
843  1.00000000 0.6562688 0.014711699       0.5    0.22   0.19      0.59
844  0.39062500 0.6562688 0.014711699       0.5    0.22   0.19      0.59
845  1.00000000 0.6562688 0.014711699       0.5    0.22   0.19      0.59
846  1.00000000 0.6562688 0.014711699       0.5    0.22   0.19      0.59
847  1.00000000 0.6562688 0.014711699       0.5    0.22   0.19      0.59
848  1.00000000 0.6562688 0.014711699       0.5    0.22   0.19      0.59
849  1.00000000 0.6562688 0.014711699       0.5    0.22   0.19      0.59
850  0.04687500 0.6562688 0.014711699       0.5    0.22   0.19      0.59
851  1.00000000 0.6562688 0.014711699       0.5    0.22   0.19      0.59
852  1.00000000 0.6562688 0.014711699       0.5    0.22   0.19      0.59
853  1.00000000 0.6562688 0.014711699       0.5    0.22   0.19      0.59
854  0.03906250 0.6562688 0.014711699       0.5    0.22   0.19      0.59
855  1.00000000 0.6562688 0.014711699       0.5    0.22   0.19      0.59
856  1.00000000 0.6562688 0.014711699       0.5    0.22   0.19      0.59
857  1.00000000 0.6562688 0.014711699       0.5    0.22   0.19      0.59
858  1.00000000 0.6562688 0.014711699       0.5    0.22   0.19      0.59
859  0.29296875 0.6562688 0.014711699       0.5    0.22   0.19      0.59
860  1.00000000 0.6562688 0.014711699       0.5    0.22   0.19      0.59
861  1.00000000 0.6562688 0.014711699       0.5    0.22   0.19      0.59
862  0.14453125 0.6562688 0.014711699       0.5    0.22   0.19      0.59
863  1.00000000 0.6562688 0.014711699       0.5    0.22   0.19      0.59
864  0.07031250 0.6562688 0.014711699       0.5    0.22   0.19      0.59
865  1.00000000 0.6562688 0.014711699       0.5    0.22   0.19      0.59
866  1.00000000 0.6562688 0.014711699       0.5    0.22   0.19      0.59
867  1.00000000 0.6562688 0.014711699       0.5    0.22   0.19      0.59
868  0.03125000 0.6562688 0.014711699       0.5    0.22   0.19      0.59
869  0.06640625 0.6562688 0.014711699       0.5    0.22   0.19      0.59
870  1.00000000 0.6562688 0.014711699       0.5    0.22   0.19      0.59
871  1.00000000 0.6562688 0.014711699       0.5    0.22   0.19      0.59
872  1.00000000 0.6562688 0.014711699       0.5    0.22   0.19      0.59
873  1.00000000 0.6562688 0.014711699       0.5    0.22   0.19      0.59
874  0.06250000 0.6562688 0.014711699       0.5    0.22   0.19      0.59
875  1.00000000 0.6562688 0.014711699       0.5    0.22   0.19      0.59
876  0.16015625 0.6562688 0.014711699       0.5    0.22   0.19      0.59
877  1.00000000 0.6562688 0.014711699       0.5    0.22   0.19      0.59
878  1.00000000 0.6562688 0.014711699       0.5    0.22   0.19      0.59
879  0.05859375 0.6562688 0.014711699       0.5    0.22   0.19      0.59
880  0.05859375 0.6562688 0.014711699       0.5    0.22   0.19      0.59
881  0.12109375 0.6562688 0.014711699       0.5    0.22   0.19      0.59
882  1.00000000 0.6562688 0.014711699       0.5    0.22   0.19      0.59
883  0.04687500 0.6562688 0.014711699       0.5    0.22   0.19      0.59
884  1.00000000 0.6562688 0.014711699       0.5    0.22   0.19      0.59
885  0.10937500 0.6562688 0.014711699       0.5    0.22   0.19      0.59
886  1.00000000 0.6562688 0.014711699       0.5    0.22   0.19      0.59
887  1.00000000 0.6562688 0.014711699       0.5    0.22   0.19      0.59
888  1.00000000 0.6562688 0.014711699       0.5    0.22   0.19      0.59
889  0.06250000 0.6562688 0.014711699       0.5    0.22   0.19      0.59
890  0.08984375 0.6562688 0.014711699       0.5    0.22   0.19      0.59
891  0.40234375 0.6562688 0.014711699       0.5    0.22   0.19      0.59
892  0.03125000 0.6562688 0.014711699       0.5    0.22   0.19      0.59
893  1.00000000 0.6562688 0.014711699       0.5    0.22   0.19      0.59
894  0.08984375 0.6562688 0.014711699       0.5    0.22   0.19      0.59
895  0.08984375 0.6562688 0.014711699       0.5    0.22   0.19      0.59
896  1.00000000 0.6562688 0.014711699       0.5    0.22   0.19      0.59
897  0.08593750 0.6562688 0.014711699       0.5    0.22   0.19      0.59
898  1.00000000 0.6562688 0.014711699       0.5    0.22   0.19      0.59
899  0.14062500 0.6562688 0.014711699       0.5    0.22   0.19      0.59
900  1.00000000 0.6562688 0.014711699       0.5    0.22   0.19      0.59
901  0.39843750 0.5652203 0.032200688       0.5    0.15   0.26      0.59
902  0.22656250 0.5652203 0.032200688       0.5    0.15   0.26      0.59
903  0.13281250 0.5652203 0.032200688       0.5    0.15   0.26      0.59
904  1.00000000 0.5652203 0.032200688       0.5    0.15   0.26      0.59
905  1.00000000 0.5652203 0.032200688       0.5    0.15   0.26      0.59
906  1.00000000 0.5652203 0.032200688       0.5    0.15   0.26      0.59
907  0.20703125 0.5652203 0.032200688       0.5    0.15   0.26      0.59
908  1.00000000 0.5652203 0.032200688       0.5    0.15   0.26      0.59
909  1.00000000 0.5652203 0.032200688       0.5    0.15   0.26      0.59
910  0.12890625 0.5652203 0.032200688       0.5    0.15   0.26      0.59
911  0.19140625 0.5652203 0.032200688       0.5    0.15   0.26      0.59
912  0.19140625 0.5652203 0.032200688       0.5    0.15   0.26      0.59
913  1.00000000 0.5652203 0.032200688       0.5    0.15   0.26      0.59
914  0.14453125 0.5652203 0.032200688       0.5    0.15   0.26      0.59
915  0.19531250 0.5652203 0.032200688       0.5    0.15   0.26      0.59
916  0.23046875 0.5652203 0.032200688       0.5    0.15   0.26      0.59
917  1.00000000 0.5652203 0.032200688       0.5    0.15   0.26      0.59
918  0.27343750 0.5652203 0.032200688       0.5    0.15   0.26      0.59
919  1.00000000 0.5652203 0.032200688       0.5    0.15   0.26      0.59
920  0.32421875 0.5652203 0.032200688       0.5    0.15   0.26      0.59
921  1.00000000 0.5652203 0.032200688       0.5    0.15   0.26      0.59
922  0.12500000 0.5652203 0.032200688       0.5    0.15   0.26      0.59
923  0.25390625 0.5652203 0.032200688       0.5    0.15   0.26      0.59
924  0.60156250 0.5652203 0.032200688       0.5    0.15   0.26      0.59
925  1.00000000 0.5652203 0.032200688       0.5    0.15   0.26      0.59
926  0.13671875 0.5652203 0.032200688       0.5    0.15   0.26      0.59
927  0.48828125 0.5652203 0.032200688       0.5    0.15   0.26      0.59
928  1.00000000 0.5652203 0.032200688       0.5    0.15   0.26      0.59
929  0.15625000 0.5652203 0.032200688       0.5    0.15   0.26      0.59
930  0.46484375 0.5652203 0.032200688       0.5    0.15   0.26      0.59
931  0.20312500 0.5652203 0.032200688       0.5    0.15   0.26      0.59
932  1.00000000 0.5652203 0.032200688       0.5    0.15   0.26      0.59
933  1.00000000 0.5652203 0.032200688       0.5    0.15   0.26      0.59
934  1.00000000 0.5652203 0.032200688       0.5    0.15   0.26      0.59
935  0.15625000 0.5652203 0.032200688       0.5    0.15   0.26      0.59
936  1.00000000 0.5652203 0.032200688       0.5    0.15   0.26      0.59
937  1.00000000 0.5652203 0.032200688       0.5    0.15   0.26      0.59
938  1.00000000 0.5652203 0.032200688       0.5    0.15   0.26      0.59
939  0.55859375 0.5652203 0.032200688       0.5    0.15   0.26      0.59
940  1.00000000 0.5652203 0.032200688       0.5    0.15   0.26      0.59
941  1.00000000 0.5652203 0.032200688       0.5    0.15   0.26      0.59
942  1.00000000 0.5652203 0.032200688       0.5    0.15   0.26      0.59
943  1.00000000 0.5652203 0.032200688       0.5    0.15   0.26      0.59
944  1.00000000 0.5652203 0.032200688       0.5    0.15   0.26      0.59
945  0.14843750 0.5652203 0.032200688       0.5    0.15   0.26      0.59
946  1.00000000 0.5652203 0.032200688       0.5    0.15   0.26      0.59
947  1.00000000 0.5652203 0.032200688       0.5    0.15   0.26      0.59
948  1.00000000 0.5652203 0.032200688       0.5    0.15   0.26      0.59
949  0.12890625 0.5652203 0.032200688       0.5    0.15   0.26      0.59
950  0.11328125 0.5652203 0.032200688       0.5    0.15   0.26      0.59
951  1.00000000 0.5652203 0.032200688       0.5    0.15   0.26      0.59
952  1.00000000 0.5652203 0.032200688       0.5    0.15   0.26      0.59
953  0.34765625 0.5652203 0.032200688       0.5    0.15   0.26      0.59
954  1.00000000 0.5652203 0.032200688       0.5    0.15   0.26      0.59
955  1.00000000 0.5652203 0.032200688       0.5    0.15   0.26      0.59
956  0.58593750 0.5652203 0.032200688       0.5    0.15   0.26      0.59
957  1.00000000 0.5652203 0.032200688       0.5    0.15   0.26      0.59
958  1.00000000 0.5652203 0.032200688       0.5    0.15   0.26      0.59
959  0.17578125 0.5652203 0.032200688       0.5    0.15   0.26      0.59
960  0.33203125 0.5652203 0.032200688       0.5    0.15   0.26      0.59
961  1.00000000 0.5652203 0.032200688       0.5    0.15   0.26      0.59
962  0.32031250 0.5652203 0.032200688       0.5    0.15   0.26      0.59
963  1.00000000 0.5652203 0.032200688       0.5    0.15   0.26      0.59
964  1.00000000 0.5652203 0.032200688       0.5    0.15   0.26      0.59
965  1.00000000 0.5652203 0.032200688       0.5    0.15   0.26      0.59
966  0.08593750 0.5652203 0.032200688       0.5    0.15   0.26      0.59
967  1.00000000 0.5652203 0.032200688       0.5    0.15   0.26      0.59
968  0.30859375 0.5652203 0.032200688       0.5    0.15   0.26      0.59
969  0.14453125 0.5652203 0.032200688       0.5    0.15   0.26      0.59
970  1.00000000 0.5652203 0.032200688       0.5    0.15   0.26      0.59
971  0.12500000 0.5652203 0.032200688       0.5    0.15   0.26      0.59
972  0.21484375 0.5652203 0.032200688       0.5    0.15   0.26      0.59
973  0.25000000 0.5652203 0.032200688       0.5    0.15   0.26      0.59
974  1.00000000 0.5652203 0.032200688       0.5    0.15   0.26      0.59
975  0.17187500 0.5652203 0.032200688       0.5    0.15   0.26      0.59
976  0.70703125 0.5652203 0.032200688       0.5    0.15   0.26      0.59
977  1.00000000 0.5652203 0.032200688       0.5    0.15   0.26      0.59
978  1.00000000 0.5652203 0.032200688       0.5    0.15   0.26      0.59
979  1.00000000 0.5652203 0.032200688       0.5    0.15   0.26      0.59
980  1.00000000 0.5652203 0.032200688       0.5    0.15   0.26      0.59
981  1.00000000 0.5652203 0.032200688       0.5    0.15   0.26      0.59
982  1.00000000 0.5652203 0.032200688       0.5    0.15   0.26      0.59
983  0.58203125 0.5652203 0.032200688       0.5    0.15   0.26      0.59
984  1.00000000 0.5652203 0.032200688       0.5    0.15   0.26      0.59
985  1.00000000 0.5652203 0.032200688       0.5    0.15   0.26      0.59
986  0.11328125 0.5652203 0.032200688       0.5    0.15   0.26      0.59
987  1.00000000 0.5652203 0.032200688       0.5    0.15   0.26      0.59
988  1.00000000 0.5652203 0.032200688       0.5    0.15   0.26      0.59
989  0.14062500 0.5652203 0.032200688       0.5    0.15   0.26      0.59
990  1.00000000 0.5652203 0.032200688       0.5    0.15   0.26      0.59
991  1.00000000 0.5652203 0.032200688       0.5    0.15   0.26      0.59
992  1.00000000 0.5652203 0.032200688       0.5    0.15   0.26      0.59
993  0.14843750 0.5652203 0.032200688       0.5    0.15   0.26      0.59
994  0.14843750 0.5652203 0.032200688       0.5    0.15   0.26      0.59
995  1.00000000 0.5652203 0.032200688       0.5    0.15   0.26      0.59
996  1.00000000 0.5652203 0.032200688       0.5    0.15   0.26      0.59
997  1.00000000 0.5652203 0.032200688       0.5    0.15   0.26      0.59
998  1.00000000 0.5652203 0.032200688       0.5    0.15   0.26      0.59
999  1.00000000 0.5652203 0.032200688       0.5    0.15   0.26      0.59
1000 1.00000000 0.5652203 0.032200688       0.5    0.15   0.26      0.59
