      prop.aneu prob.meio   prob.mito dispersal euploid mosaic aneuploid
1    0.13281250 0.5095428 0.038766384       0.5    0.10   0.33      0.57
2    1.00000000 0.5095428 0.038766384       0.5    0.10   0.33      0.57
3    1.00000000 0.5095428 0.038766384       0.5    0.10   0.33      0.57
4    1.00000000 0.5095428 0.038766384       0.5    0.10   0.33      0.57
5    1.00000000 0.5095428 0.038766384       0.5    0.10   0.33      0.57
6    1.00000000 0.5095428 0.038766384       0.5    0.10   0.33      0.57
7    1.00000000 0.5095428 0.038766384       0.5    0.10   0.33      0.57
8    0.28906250 0.5095428 0.038766384       0.5    0.10   0.33      0.57
9    0.24218750 0.5095428 0.038766384       0.5    0.10   0.33      0.57
10   1.00000000 0.5095428 0.038766384       0.5    0.10   0.33      0.57
11   1.00000000 0.5095428 0.038766384       0.5    0.10   0.33      0.57
12   1.00000000 0.5095428 0.038766384       0.5    0.10   0.33      0.57
13   1.00000000 0.5095428 0.038766384       0.5    0.10   0.33      0.57
14   0.21875000 0.5095428 0.038766384       0.5    0.10   0.33      0.57
15   1.00000000 0.5095428 0.038766384       0.5    0.10   0.33      0.57
16   1.00000000 0.5095428 0.038766384       0.5    0.10   0.33      0.57
17   1.00000000 0.5095428 0.038766384       0.5    0.10   0.33      0.57
18   1.00000000 0.5095428 0.038766384       0.5    0.10   0.33      0.57
19   1.00000000 0.5095428 0.038766384       0.5    0.10   0.33      0.57
20   0.19140625 0.5095428 0.038766384       0.5    0.10   0.33      0.57
21   1.00000000 0.5095428 0.038766384       0.5    0.10   0.33      0.57
22   1.00000000 0.5095428 0.038766384       0.5    0.10   0.33      0.57
23   1.00000000 0.5095428 0.038766384       0.5    0.10   0.33      0.57
24   0.12890625 0.5095428 0.038766384       0.5    0.10   0.33      0.57
25   1.00000000 0.5095428 0.038766384       0.5    0.10   0.33      0.57
26   1.00000000 0.5095428 0.038766384       0.5    0.10   0.33      0.57
27   1.00000000 0.5095428 0.038766384       0.5    0.10   0.33      0.57
28   1.00000000 0.5095428 0.038766384       0.5    0.10   0.33      0.57
29   0.28515625 0.5095428 0.038766384       0.5    0.10   0.33      0.57
30   0.11718750 0.5095428 0.038766384       0.5    0.10   0.33      0.57
31   1.00000000 0.5095428 0.038766384       0.5    0.10   0.33      0.57
32   1.00000000 0.5095428 0.038766384       0.5    0.10   0.33      0.57
33   0.33203125 0.5095428 0.038766384       0.5    0.10   0.33      0.57
34   1.00000000 0.5095428 0.038766384       0.5    0.10   0.33      0.57
35   1.00000000 0.5095428 0.038766384       0.5    0.10   0.33      0.57
36   1.00000000 0.5095428 0.038766384       0.5    0.10   0.33      0.57
37   0.19531250 0.5095428 0.038766384       0.5    0.10   0.33      0.57
38   0.23046875 0.5095428 0.038766384       0.5    0.10   0.33      0.57
39   0.40625000 0.5095428 0.038766384       0.5    0.10   0.33      0.57
40   1.00000000 0.5095428 0.038766384       0.5    0.10   0.33      0.57
41   0.24218750 0.5095428 0.038766384       0.5    0.10   0.33      0.57
42   0.23437500 0.5095428 0.038766384       0.5    0.10   0.33      0.57
43   1.00000000 0.5095428 0.038766384       0.5    0.10   0.33      0.57
44   1.00000000 0.5095428 0.038766384       0.5    0.10   0.33      0.57
45   0.26562500 0.5095428 0.038766384       0.5    0.10   0.33      0.57
46   1.00000000 0.5095428 0.038766384       0.5    0.10   0.33      0.57
47   0.42187500 0.5095428 0.038766384       0.5    0.10   0.33      0.57
48   0.34375000 0.5095428 0.038766384       0.5    0.10   0.33      0.57
49   1.00000000 0.5095428 0.038766384       0.5    0.10   0.33      0.57
50   0.11328125 0.5095428 0.038766384       0.5    0.10   0.33      0.57
51   0.05859375 0.5095428 0.038766384       0.5    0.10   0.33      0.57
52   0.28515625 0.5095428 0.038766384       0.5    0.10   0.33      0.57
53   1.00000000 0.5095428 0.038766384       0.5    0.10   0.33      0.57
54   0.23828125 0.5095428 0.038766384       0.5    0.10   0.33      0.57
55   1.00000000 0.5095428 0.038766384       0.5    0.10   0.33      0.57
56   0.32812500 0.5095428 0.038766384       0.5    0.10   0.33      0.57
57   1.00000000 0.5095428 0.038766384       0.5    0.10   0.33      0.57
58   0.33593750 0.5095428 0.038766384       0.5    0.10   0.33      0.57
59   1.00000000 0.5095428 0.038766384       0.5    0.10   0.33      0.57
60   1.00000000 0.5095428 0.038766384       0.5    0.10   0.33      0.57
61   0.56250000 0.5095428 0.038766384       0.5    0.10   0.33      0.57
62   0.53515625 0.5095428 0.038766384       0.5    0.10   0.33      0.57
63   0.51171875 0.5095428 0.038766384       0.5    0.10   0.33      0.57
64   1.00000000 0.5095428 0.038766384       0.5    0.10   0.33      0.57
65   1.00000000 0.5095428 0.038766384       0.5    0.10   0.33      0.57
66   1.00000000 0.5095428 0.038766384       0.5    0.10   0.33      0.57
67   1.00000000 0.5095428 0.038766384       0.5    0.10   0.33      0.57
68   0.12890625 0.5095428 0.038766384       0.5    0.10   0.33      0.57
69   1.00000000 0.5095428 0.038766384       0.5    0.10   0.33      0.57
70   1.00000000 0.5095428 0.038766384       0.5    0.10   0.33      0.57
71   1.00000000 0.5095428 0.038766384       0.5    0.10   0.33      0.57
72   1.00000000 0.5095428 0.038766384       0.5    0.10   0.33      0.57
73   1.00000000 0.5095428 0.038766384       0.5    0.10   0.33      0.57
74   0.12500000 0.5095428 0.038766384       0.5    0.10   0.33      0.57
75   0.80859375 0.5095428 0.038766384       0.5    0.10   0.33      0.57
76   0.10156250 0.5095428 0.038766384       0.5    0.10   0.33      0.57
77   1.00000000 0.5095428 0.038766384       0.5    0.10   0.33      0.57
78   1.00000000 0.5095428 0.038766384       0.5    0.10   0.33      0.57
79   0.27343750 0.5095428 0.038766384       0.5    0.10   0.33      0.57
80   0.14453125 0.5095428 0.038766384       0.5    0.10   0.33      0.57
81   1.00000000 0.5095428 0.038766384       0.5    0.10   0.33      0.57
82   0.20703125 0.5095428 0.038766384       0.5    0.10   0.33      0.57
83   0.26953125 0.5095428 0.038766384       0.5    0.10   0.33      0.57
84   0.14453125 0.5095428 0.038766384       0.5    0.10   0.33      0.57
85   1.00000000 0.5095428 0.038766384       0.5    0.10   0.33      0.57
86   0.21484375 0.5095428 0.038766384       0.5    0.10   0.33      0.57
87   0.15625000 0.5095428 0.038766384       0.5    0.10   0.33      0.57
88   0.11328125 0.5095428 0.038766384       0.5    0.10   0.33      0.57
89   0.12890625 0.5095428 0.038766384       0.5    0.10   0.33      0.57
90   1.00000000 0.5095428 0.038766384       0.5    0.10   0.33      0.57
91   0.37890625 0.5095428 0.038766384       0.5    0.10   0.33      0.57
92   0.19531250 0.5095428 0.038766384       0.5    0.10   0.33      0.57
93   0.42187500 0.5095428 0.038766384       0.5    0.10   0.33      0.57
94   0.19140625 0.5095428 0.038766384       0.5    0.10   0.33      0.57
95   1.00000000 0.5095428 0.038766384       0.5    0.10   0.33      0.57
96   1.00000000 0.5095428 0.038766384       0.5    0.10   0.33      0.57
97   1.00000000 0.5095428 0.038766384       0.5    0.10   0.33      0.57
98   0.29687500 0.5095428 0.038766384       0.5    0.10   0.33      0.57
99   1.00000000 0.5095428 0.038766384       0.5    0.10   0.33      0.57
100  1.00000000 0.5095428 0.038766384       0.5    0.10   0.33      0.57
101  0.03515625 0.6045371 0.006882179       0.5    0.39   0.08      0.53
102  1.00000000 0.6045371 0.006882179       0.5    0.39   0.08      0.53
103  0.15234375 0.6045371 0.006882179       0.5    0.39   0.08      0.53
104  1.00000000 0.6045371 0.006882179       0.5    0.39   0.08      0.53
105  0.01562500 0.6045371 0.006882179       0.5    0.39   0.08      0.53
106  1.00000000 0.6045371 0.006882179       0.5    0.39   0.08      0.53
107  0.10937500 0.6045371 0.006882179       0.5    0.39   0.08      0.53
108  1.00000000 0.6045371 0.006882179       0.5    0.39   0.08      0.53
109  0.04687500 0.6045371 0.006882179       0.5    0.39   0.08      0.53
110  1.00000000 0.6045371 0.006882179       0.5    0.39   0.08      0.53
111  0.01953125 0.6045371 0.006882179       0.5    0.39   0.08      0.53
112  1.00000000 0.6045371 0.006882179       0.5    0.39   0.08      0.53
113  1.00000000 0.6045371 0.006882179       0.5    0.39   0.08      0.53
114  1.00000000 0.6045371 0.006882179       0.5    0.39   0.08      0.53
115  0.04296875 0.6045371 0.006882179       0.5    0.39   0.08      0.53
116  0.01953125 0.6045371 0.006882179       0.5    0.39   0.08      0.53
117  1.00000000 0.6045371 0.006882179       0.5    0.39   0.08      0.53
118  0.21484375 0.6045371 0.006882179       0.5    0.39   0.08      0.53
119  0.27343750 0.6045371 0.006882179       0.5    0.39   0.08      0.53
120  1.00000000 0.6045371 0.006882179       0.5    0.39   0.08      0.53
121  1.00000000 0.6045371 0.006882179       0.5    0.39   0.08      0.53
122  0.01171875 0.6045371 0.006882179       0.5    0.39   0.08      0.53
123  0.01953125 0.6045371 0.006882179       0.5    0.39   0.08      0.53
124  0.01562500 0.6045371 0.006882179       0.5    0.39   0.08      0.53
125  0.01171875 0.6045371 0.006882179       0.5    0.39   0.08      0.53
126  1.00000000 0.6045371 0.006882179       0.5    0.39   0.08      0.53
127  0.01953125 0.6045371 0.006882179       0.5    0.39   0.08      0.53
128  1.00000000 0.6045371 0.006882179       0.5    0.39   0.08      0.53
129  0.02343750 0.6045371 0.006882179       0.5    0.39   0.08      0.53
130  0.04296875 0.6045371 0.006882179       0.5    0.39   0.08      0.53
131  0.03125000 0.6045371 0.006882179       0.5    0.39   0.08      0.53
132  0.06640625 0.6045371 0.006882179       0.5    0.39   0.08      0.53
133  1.00000000 0.6045371 0.006882179       0.5    0.39   0.08      0.53
134  0.01562500 0.6045371 0.006882179       0.5    0.39   0.08      0.53
135  0.00781250 0.6045371 0.006882179       0.5    0.39   0.08      0.53
136  1.00000000 0.6045371 0.006882179       0.5    0.39   0.08      0.53
137  0.03515625 0.6045371 0.006882179       0.5    0.39   0.08      0.53
138  1.00000000 0.6045371 0.006882179       0.5    0.39   0.08      0.53
139  1.00000000 0.6045371 0.006882179       0.5    0.39   0.08      0.53
140  1.00000000 0.6045371 0.006882179       0.5    0.39   0.08      0.53
141  1.00000000 0.6045371 0.006882179       0.5    0.39   0.08      0.53
142  0.00000000 0.6045371 0.006882179       0.5    0.39   0.08      0.53
143  0.03515625 0.6045371 0.006882179       0.5    0.39   0.08      0.53
144  0.07421875 0.6045371 0.006882179       0.5    0.39   0.08      0.53
145  1.00000000 0.6045371 0.006882179       0.5    0.39   0.08      0.53
146  1.00000000 0.6045371 0.006882179       0.5    0.39   0.08      0.53
147  1.00000000 0.6045371 0.006882179       0.5    0.39   0.08      0.53
148  1.00000000 0.6045371 0.006882179       0.5    0.39   0.08      0.53
149  0.01171875 0.6045371 0.006882179       0.5    0.39   0.08      0.53
150  0.50781250 0.6045371 0.006882179       0.5    0.39   0.08      0.53
151  1.00000000 0.6045371 0.006882179       0.5    0.39   0.08      0.53
152  0.09765625 0.6045371 0.006882179       0.5    0.39   0.08      0.53
153  1.00000000 0.6045371 0.006882179       0.5    0.39   0.08      0.53
154  0.01171875 0.6045371 0.006882179       0.5    0.39   0.08      0.53
155  1.00000000 0.6045371 0.006882179       0.5    0.39   0.08      0.53
156  1.00000000 0.6045371 0.006882179       0.5    0.39   0.08      0.53
157  1.00000000 0.6045371 0.006882179       0.5    0.39   0.08      0.53
158  1.00000000 0.6045371 0.006882179       0.5    0.39   0.08      0.53
159  1.00000000 0.6045371 0.006882179       0.5    0.39   0.08      0.53
160  1.00000000 0.6045371 0.006882179       0.5    0.39   0.08      0.53
161  1.00000000 0.6045371 0.006882179       0.5    0.39   0.08      0.53
162  0.00390625 0.6045371 0.006882179       0.5    0.39   0.08      0.53
163  1.00000000 0.6045371 0.006882179       0.5    0.39   0.08      0.53
164  0.03515625 0.6045371 0.006882179       0.5    0.39   0.08      0.53
165  0.03515625 0.6045371 0.006882179       0.5    0.39   0.08      0.53
166  0.00390625 0.6045371 0.006882179       0.5    0.39   0.08      0.53
167  1.00000000 0.6045371 0.006882179       0.5    0.39   0.08      0.53
168  0.00390625 0.6045371 0.006882179       0.5    0.39   0.08      0.53
169  0.00390625 0.6045371 0.006882179       0.5    0.39   0.08      0.53
170  0.01953125 0.6045371 0.006882179       0.5    0.39   0.08      0.53
171  1.00000000 0.6045371 0.006882179       0.5    0.39   0.08      0.53
172  1.00000000 0.6045371 0.006882179       0.5    0.39   0.08      0.53
173  1.00000000 0.6045371 0.006882179       0.5    0.39   0.08      0.53
174  1.00000000 0.6045371 0.006882179       0.5    0.39   0.08      0.53
175  1.00000000 0.6045371 0.006882179       0.5    0.39   0.08      0.53
176  1.00000000 0.6045371 0.006882179       0.5    0.39   0.08      0.53
177  1.00000000 0.6045371 0.006882179       0.5    0.39   0.08      0.53
178  0.03125000 0.6045371 0.006882179       0.5    0.39   0.08      0.53
179  0.01953125 0.6045371 0.006882179       0.5    0.39   0.08      0.53
180  1.00000000 0.6045371 0.006882179       0.5    0.39   0.08      0.53
181  1.00000000 0.6045371 0.006882179       0.5    0.39   0.08      0.53
182  1.00000000 0.6045371 0.006882179       0.5    0.39   0.08      0.53
183  0.05468750 0.6045371 0.006882179       0.5    0.39   0.08      0.53
184  1.00000000 0.6045371 0.006882179       0.5    0.39   0.08      0.53
185  1.00000000 0.6045371 0.006882179       0.5    0.39   0.08      0.53
186  1.00000000 0.6045371 0.006882179       0.5    0.39   0.08      0.53
187  0.50000000 0.6045371 0.006882179       0.5    0.39   0.08      0.53
188  0.02343750 0.6045371 0.006882179       0.5    0.39   0.08      0.53
189  1.00000000 0.6045371 0.006882179       0.5    0.39   0.08      0.53
190  0.02343750 0.6045371 0.006882179       0.5    0.39   0.08      0.53
191  0.01171875 0.6045371 0.006882179       0.5    0.39   0.08      0.53
192  1.00000000 0.6045371 0.006882179       0.5    0.39   0.08      0.53
193  1.00000000 0.6045371 0.006882179       0.5    0.39   0.08      0.53
194  0.07812500 0.6045371 0.006882179       0.5    0.39   0.08      0.53
195  1.00000000 0.6045371 0.006882179       0.5    0.39   0.08      0.53
196  0.07812500 0.6045371 0.006882179       0.5    0.39   0.08      0.53
197  1.00000000 0.6045371 0.006882179       0.5    0.39   0.08      0.53
198  0.02734375 0.6045371 0.006882179       0.5    0.39   0.08      0.53
199  1.00000000 0.6045371 0.006882179       0.5    0.39   0.08      0.53
200  0.00390625 0.6045371 0.006882179       0.5    0.39   0.08      0.53
201  0.32812500 0.7281733 0.022321551       0.5    0.13   0.13      0.74
202  1.00000000 0.7281733 0.022321551       0.5    0.13   0.13      0.74
203  1.00000000 0.7281733 0.022321551       0.5    0.13   0.13      0.74
204  1.00000000 0.7281733 0.022321551       0.5    0.13   0.13      0.74
205  1.00000000 0.7281733 0.022321551       0.5    0.13   0.13      0.74
206  1.00000000 0.7281733 0.022321551       0.5    0.13   0.13      0.74
207  1.00000000 0.7281733 0.022321551       0.5    0.13   0.13      0.74
208  0.12109375 0.7281733 0.022321551       0.5    0.13   0.13      0.74
209  0.21875000 0.7281733 0.022321551       0.5    0.13   0.13      0.74
210  1.00000000 0.7281733 0.022321551       0.5    0.13   0.13      0.74
211  0.07031250 0.7281733 0.022321551       0.5    0.13   0.13      0.74
212  1.00000000 0.7281733 0.022321551       0.5    0.13   0.13      0.74
213  0.23828125 0.7281733 0.022321551       0.5    0.13   0.13      0.74
214  0.12890625 0.7281733 0.022321551       0.5    0.13   0.13      0.74
215  1.00000000 0.7281733 0.022321551       0.5    0.13   0.13      0.74
216  0.21484375 0.7281733 0.022321551       0.5    0.13   0.13      0.74
217  1.00000000 0.7281733 0.022321551       0.5    0.13   0.13      0.74
218  1.00000000 0.7281733 0.022321551       0.5    0.13   0.13      0.74
219  1.00000000 0.7281733 0.022321551       0.5    0.13   0.13      0.74
220  1.00000000 0.7281733 0.022321551       0.5    0.13   0.13      0.74
221  0.13671875 0.7281733 0.022321551       0.5    0.13   0.13      0.74
222  1.00000000 0.7281733 0.022321551       0.5    0.13   0.13      0.74
223  0.02734375 0.7281733 0.022321551       0.5    0.13   0.13      0.74
224  1.00000000 0.7281733 0.022321551       0.5    0.13   0.13      0.74
225  1.00000000 0.7281733 0.022321551       0.5    0.13   0.13      0.74
226  0.14453125 0.7281733 0.022321551       0.5    0.13   0.13      0.74
227  1.00000000 0.7281733 0.022321551       0.5    0.13   0.13      0.74
228  1.00000000 0.7281733 0.022321551       0.5    0.13   0.13      0.74
229  0.08593750 0.7281733 0.022321551       0.5    0.13   0.13      0.74
230  1.00000000 0.7281733 0.022321551       0.5    0.13   0.13      0.74
231  1.00000000 0.7281733 0.022321551       0.5    0.13   0.13      0.74
232  1.00000000 0.7281733 0.022321551       0.5    0.13   0.13      0.74
233  1.00000000 0.7281733 0.022321551       0.5    0.13   0.13      0.74
234  1.00000000 0.7281733 0.022321551       0.5    0.13   0.13      0.74
235  1.00000000 0.7281733 0.022321551       0.5    0.13   0.13      0.74
236  0.30078125 0.7281733 0.022321551       0.5    0.13   0.13      0.74
237  1.00000000 0.7281733 0.022321551       0.5    0.13   0.13      0.74
238  1.00000000 0.7281733 0.022321551       0.5    0.13   0.13      0.74
239  1.00000000 0.7281733 0.022321551       0.5    0.13   0.13      0.74
240  0.13671875 0.7281733 0.022321551       0.5    0.13   0.13      0.74
241  0.16406250 0.7281733 0.022321551       0.5    0.13   0.13      0.74
242  0.11718750 0.7281733 0.022321551       0.5    0.13   0.13      0.74
243  1.00000000 0.7281733 0.022321551       0.5    0.13   0.13      0.74
244  1.00000000 0.7281733 0.022321551       0.5    0.13   0.13      0.74
245  1.00000000 0.7281733 0.022321551       0.5    0.13   0.13      0.74
246  1.00000000 0.7281733 0.022321551       0.5    0.13   0.13      0.74
247  1.00000000 0.7281733 0.022321551       0.5    0.13   0.13      0.74
248  1.00000000 0.7281733 0.022321551       0.5    0.13   0.13      0.74
249  1.00000000 0.7281733 0.022321551       0.5    0.13   0.13      0.74
250  1.00000000 0.7281733 0.022321551       0.5    0.13   0.13      0.74
251  1.00000000 0.7281733 0.022321551       0.5    0.13   0.13      0.74
252  1.00000000 0.7281733 0.022321551       0.5    0.13   0.13      0.74
253  0.05859375 0.7281733 0.022321551       0.5    0.13   0.13      0.74
254  1.00000000 0.7281733 0.022321551       0.5    0.13   0.13      0.74
255  1.00000000 0.7281733 0.022321551       0.5    0.13   0.13      0.74
256  1.00000000 0.7281733 0.022321551       0.5    0.13   0.13      0.74
257  0.08984375 0.7281733 0.022321551       0.5    0.13   0.13      0.74
258  1.00000000 0.7281733 0.022321551       0.5    0.13   0.13      0.74
259  1.00000000 0.7281733 0.022321551       0.5    0.13   0.13      0.74
260  0.15625000 0.7281733 0.022321551       0.5    0.13   0.13      0.74
261  1.00000000 0.7281733 0.022321551       0.5    0.13   0.13      0.74
262  1.00000000 0.7281733 0.022321551       0.5    0.13   0.13      0.74
263  1.00000000 0.7281733 0.022321551       0.5    0.13   0.13      0.74
264  0.11328125 0.7281733 0.022321551       0.5    0.13   0.13      0.74
265  1.00000000 0.7281733 0.022321551       0.5    0.13   0.13      0.74
266  1.00000000 0.7281733 0.022321551       0.5    0.13   0.13      0.74
267  1.00000000 0.7281733 0.022321551       0.5    0.13   0.13      0.74
268  1.00000000 0.7281733 0.022321551       0.5    0.13   0.13      0.74
269  1.00000000 0.7281733 0.022321551       0.5    0.13   0.13      0.74
270  1.00000000 0.7281733 0.022321551       0.5    0.13   0.13      0.74
271  1.00000000 0.7281733 0.022321551       0.5    0.13   0.13      0.74
272  1.00000000 0.7281733 0.022321551       0.5    0.13   0.13      0.74
273  1.00000000 0.7281733 0.022321551       0.5    0.13   0.13      0.74
274  1.00000000 0.7281733 0.022321551       0.5    0.13   0.13      0.74
275  1.00000000 0.7281733 0.022321551       0.5    0.13   0.13      0.74
276  0.32812500 0.7281733 0.022321551       0.5    0.13   0.13      0.74
277  1.00000000 0.7281733 0.022321551       0.5    0.13   0.13      0.74
278  1.00000000 0.7281733 0.022321551       0.5    0.13   0.13      0.74
279  1.00000000 0.7281733 0.022321551       0.5    0.13   0.13      0.74
280  1.00000000 0.7281733 0.022321551       0.5    0.13   0.13      0.74
281  1.00000000 0.7281733 0.022321551       0.5    0.13   0.13      0.74
282  0.10546875 0.7281733 0.022321551       0.5    0.13   0.13      0.74
283  1.00000000 0.7281733 0.022321551       0.5    0.13   0.13      0.74
284  0.22656250 0.7281733 0.022321551       0.5    0.13   0.13      0.74
285  1.00000000 0.7281733 0.022321551       0.5    0.13   0.13      0.74
286  1.00000000 0.7281733 0.022321551       0.5    0.13   0.13      0.74
287  0.09375000 0.7281733 0.022321551       0.5    0.13   0.13      0.74
288  0.28515625 0.7281733 0.022321551       0.5    0.13   0.13      0.74
289  1.00000000 0.7281733 0.022321551       0.5    0.13   0.13      0.74
290  1.00000000 0.7281733 0.022321551       0.5    0.13   0.13      0.74
291  1.00000000 0.7281733 0.022321551       0.5    0.13   0.13      0.74
292  1.00000000 0.7281733 0.022321551       0.5    0.13   0.13      0.74
293  1.00000000 0.7281733 0.022321551       0.5    0.13   0.13      0.74
294  1.00000000 0.7281733 0.022321551       0.5    0.13   0.13      0.74
295  1.00000000 0.7281733 0.022321551       0.5    0.13   0.13      0.74
296  1.00000000 0.7281733 0.022321551       0.5    0.13   0.13      0.74
297  1.00000000 0.7281733 0.022321551       0.5    0.13   0.13      0.74
298  0.39843750 0.7281733 0.022321551       0.5    0.13   0.13      0.74
299  0.07031250 0.7281733 0.022321551       0.5    0.13   0.13      0.74
300  1.00000000 0.7281733 0.022321551       0.5    0.13   0.13      0.74
301  1.00000000 0.6134505 0.032922933       0.5    0.16   0.20      0.64
302  1.00000000 0.6134505 0.032922933       0.5    0.16   0.20      0.64
303  1.00000000 0.6134505 0.032922933       0.5    0.16   0.20      0.64
304  1.00000000 0.6134505 0.032922933       0.5    0.16   0.20      0.64
305  1.00000000 0.6134505 0.032922933       0.5    0.16   0.20      0.64
306  0.08984375 0.6134505 0.032922933       0.5    0.16   0.20      0.64
307  0.79296875 0.6134505 0.032922933       0.5    0.16   0.20      0.64
308  1.00000000 0.6134505 0.032922933       0.5    0.16   0.20      0.64
309  0.30859375 0.6134505 0.032922933       0.5    0.16   0.20      0.64
310  0.13671875 0.6134505 0.032922933       0.5    0.16   0.20      0.64
311  1.00000000 0.6134505 0.032922933       0.5    0.16   0.20      0.64
312  1.00000000 0.6134505 0.032922933       0.5    0.16   0.20      0.64
313  0.27343750 0.6134505 0.032922933       0.5    0.16   0.20      0.64
314  1.00000000 0.6134505 0.032922933       0.5    0.16   0.20      0.64
315  0.33593750 0.6134505 0.032922933       0.5    0.16   0.20      0.64
316  0.10156250 0.6134505 0.032922933       0.5    0.16   0.20      0.64
317  0.16796875 0.6134505 0.032922933       0.5    0.16   0.20      0.64
318  1.00000000 0.6134505 0.032922933       0.5    0.16   0.20      0.64
319  0.17187500 0.6134505 0.032922933       0.5    0.16   0.20      0.64
320  0.21484375 0.6134505 0.032922933       0.5    0.16   0.20      0.64
321  1.00000000 0.6134505 0.032922933       0.5    0.16   0.20      0.64
322  1.00000000 0.6134505 0.032922933       0.5    0.16   0.20      0.64
323  0.25000000 0.6134505 0.032922933       0.5    0.16   0.20      0.64
324  1.00000000 0.6134505 0.032922933       0.5    0.16   0.20      0.64
325  1.00000000 0.6134505 0.032922933       0.5    0.16   0.20      0.64
326  1.00000000 0.6134505 0.032922933       0.5    0.16   0.20      0.64
327  1.00000000 0.6134505 0.032922933       0.5    0.16   0.20      0.64
328  0.35156250 0.6134505 0.032922933       0.5    0.16   0.20      0.64
329  1.00000000 0.6134505 0.032922933       0.5    0.16   0.20      0.64
330  0.14843750 0.6134505 0.032922933       0.5    0.16   0.20      0.64
331  0.16406250 0.6134505 0.032922933       0.5    0.16   0.20      0.64
332  1.00000000 0.6134505 0.032922933       0.5    0.16   0.20      0.64
333  1.00000000 0.6134505 0.032922933       0.5    0.16   0.20      0.64
334  0.25781250 0.6134505 0.032922933       0.5    0.16   0.20      0.64
335  1.00000000 0.6134505 0.032922933       0.5    0.16   0.20      0.64
336  0.11718750 0.6134505 0.032922933       0.5    0.16   0.20      0.64
337  1.00000000 0.6134505 0.032922933       0.5    0.16   0.20      0.64
338  1.00000000 0.6134505 0.032922933       0.5    0.16   0.20      0.64
339  1.00000000 0.6134505 0.032922933       0.5    0.16   0.20      0.64
340  1.00000000 0.6134505 0.032922933       0.5    0.16   0.20      0.64
341  1.00000000 0.6134505 0.032922933       0.5    0.16   0.20      0.64
342  0.54687500 0.6134505 0.032922933       0.5    0.16   0.20      0.64
343  1.00000000 0.6134505 0.032922933       0.5    0.16   0.20      0.64
344  1.00000000 0.6134505 0.032922933       0.5    0.16   0.20      0.64
345  1.00000000 0.6134505 0.032922933       0.5    0.16   0.20      0.64
346  0.07812500 0.6134505 0.032922933       0.5    0.16   0.20      0.64
347  0.08984375 0.6134505 0.032922933       0.5    0.16   0.20      0.64
348  0.12500000 0.6134505 0.032922933       0.5    0.16   0.20      0.64
349  1.00000000 0.6134505 0.032922933       0.5    0.16   0.20      0.64
350  1.00000000 0.6134505 0.032922933       0.5    0.16   0.20      0.64
351  1.00000000 0.6134505 0.032922933       0.5    0.16   0.20      0.64
352  0.16406250 0.6134505 0.032922933       0.5    0.16   0.20      0.64
353  1.00000000 0.6134505 0.032922933       0.5    0.16   0.20      0.64
354  1.00000000 0.6134505 0.032922933       0.5    0.16   0.20      0.64
355  1.00000000 0.6134505 0.032922933       0.5    0.16   0.20      0.64
356  0.23046875 0.6134505 0.032922933       0.5    0.16   0.20      0.64
357  0.12109375 0.6134505 0.032922933       0.5    0.16   0.20      0.64
358  0.11718750 0.6134505 0.032922933       0.5    0.16   0.20      0.64
359  0.13281250 0.6134505 0.032922933       0.5    0.16   0.20      0.64
360  1.00000000 0.6134505 0.032922933       0.5    0.16   0.20      0.64
361  0.32031250 0.6134505 0.032922933       0.5    0.16   0.20      0.64
362  1.00000000 0.6134505 0.032922933       0.5    0.16   0.20      0.64
363  1.00000000 0.6134505 0.032922933       0.5    0.16   0.20      0.64
364  0.20703125 0.6134505 0.032922933       0.5    0.16   0.20      0.64
365  0.10937500 0.6134505 0.032922933       0.5    0.16   0.20      0.64
366  1.00000000 0.6134505 0.032922933       0.5    0.16   0.20      0.64
367  1.00000000 0.6134505 0.032922933       0.5    0.16   0.20      0.64
368  1.00000000 0.6134505 0.032922933       0.5    0.16   0.20      0.64
369  1.00000000 0.6134505 0.032922933       0.5    0.16   0.20      0.64
370  1.00000000 0.6134505 0.032922933       0.5    0.16   0.20      0.64
371  0.06640625 0.6134505 0.032922933       0.5    0.16   0.20      0.64
372  1.00000000 0.6134505 0.032922933       0.5    0.16   0.20      0.64
373  0.12890625 0.6134505 0.032922933       0.5    0.16   0.20      0.64
374  0.36718750 0.6134505 0.032922933       0.5    0.16   0.20      0.64
375  1.00000000 0.6134505 0.032922933       0.5    0.16   0.20      0.64
376  1.00000000 0.6134505 0.032922933       0.5    0.16   0.20      0.64
377  1.00000000 0.6134505 0.032922933       0.5    0.16   0.20      0.64
378  0.22265625 0.6134505 0.032922933       0.5    0.16   0.20      0.64
379  0.15234375 0.6134505 0.032922933       0.5    0.16   0.20      0.64
380  1.00000000 0.6134505 0.032922933       0.5    0.16   0.20      0.64
381  1.00000000 0.6134505 0.032922933       0.5    0.16   0.20      0.64
382  1.00000000 0.6134505 0.032922933       0.5    0.16   0.20      0.64
383  0.10546875 0.6134505 0.032922933       0.5    0.16   0.20      0.64
384  1.00000000 0.6134505 0.032922933       0.5    0.16   0.20      0.64
385  1.00000000 0.6134505 0.032922933       0.5    0.16   0.20      0.64
386  1.00000000 0.6134505 0.032922933       0.5    0.16   0.20      0.64
387  1.00000000 0.6134505 0.032922933       0.5    0.16   0.20      0.64
388  1.00000000 0.6134505 0.032922933       0.5    0.16   0.20      0.64
389  1.00000000 0.6134505 0.032922933       0.5    0.16   0.20      0.64
390  1.00000000 0.6134505 0.032922933       0.5    0.16   0.20      0.64
391  1.00000000 0.6134505 0.032922933       0.5    0.16   0.20      0.64
392  1.00000000 0.6134505 0.032922933       0.5    0.16   0.20      0.64
393  1.00000000 0.6134505 0.032922933       0.5    0.16   0.20      0.64
394  1.00000000 0.6134505 0.032922933       0.5    0.16   0.20      0.64
395  1.00000000 0.6134505 0.032922933       0.5    0.16   0.20      0.64
396  1.00000000 0.6134505 0.032922933       0.5    0.16   0.20      0.64
397  0.20312500 0.6134505 0.032922933       0.5    0.16   0.20      0.64
398  1.00000000 0.6134505 0.032922933       0.5    0.16   0.20      0.64
399  1.00000000 0.6134505 0.032922933       0.5    0.16   0.20      0.64
400  0.05859375 0.6134505 0.032922933       0.5    0.16   0.20      0.64
401  0.31250000 0.7185368 0.047510928       0.5    0.11   0.26      0.63
402  0.18750000 0.7185368 0.047510928       0.5    0.11   0.26      0.63
403  1.00000000 0.7185368 0.047510928       0.5    0.11   0.26      0.63
404  1.00000000 0.7185368 0.047510928       0.5    0.11   0.26      0.63
405  1.00000000 0.7185368 0.047510928       0.5    0.11   0.26      0.63
406  0.44921875 0.7185368 0.047510928       0.5    0.11   0.26      0.63
407  1.00000000 0.7185368 0.047510928       0.5    0.11   0.26      0.63
408  1.00000000 0.7185368 0.047510928       0.5    0.11   0.26      0.63
409  0.46093750 0.7185368 0.047510928       0.5    0.11   0.26      0.63
410  0.37500000 0.7185368 0.047510928       0.5    0.11   0.26      0.63
411  1.00000000 0.7185368 0.047510928       0.5    0.11   0.26      0.63
412  1.00000000 0.7185368 0.047510928       0.5    0.11   0.26      0.63
413  0.21875000 0.7185368 0.047510928       0.5    0.11   0.26      0.63
414  1.00000000 0.7185368 0.047510928       0.5    0.11   0.26      0.63
415  0.09375000 0.7185368 0.047510928       0.5    0.11   0.26      0.63
416  1.00000000 0.7185368 0.047510928       0.5    0.11   0.26      0.63
417  1.00000000 0.7185368 0.047510928       0.5    0.11   0.26      0.63
418  1.00000000 0.7185368 0.047510928       0.5    0.11   0.26      0.63
419  0.17968750 0.7185368 0.047510928       0.5    0.11   0.26      0.63
420  1.00000000 0.7185368 0.047510928       0.5    0.11   0.26      0.63
421  1.00000000 0.7185368 0.047510928       0.5    0.11   0.26      0.63
422  0.25000000 0.7185368 0.047510928       0.5    0.11   0.26      0.63
423  0.18359375 0.7185368 0.047510928       0.5    0.11   0.26      0.63
424  0.44531250 0.7185368 0.047510928       0.5    0.11   0.26      0.63
425  1.00000000 0.7185368 0.047510928       0.5    0.11   0.26      0.63
426  0.11718750 0.7185368 0.047510928       0.5    0.11   0.26      0.63
427  1.00000000 0.7185368 0.047510928       0.5    0.11   0.26      0.63
428  1.00000000 0.7185368 0.047510928       0.5    0.11   0.26      0.63
429  1.00000000 0.7185368 0.047510928       0.5    0.11   0.26      0.63
430  1.00000000 0.7185368 0.047510928       0.5    0.11   0.26      0.63
431  0.19531250 0.7185368 0.047510928       0.5    0.11   0.26      0.63
432  1.00000000 0.7185368 0.047510928       0.5    0.11   0.26      0.63
433  1.00000000 0.7185368 0.047510928       0.5    0.11   0.26      0.63
434  1.00000000 0.7185368 0.047510928       0.5    0.11   0.26      0.63
435  0.35937500 0.7185368 0.047510928       0.5    0.11   0.26      0.63
436  1.00000000 0.7185368 0.047510928       0.5    0.11   0.26      0.63
437  1.00000000 0.7185368 0.047510928       0.5    0.11   0.26      0.63
438  0.19140625 0.7185368 0.047510928       0.5    0.11   0.26      0.63
439  1.00000000 0.7185368 0.047510928       0.5    0.11   0.26      0.63
440  1.00000000 0.7185368 0.047510928       0.5    0.11   0.26      0.63
441  1.00000000 0.7185368 0.047510928       0.5    0.11   0.26      0.63
442  1.00000000 0.7185368 0.047510928       0.5    0.11   0.26      0.63
443  1.00000000 0.7185368 0.047510928       0.5    0.11   0.26      0.63
444  1.00000000 0.7185368 0.047510928       0.5    0.11   0.26      0.63
445  0.42968750 0.7185368 0.047510928       0.5    0.11   0.26      0.63
446  0.28125000 0.7185368 0.047510928       0.5    0.11   0.26      0.63
447  1.00000000 0.7185368 0.047510928       0.5    0.11   0.26      0.63
448  1.00000000 0.7185368 0.047510928       0.5    0.11   0.26      0.63
449  0.47265625 0.7185368 0.047510928       0.5    0.11   0.26      0.63
450  0.44921875 0.7185368 0.047510928       0.5    0.11   0.26      0.63
451  1.00000000 0.7185368 0.047510928       0.5    0.11   0.26      0.63
452  0.41015625 0.7185368 0.047510928       0.5    0.11   0.26      0.63
453  1.00000000 0.7185368 0.047510928       0.5    0.11   0.26      0.63
454  1.00000000 0.7185368 0.047510928       0.5    0.11   0.26      0.63
455  1.00000000 0.7185368 0.047510928       0.5    0.11   0.26      0.63
456  0.40625000 0.7185368 0.047510928       0.5    0.11   0.26      0.63
457  0.22656250 0.7185368 0.047510928       0.5    0.11   0.26      0.63
458  1.00000000 0.7185368 0.047510928       0.5    0.11   0.26      0.63
459  1.00000000 0.7185368 0.047510928       0.5    0.11   0.26      0.63
460  1.00000000 0.7185368 0.047510928       0.5    0.11   0.26      0.63
461  1.00000000 0.7185368 0.047510928       0.5    0.11   0.26      0.63
462  1.00000000 0.7185368 0.047510928       0.5    0.11   0.26      0.63
463  1.00000000 0.7185368 0.047510928       0.5    0.11   0.26      0.63
464  1.00000000 0.7185368 0.047510928       0.5    0.11   0.26      0.63
465  0.40625000 0.7185368 0.047510928       0.5    0.11   0.26      0.63
466  0.33203125 0.7185368 0.047510928       0.5    0.11   0.26      0.63
467  1.00000000 0.7185368 0.047510928       0.5    0.11   0.26      0.63
468  1.00000000 0.7185368 0.047510928       0.5    0.11   0.26      0.63
469  0.16015625 0.7185368 0.047510928       0.5    0.11   0.26      0.63
470  1.00000000 0.7185368 0.047510928       0.5    0.11   0.26      0.63
471  1.00000000 0.7185368 0.047510928       0.5    0.11   0.26      0.63
472  1.00000000 0.7185368 0.047510928       0.5    0.11   0.26      0.63
473  0.28906250 0.7185368 0.047510928       0.5    0.11   0.26      0.63
474  0.23046875 0.7185368 0.047510928       0.5    0.11   0.26      0.63
475  0.14843750 0.7185368 0.047510928       0.5    0.11   0.26      0.63
476  0.17578125 0.7185368 0.047510928       0.5    0.11   0.26      0.63
477  1.00000000 0.7185368 0.047510928       0.5    0.11   0.26      0.63
478  1.00000000 0.7185368 0.047510928       0.5    0.11   0.26      0.63
479  0.21484375 0.7185368 0.047510928       0.5    0.11   0.26      0.63
480  1.00000000 0.7185368 0.047510928       0.5    0.11   0.26      0.63
481  0.12109375 0.7185368 0.047510928       0.5    0.11   0.26      0.63
482  1.00000000 0.7185368 0.047510928       0.5    0.11   0.26      0.63
483  1.00000000 0.7185368 0.047510928       0.5    0.11   0.26      0.63
484  0.25390625 0.7185368 0.047510928       0.5    0.11   0.26      0.63
485  0.21875000 0.7185368 0.047510928       0.5    0.11   0.26      0.63
486  1.00000000 0.7185368 0.047510928       0.5    0.11   0.26      0.63
487  0.14453125 0.7185368 0.047510928       0.5    0.11   0.26      0.63
488  0.27343750 0.7185368 0.047510928       0.5    0.11   0.26      0.63
489  1.00000000 0.7185368 0.047510928       0.5    0.11   0.26      0.63
490  0.21484375 0.7185368 0.047510928       0.5    0.11   0.26      0.63
491  1.00000000 0.7185368 0.047510928       0.5    0.11   0.26      0.63
492  0.12109375 0.7185368 0.047510928       0.5    0.11   0.26      0.63
493  1.00000000 0.7185368 0.047510928       0.5    0.11   0.26      0.63
494  1.00000000 0.7185368 0.047510928       0.5    0.11   0.26      0.63
495  1.00000000 0.7185368 0.047510928       0.5    0.11   0.26      0.63
496  1.00000000 0.7185368 0.047510928       0.5    0.11   0.26      0.63
497  1.00000000 0.7185368 0.047510928       0.5    0.11   0.26      0.63
498  0.44531250 0.7185368 0.047510928       0.5    0.11   0.26      0.63
499  1.00000000 0.7185368 0.047510928       0.5    0.11   0.26      0.63
500  1.00000000 0.7185368 0.047510928       0.5    0.11   0.26      0.63
501  1.00000000 0.3324562 0.016365999       0.5    0.32   0.26      0.42
502  0.12890625 0.3324562 0.016365999       0.5    0.32   0.26      0.42
503  0.18359375 0.3324562 0.016365999       0.5    0.32   0.26      0.42
504  1.00000000 0.3324562 0.016365999       0.5    0.32   0.26      0.42
505  0.18359375 0.3324562 0.016365999       0.5    0.32   0.26      0.42
506  1.00000000 0.3324562 0.016365999       0.5    0.32   0.26      0.42
507  1.00000000 0.3324562 0.016365999       0.5    0.32   0.26      0.42
508  1.00000000 0.3324562 0.016365999       0.5    0.32   0.26      0.42
509  1.00000000 0.3324562 0.016365999       0.5    0.32   0.26      0.42
510  0.34375000 0.3324562 0.016365999       0.5    0.32   0.26      0.42
511  0.34765625 0.3324562 0.016365999       0.5    0.32   0.26      0.42
512  0.22656250 0.3324562 0.016365999       0.5    0.32   0.26      0.42
513  0.09375000 0.3324562 0.016365999       0.5    0.32   0.26      0.42
514  0.03906250 0.3324562 0.016365999       0.5    0.32   0.26      0.42
515  1.00000000 0.3324562 0.016365999       0.5    0.32   0.26      0.42
516  0.10156250 0.3324562 0.016365999       0.5    0.32   0.26      0.42
517  0.07812500 0.3324562 0.016365999       0.5    0.32   0.26      0.42
518  1.00000000 0.3324562 0.016365999       0.5    0.32   0.26      0.42
519  0.04687500 0.3324562 0.016365999       0.5    0.32   0.26      0.42
520  1.00000000 0.3324562 0.016365999       0.5    0.32   0.26      0.42
521  1.00000000 0.3324562 0.016365999       0.5    0.32   0.26      0.42
522  0.07031250 0.3324562 0.016365999       0.5    0.32   0.26      0.42
523  1.00000000 0.3324562 0.016365999       0.5    0.32   0.26      0.42
524  0.03515625 0.3324562 0.016365999       0.5    0.32   0.26      0.42
525  0.03515625 0.3324562 0.016365999       0.5    0.32   0.26      0.42
526  1.00000000 0.3324562 0.016365999       0.5    0.32   0.26      0.42
527  1.00000000 0.3324562 0.016365999       0.5    0.32   0.26      0.42
528  1.00000000 0.3324562 0.016365999       0.5    0.32   0.26      0.42
529  1.00000000 0.3324562 0.016365999       0.5    0.32   0.26      0.42
530  0.07031250 0.3324562 0.016365999       0.5    0.32   0.26      0.42
531  0.08593750 0.3324562 0.016365999       0.5    0.32   0.26      0.42
532  1.00000000 0.3324562 0.016365999       0.5    0.32   0.26      0.42
533  0.23437500 0.3324562 0.016365999       0.5    0.32   0.26      0.42
534  0.07421875 0.3324562 0.016365999       0.5    0.32   0.26      0.42
535  1.00000000 0.3324562 0.016365999       0.5    0.32   0.26      0.42
536  0.08593750 0.3324562 0.016365999       0.5    0.32   0.26      0.42
537  1.00000000 0.3324562 0.016365999       0.5    0.32   0.26      0.42
538  1.00000000 0.3324562 0.016365999       0.5    0.32   0.26      0.42
539  0.10546875 0.3324562 0.016365999       0.5    0.32   0.26      0.42
540  1.00000000 0.3324562 0.016365999       0.5    0.32   0.26      0.42
541  0.08593750 0.3324562 0.016365999       0.5    0.32   0.26      0.42
542  0.13671875 0.3324562 0.016365999       0.5    0.32   0.26      0.42
543  0.07031250 0.3324562 0.016365999       0.5    0.32   0.26      0.42
544  0.01562500 0.3324562 0.016365999       0.5    0.32   0.26      0.42
545  0.09375000 0.3324562 0.016365999       0.5    0.32   0.26      0.42
546  1.00000000 0.3324562 0.016365999       0.5    0.32   0.26      0.42
547  0.02343750 0.3324562 0.016365999       0.5    0.32   0.26      0.42
548  0.12890625 0.3324562 0.016365999       0.5    0.32   0.26      0.42
549  0.09375000 0.3324562 0.016365999       0.5    0.32   0.26      0.42
550  0.07421875 0.3324562 0.016365999       0.5    0.32   0.26      0.42
551  0.12890625 0.3324562 0.016365999       0.5    0.32   0.26      0.42
552  1.00000000 0.3324562 0.016365999       0.5    0.32   0.26      0.42
553  0.03906250 0.3324562 0.016365999       0.5    0.32   0.26      0.42
554  0.18750000 0.3324562 0.016365999       0.5    0.32   0.26      0.42
555  1.00000000 0.3324562 0.016365999       0.5    0.32   0.26      0.42
556  0.04296875 0.3324562 0.016365999       0.5    0.32   0.26      0.42
557  0.06250000 0.3324562 0.016365999       0.5    0.32   0.26      0.42
558  0.27734375 0.3324562 0.016365999       0.5    0.32   0.26      0.42
559  1.00000000 0.3324562 0.016365999       0.5    0.32   0.26      0.42
560  0.02343750 0.3324562 0.016365999       0.5    0.32   0.26      0.42
561  1.00000000 0.3324562 0.016365999       0.5    0.32   0.26      0.42
562  0.14453125 0.3324562 0.016365999       0.5    0.32   0.26      0.42
563  0.03515625 0.3324562 0.016365999       0.5    0.32   0.26      0.42
564  1.00000000 0.3324562 0.016365999       0.5    0.32   0.26      0.42
565  1.00000000 0.3324562 0.016365999       0.5    0.32   0.26      0.42
566  0.07031250 0.3324562 0.016365999       0.5    0.32   0.26      0.42
567  0.20703125 0.3324562 0.016365999       0.5    0.32   0.26      0.42
568  0.01562500 0.3324562 0.016365999       0.5    0.32   0.26      0.42
569  0.16796875 0.3324562 0.016365999       0.5    0.32   0.26      0.42
570  1.00000000 0.3324562 0.016365999       0.5    0.32   0.26      0.42
571  0.10937500 0.3324562 0.016365999       0.5    0.32   0.26      0.42
572  0.07812500 0.3324562 0.016365999       0.5    0.32   0.26      0.42
573  0.00781250 0.3324562 0.016365999       0.5    0.32   0.26      0.42
574  0.07421875 0.3324562 0.016365999       0.5    0.32   0.26      0.42
575  1.00000000 0.3324562 0.016365999       0.5    0.32   0.26      0.42
576  1.00000000 0.3324562 0.016365999       0.5    0.32   0.26      0.42
577  0.23437500 0.3324562 0.016365999       0.5    0.32   0.26      0.42
578  1.00000000 0.3324562 0.016365999       0.5    0.32   0.26      0.42
579  1.00000000 0.3324562 0.016365999       0.5    0.32   0.26      0.42
580  0.28125000 0.3324562 0.016365999       0.5    0.32   0.26      0.42
581  1.00000000 0.3324562 0.016365999       0.5    0.32   0.26      0.42
582  1.00000000 0.3324562 0.016365999       0.5    0.32   0.26      0.42
583  0.12109375 0.3324562 0.016365999       0.5    0.32   0.26      0.42
584  0.08984375 0.3324562 0.016365999       0.5    0.32   0.26      0.42
585  0.06250000 0.3324562 0.016365999       0.5    0.32   0.26      0.42
586  0.04296875 0.3324562 0.016365999       0.5    0.32   0.26      0.42
587  1.00000000 0.3324562 0.016365999       0.5    0.32   0.26      0.42
588  1.00000000 0.3324562 0.016365999       0.5    0.32   0.26      0.42
589  1.00000000 0.3324562 0.016365999       0.5    0.32   0.26      0.42
590  1.00000000 0.3324562 0.016365999       0.5    0.32   0.26      0.42
591  1.00000000 0.3324562 0.016365999       0.5    0.32   0.26      0.42
592  1.00000000 0.3324562 0.016365999       0.5    0.32   0.26      0.42
593  0.06250000 0.3324562 0.016365999       0.5    0.32   0.26      0.42
594  0.01562500 0.3324562 0.016365999       0.5    0.32   0.26      0.42
595  1.00000000 0.3324562 0.016365999       0.5    0.32   0.26      0.42
596  0.08203125 0.3324562 0.016365999       0.5    0.32   0.26      0.42
597  0.54296875 0.3324562 0.016365999       0.5    0.32   0.26      0.42
598  1.00000000 0.3324562 0.016365999       0.5    0.32   0.26      0.42
599  0.04687500 0.3324562 0.016365999       0.5    0.32   0.26      0.42
600  0.09375000 0.3324562 0.016365999       0.5    0.32   0.26      0.42
601  1.00000000 0.7184901 0.011226760       0.5    0.23   0.07      0.70
602  0.06250000 0.7184901 0.011226760       0.5    0.23   0.07      0.70
603  1.00000000 0.7184901 0.011226760       0.5    0.23   0.07      0.70
604  1.00000000 0.7184901 0.011226760       0.5    0.23   0.07      0.70
605  1.00000000 0.7184901 0.011226760       0.5    0.23   0.07      0.70
606  1.00000000 0.7184901 0.011226760       0.5    0.23   0.07      0.70
607  1.00000000 0.7184901 0.011226760       0.5    0.23   0.07      0.70
608  1.00000000 0.7184901 0.011226760       0.5    0.23   0.07      0.70
609  1.00000000 0.7184901 0.011226760       0.5    0.23   0.07      0.70
610  1.00000000 0.7184901 0.011226760       0.5    0.23   0.07      0.70
611  1.00000000 0.7184901 0.011226760       0.5    0.23   0.07      0.70
612  1.00000000 0.7184901 0.011226760       0.5    0.23   0.07      0.70
613  0.07812500 0.7184901 0.011226760       0.5    0.23   0.07      0.70
614  0.01953125 0.7184901 0.011226760       0.5    0.23   0.07      0.70
615  1.00000000 0.7184901 0.011226760       0.5    0.23   0.07      0.70
616  1.00000000 0.7184901 0.011226760       0.5    0.23   0.07      0.70
617  0.07421875 0.7184901 0.011226760       0.5    0.23   0.07      0.70
618  0.04296875 0.7184901 0.011226760       0.5    0.23   0.07      0.70
619  1.00000000 0.7184901 0.011226760       0.5    0.23   0.07      0.70
620  0.04296875 0.7184901 0.011226760       0.5    0.23   0.07      0.70
621  1.00000000 0.7184901 0.011226760       0.5    0.23   0.07      0.70
622  1.00000000 0.7184901 0.011226760       0.5    0.23   0.07      0.70
623  1.00000000 0.7184901 0.011226760       0.5    0.23   0.07      0.70
624  0.03515625 0.7184901 0.011226760       0.5    0.23   0.07      0.70
625  1.00000000 0.7184901 0.011226760       0.5    0.23   0.07      0.70
626  0.11328125 0.7184901 0.011226760       0.5    0.23   0.07      0.70
627  0.01171875 0.7184901 0.011226760       0.5    0.23   0.07      0.70
628  1.00000000 0.7184901 0.011226760       0.5    0.23   0.07      0.70
629  1.00000000 0.7184901 0.011226760       0.5    0.23   0.07      0.70
630  1.00000000 0.7184901 0.011226760       0.5    0.23   0.07      0.70
631  1.00000000 0.7184901 0.011226760       0.5    0.23   0.07      0.70
632  1.00000000 0.7184901 0.011226760       0.5    0.23   0.07      0.70
633  1.00000000 0.7184901 0.011226760       0.5    0.23   0.07      0.70
634  1.00000000 0.7184901 0.011226760       0.5    0.23   0.07      0.70
635  1.00000000 0.7184901 0.011226760       0.5    0.23   0.07      0.70
636  1.00000000 0.7184901 0.011226760       0.5    0.23   0.07      0.70
637  1.00000000 0.7184901 0.011226760       0.5    0.23   0.07      0.70
638  1.00000000 0.7184901 0.011226760       0.5    0.23   0.07      0.70
639  1.00000000 0.7184901 0.011226760       0.5    0.23   0.07      0.70
640  1.00000000 0.7184901 0.011226760       0.5    0.23   0.07      0.70
641  0.01562500 0.7184901 0.011226760       0.5    0.23   0.07      0.70
642  1.00000000 0.7184901 0.011226760       0.5    0.23   0.07      0.70
643  0.15625000 0.7184901 0.011226760       0.5    0.23   0.07      0.70
644  1.00000000 0.7184901 0.011226760       0.5    0.23   0.07      0.70
645  1.00000000 0.7184901 0.011226760       0.5    0.23   0.07      0.70
646  0.14843750 0.7184901 0.011226760       0.5    0.23   0.07      0.70
647  1.00000000 0.7184901 0.011226760       0.5    0.23   0.07      0.70
648  1.00000000 0.7184901 0.011226760       0.5    0.23   0.07      0.70
649  1.00000000 0.7184901 0.011226760       0.5    0.23   0.07      0.70
650  1.00000000 0.7184901 0.011226760       0.5    0.23   0.07      0.70
651  1.00000000 0.7184901 0.011226760       0.5    0.23   0.07      0.70
652  0.03125000 0.7184901 0.011226760       0.5    0.23   0.07      0.70
653  1.00000000 0.7184901 0.011226760       0.5    0.23   0.07      0.70
654  0.00000000 0.7184901 0.011226760       0.5    0.23   0.07      0.70
655  0.01953125 0.7184901 0.011226760       0.5    0.23   0.07      0.70
656  0.05468750 0.7184901 0.011226760       0.5    0.23   0.07      0.70
657  0.00781250 0.7184901 0.011226760       0.5    0.23   0.07      0.70
658  0.01171875 0.7184901 0.011226760       0.5    0.23   0.07      0.70
659  1.00000000 0.7184901 0.011226760       0.5    0.23   0.07      0.70
660  0.05468750 0.7184901 0.011226760       0.5    0.23   0.07      0.70
661  0.04687500 0.7184901 0.011226760       0.5    0.23   0.07      0.70
662  1.00000000 0.7184901 0.011226760       0.5    0.23   0.07      0.70
663  0.07812500 0.7184901 0.011226760       0.5    0.23   0.07      0.70
664  0.16015625 0.7184901 0.011226760       0.5    0.23   0.07      0.70
665  1.00000000 0.7184901 0.011226760       0.5    0.23   0.07      0.70
666  1.00000000 0.7184901 0.011226760       0.5    0.23   0.07      0.70
667  1.00000000 0.7184901 0.011226760       0.5    0.23   0.07      0.70
668  0.17578125 0.7184901 0.011226760       0.5    0.23   0.07      0.70
669  0.05078125 0.7184901 0.011226760       0.5    0.23   0.07      0.70
670  1.00000000 0.7184901 0.011226760       0.5    0.23   0.07      0.70
671  1.00000000 0.7184901 0.011226760       0.5    0.23   0.07      0.70
672  1.00000000 0.7184901 0.011226760       0.5    0.23   0.07      0.70
673  1.00000000 0.7184901 0.011226760       0.5    0.23   0.07      0.70
674  1.00000000 0.7184901 0.011226760       0.5    0.23   0.07      0.70
675  1.00000000 0.7184901 0.011226760       0.5    0.23   0.07      0.70
676  1.00000000 0.7184901 0.011226760       0.5    0.23   0.07      0.70
677  1.00000000 0.7184901 0.011226760       0.5    0.23   0.07      0.70
678  1.00000000 0.7184901 0.011226760       0.5    0.23   0.07      0.70
679  0.07031250 0.7184901 0.011226760       0.5    0.23   0.07      0.70
680  1.00000000 0.7184901 0.011226760       0.5    0.23   0.07      0.70
681  1.00000000 0.7184901 0.011226760       0.5    0.23   0.07      0.70
682  1.00000000 0.7184901 0.011226760       0.5    0.23   0.07      0.70
683  1.00000000 0.7184901 0.011226760       0.5    0.23   0.07      0.70
684  1.00000000 0.7184901 0.011226760       0.5    0.23   0.07      0.70
685  1.00000000 0.7184901 0.011226760       0.5    0.23   0.07      0.70
686  0.19140625 0.7184901 0.011226760       0.5    0.23   0.07      0.70
687  0.02734375 0.7184901 0.011226760       0.5    0.23   0.07      0.70
688  0.16015625 0.7184901 0.011226760       0.5    0.23   0.07      0.70
689  1.00000000 0.7184901 0.011226760       0.5    0.23   0.07      0.70
690  1.00000000 0.7184901 0.011226760       0.5    0.23   0.07      0.70
691  1.00000000 0.7184901 0.011226760       0.5    0.23   0.07      0.70
692  1.00000000 0.7184901 0.011226760       0.5    0.23   0.07      0.70
693  1.00000000 0.7184901 0.011226760       0.5    0.23   0.07      0.70
694  1.00000000 0.7184901 0.011226760       0.5    0.23   0.07      0.70
695  1.00000000 0.7184901 0.011226760       0.5    0.23   0.07      0.70
696  1.00000000 0.7184901 0.011226760       0.5    0.23   0.07      0.70
697  1.00000000 0.7184901 0.011226760       0.5    0.23   0.07      0.70
698  0.20312500 0.7184901 0.011226760       0.5    0.23   0.07      0.70
699  1.00000000 0.7184901 0.011226760       0.5    0.23   0.07      0.70
700  0.04687500 0.7184901 0.011226760       0.5    0.23   0.07      0.70
701  1.00000000 0.6536059 0.006173012       0.5    0.24   0.08      0.68
702  0.11328125 0.6536059 0.006173012       0.5    0.24   0.08      0.68
703  1.00000000 0.6536059 0.006173012       0.5    0.24   0.08      0.68
704  1.00000000 0.6536059 0.006173012       0.5    0.24   0.08      0.68
705  0.01562500 0.6536059 0.006173012       0.5    0.24   0.08      0.68
706  1.00000000 0.6536059 0.006173012       0.5    0.24   0.08      0.68
707  1.00000000 0.6536059 0.006173012       0.5    0.24   0.08      0.68
708  1.00000000 0.6536059 0.006173012       0.5    0.24   0.08      0.68
709  1.00000000 0.6536059 0.006173012       0.5    0.24   0.08      0.68
710  1.00000000 0.6536059 0.006173012       0.5    0.24   0.08      0.68
711  0.00390625 0.6536059 0.006173012       0.5    0.24   0.08      0.68
712  1.00000000 0.6536059 0.006173012       0.5    0.24   0.08      0.68
713  1.00000000 0.6536059 0.006173012       0.5    0.24   0.08      0.68
714  0.05078125 0.6536059 0.006173012       0.5    0.24   0.08      0.68
715  1.00000000 0.6536059 0.006173012       0.5    0.24   0.08      0.68
716  1.00000000 0.6536059 0.006173012       0.5    0.24   0.08      0.68
717  0.00781250 0.6536059 0.006173012       0.5    0.24   0.08      0.68
718  1.00000000 0.6536059 0.006173012       0.5    0.24   0.08      0.68
719  1.00000000 0.6536059 0.006173012       0.5    0.24   0.08      0.68
720  0.03515625 0.6536059 0.006173012       0.5    0.24   0.08      0.68
721  0.00000000 0.6536059 0.006173012       0.5    0.24   0.08      0.68
722  1.00000000 0.6536059 0.006173012       0.5    0.24   0.08      0.68
723  1.00000000 0.6536059 0.006173012       0.5    0.24   0.08      0.68
724  0.08984375 0.6536059 0.006173012       0.5    0.24   0.08      0.68
725  0.14453125 0.6536059 0.006173012       0.5    0.24   0.08      0.68
726  1.00000000 0.6536059 0.006173012       0.5    0.24   0.08      0.68
727  1.00000000 0.6536059 0.006173012       0.5    0.24   0.08      0.68
728  1.00000000 0.6536059 0.006173012       0.5    0.24   0.08      0.68
729  1.00000000 0.6536059 0.006173012       0.5    0.24   0.08      0.68
730  1.00000000 0.6536059 0.006173012       0.5    0.24   0.08      0.68
731  1.00000000 0.6536059 0.006173012       0.5    0.24   0.08      0.68
732  1.00000000 0.6536059 0.006173012       0.5    0.24   0.08      0.68
733  0.01953125 0.6536059 0.006173012       0.5    0.24   0.08      0.68
734  1.00000000 0.6536059 0.006173012       0.5    0.24   0.08      0.68
735  0.01171875 0.6536059 0.006173012       0.5    0.24   0.08      0.68
736  1.00000000 0.6536059 0.006173012       0.5    0.24   0.08      0.68
737  0.01562500 0.6536059 0.006173012       0.5    0.24   0.08      0.68
738  1.00000000 0.6536059 0.006173012       0.5    0.24   0.08      0.68
739  0.03125000 0.6536059 0.006173012       0.5    0.24   0.08      0.68
740  1.00000000 0.6536059 0.006173012       0.5    0.24   0.08      0.68
741  1.00000000 0.6536059 0.006173012       0.5    0.24   0.08      0.68
742  1.00000000 0.6536059 0.006173012       0.5    0.24   0.08      0.68
743  1.00000000 0.6536059 0.006173012       0.5    0.24   0.08      0.68
744  1.00000000 0.6536059 0.006173012       0.5    0.24   0.08      0.68
745  1.00000000 0.6536059 0.006173012       0.5    0.24   0.08      0.68
746  1.00000000 0.6536059 0.006173012       0.5    0.24   0.08      0.68
747  0.00781250 0.6536059 0.006173012       0.5    0.24   0.08      0.68
748  0.01562500 0.6536059 0.006173012       0.5    0.24   0.08      0.68
749  1.00000000 0.6536059 0.006173012       0.5    0.24   0.08      0.68
750  0.01562500 0.6536059 0.006173012       0.5    0.24   0.08      0.68
751  1.00000000 0.6536059 0.006173012       0.5    0.24   0.08      0.68
752  1.00000000 0.6536059 0.006173012       0.5    0.24   0.08      0.68
753  1.00000000 0.6536059 0.006173012       0.5    0.24   0.08      0.68
754  0.26171875 0.6536059 0.006173012       0.5    0.24   0.08      0.68
755  1.00000000 0.6536059 0.006173012       0.5    0.24   0.08      0.68
756  0.02734375 0.6536059 0.006173012       0.5    0.24   0.08      0.68
757  1.00000000 0.6536059 0.006173012       0.5    0.24   0.08      0.68
758  1.00000000 0.6536059 0.006173012       0.5    0.24   0.08      0.68
759  0.07421875 0.6536059 0.006173012       0.5    0.24   0.08      0.68
760  1.00000000 0.6536059 0.006173012       0.5    0.24   0.08      0.68
761  0.01171875 0.6536059 0.006173012       0.5    0.24   0.08      0.68
762  1.00000000 0.6536059 0.006173012       0.5    0.24   0.08      0.68
763  1.00000000 0.6536059 0.006173012       0.5    0.24   0.08      0.68
764  1.00000000 0.6536059 0.006173012       0.5    0.24   0.08      0.68
765  1.00000000 0.6536059 0.006173012       0.5    0.24   0.08      0.68
766  1.00000000 0.6536059 0.006173012       0.5    0.24   0.08      0.68
767  1.00000000 0.6536059 0.006173012       0.5    0.24   0.08      0.68
768  1.00000000 0.6536059 0.006173012       0.5    0.24   0.08      0.68
769  0.02343750 0.6536059 0.006173012       0.5    0.24   0.08      0.68
770  0.00000000 0.6536059 0.006173012       0.5    0.24   0.08      0.68
771  0.03515625 0.6536059 0.006173012       0.5    0.24   0.08      0.68
772  1.00000000 0.6536059 0.006173012       0.5    0.24   0.08      0.68
773  1.00000000 0.6536059 0.006173012       0.5    0.24   0.08      0.68
774  0.02343750 0.6536059 0.006173012       0.5    0.24   0.08      0.68
775  1.00000000 0.6536059 0.006173012       0.5    0.24   0.08      0.68
776  1.00000000 0.6536059 0.006173012       0.5    0.24   0.08      0.68
777  0.39453125 0.6536059 0.006173012       0.5    0.24   0.08      0.68
778  0.01171875 0.6536059 0.006173012       0.5    0.24   0.08      0.68
779  1.00000000 0.6536059 0.006173012       0.5    0.24   0.08      0.68
780  1.00000000 0.6536059 0.006173012       0.5    0.24   0.08      0.68
781  0.01171875 0.6536059 0.006173012       0.5    0.24   0.08      0.68
782  1.00000000 0.6536059 0.006173012       0.5    0.24   0.08      0.68
783  1.00000000 0.6536059 0.006173012       0.5    0.24   0.08      0.68
784  1.00000000 0.6536059 0.006173012       0.5    0.24   0.08      0.68
785  1.00000000 0.6536059 0.006173012       0.5    0.24   0.08      0.68
786  1.00000000 0.6536059 0.006173012       0.5    0.24   0.08      0.68
787  1.00000000 0.6536059 0.006173012       0.5    0.24   0.08      0.68
788  1.00000000 0.6536059 0.006173012       0.5    0.24   0.08      0.68
789  1.00000000 0.6536059 0.006173012       0.5    0.24   0.08      0.68
790  0.00390625 0.6536059 0.006173012       0.5    0.24   0.08      0.68
791  0.03515625 0.6536059 0.006173012       0.5    0.24   0.08      0.68
792  1.00000000 0.6536059 0.006173012       0.5    0.24   0.08      0.68
793  1.00000000 0.6536059 0.006173012       0.5    0.24   0.08      0.68
794  1.00000000 0.6536059 0.006173012       0.5    0.24   0.08      0.68
795  1.00000000 0.6536059 0.006173012       0.5    0.24   0.08      0.68
796  0.07421875 0.6536059 0.006173012       0.5    0.24   0.08      0.68
797  0.01562500 0.6536059 0.006173012       0.5    0.24   0.08      0.68
798  1.00000000 0.6536059 0.006173012       0.5    0.24   0.08      0.68
799  1.00000000 0.6536059 0.006173012       0.5    0.24   0.08      0.68
800  0.00781250 0.6536059 0.006173012       0.5    0.24   0.08      0.68
801  0.16015625 0.4855035 0.017421427       0.5    0.28   0.17      0.55
802  1.00000000 0.4855035 0.017421427       0.5    0.28   0.17      0.55
803  0.07812500 0.4855035 0.017421427       0.5    0.28   0.17      0.55
804  1.00000000 0.4855035 0.017421427       0.5    0.28   0.17      0.55
805  0.51953125 0.4855035 0.017421427       0.5    0.28   0.17      0.55
806  1.00000000 0.4855035 0.017421427       0.5    0.28   0.17      0.55
807  0.08203125 0.4855035 0.017421427       0.5    0.28   0.17      0.55
808  0.05468750 0.4855035 0.017421427       0.5    0.28   0.17      0.55
809  0.03125000 0.4855035 0.017421427       0.5    0.28   0.17      0.55
810  1.00000000 0.4855035 0.017421427       0.5    0.28   0.17      0.55
811  0.05078125 0.4855035 0.017421427       0.5    0.28   0.17      0.55
812  1.00000000 0.4855035 0.017421427       0.5    0.28   0.17      0.55
813  1.00000000 0.4855035 0.017421427       0.5    0.28   0.17      0.55
814  1.00000000 0.4855035 0.017421427       0.5    0.28   0.17      0.55
815  0.12109375 0.4855035 0.017421427       0.5    0.28   0.17      0.55
816  0.07421875 0.4855035 0.017421427       0.5    0.28   0.17      0.55
817  1.00000000 0.4855035 0.017421427       0.5    0.28   0.17      0.55
818  0.08593750 0.4855035 0.017421427       0.5    0.28   0.17      0.55
819  0.13281250 0.4855035 0.017421427       0.5    0.28   0.17      0.55
820  1.00000000 0.4855035 0.017421427       0.5    0.28   0.17      0.55
821  1.00000000 0.4855035 0.017421427       0.5    0.28   0.17      0.55
822  1.00000000 0.4855035 0.017421427       0.5    0.28   0.17      0.55
823  0.08984375 0.4855035 0.017421427       0.5    0.28   0.17      0.55
824  1.00000000 0.4855035 0.017421427       0.5    0.28   0.17      0.55
825  0.15234375 0.4855035 0.017421427       0.5    0.28   0.17      0.55
826  1.00000000 0.4855035 0.017421427       0.5    0.28   0.17      0.55
827  1.00000000 0.4855035 0.017421427       0.5    0.28   0.17      0.55
828  0.04296875 0.4855035 0.017421427       0.5    0.28   0.17      0.55
829  0.12109375 0.4855035 0.017421427       0.5    0.28   0.17      0.55
830  1.00000000 0.4855035 0.017421427       0.5    0.28   0.17      0.55
831  0.06250000 0.4855035 0.017421427       0.5    0.28   0.17      0.55
832  1.00000000 0.4855035 0.017421427       0.5    0.28   0.17      0.55
833  1.00000000 0.4855035 0.017421427       0.5    0.28   0.17      0.55
834  1.00000000 0.4855035 0.017421427       0.5    0.28   0.17      0.55
835  0.07421875 0.4855035 0.017421427       0.5    0.28   0.17      0.55
836  1.00000000 0.4855035 0.017421427       0.5    0.28   0.17      0.55
837  1.00000000 0.4855035 0.017421427       0.5    0.28   0.17      0.55
838  1.00000000 0.4855035 0.017421427       0.5    0.28   0.17      0.55
839  1.00000000 0.4855035 0.017421427       0.5    0.28   0.17      0.55
840  1.00000000 0.4855035 0.017421427       0.5    0.28   0.17      0.55
841  0.31640625 0.4855035 0.017421427       0.5    0.28   0.17      0.55
842  1.00000000 0.4855035 0.017421427       0.5    0.28   0.17      0.55
843  1.00000000 0.4855035 0.017421427       0.5    0.28   0.17      0.55
844  1.00000000 0.4855035 0.017421427       0.5    0.28   0.17      0.55
845  0.24609375 0.4855035 0.017421427       0.5    0.28   0.17      0.55
846  0.28125000 0.4855035 0.017421427       0.5    0.28   0.17      0.55
847  1.00000000 0.4855035 0.017421427       0.5    0.28   0.17      0.55
848  1.00000000 0.4855035 0.017421427       0.5    0.28   0.17      0.55
849  1.00000000 0.4855035 0.017421427       0.5    0.28   0.17      0.55
850  1.00000000 0.4855035 0.017421427       0.5    0.28   0.17      0.55
851  0.08984375 0.4855035 0.017421427       0.5    0.28   0.17      0.55
852  0.05859375 0.4855035 0.017421427       0.5    0.28   0.17      0.55
853  0.08984375 0.4855035 0.017421427       0.5    0.28   0.17      0.55
854  0.04296875 0.4855035 0.017421427       0.5    0.28   0.17      0.55
855  1.00000000 0.4855035 0.017421427       0.5    0.28   0.17      0.55
856  1.00000000 0.4855035 0.017421427       0.5    0.28   0.17      0.55
857  1.00000000 0.4855035 0.017421427       0.5    0.28   0.17      0.55
858  1.00000000 0.4855035 0.017421427       0.5    0.28   0.17      0.55
859  1.00000000 0.4855035 0.017421427       0.5    0.28   0.17      0.55
860  0.10546875 0.4855035 0.017421427       0.5    0.28   0.17      0.55
861  1.00000000 0.4855035 0.017421427       0.5    0.28   0.17      0.55
862  0.05078125 0.4855035 0.017421427       0.5    0.28   0.17      0.55
863  1.00000000 0.4855035 0.017421427       0.5    0.28   0.17      0.55
864  0.21484375 0.4855035 0.017421427       0.5    0.28   0.17      0.55
865  0.09375000 0.4855035 0.017421427       0.5    0.28   0.17      0.55
866  1.00000000 0.4855035 0.017421427       0.5    0.28   0.17      0.55
867  1.00000000 0.4855035 0.017421427       0.5    0.28   0.17      0.55
868  1.00000000 0.4855035 0.017421427       0.5    0.28   0.17      0.55
869  0.12109375 0.4855035 0.017421427       0.5    0.28   0.17      0.55
870  0.32421875 0.4855035 0.017421427       0.5    0.28   0.17      0.55
871  0.08203125 0.4855035 0.017421427       0.5    0.28   0.17      0.55
872  1.00000000 0.4855035 0.017421427       0.5    0.28   0.17      0.55
873  0.13281250 0.4855035 0.017421427       0.5    0.28   0.17      0.55
874  1.00000000 0.4855035 0.017421427       0.5    0.28   0.17      0.55
875  0.05859375 0.4855035 0.017421427       0.5    0.28   0.17      0.55
876  0.19140625 0.4855035 0.017421427       0.5    0.28   0.17      0.55
877  1.00000000 0.4855035 0.017421427       0.5    0.28   0.17      0.55
878  0.03906250 0.4855035 0.017421427       0.5    0.28   0.17      0.55
879  0.07031250 0.4855035 0.017421427       0.5    0.28   0.17      0.55
880  0.07031250 0.4855035 0.017421427       0.5    0.28   0.17      0.55
881  1.00000000 0.4855035 0.017421427       0.5    0.28   0.17      0.55
882  0.05078125 0.4855035 0.017421427       0.5    0.28   0.17      0.55
883  1.00000000 0.4855035 0.017421427       0.5    0.28   0.17      0.55
884  1.00000000 0.4855035 0.017421427       0.5    0.28   0.17      0.55
885  0.09765625 0.4855035 0.017421427       0.5    0.28   0.17      0.55
886  0.27734375 0.4855035 0.017421427       0.5    0.28   0.17      0.55
887  1.00000000 0.4855035 0.017421427       0.5    0.28   0.17      0.55
888  0.26171875 0.4855035 0.017421427       0.5    0.28   0.17      0.55
889  0.01953125 0.4855035 0.017421427       0.5    0.28   0.17      0.55
890  1.00000000 0.4855035 0.017421427       0.5    0.28   0.17      0.55
891  1.00000000 0.4855035 0.017421427       0.5    0.28   0.17      0.55
892  0.14843750 0.4855035 0.017421427       0.5    0.28   0.17      0.55
893  1.00000000 0.4855035 0.017421427       0.5    0.28   0.17      0.55
894  1.00000000 0.4855035 0.017421427       0.5    0.28   0.17      0.55
895  0.07812500 0.4855035 0.017421427       0.5    0.28   0.17      0.55
896  1.00000000 0.4855035 0.017421427       0.5    0.28   0.17      0.55
897  1.00000000 0.4855035 0.017421427       0.5    0.28   0.17      0.55
898  1.00000000 0.4855035 0.017421427       0.5    0.28   0.17      0.55
899  0.22265625 0.4855035 0.017421427       0.5    0.28   0.17      0.55
900  0.04687500 0.4855035 0.017421427       0.5    0.28   0.17      0.55
901  1.00000000 0.8173085 0.015819345       0.5    0.14   0.14      0.72
902  0.37109375 0.8173085 0.015819345       0.5    0.14   0.14      0.72
903  1.00000000 0.8173085 0.015819345       0.5    0.14   0.14      0.72
904  1.00000000 0.8173085 0.015819345       0.5    0.14   0.14      0.72
905  0.33203125 0.8173085 0.015819345       0.5    0.14   0.14      0.72
906  1.00000000 0.8173085 0.015819345       0.5    0.14   0.14      0.72
907  1.00000000 0.8173085 0.015819345       0.5    0.14   0.14      0.72
908  0.06250000 0.8173085 0.015819345       0.5    0.14   0.14      0.72
909  1.00000000 0.8173085 0.015819345       0.5    0.14   0.14      0.72
910  1.00000000 0.8173085 0.015819345       0.5    0.14   0.14      0.72
911  0.08593750 0.8173085 0.015819345       0.5    0.14   0.14      0.72
912  1.00000000 0.8173085 0.015819345       0.5    0.14   0.14      0.72
913  1.00000000 0.8173085 0.015819345       0.5    0.14   0.14      0.72
914  1.00000000 0.8173085 0.015819345       0.5    0.14   0.14      0.72
915  0.19531250 0.8173085 0.015819345       0.5    0.14   0.14      0.72
916  1.00000000 0.8173085 0.015819345       0.5    0.14   0.14      0.72
917  1.00000000 0.8173085 0.015819345       0.5    0.14   0.14      0.72
918  1.00000000 0.8173085 0.015819345       0.5    0.14   0.14      0.72
919  1.00000000 0.8173085 0.015819345       0.5    0.14   0.14      0.72
920  1.00000000 0.8173085 0.015819345       0.5    0.14   0.14      0.72
921  0.20703125 0.8173085 0.015819345       0.5    0.14   0.14      0.72
922  1.00000000 0.8173085 0.015819345       0.5    0.14   0.14      0.72
923  1.00000000 0.8173085 0.015819345       0.5    0.14   0.14      0.72
924  1.00000000 0.8173085 0.015819345       0.5    0.14   0.14      0.72
925  1.00000000 0.8173085 0.015819345       0.5    0.14   0.14      0.72
926  0.16406250 0.8173085 0.015819345       0.5    0.14   0.14      0.72
927  1.00000000 0.8173085 0.015819345       0.5    0.14   0.14      0.72
928  1.00000000 0.8173085 0.015819345       0.5    0.14   0.14      0.72
929  1.00000000 0.8173085 0.015819345       0.5    0.14   0.14      0.72
930  0.14062500 0.8173085 0.015819345       0.5    0.14   0.14      0.72
931  0.14453125 0.8173085 0.015819345       0.5    0.14   0.14      0.72
932  1.00000000 0.8173085 0.015819345       0.5    0.14   0.14      0.72
933  1.00000000 0.8173085 0.015819345       0.5    0.14   0.14      0.72
934  0.09375000 0.8173085 0.015819345       0.5    0.14   0.14      0.72
935  0.05859375 0.8173085 0.015819345       0.5    0.14   0.14      0.72
936  0.28906250 0.8173085 0.015819345       0.5    0.14   0.14      0.72
937  1.00000000 0.8173085 0.015819345       0.5    0.14   0.14      0.72
938  1.00000000 0.8173085 0.015819345       0.5    0.14   0.14      0.72
939  1.00000000 0.8173085 0.015819345       0.5    0.14   0.14      0.72
940  0.03906250 0.8173085 0.015819345       0.5    0.14   0.14      0.72
941  1.00000000 0.8173085 0.015819345       0.5    0.14   0.14      0.72
942  0.41796875 0.8173085 0.015819345       0.5    0.14   0.14      0.72
943  0.06250000 0.8173085 0.015819345       0.5    0.14   0.14      0.72
944  1.00000000 0.8173085 0.015819345       0.5    0.14   0.14      0.72
945  1.00000000 0.8173085 0.015819345       0.5    0.14   0.14      0.72
946  1.00000000 0.8173085 0.015819345       0.5    0.14   0.14      0.72
947  1.00000000 0.8173085 0.015819345       0.5    0.14   0.14      0.72
948  1.00000000 0.8173085 0.015819345       0.5    0.14   0.14      0.72
949  1.00000000 0.8173085 0.015819345       0.5    0.14   0.14      0.72
950  1.00000000 0.8173085 0.015819345       0.5    0.14   0.14      0.72
951  1.00000000 0.8173085 0.015819345       0.5    0.14   0.14      0.72
952  0.03515625 0.8173085 0.015819345       0.5    0.14   0.14      0.72
953  1.00000000 0.8173085 0.015819345       0.5    0.14   0.14      0.72
954  0.04687500 0.8173085 0.015819345       0.5    0.14   0.14      0.72
955  1.00000000 0.8173085 0.015819345       0.5    0.14   0.14      0.72
956  1.00000000 0.8173085 0.015819345       0.5    0.14   0.14      0.72
957  0.03125000 0.8173085 0.015819345       0.5    0.14   0.14      0.72
958  1.00000000 0.8173085 0.015819345       0.5    0.14   0.14      0.72
959  0.32031250 0.8173085 0.015819345       0.5    0.14   0.14      0.72
960  1.00000000 0.8173085 0.015819345       0.5    0.14   0.14      0.72
961  1.00000000 0.8173085 0.015819345       0.5    0.14   0.14      0.72
962  1.00000000 0.8173085 0.015819345       0.5    0.14   0.14      0.72
963  1.00000000 0.8173085 0.015819345       0.5    0.14   0.14      0.72
964  1.00000000 0.8173085 0.015819345       0.5    0.14   0.14      0.72
965  1.00000000 0.8173085 0.015819345       0.5    0.14   0.14      0.72
966  0.09765625 0.8173085 0.015819345       0.5    0.14   0.14      0.72
967  1.00000000 0.8173085 0.015819345       0.5    0.14   0.14      0.72
968  1.00000000 0.8173085 0.015819345       0.5    0.14   0.14      0.72
969  1.00000000 0.8173085 0.015819345       0.5    0.14   0.14      0.72
970  1.00000000 0.8173085 0.015819345       0.5    0.14   0.14      0.72
971  1.00000000 0.8173085 0.015819345       0.5    0.14   0.14      0.72
972  1.00000000 0.8173085 0.015819345       0.5    0.14   0.14      0.72
973  1.00000000 0.8173085 0.015819345       0.5    0.14   0.14      0.72
974  0.10546875 0.8173085 0.015819345       0.5    0.14   0.14      0.72
975  0.10546875 0.8173085 0.015819345       0.5    0.14   0.14      0.72
976  1.00000000 0.8173085 0.015819345       0.5    0.14   0.14      0.72
977  1.00000000 0.8173085 0.015819345       0.5    0.14   0.14      0.72
978  1.00000000 0.8173085 0.015819345       0.5    0.14   0.14      0.72
979  1.00000000 0.8173085 0.015819345       0.5    0.14   0.14      0.72
980  1.00000000 0.8173085 0.015819345       0.5    0.14   0.14      0.72
981  0.06250000 0.8173085 0.015819345       0.5    0.14   0.14      0.72
982  0.45312500 0.8173085 0.015819345       0.5    0.14   0.14      0.72
983  1.00000000 0.8173085 0.015819345       0.5    0.14   0.14      0.72
984  1.00000000 0.8173085 0.015819345       0.5    0.14   0.14      0.72
985  1.00000000 0.8173085 0.015819345       0.5    0.14   0.14      0.72
986  1.00000000 0.8173085 0.015819345       0.5    0.14   0.14      0.72
987  0.08203125 0.8173085 0.015819345       0.5    0.14   0.14      0.72
988  0.10546875 0.8173085 0.015819345       0.5    0.14   0.14      0.72
989  1.00000000 0.8173085 0.015819345       0.5    0.14   0.14      0.72
990  1.00000000 0.8173085 0.015819345       0.5    0.14   0.14      0.72
991  1.00000000 0.8173085 0.015819345       0.5    0.14   0.14      0.72
992  0.08203125 0.8173085 0.015819345       0.5    0.14   0.14      0.72
993  1.00000000 0.8173085 0.015819345       0.5    0.14   0.14      0.72
994  1.00000000 0.8173085 0.015819345       0.5    0.14   0.14      0.72
995  1.00000000 0.8173085 0.015819345       0.5    0.14   0.14      0.72
996  1.00000000 0.8173085 0.015819345       0.5    0.14   0.14      0.72
997  0.12109375 0.8173085 0.015819345       0.5    0.14   0.14      0.72
998  1.00000000 0.8173085 0.015819345       0.5    0.14   0.14      0.72
999  1.00000000 0.8173085 0.015819345       0.5    0.14   0.14      0.72
1000 1.00000000 0.8173085 0.015819345       0.5    0.14   0.14      0.72
