      prop.aneu prob.meio   prob.mito dispersal euploid mosaic aneuploid
1    1.00000000 0.6072113 0.004267008       0.5    0.38   0.04      0.58
2    0.00781250 0.6072113 0.004267008       0.5    0.38   0.04      0.58
3    1.00000000 0.6072113 0.004267008       0.5    0.38   0.04      0.58
4    0.00781250 0.6072113 0.004267008       0.5    0.38   0.04      0.58
5    1.00000000 0.6072113 0.004267008       0.5    0.38   0.04      0.58
6    0.00390625 0.6072113 0.004267008       0.5    0.38   0.04      0.58
7    1.00000000 0.6072113 0.004267008       0.5    0.38   0.04      0.58
8    1.00000000 0.6072113 0.004267008       0.5    0.38   0.04      0.58
9    1.00000000 0.6072113 0.004267008       0.5    0.38   0.04      0.58
10   1.00000000 0.6072113 0.004267008       0.5    0.38   0.04      0.58
11   1.00000000 0.6072113 0.004267008       0.5    0.38   0.04      0.58
12   1.00000000 0.6072113 0.004267008       0.5    0.38   0.04      0.58
13   1.00000000 0.6072113 0.004267008       0.5    0.38   0.04      0.58
14   1.00000000 0.6072113 0.004267008       0.5    0.38   0.04      0.58
15   1.00000000 0.6072113 0.004267008       0.5    0.38   0.04      0.58
16   1.00000000 0.6072113 0.004267008       0.5    0.38   0.04      0.58
17   0.05859375 0.6072113 0.004267008       0.5    0.38   0.04      0.58
18   1.00000000 0.6072113 0.004267008       0.5    0.38   0.04      0.58
19   1.00000000 0.6072113 0.004267008       0.5    0.38   0.04      0.58
20   0.02734375 0.6072113 0.004267008       0.5    0.38   0.04      0.58
21   0.01171875 0.6072113 0.004267008       0.5    0.38   0.04      0.58
22   1.00000000 0.6072113 0.004267008       0.5    0.38   0.04      0.58
23   1.00000000 0.6072113 0.004267008       0.5    0.38   0.04      0.58
24   1.00000000 0.6072113 0.004267008       0.5    0.38   0.04      0.58
25   0.01171875 0.6072113 0.004267008       0.5    0.38   0.04      0.58
26   0.01562500 0.6072113 0.004267008       0.5    0.38   0.04      0.58
27   1.00000000 0.6072113 0.004267008       0.5    0.38   0.04      0.58
28   1.00000000 0.6072113 0.004267008       0.5    0.38   0.04      0.58
29   0.06640625 0.6072113 0.004267008       0.5    0.38   0.04      0.58
30   0.01953125 0.6072113 0.004267008       0.5    0.38   0.04      0.58
31   1.00000000 0.6072113 0.004267008       0.5    0.38   0.04      0.58
32   1.00000000 0.6072113 0.004267008       0.5    0.38   0.04      0.58
33   0.01171875 0.6072113 0.004267008       0.5    0.38   0.04      0.58
34   0.01171875 0.6072113 0.004267008       0.5    0.38   0.04      0.58
35   0.00390625 0.6072113 0.004267008       0.5    0.38   0.04      0.58
36   1.00000000 0.6072113 0.004267008       0.5    0.38   0.04      0.58
37   1.00000000 0.6072113 0.004267008       0.5    0.38   0.04      0.58
38   0.12500000 0.6072113 0.004267008       0.5    0.38   0.04      0.58
39   1.00000000 0.6072113 0.004267008       0.5    0.38   0.04      0.58
40   0.00781250 0.6072113 0.004267008       0.5    0.38   0.04      0.58
41   1.00000000 0.6072113 0.004267008       0.5    0.38   0.04      0.58
42   1.00000000 0.6072113 0.004267008       0.5    0.38   0.04      0.58
43   0.00781250 0.6072113 0.004267008       0.5    0.38   0.04      0.58
44   0.00000000 0.6072113 0.004267008       0.5    0.38   0.04      0.58
45   0.03125000 0.6072113 0.004267008       0.5    0.38   0.04      0.58
46   1.00000000 0.6072113 0.004267008       0.5    0.38   0.04      0.58
47   1.00000000 0.6072113 0.004267008       0.5    0.38   0.04      0.58
48   0.03515625 0.6072113 0.004267008       0.5    0.38   0.04      0.58
49   0.00390625 0.6072113 0.004267008       0.5    0.38   0.04      0.58
50   0.00781250 0.6072113 0.004267008       0.5    0.38   0.04      0.58
51   1.00000000 0.6072113 0.004267008       0.5    0.38   0.04      0.58
52   1.00000000 0.6072113 0.004267008       0.5    0.38   0.04      0.58
53   0.03906250 0.6072113 0.004267008       0.5    0.38   0.04      0.58
54   0.08203125 0.6072113 0.004267008       0.5    0.38   0.04      0.58
55   0.00390625 0.6072113 0.004267008       0.5    0.38   0.04      0.58
56   0.15234375 0.6072113 0.004267008       0.5    0.38   0.04      0.58
57   0.00781250 0.6072113 0.004267008       0.5    0.38   0.04      0.58
58   1.00000000 0.6072113 0.004267008       0.5    0.38   0.04      0.58
59   1.00000000 0.6072113 0.004267008       0.5    0.38   0.04      0.58
60   0.00781250 0.6072113 0.004267008       0.5    0.38   0.04      0.58
61   1.00000000 0.6072113 0.004267008       0.5    0.38   0.04      0.58
62   1.00000000 0.6072113 0.004267008       0.5    0.38   0.04      0.58
63   1.00000000 0.6072113 0.004267008       0.5    0.38   0.04      0.58
64   1.00000000 0.6072113 0.004267008       0.5    0.38   0.04      0.58
65   0.02343750 0.6072113 0.004267008       0.5    0.38   0.04      0.58
66   0.02734375 0.6072113 0.004267008       0.5    0.38   0.04      0.58
67   1.00000000 0.6072113 0.004267008       0.5    0.38   0.04      0.58
68   1.00000000 0.6072113 0.004267008       0.5    0.38   0.04      0.58
69   0.00781250 0.6072113 0.004267008       0.5    0.38   0.04      0.58
70   1.00000000 0.6072113 0.004267008       0.5    0.38   0.04      0.58
71   0.05859375 0.6072113 0.004267008       0.5    0.38   0.04      0.58
72   1.00000000 0.6072113 0.004267008       0.5    0.38   0.04      0.58
73   1.00000000 0.6072113 0.004267008       0.5    0.38   0.04      0.58
74   1.00000000 0.6072113 0.004267008       0.5    0.38   0.04      0.58
75   1.00000000 0.6072113 0.004267008       0.5    0.38   0.04      0.58
76   0.00781250 0.6072113 0.004267008       0.5    0.38   0.04      0.58
77   0.53125000 0.6072113 0.004267008       0.5    0.38   0.04      0.58
78   0.01953125 0.6072113 0.004267008       0.5    0.38   0.04      0.58
79   1.00000000 0.6072113 0.004267008       0.5    0.38   0.04      0.58
80   0.04687500 0.6072113 0.004267008       0.5    0.38   0.04      0.58
81   1.00000000 0.6072113 0.004267008       0.5    0.38   0.04      0.58
82   0.01171875 0.6072113 0.004267008       0.5    0.38   0.04      0.58
83   1.00000000 0.6072113 0.004267008       0.5    0.38   0.04      0.58
84   1.00000000 0.6072113 0.004267008       0.5    0.38   0.04      0.58
85   0.03125000 0.6072113 0.004267008       0.5    0.38   0.04      0.58
86   1.00000000 0.6072113 0.004267008       0.5    0.38   0.04      0.58
87   1.00000000 0.6072113 0.004267008       0.5    0.38   0.04      0.58
88   1.00000000 0.6072113 0.004267008       0.5    0.38   0.04      0.58
89   1.00000000 0.6072113 0.004267008       0.5    0.38   0.04      0.58
90   1.00000000 0.6072113 0.004267008       0.5    0.38   0.04      0.58
91   1.00000000 0.6072113 0.004267008       0.5    0.38   0.04      0.58
92   1.00000000 0.6072113 0.004267008       0.5    0.38   0.04      0.58
93   0.00781250 0.6072113 0.004267008       0.5    0.38   0.04      0.58
94   0.02343750 0.6072113 0.004267008       0.5    0.38   0.04      0.58
95   1.00000000 0.6072113 0.004267008       0.5    0.38   0.04      0.58
96   0.01953125 0.6072113 0.004267008       0.5    0.38   0.04      0.58
97   0.00000000 0.6072113 0.004267008       0.5    0.38   0.04      0.58
98   0.02734375 0.6072113 0.004267008       0.5    0.38   0.04      0.58
99   1.00000000 0.6072113 0.004267008       0.5    0.38   0.04      0.58
100  1.00000000 0.6072113 0.004267008       0.5    0.38   0.04      0.58
101  1.00000000 0.6999562 0.022491092       0.5    0.15   0.13      0.72
102  1.00000000 0.6999562 0.022491092       0.5    0.15   0.13      0.72
103  0.07812500 0.6999562 0.022491092       0.5    0.15   0.13      0.72
104  1.00000000 0.6999562 0.022491092       0.5    0.15   0.13      0.72
105  1.00000000 0.6999562 0.022491092       0.5    0.15   0.13      0.72
106  0.28515625 0.6999562 0.022491092       0.5    0.15   0.13      0.72
107  1.00000000 0.6999562 0.022491092       0.5    0.15   0.13      0.72
108  0.15234375 0.6999562 0.022491092       0.5    0.15   0.13      0.72
109  1.00000000 0.6999562 0.022491092       0.5    0.15   0.13      0.72
110  1.00000000 0.6999562 0.022491092       0.5    0.15   0.13      0.72
111  1.00000000 0.6999562 0.022491092       0.5    0.15   0.13      0.72
112  1.00000000 0.6999562 0.022491092       0.5    0.15   0.13      0.72
113  1.00000000 0.6999562 0.022491092       0.5    0.15   0.13      0.72
114  0.08593750 0.6999562 0.022491092       0.5    0.15   0.13      0.72
115  0.50390625 0.6999562 0.022491092       0.5    0.15   0.13      0.72
116  0.06250000 0.6999562 0.022491092       0.5    0.15   0.13      0.72
117  1.00000000 0.6999562 0.022491092       0.5    0.15   0.13      0.72
118  1.00000000 0.6999562 0.022491092       0.5    0.15   0.13      0.72
119  1.00000000 0.6999562 0.022491092       0.5    0.15   0.13      0.72
120  1.00000000 0.6999562 0.022491092       0.5    0.15   0.13      0.72
121  1.00000000 0.6999562 0.022491092       0.5    0.15   0.13      0.72
122  1.00000000 0.6999562 0.022491092       0.5    0.15   0.13      0.72
123  0.06640625 0.6999562 0.022491092       0.5    0.15   0.13      0.72
124  0.11328125 0.6999562 0.022491092       0.5    0.15   0.13      0.72
125  1.00000000 0.6999562 0.022491092       0.5    0.15   0.13      0.72
126  0.01953125 0.6999562 0.022491092       0.5    0.15   0.13      0.72
127  1.00000000 0.6999562 0.022491092       0.5    0.15   0.13      0.72
128  1.00000000 0.6999562 0.022491092       0.5    0.15   0.13      0.72
129  1.00000000 0.6999562 0.022491092       0.5    0.15   0.13      0.72
130  1.00000000 0.6999562 0.022491092       0.5    0.15   0.13      0.72
131  0.10937500 0.6999562 0.022491092       0.5    0.15   0.13      0.72
132  0.05078125 0.6999562 0.022491092       0.5    0.15   0.13      0.72
133  0.50390625 0.6999562 0.022491092       0.5    0.15   0.13      0.72
134  1.00000000 0.6999562 0.022491092       0.5    0.15   0.13      0.72
135  1.00000000 0.6999562 0.022491092       0.5    0.15   0.13      0.72
136  1.00000000 0.6999562 0.022491092       0.5    0.15   0.13      0.72
137  1.00000000 0.6999562 0.022491092       0.5    0.15   0.13      0.72
138  1.00000000 0.6999562 0.022491092       0.5    0.15   0.13      0.72
139  1.00000000 0.6999562 0.022491092       0.5    0.15   0.13      0.72
140  1.00000000 0.6999562 0.022491092       0.5    0.15   0.13      0.72
141  1.00000000 0.6999562 0.022491092       0.5    0.15   0.13      0.72
142  1.00000000 0.6999562 0.022491092       0.5    0.15   0.13      0.72
143  1.00000000 0.6999562 0.022491092       0.5    0.15   0.13      0.72
144  0.17187500 0.6999562 0.022491092       0.5    0.15   0.13      0.72
145  1.00000000 0.6999562 0.022491092       0.5    0.15   0.13      0.72
146  0.07812500 0.6999562 0.022491092       0.5    0.15   0.13      0.72
147  1.00000000 0.6999562 0.022491092       0.5    0.15   0.13      0.72
148  1.00000000 0.6999562 0.022491092       0.5    0.15   0.13      0.72
149  1.00000000 0.6999562 0.022491092       0.5    0.15   0.13      0.72
150  1.00000000 0.6999562 0.022491092       0.5    0.15   0.13      0.72
151  0.11718750 0.6999562 0.022491092       0.5    0.15   0.13      0.72
152  0.26562500 0.6999562 0.022491092       0.5    0.15   0.13      0.72
153  1.00000000 0.6999562 0.022491092       0.5    0.15   0.13      0.72
154  1.00000000 0.6999562 0.022491092       0.5    0.15   0.13      0.72
155  0.19921875 0.6999562 0.022491092       0.5    0.15   0.13      0.72
156  1.00000000 0.6999562 0.022491092       0.5    0.15   0.13      0.72
157  1.00000000 0.6999562 0.022491092       0.5    0.15   0.13      0.72
158  0.56250000 0.6999562 0.022491092       0.5    0.15   0.13      0.72
159  0.12109375 0.6999562 0.022491092       0.5    0.15   0.13      0.72
160  1.00000000 0.6999562 0.022491092       0.5    0.15   0.13      0.72
161  1.00000000 0.6999562 0.022491092       0.5    0.15   0.13      0.72
162  1.00000000 0.6999562 0.022491092       0.5    0.15   0.13      0.72
163  1.00000000 0.6999562 0.022491092       0.5    0.15   0.13      0.72
164  0.07812500 0.6999562 0.022491092       0.5    0.15   0.13      0.72
165  1.00000000 0.6999562 0.022491092       0.5    0.15   0.13      0.72
166  1.00000000 0.6999562 0.022491092       0.5    0.15   0.13      0.72
167  0.09765625 0.6999562 0.022491092       0.5    0.15   0.13      0.72
168  1.00000000 0.6999562 0.022491092       0.5    0.15   0.13      0.72
169  0.13671875 0.6999562 0.022491092       0.5    0.15   0.13      0.72
170  1.00000000 0.6999562 0.022491092       0.5    0.15   0.13      0.72
171  0.06250000 0.6999562 0.022491092       0.5    0.15   0.13      0.72
172  1.00000000 0.6999562 0.022491092       0.5    0.15   0.13      0.72
173  0.03125000 0.6999562 0.022491092       0.5    0.15   0.13      0.72
174  1.00000000 0.6999562 0.022491092       0.5    0.15   0.13      0.72
175  1.00000000 0.6999562 0.022491092       0.5    0.15   0.13      0.72
176  1.00000000 0.6999562 0.022491092       0.5    0.15   0.13      0.72
177  1.00000000 0.6999562 0.022491092       0.5    0.15   0.13      0.72
178  1.00000000 0.6999562 0.022491092       0.5    0.15   0.13      0.72
179  1.00000000 0.6999562 0.022491092       0.5    0.15   0.13      0.72
180  1.00000000 0.6999562 0.022491092       0.5    0.15   0.13      0.72
181  1.00000000 0.6999562 0.022491092       0.5    0.15   0.13      0.72
182  1.00000000 0.6999562 0.022491092       0.5    0.15   0.13      0.72
183  1.00000000 0.6999562 0.022491092       0.5    0.15   0.13      0.72
184  0.25390625 0.6999562 0.022491092       0.5    0.15   0.13      0.72
185  1.00000000 0.6999562 0.022491092       0.5    0.15   0.13      0.72
186  1.00000000 0.6999562 0.022491092       0.5    0.15   0.13      0.72
187  1.00000000 0.6999562 0.022491092       0.5    0.15   0.13      0.72
188  0.10156250 0.6999562 0.022491092       0.5    0.15   0.13      0.72
189  1.00000000 0.6999562 0.022491092       0.5    0.15   0.13      0.72
190  1.00000000 0.6999562 0.022491092       0.5    0.15   0.13      0.72
191  1.00000000 0.6999562 0.022491092       0.5    0.15   0.13      0.72
192  1.00000000 0.6999562 0.022491092       0.5    0.15   0.13      0.72
193  1.00000000 0.6999562 0.022491092       0.5    0.15   0.13      0.72
194  1.00000000 0.6999562 0.022491092       0.5    0.15   0.13      0.72
195  1.00000000 0.6999562 0.022491092       0.5    0.15   0.13      0.72
196  1.00000000 0.6999562 0.022491092       0.5    0.15   0.13      0.72
197  1.00000000 0.6999562 0.022491092       0.5    0.15   0.13      0.72
198  1.00000000 0.6999562 0.022491092       0.5    0.15   0.13      0.72
199  0.08203125 0.6999562 0.022491092       0.5    0.15   0.13      0.72
200  0.09375000 0.6999562 0.022491092       0.5    0.15   0.13      0.72
201  0.01171875 0.6333953 0.007619864       0.5    0.32   0.05      0.63
202  1.00000000 0.6333953 0.007619864       0.5    0.32   0.05      0.63
203  1.00000000 0.6333953 0.007619864       0.5    0.32   0.05      0.63
204  0.50390625 0.6333953 0.007619864       0.5    0.32   0.05      0.63
205  1.00000000 0.6333953 0.007619864       0.5    0.32   0.05      0.63
206  1.00000000 0.6333953 0.007619864       0.5    0.32   0.05      0.63
207  0.03906250 0.6333953 0.007619864       0.5    0.32   0.05      0.63
208  0.05468750 0.6333953 0.007619864       0.5    0.32   0.05      0.63
209  1.00000000 0.6333953 0.007619864       0.5    0.32   0.05      0.63
210  0.04687500 0.6333953 0.007619864       0.5    0.32   0.05      0.63
211  1.00000000 0.6333953 0.007619864       0.5    0.32   0.05      0.63
212  0.01953125 0.6333953 0.007619864       0.5    0.32   0.05      0.63
213  1.00000000 0.6333953 0.007619864       0.5    0.32   0.05      0.63
214  1.00000000 0.6333953 0.007619864       0.5    0.32   0.05      0.63
215  0.03906250 0.6333953 0.007619864       0.5    0.32   0.05      0.63
216  1.00000000 0.6333953 0.007619864       0.5    0.32   0.05      0.63
217  1.00000000 0.6333953 0.007619864       0.5    0.32   0.05      0.63
218  1.00000000 0.6333953 0.007619864       0.5    0.32   0.05      0.63
219  1.00000000 0.6333953 0.007619864       0.5    0.32   0.05      0.63
220  1.00000000 0.6333953 0.007619864       0.5    0.32   0.05      0.63
221  1.00000000 0.6333953 0.007619864       0.5    0.32   0.05      0.63
222  0.01171875 0.6333953 0.007619864       0.5    0.32   0.05      0.63
223  0.08203125 0.6333953 0.007619864       0.5    0.32   0.05      0.63
224  0.12890625 0.6333953 0.007619864       0.5    0.32   0.05      0.63
225  0.01562500 0.6333953 0.007619864       0.5    0.32   0.05      0.63
226  0.01171875 0.6333953 0.007619864       0.5    0.32   0.05      0.63
227  1.00000000 0.6333953 0.007619864       0.5    0.32   0.05      0.63
228  0.11718750 0.6333953 0.007619864       0.5    0.32   0.05      0.63
229  1.00000000 0.6333953 0.007619864       0.5    0.32   0.05      0.63
230  1.00000000 0.6333953 0.007619864       0.5    0.32   0.05      0.63
231  0.02734375 0.6333953 0.007619864       0.5    0.32   0.05      0.63
232  1.00000000 0.6333953 0.007619864       0.5    0.32   0.05      0.63
233  1.00000000 0.6333953 0.007619864       0.5    0.32   0.05      0.63
234  0.04296875 0.6333953 0.007619864       0.5    0.32   0.05      0.63
235  1.00000000 0.6333953 0.007619864       0.5    0.32   0.05      0.63
236  0.08593750 0.6333953 0.007619864       0.5    0.32   0.05      0.63
237  1.00000000 0.6333953 0.007619864       0.5    0.32   0.05      0.63
238  0.03515625 0.6333953 0.007619864       0.5    0.32   0.05      0.63
239  1.00000000 0.6333953 0.007619864       0.5    0.32   0.05      0.63
240  1.00000000 0.6333953 0.007619864       0.5    0.32   0.05      0.63
241  1.00000000 0.6333953 0.007619864       0.5    0.32   0.05      0.63
242  0.05078125 0.6333953 0.007619864       0.5    0.32   0.05      0.63
243  1.00000000 0.6333953 0.007619864       0.5    0.32   0.05      0.63
244  1.00000000 0.6333953 0.007619864       0.5    0.32   0.05      0.63
245  1.00000000 0.6333953 0.007619864       0.5    0.32   0.05      0.63
246  1.00000000 0.6333953 0.007619864       0.5    0.32   0.05      0.63
247  1.00000000 0.6333953 0.007619864       0.5    0.32   0.05      0.63
248  0.01953125 0.6333953 0.007619864       0.5    0.32   0.05      0.63
249  1.00000000 0.6333953 0.007619864       0.5    0.32   0.05      0.63
250  1.00000000 0.6333953 0.007619864       0.5    0.32   0.05      0.63
251  1.00000000 0.6333953 0.007619864       0.5    0.32   0.05      0.63
252  0.06250000 0.6333953 0.007619864       0.5    0.32   0.05      0.63
253  1.00000000 0.6333953 0.007619864       0.5    0.32   0.05      0.63
254  0.05078125 0.6333953 0.007619864       0.5    0.32   0.05      0.63
255  1.00000000 0.6333953 0.007619864       0.5    0.32   0.05      0.63
256  0.04687500 0.6333953 0.007619864       0.5    0.32   0.05      0.63
257  1.00000000 0.6333953 0.007619864       0.5    0.32   0.05      0.63
258  1.00000000 0.6333953 0.007619864       0.5    0.32   0.05      0.63
259  1.00000000 0.6333953 0.007619864       0.5    0.32   0.05      0.63
260  1.00000000 0.6333953 0.007619864       0.5    0.32   0.05      0.63
261  1.00000000 0.6333953 0.007619864       0.5    0.32   0.05      0.63
262  1.00000000 0.6333953 0.007619864       0.5    0.32   0.05      0.63
263  0.01562500 0.6333953 0.007619864       0.5    0.32   0.05      0.63
264  1.00000000 0.6333953 0.007619864       0.5    0.32   0.05      0.63
265  0.01171875 0.6333953 0.007619864       0.5    0.32   0.05      0.63
266  0.12890625 0.6333953 0.007619864       0.5    0.32   0.05      0.63
267  0.03515625 0.6333953 0.007619864       0.5    0.32   0.05      0.63
268  0.11718750 0.6333953 0.007619864       0.5    0.32   0.05      0.63
269  1.00000000 0.6333953 0.007619864       0.5    0.32   0.05      0.63
270  0.03906250 0.6333953 0.007619864       0.5    0.32   0.05      0.63
271  1.00000000 0.6333953 0.007619864       0.5    0.32   0.05      0.63
272  1.00000000 0.6333953 0.007619864       0.5    0.32   0.05      0.63
273  0.04296875 0.6333953 0.007619864       0.5    0.32   0.05      0.63
274  0.02343750 0.6333953 0.007619864       0.5    0.32   0.05      0.63
275  0.07421875 0.6333953 0.007619864       0.5    0.32   0.05      0.63
276  1.00000000 0.6333953 0.007619864       0.5    0.32   0.05      0.63
277  1.00000000 0.6333953 0.007619864       0.5    0.32   0.05      0.63
278  1.00000000 0.6333953 0.007619864       0.5    0.32   0.05      0.63
279  1.00000000 0.6333953 0.007619864       0.5    0.32   0.05      0.63
280  1.00000000 0.6333953 0.007619864       0.5    0.32   0.05      0.63
281  1.00000000 0.6333953 0.007619864       0.5    0.32   0.05      0.63
282  0.01562500 0.6333953 0.007619864       0.5    0.32   0.05      0.63
283  1.00000000 0.6333953 0.007619864       0.5    0.32   0.05      0.63
284  1.00000000 0.6333953 0.007619864       0.5    0.32   0.05      0.63
285  1.00000000 0.6333953 0.007619864       0.5    0.32   0.05      0.63
286  1.00000000 0.6333953 0.007619864       0.5    0.32   0.05      0.63
287  0.09765625 0.6333953 0.007619864       0.5    0.32   0.05      0.63
288  1.00000000 0.6333953 0.007619864       0.5    0.32   0.05      0.63
289  1.00000000 0.6333953 0.007619864       0.5    0.32   0.05      0.63
290  0.26171875 0.6333953 0.007619864       0.5    0.32   0.05      0.63
291  0.00781250 0.6333953 0.007619864       0.5    0.32   0.05      0.63
292  1.00000000 0.6333953 0.007619864       0.5    0.32   0.05      0.63
293  0.02734375 0.6333953 0.007619864       0.5    0.32   0.05      0.63
294  1.00000000 0.6333953 0.007619864       0.5    0.32   0.05      0.63
295  0.12890625 0.6333953 0.007619864       0.5    0.32   0.05      0.63
296  1.00000000 0.6333953 0.007619864       0.5    0.32   0.05      0.63
297  1.00000000 0.6333953 0.007619864       0.5    0.32   0.05      0.63
298  1.00000000 0.6333953 0.007619864       0.5    0.32   0.05      0.63
299  1.00000000 0.6333953 0.007619864       0.5    0.32   0.05      0.63
300  1.00000000 0.6333953 0.007619864       0.5    0.32   0.05      0.63
301  1.00000000 0.5381435 0.002609261       0.5    0.37   0.07      0.56
302  0.01171875 0.5381435 0.002609261       0.5    0.37   0.07      0.56
303  1.00000000 0.5381435 0.002609261       0.5    0.37   0.07      0.56
304  0.14062500 0.5381435 0.002609261       0.5    0.37   0.07      0.56
305  1.00000000 0.5381435 0.002609261       0.5    0.37   0.07      0.56
306  0.01171875 0.5381435 0.002609261       0.5    0.37   0.07      0.56
307  1.00000000 0.5381435 0.002609261       0.5    0.37   0.07      0.56
308  1.00000000 0.5381435 0.002609261       0.5    0.37   0.07      0.56
309  1.00000000 0.5381435 0.002609261       0.5    0.37   0.07      0.56
310  1.00000000 0.5381435 0.002609261       0.5    0.37   0.07      0.56
311  1.00000000 0.5381435 0.002609261       0.5    0.37   0.07      0.56
312  1.00000000 0.5381435 0.002609261       0.5    0.37   0.07      0.56
313  0.01171875 0.5381435 0.002609261       0.5    0.37   0.07      0.56
314  0.00390625 0.5381435 0.002609261       0.5    0.37   0.07      0.56
315  0.00390625 0.5381435 0.002609261       0.5    0.37   0.07      0.56
316  1.00000000 0.5381435 0.002609261       0.5    0.37   0.07      0.56
317  0.00390625 0.5381435 0.002609261       0.5    0.37   0.07      0.56
318  0.00000000 0.5381435 0.002609261       0.5    0.37   0.07      0.56
319  0.01953125 0.5381435 0.002609261       0.5    0.37   0.07      0.56
320  0.01562500 0.5381435 0.002609261       0.5    0.37   0.07      0.56
321  0.00390625 0.5381435 0.002609261       0.5    0.37   0.07      0.56
322  0.01562500 0.5381435 0.002609261       0.5    0.37   0.07      0.56
323  1.00000000 0.5381435 0.002609261       0.5    0.37   0.07      0.56
324  0.02343750 0.5381435 0.002609261       0.5    0.37   0.07      0.56
325  0.00390625 0.5381435 0.002609261       0.5    0.37   0.07      0.56
326  1.00000000 0.5381435 0.002609261       0.5    0.37   0.07      0.56
327  0.25000000 0.5381435 0.002609261       0.5    0.37   0.07      0.56
328  1.00000000 0.5381435 0.002609261       0.5    0.37   0.07      0.56
329  1.00000000 0.5381435 0.002609261       0.5    0.37   0.07      0.56
330  0.04296875 0.5381435 0.002609261       0.5    0.37   0.07      0.56
331  0.01562500 0.5381435 0.002609261       0.5    0.37   0.07      0.56
332  1.00000000 0.5381435 0.002609261       0.5    0.37   0.07      0.56
333  1.00000000 0.5381435 0.002609261       0.5    0.37   0.07      0.56
334  0.00000000 0.5381435 0.002609261       0.5    0.37   0.07      0.56
335  1.00000000 0.5381435 0.002609261       0.5    0.37   0.07      0.56
336  1.00000000 0.5381435 0.002609261       0.5    0.37   0.07      0.56
337  1.00000000 0.5381435 0.002609261       0.5    0.37   0.07      0.56
338  1.00000000 0.5381435 0.002609261       0.5    0.37   0.07      0.56
339  1.00000000 0.5381435 0.002609261       0.5    0.37   0.07      0.56
340  0.00781250 0.5381435 0.002609261       0.5    0.37   0.07      0.56
341  1.00000000 0.5381435 0.002609261       0.5    0.37   0.07      0.56
342  0.01171875 0.5381435 0.002609261       0.5    0.37   0.07      0.56
343  0.02734375 0.5381435 0.002609261       0.5    0.37   0.07      0.56
344  1.00000000 0.5381435 0.002609261       0.5    0.37   0.07      0.56
345  1.00000000 0.5381435 0.002609261       0.5    0.37   0.07      0.56
346  0.00781250 0.5381435 0.002609261       0.5    0.37   0.07      0.56
347  1.00000000 0.5381435 0.002609261       0.5    0.37   0.07      0.56
348  1.00000000 0.5381435 0.002609261       0.5    0.37   0.07      0.56
349  1.00000000 0.5381435 0.002609261       0.5    0.37   0.07      0.56
350  1.00000000 0.5381435 0.002609261       0.5    0.37   0.07      0.56
351  1.00000000 0.5381435 0.002609261       0.5    0.37   0.07      0.56
352  0.01171875 0.5381435 0.002609261       0.5    0.37   0.07      0.56
353  0.03515625 0.5381435 0.002609261       0.5    0.37   0.07      0.56
354  0.03515625 0.5381435 0.002609261       0.5    0.37   0.07      0.56
355  1.00000000 0.5381435 0.002609261       0.5    0.37   0.07      0.56
356  0.03125000 0.5381435 0.002609261       0.5    0.37   0.07      0.56
357  1.00000000 0.5381435 0.002609261       0.5    0.37   0.07      0.56
358  0.12500000 0.5381435 0.002609261       0.5    0.37   0.07      0.56
359  1.00000000 0.5381435 0.002609261       0.5    0.37   0.07      0.56
360  0.00781250 0.5381435 0.002609261       0.5    0.37   0.07      0.56
361  1.00000000 0.5381435 0.002609261       0.5    0.37   0.07      0.56
362  1.00000000 0.5381435 0.002609261       0.5    0.37   0.07      0.56
363  1.00000000 0.5381435 0.002609261       0.5    0.37   0.07      0.56
364  1.00000000 0.5381435 0.002609261       0.5    0.37   0.07      0.56
365  0.00390625 0.5381435 0.002609261       0.5    0.37   0.07      0.56
366  1.00000000 0.5381435 0.002609261       0.5    0.37   0.07      0.56
367  0.00781250 0.5381435 0.002609261       0.5    0.37   0.07      0.56
368  1.00000000 0.5381435 0.002609261       0.5    0.37   0.07      0.56
369  0.03515625 0.5381435 0.002609261       0.5    0.37   0.07      0.56
370  1.00000000 0.5381435 0.002609261       0.5    0.37   0.07      0.56
371  1.00000000 0.5381435 0.002609261       0.5    0.37   0.07      0.56
372  1.00000000 0.5381435 0.002609261       0.5    0.37   0.07      0.56
373  0.00390625 0.5381435 0.002609261       0.5    0.37   0.07      0.56
374  0.00390625 0.5381435 0.002609261       0.5    0.37   0.07      0.56
375  1.00000000 0.5381435 0.002609261       0.5    0.37   0.07      0.56
376  1.00000000 0.5381435 0.002609261       0.5    0.37   0.07      0.56
377  1.00000000 0.5381435 0.002609261       0.5    0.37   0.07      0.56
378  1.00000000 0.5381435 0.002609261       0.5    0.37   0.07      0.56
379  0.01953125 0.5381435 0.002609261       0.5    0.37   0.07      0.56
380  1.00000000 0.5381435 0.002609261       0.5    0.37   0.07      0.56
381  0.00000000 0.5381435 0.002609261       0.5    0.37   0.07      0.56
382  0.00000000 0.5381435 0.002609261       0.5    0.37   0.07      0.56
383  0.00781250 0.5381435 0.002609261       0.5    0.37   0.07      0.56
384  1.00000000 0.5381435 0.002609261       0.5    0.37   0.07      0.56
385  0.00781250 0.5381435 0.002609261       0.5    0.37   0.07      0.56
386  1.00000000 0.5381435 0.002609261       0.5    0.37   0.07      0.56
387  0.00000000 0.5381435 0.002609261       0.5    0.37   0.07      0.56
388  1.00000000 0.5381435 0.002609261       0.5    0.37   0.07      0.56
389  1.00000000 0.5381435 0.002609261       0.5    0.37   0.07      0.56
390  0.00781250 0.5381435 0.002609261       0.5    0.37   0.07      0.56
391  1.00000000 0.5381435 0.002609261       0.5    0.37   0.07      0.56
392  0.01171875 0.5381435 0.002609261       0.5    0.37   0.07      0.56
393  1.00000000 0.5381435 0.002609261       0.5    0.37   0.07      0.56
394  1.00000000 0.5381435 0.002609261       0.5    0.37   0.07      0.56
395  0.25000000 0.5381435 0.002609261       0.5    0.37   0.07      0.56
396  1.00000000 0.5381435 0.002609261       0.5    0.37   0.07      0.56
397  1.00000000 0.5381435 0.002609261       0.5    0.37   0.07      0.56
398  1.00000000 0.5381435 0.002609261       0.5    0.37   0.07      0.56
399  0.03515625 0.5381435 0.002609261       0.5    0.37   0.07      0.56
400  0.00000000 0.5381435 0.002609261       0.5    0.37   0.07      0.56
401  1.00000000 0.5208967 0.022056577       0.5    0.27   0.21      0.52
402  0.06250000 0.5208967 0.022056577       0.5    0.27   0.21      0.52
403  1.00000000 0.5208967 0.022056577       0.5    0.27   0.21      0.52
404  1.00000000 0.5208967 0.022056577       0.5    0.27   0.21      0.52
405  0.12890625 0.5208967 0.022056577       0.5    0.27   0.21      0.52
406  0.31640625 0.5208967 0.022056577       0.5    0.27   0.21      0.52
407  1.00000000 0.5208967 0.022056577       0.5    0.27   0.21      0.52
408  1.00000000 0.5208967 0.022056577       0.5    0.27   0.21      0.52
409  1.00000000 0.5208967 0.022056577       0.5    0.27   0.21      0.52
410  1.00000000 0.5208967 0.022056577       0.5    0.27   0.21      0.52
411  1.00000000 0.5208967 0.022056577       0.5    0.27   0.21      0.52
412  1.00000000 0.5208967 0.022056577       0.5    0.27   0.21      0.52
413  1.00000000 0.5208967 0.022056577       0.5    0.27   0.21      0.52
414  0.12500000 0.5208967 0.022056577       0.5    0.27   0.21      0.52
415  0.12109375 0.5208967 0.022056577       0.5    0.27   0.21      0.52
416  0.08203125 0.5208967 0.022056577       0.5    0.27   0.21      0.52
417  1.00000000 0.5208967 0.022056577       0.5    0.27   0.21      0.52
418  1.00000000 0.5208967 0.022056577       0.5    0.27   0.21      0.52
419  0.12890625 0.5208967 0.022056577       0.5    0.27   0.21      0.52
420  0.22656250 0.5208967 0.022056577       0.5    0.27   0.21      0.52
421  1.00000000 0.5208967 0.022056577       0.5    0.27   0.21      0.52
422  1.00000000 0.5208967 0.022056577       0.5    0.27   0.21      0.52
423  0.05468750 0.5208967 0.022056577       0.5    0.27   0.21      0.52
424  1.00000000 0.5208967 0.022056577       0.5    0.27   0.21      0.52
425  0.29296875 0.5208967 0.022056577       0.5    0.27   0.21      0.52
426  0.06640625 0.5208967 0.022056577       0.5    0.27   0.21      0.52
427  1.00000000 0.5208967 0.022056577       0.5    0.27   0.21      0.52
428  1.00000000 0.5208967 0.022056577       0.5    0.27   0.21      0.52
429  0.19140625 0.5208967 0.022056577       0.5    0.27   0.21      0.52
430  1.00000000 0.5208967 0.022056577       0.5    0.27   0.21      0.52
431  1.00000000 0.5208967 0.022056577       0.5    0.27   0.21      0.52
432  0.07031250 0.5208967 0.022056577       0.5    0.27   0.21      0.52
433  1.00000000 0.5208967 0.022056577       0.5    0.27   0.21      0.52
434  1.00000000 0.5208967 0.022056577       0.5    0.27   0.21      0.52
435  1.00000000 0.5208967 0.022056577       0.5    0.27   0.21      0.52
436  1.00000000 0.5208967 0.022056577       0.5    0.27   0.21      0.52
437  0.12500000 0.5208967 0.022056577       0.5    0.27   0.21      0.52
438  0.08593750 0.5208967 0.022056577       0.5    0.27   0.21      0.52
439  0.09375000 0.5208967 0.022056577       0.5    0.27   0.21      0.52
440  0.03125000 0.5208967 0.022056577       0.5    0.27   0.21      0.52
441  1.00000000 0.5208967 0.022056577       0.5    0.27   0.21      0.52
442  1.00000000 0.5208967 0.022056577       0.5    0.27   0.21      0.52
443  0.30859375 0.5208967 0.022056577       0.5    0.27   0.21      0.52
444  0.09375000 0.5208967 0.022056577       0.5    0.27   0.21      0.52
445  0.10156250 0.5208967 0.022056577       0.5    0.27   0.21      0.52
446  1.00000000 0.5208967 0.022056577       0.5    0.27   0.21      0.52
447  0.10156250 0.5208967 0.022056577       0.5    0.27   0.21      0.52
448  0.13671875 0.5208967 0.022056577       0.5    0.27   0.21      0.52
449  0.06640625 0.5208967 0.022056577       0.5    0.27   0.21      0.52
450  1.00000000 0.5208967 0.022056577       0.5    0.27   0.21      0.52
451  0.31640625 0.5208967 0.022056577       0.5    0.27   0.21      0.52
452  1.00000000 0.5208967 0.022056577       0.5    0.27   0.21      0.52
453  0.09375000 0.5208967 0.022056577       0.5    0.27   0.21      0.52
454  0.16015625 0.5208967 0.022056577       0.5    0.27   0.21      0.52
455  1.00000000 0.5208967 0.022056577       0.5    0.27   0.21      0.52
456  0.12109375 0.5208967 0.022056577       0.5    0.27   0.21      0.52
457  1.00000000 0.5208967 0.022056577       0.5    0.27   0.21      0.52
458  1.00000000 0.5208967 0.022056577       0.5    0.27   0.21      0.52
459  0.19140625 0.5208967 0.022056577       0.5    0.27   0.21      0.52
460  0.09375000 0.5208967 0.022056577       0.5    0.27   0.21      0.52
461  0.10546875 0.5208967 0.022056577       0.5    0.27   0.21      0.52
462  0.21484375 0.5208967 0.022056577       0.5    0.27   0.21      0.52
463  1.00000000 0.5208967 0.022056577       0.5    0.27   0.21      0.52
464  0.03906250 0.5208967 0.022056577       0.5    0.27   0.21      0.52
465  1.00000000 0.5208967 0.022056577       0.5    0.27   0.21      0.52
466  1.00000000 0.5208967 0.022056577       0.5    0.27   0.21      0.52
467  0.14062500 0.5208967 0.022056577       0.5    0.27   0.21      0.52
468  1.00000000 0.5208967 0.022056577       0.5    0.27   0.21      0.52
469  0.12500000 0.5208967 0.022056577       0.5    0.27   0.21      0.52
470  0.04687500 0.5208967 0.022056577       0.5    0.27   0.21      0.52
471  0.16796875 0.5208967 0.022056577       0.5    0.27   0.21      0.52
472  0.16015625 0.5208967 0.022056577       0.5    0.27   0.21      0.52
473  0.07812500 0.5208967 0.022056577       0.5    0.27   0.21      0.52
474  0.17968750 0.5208967 0.022056577       0.5    0.27   0.21      0.52
475  1.00000000 0.5208967 0.022056577       0.5    0.27   0.21      0.52
476  1.00000000 0.5208967 0.022056577       0.5    0.27   0.21      0.52
477  1.00000000 0.5208967 0.022056577       0.5    0.27   0.21      0.52
478  0.24609375 0.5208967 0.022056577       0.5    0.27   0.21      0.52
479  0.08593750 0.5208967 0.022056577       0.5    0.27   0.21      0.52
480  1.00000000 0.5208967 0.022056577       0.5    0.27   0.21      0.52
481  0.29687500 0.5208967 0.022056577       0.5    0.27   0.21      0.52
482  0.03125000 0.5208967 0.022056577       0.5    0.27   0.21      0.52
483  1.00000000 0.5208967 0.022056577       0.5    0.27   0.21      0.52
484  1.00000000 0.5208967 0.022056577       0.5    0.27   0.21      0.52
485  1.00000000 0.5208967 0.022056577       0.5    0.27   0.21      0.52
486  1.00000000 0.5208967 0.022056577       0.5    0.27   0.21      0.52
487  1.00000000 0.5208967 0.022056577       0.5    0.27   0.21      0.52
488  1.00000000 0.5208967 0.022056577       0.5    0.27   0.21      0.52
489  1.00000000 0.5208967 0.022056577       0.5    0.27   0.21      0.52
490  0.06250000 0.5208967 0.022056577       0.5    0.27   0.21      0.52
491  1.00000000 0.5208967 0.022056577       0.5    0.27   0.21      0.52
492  1.00000000 0.5208967 0.022056577       0.5    0.27   0.21      0.52
493  0.22265625 0.5208967 0.022056577       0.5    0.27   0.21      0.52
494  1.00000000 0.5208967 0.022056577       0.5    0.27   0.21      0.52
495  0.14062500 0.5208967 0.022056577       0.5    0.27   0.21      0.52
496  1.00000000 0.5208967 0.022056577       0.5    0.27   0.21      0.52
497  1.00000000 0.5208967 0.022056577       0.5    0.27   0.21      0.52
498  1.00000000 0.5208967 0.022056577       0.5    0.27   0.21      0.52
499  0.04687500 0.5208967 0.022056577       0.5    0.27   0.21      0.52
500  0.12890625 0.5208967 0.022056577       0.5    0.27   0.21      0.52
501  1.00000000 0.7089349 0.060613959       0.5    0.02   0.30      0.68
502  1.00000000 0.7089349 0.060613959       0.5    0.02   0.30      0.68
503  1.00000000 0.7089349 0.060613959       0.5    0.02   0.30      0.68
504  0.63671875 0.7089349 0.060613959       0.5    0.02   0.30      0.68
505  1.00000000 0.7089349 0.060613959       0.5    0.02   0.30      0.68
506  0.28515625 0.7089349 0.060613959       0.5    0.02   0.30      0.68
507  1.00000000 0.7089349 0.060613959       0.5    0.02   0.30      0.68
508  1.00000000 0.7089349 0.060613959       0.5    0.02   0.30      0.68
509  0.21093750 0.7089349 0.060613959       0.5    0.02   0.30      0.68
510  1.00000000 0.7089349 0.060613959       0.5    0.02   0.30      0.68
511  1.00000000 0.7089349 0.060613959       0.5    0.02   0.30      0.68
512  1.00000000 0.7089349 0.060613959       0.5    0.02   0.30      0.68
513  1.00000000 0.7089349 0.060613959       0.5    0.02   0.30      0.68
514  1.00000000 0.7089349 0.060613959       0.5    0.02   0.30      0.68
515  1.00000000 0.7089349 0.060613959       0.5    0.02   0.30      0.68
516  1.00000000 0.7089349 0.060613959       0.5    0.02   0.30      0.68
517  0.64453125 0.7089349 0.060613959       0.5    0.02   0.30      0.68
518  0.37500000 0.7089349 0.060613959       0.5    0.02   0.30      0.68
519  0.31250000 0.7089349 0.060613959       0.5    0.02   0.30      0.68
520  1.00000000 0.7089349 0.060613959       0.5    0.02   0.30      0.68
521  0.52734375 0.7089349 0.060613959       0.5    0.02   0.30      0.68
522  0.46484375 0.7089349 0.060613959       0.5    0.02   0.30      0.68
523  0.45703125 0.7089349 0.060613959       0.5    0.02   0.30      0.68
524  0.17968750 0.7089349 0.060613959       0.5    0.02   0.30      0.68
525  1.00000000 0.7089349 0.060613959       0.5    0.02   0.30      0.68
526  0.33984375 0.7089349 0.060613959       0.5    0.02   0.30      0.68
527  0.19531250 0.7089349 0.060613959       0.5    0.02   0.30      0.68
528  1.00000000 0.7089349 0.060613959       0.5    0.02   0.30      0.68
529  1.00000000 0.7089349 0.060613959       0.5    0.02   0.30      0.68
530  1.00000000 0.7089349 0.060613959       0.5    0.02   0.30      0.68
531  1.00000000 0.7089349 0.060613959       0.5    0.02   0.30      0.68
532  1.00000000 0.7089349 0.060613959       0.5    0.02   0.30      0.68
533  1.00000000 0.7089349 0.060613959       0.5    0.02   0.30      0.68
534  0.69531250 0.7089349 0.060613959       0.5    0.02   0.30      0.68
535  0.28125000 0.7089349 0.060613959       0.5    0.02   0.30      0.68
536  1.00000000 0.7089349 0.060613959       0.5    0.02   0.30      0.68
537  1.00000000 0.7089349 0.060613959       0.5    0.02   0.30      0.68
538  0.51171875 0.7089349 0.060613959       0.5    0.02   0.30      0.68
539  1.00000000 0.7089349 0.060613959       0.5    0.02   0.30      0.68
540  0.39453125 0.7089349 0.060613959       0.5    0.02   0.30      0.68
541  1.00000000 0.7089349 0.060613959       0.5    0.02   0.30      0.68
542  1.00000000 0.7089349 0.060613959       0.5    0.02   0.30      0.68
543  0.61718750 0.7089349 0.060613959       0.5    0.02   0.30      0.68
544  1.00000000 0.7089349 0.060613959       0.5    0.02   0.30      0.68
545  1.00000000 0.7089349 0.060613959       0.5    0.02   0.30      0.68
546  1.00000000 0.7089349 0.060613959       0.5    0.02   0.30      0.68
547  1.00000000 0.7089349 0.060613959       0.5    0.02   0.30      0.68
548  1.00000000 0.7089349 0.060613959       0.5    0.02   0.30      0.68
549  1.00000000 0.7089349 0.060613959       0.5    0.02   0.30      0.68
550  0.23046875 0.7089349 0.060613959       0.5    0.02   0.30      0.68
551  1.00000000 0.7089349 0.060613959       0.5    0.02   0.30      0.68
552  1.00000000 0.7089349 0.060613959       0.5    0.02   0.30      0.68
553  1.00000000 0.7089349 0.060613959       0.5    0.02   0.30      0.68
554  1.00000000 0.7089349 0.060613959       0.5    0.02   0.30      0.68
555  1.00000000 0.7089349 0.060613959       0.5    0.02   0.30      0.68
556  1.00000000 0.7089349 0.060613959       0.5    0.02   0.30      0.68
557  0.61718750 0.7089349 0.060613959       0.5    0.02   0.30      0.68
558  1.00000000 0.7089349 0.060613959       0.5    0.02   0.30      0.68
559  0.49609375 0.7089349 0.060613959       0.5    0.02   0.30      0.68
560  1.00000000 0.7089349 0.060613959       0.5    0.02   0.30      0.68
561  1.00000000 0.7089349 0.060613959       0.5    0.02   0.30      0.68
562  0.81250000 0.7089349 0.060613959       0.5    0.02   0.30      0.68
563  1.00000000 0.7089349 0.060613959       0.5    0.02   0.30      0.68
564  0.66406250 0.7089349 0.060613959       0.5    0.02   0.30      0.68
565  1.00000000 0.7089349 0.060613959       0.5    0.02   0.30      0.68
566  0.58593750 0.7089349 0.060613959       0.5    0.02   0.30      0.68
567  1.00000000 0.7089349 0.060613959       0.5    0.02   0.30      0.68
568  1.00000000 0.7089349 0.060613959       0.5    0.02   0.30      0.68
569  1.00000000 0.7089349 0.060613959       0.5    0.02   0.30      0.68
570  0.38671875 0.7089349 0.060613959       0.5    0.02   0.30      0.68
571  0.61718750 0.7089349 0.060613959       0.5    0.02   0.30      0.68
572  1.00000000 0.7089349 0.060613959       0.5    0.02   0.30      0.68
573  1.00000000 0.7089349 0.060613959       0.5    0.02   0.30      0.68
574  0.29296875 0.7089349 0.060613959       0.5    0.02   0.30      0.68
575  0.48437500 0.7089349 0.060613959       0.5    0.02   0.30      0.68
576  0.64843750 0.7089349 0.060613959       0.5    0.02   0.30      0.68
577  1.00000000 0.7089349 0.060613959       0.5    0.02   0.30      0.68
578  1.00000000 0.7089349 0.060613959       0.5    0.02   0.30      0.68
579  0.29687500 0.7089349 0.060613959       0.5    0.02   0.30      0.68
580  1.00000000 0.7089349 0.060613959       0.5    0.02   0.30      0.68
581  1.00000000 0.7089349 0.060613959       0.5    0.02   0.30      0.68
582  0.45703125 0.7089349 0.060613959       0.5    0.02   0.30      0.68
583  1.00000000 0.7089349 0.060613959       0.5    0.02   0.30      0.68
584  1.00000000 0.7089349 0.060613959       0.5    0.02   0.30      0.68
585  1.00000000 0.7089349 0.060613959       0.5    0.02   0.30      0.68
586  1.00000000 0.7089349 0.060613959       0.5    0.02   0.30      0.68
587  0.60156250 0.7089349 0.060613959       0.5    0.02   0.30      0.68
588  1.00000000 0.7089349 0.060613959       0.5    0.02   0.30      0.68
589  1.00000000 0.7089349 0.060613959       0.5    0.02   0.30      0.68
590  1.00000000 0.7089349 0.060613959       0.5    0.02   0.30      0.68
591  1.00000000 0.7089349 0.060613959       0.5    0.02   0.30      0.68
592  1.00000000 0.7089349 0.060613959       0.5    0.02   0.30      0.68
593  1.00000000 0.7089349 0.060613959       0.5    0.02   0.30      0.68
594  1.00000000 0.7089349 0.060613959       0.5    0.02   0.30      0.68
595  0.67578125 0.7089349 0.060613959       0.5    0.02   0.30      0.68
596  1.00000000 0.7089349 0.060613959       0.5    0.02   0.30      0.68
597  1.00000000 0.7089349 0.060613959       0.5    0.02   0.30      0.68
598  0.31640625 0.7089349 0.060613959       0.5    0.02   0.30      0.68
599  0.34375000 0.7089349 0.060613959       0.5    0.02   0.30      0.68
600  0.25781250 0.7089349 0.060613959       0.5    0.02   0.30      0.68
601  1.00000000 0.7035822 0.043566763       0.5    0.08   0.19      0.73
602  1.00000000 0.7035822 0.043566763       0.5    0.08   0.19      0.73
603  1.00000000 0.7035822 0.043566763       0.5    0.08   0.19      0.73
604  1.00000000 0.7035822 0.043566763       0.5    0.08   0.19      0.73
605  1.00000000 0.7035822 0.043566763       0.5    0.08   0.19      0.73
606  1.00000000 0.7035822 0.043566763       0.5    0.08   0.19      0.73
607  1.00000000 0.7035822 0.043566763       0.5    0.08   0.19      0.73
608  1.00000000 0.7035822 0.043566763       0.5    0.08   0.19      0.73
609  1.00000000 0.7035822 0.043566763       0.5    0.08   0.19      0.73
610  1.00000000 0.7035822 0.043566763       0.5    0.08   0.19      0.73
611  1.00000000 0.7035822 0.043566763       0.5    0.08   0.19      0.73
612  0.21484375 0.7035822 0.043566763       0.5    0.08   0.19      0.73
613  1.00000000 0.7035822 0.043566763       0.5    0.08   0.19      0.73
614  1.00000000 0.7035822 0.043566763       0.5    0.08   0.19      0.73
615  0.60546875 0.7035822 0.043566763       0.5    0.08   0.19      0.73
616  1.00000000 0.7035822 0.043566763       0.5    0.08   0.19      0.73
617  0.25781250 0.7035822 0.043566763       0.5    0.08   0.19      0.73
618  0.12500000 0.7035822 0.043566763       0.5    0.08   0.19      0.73
619  1.00000000 0.7035822 0.043566763       0.5    0.08   0.19      0.73
620  0.20312500 0.7035822 0.043566763       0.5    0.08   0.19      0.73
621  1.00000000 0.7035822 0.043566763       0.5    0.08   0.19      0.73
622  1.00000000 0.7035822 0.043566763       0.5    0.08   0.19      0.73
623  1.00000000 0.7035822 0.043566763       0.5    0.08   0.19      0.73
624  1.00000000 0.7035822 0.043566763       0.5    0.08   0.19      0.73
625  0.19531250 0.7035822 0.043566763       0.5    0.08   0.19      0.73
626  1.00000000 0.7035822 0.043566763       0.5    0.08   0.19      0.73
627  1.00000000 0.7035822 0.043566763       0.5    0.08   0.19      0.73
628  1.00000000 0.7035822 0.043566763       0.5    0.08   0.19      0.73
629  1.00000000 0.7035822 0.043566763       0.5    0.08   0.19      0.73
630  1.00000000 0.7035822 0.043566763       0.5    0.08   0.19      0.73
631  1.00000000 0.7035822 0.043566763       0.5    0.08   0.19      0.73
632  1.00000000 0.7035822 0.043566763       0.5    0.08   0.19      0.73
633  1.00000000 0.7035822 0.043566763       0.5    0.08   0.19      0.73
634  1.00000000 0.7035822 0.043566763       0.5    0.08   0.19      0.73
635  1.00000000 0.7035822 0.043566763       0.5    0.08   0.19      0.73
636  0.51171875 0.7035822 0.043566763       0.5    0.08   0.19      0.73
637  0.22656250 0.7035822 0.043566763       0.5    0.08   0.19      0.73
638  0.30859375 0.7035822 0.043566763       0.5    0.08   0.19      0.73
639  0.16015625 0.7035822 0.043566763       0.5    0.08   0.19      0.73
640  1.00000000 0.7035822 0.043566763       0.5    0.08   0.19      0.73
641  1.00000000 0.7035822 0.043566763       0.5    0.08   0.19      0.73
642  0.16406250 0.7035822 0.043566763       0.5    0.08   0.19      0.73
643  1.00000000 0.7035822 0.043566763       0.5    0.08   0.19      0.73
644  1.00000000 0.7035822 0.043566763       0.5    0.08   0.19      0.73
645  1.00000000 0.7035822 0.043566763       0.5    0.08   0.19      0.73
646  0.29296875 0.7035822 0.043566763       0.5    0.08   0.19      0.73
647  1.00000000 0.7035822 0.043566763       0.5    0.08   0.19      0.73
648  1.00000000 0.7035822 0.043566763       0.5    0.08   0.19      0.73
649  1.00000000 0.7035822 0.043566763       0.5    0.08   0.19      0.73
650  0.19140625 0.7035822 0.043566763       0.5    0.08   0.19      0.73
651  1.00000000 0.7035822 0.043566763       0.5    0.08   0.19      0.73
652  1.00000000 0.7035822 0.043566763       0.5    0.08   0.19      0.73
653  0.12109375 0.7035822 0.043566763       0.5    0.08   0.19      0.73
654  1.00000000 0.7035822 0.043566763       0.5    0.08   0.19      0.73
655  1.00000000 0.7035822 0.043566763       0.5    0.08   0.19      0.73
656  1.00000000 0.7035822 0.043566763       0.5    0.08   0.19      0.73
657  1.00000000 0.7035822 0.043566763       0.5    0.08   0.19      0.73
658  1.00000000 0.7035822 0.043566763       0.5    0.08   0.19      0.73
659  1.00000000 0.7035822 0.043566763       0.5    0.08   0.19      0.73
660  1.00000000 0.7035822 0.043566763       0.5    0.08   0.19      0.73
661  0.29687500 0.7035822 0.043566763       0.5    0.08   0.19      0.73
662  1.00000000 0.7035822 0.043566763       0.5    0.08   0.19      0.73
663  1.00000000 0.7035822 0.043566763       0.5    0.08   0.19      0.73
664  0.21484375 0.7035822 0.043566763       0.5    0.08   0.19      0.73
665  0.19531250 0.7035822 0.043566763       0.5    0.08   0.19      0.73
666  1.00000000 0.7035822 0.043566763       0.5    0.08   0.19      0.73
667  1.00000000 0.7035822 0.043566763       0.5    0.08   0.19      0.73
668  1.00000000 0.7035822 0.043566763       0.5    0.08   0.19      0.73
669  1.00000000 0.7035822 0.043566763       0.5    0.08   0.19      0.73
670  0.71484375 0.7035822 0.043566763       0.5    0.08   0.19      0.73
671  1.00000000 0.7035822 0.043566763       0.5    0.08   0.19      0.73
672  1.00000000 0.7035822 0.043566763       0.5    0.08   0.19      0.73
673  1.00000000 0.7035822 0.043566763       0.5    0.08   0.19      0.73
674  0.16406250 0.7035822 0.043566763       0.5    0.08   0.19      0.73
675  1.00000000 0.7035822 0.043566763       0.5    0.08   0.19      0.73
676  0.26953125 0.7035822 0.043566763       0.5    0.08   0.19      0.73
677  0.21484375 0.7035822 0.043566763       0.5    0.08   0.19      0.73
678  1.00000000 0.7035822 0.043566763       0.5    0.08   0.19      0.73
679  1.00000000 0.7035822 0.043566763       0.5    0.08   0.19      0.73
680  1.00000000 0.7035822 0.043566763       0.5    0.08   0.19      0.73
681  1.00000000 0.7035822 0.043566763       0.5    0.08   0.19      0.73
682  1.00000000 0.7035822 0.043566763       0.5    0.08   0.19      0.73
683  1.00000000 0.7035822 0.043566763       0.5    0.08   0.19      0.73
684  0.12109375 0.7035822 0.043566763       0.5    0.08   0.19      0.73
685  1.00000000 0.7035822 0.043566763       0.5    0.08   0.19      0.73
686  1.00000000 0.7035822 0.043566763       0.5    0.08   0.19      0.73
687  0.40625000 0.7035822 0.043566763       0.5    0.08   0.19      0.73
688  0.42968750 0.7035822 0.043566763       0.5    0.08   0.19      0.73
689  0.62890625 0.7035822 0.043566763       0.5    0.08   0.19      0.73
690  1.00000000 0.7035822 0.043566763       0.5    0.08   0.19      0.73
691  1.00000000 0.7035822 0.043566763       0.5    0.08   0.19      0.73
692  1.00000000 0.7035822 0.043566763       0.5    0.08   0.19      0.73
693  1.00000000 0.7035822 0.043566763       0.5    0.08   0.19      0.73
694  0.20703125 0.7035822 0.043566763       0.5    0.08   0.19      0.73
695  1.00000000 0.7035822 0.043566763       0.5    0.08   0.19      0.73
696  1.00000000 0.7035822 0.043566763       0.5    0.08   0.19      0.73
697  1.00000000 0.7035822 0.043566763       0.5    0.08   0.19      0.73
698  1.00000000 0.7035822 0.043566763       0.5    0.08   0.19      0.73
699  1.00000000 0.7035822 0.043566763       0.5    0.08   0.19      0.73
700  0.29296875 0.7035822 0.043566763       0.5    0.08   0.19      0.73
701  1.00000000 0.5302464 0.014564886       0.5    0.33   0.16      0.51
702  1.00000000 0.5302464 0.014564886       0.5    0.33   0.16      0.51
703  0.05468750 0.5302464 0.014564886       0.5    0.33   0.16      0.51
704  0.06250000 0.5302464 0.014564886       0.5    0.33   0.16      0.51
705  0.04687500 0.5302464 0.014564886       0.5    0.33   0.16      0.51
706  0.06250000 0.5302464 0.014564886       0.5    0.33   0.16      0.51
707  1.00000000 0.5302464 0.014564886       0.5    0.33   0.16      0.51
708  0.08593750 0.5302464 0.014564886       0.5    0.33   0.16      0.51
709  1.00000000 0.5302464 0.014564886       0.5    0.33   0.16      0.51
710  1.00000000 0.5302464 0.014564886       0.5    0.33   0.16      0.51
711  1.00000000 0.5302464 0.014564886       0.5    0.33   0.16      0.51
712  0.32421875 0.5302464 0.014564886       0.5    0.33   0.16      0.51
713  0.09375000 0.5302464 0.014564886       0.5    0.33   0.16      0.51
714  0.04296875 0.5302464 0.014564886       0.5    0.33   0.16      0.51
715  1.00000000 0.5302464 0.014564886       0.5    0.33   0.16      0.51
716  1.00000000 0.5302464 0.014564886       0.5    0.33   0.16      0.51
717  1.00000000 0.5302464 0.014564886       0.5    0.33   0.16      0.51
718  1.00000000 0.5302464 0.014564886       0.5    0.33   0.16      0.51
719  1.00000000 0.5302464 0.014564886       0.5    0.33   0.16      0.51
720  0.19921875 0.5302464 0.014564886       0.5    0.33   0.16      0.51
721  0.05859375 0.5302464 0.014564886       0.5    0.33   0.16      0.51
722  1.00000000 0.5302464 0.014564886       0.5    0.33   0.16      0.51
723  0.14453125 0.5302464 0.014564886       0.5    0.33   0.16      0.51
724  0.03515625 0.5302464 0.014564886       0.5    0.33   0.16      0.51
725  1.00000000 0.5302464 0.014564886       0.5    0.33   0.16      0.51
726  0.01562500 0.5302464 0.014564886       0.5    0.33   0.16      0.51
727  0.02734375 0.5302464 0.014564886       0.5    0.33   0.16      0.51
728  1.00000000 0.5302464 0.014564886       0.5    0.33   0.16      0.51
729  1.00000000 0.5302464 0.014564886       0.5    0.33   0.16      0.51
730  0.04296875 0.5302464 0.014564886       0.5    0.33   0.16      0.51
731  0.15625000 0.5302464 0.014564886       0.5    0.33   0.16      0.51
732  0.05859375 0.5302464 0.014564886       0.5    0.33   0.16      0.51
733  1.00000000 0.5302464 0.014564886       0.5    0.33   0.16      0.51
734  1.00000000 0.5302464 0.014564886       0.5    0.33   0.16      0.51
735  1.00000000 0.5302464 0.014564886       0.5    0.33   0.16      0.51
736  1.00000000 0.5302464 0.014564886       0.5    0.33   0.16      0.51
737  1.00000000 0.5302464 0.014564886       0.5    0.33   0.16      0.51
738  1.00000000 0.5302464 0.014564886       0.5    0.33   0.16      0.51
739  1.00000000 0.5302464 0.014564886       0.5    0.33   0.16      0.51
740  0.08593750 0.5302464 0.014564886       0.5    0.33   0.16      0.51
741  1.00000000 0.5302464 0.014564886       0.5    0.33   0.16      0.51
742  0.01562500 0.5302464 0.014564886       0.5    0.33   0.16      0.51
743  1.00000000 0.5302464 0.014564886       0.5    0.33   0.16      0.51
744  0.10546875 0.5302464 0.014564886       0.5    0.33   0.16      0.51
745  0.29296875 0.5302464 0.014564886       0.5    0.33   0.16      0.51
746  0.14453125 0.5302464 0.014564886       0.5    0.33   0.16      0.51
747  1.00000000 0.5302464 0.014564886       0.5    0.33   0.16      0.51
748  1.00000000 0.5302464 0.014564886       0.5    0.33   0.16      0.51
749  0.01953125 0.5302464 0.014564886       0.5    0.33   0.16      0.51
750  1.00000000 0.5302464 0.014564886       0.5    0.33   0.16      0.51
751  1.00000000 0.5302464 0.014564886       0.5    0.33   0.16      0.51
752  1.00000000 0.5302464 0.014564886       0.5    0.33   0.16      0.51
753  1.00000000 0.5302464 0.014564886       0.5    0.33   0.16      0.51
754  1.00000000 0.5302464 0.014564886       0.5    0.33   0.16      0.51
755  0.21093750 0.5302464 0.014564886       0.5    0.33   0.16      0.51
756  1.00000000 0.5302464 0.014564886       0.5    0.33   0.16      0.51
757  0.05468750 0.5302464 0.014564886       0.5    0.33   0.16      0.51
758  1.00000000 0.5302464 0.014564886       0.5    0.33   0.16      0.51
759  1.00000000 0.5302464 0.014564886       0.5    0.33   0.16      0.51
760  1.00000000 0.5302464 0.014564886       0.5    0.33   0.16      0.51
761  0.28125000 0.5302464 0.014564886       0.5    0.33   0.16      0.51
762  0.02734375 0.5302464 0.014564886       0.5    0.33   0.16      0.51
763  1.00000000 0.5302464 0.014564886       0.5    0.33   0.16      0.51
764  0.03515625 0.5302464 0.014564886       0.5    0.33   0.16      0.51
765  0.11328125 0.5302464 0.014564886       0.5    0.33   0.16      0.51
766  0.02343750 0.5302464 0.014564886       0.5    0.33   0.16      0.51
767  0.13281250 0.5302464 0.014564886       0.5    0.33   0.16      0.51
768  0.01953125 0.5302464 0.014564886       0.5    0.33   0.16      0.51
769  0.09765625 0.5302464 0.014564886       0.5    0.33   0.16      0.51
770  1.00000000 0.5302464 0.014564886       0.5    0.33   0.16      0.51
771  0.04296875 0.5302464 0.014564886       0.5    0.33   0.16      0.51
772  1.00000000 0.5302464 0.014564886       0.5    0.33   0.16      0.51
773  1.00000000 0.5302464 0.014564886       0.5    0.33   0.16      0.51
774  0.16015625 0.5302464 0.014564886       0.5    0.33   0.16      0.51
775  1.00000000 0.5302464 0.014564886       0.5    0.33   0.16      0.51
776  1.00000000 0.5302464 0.014564886       0.5    0.33   0.16      0.51
777  0.01953125 0.5302464 0.014564886       0.5    0.33   0.16      0.51
778  0.32031250 0.5302464 0.014564886       0.5    0.33   0.16      0.51
779  0.03515625 0.5302464 0.014564886       0.5    0.33   0.16      0.51
780  1.00000000 0.5302464 0.014564886       0.5    0.33   0.16      0.51
781  0.03906250 0.5302464 0.014564886       0.5    0.33   0.16      0.51
782  0.08593750 0.5302464 0.014564886       0.5    0.33   0.16      0.51
783  0.04296875 0.5302464 0.014564886       0.5    0.33   0.16      0.51
784  0.14843750 0.5302464 0.014564886       0.5    0.33   0.16      0.51
785  0.21484375 0.5302464 0.014564886       0.5    0.33   0.16      0.51
786  1.00000000 0.5302464 0.014564886       0.5    0.33   0.16      0.51
787  1.00000000 0.5302464 0.014564886       0.5    0.33   0.16      0.51
788  1.00000000 0.5302464 0.014564886       0.5    0.33   0.16      0.51
789  0.05078125 0.5302464 0.014564886       0.5    0.33   0.16      0.51
790  1.00000000 0.5302464 0.014564886       0.5    0.33   0.16      0.51
791  1.00000000 0.5302464 0.014564886       0.5    0.33   0.16      0.51
792  1.00000000 0.5302464 0.014564886       0.5    0.33   0.16      0.51
793  0.06640625 0.5302464 0.014564886       0.5    0.33   0.16      0.51
794  0.03906250 0.5302464 0.014564886       0.5    0.33   0.16      0.51
795  1.00000000 0.5302464 0.014564886       0.5    0.33   0.16      0.51
796  1.00000000 0.5302464 0.014564886       0.5    0.33   0.16      0.51
797  1.00000000 0.5302464 0.014564886       0.5    0.33   0.16      0.51
798  0.08203125 0.5302464 0.014564886       0.5    0.33   0.16      0.51
799  0.07812500 0.5302464 0.014564886       0.5    0.33   0.16      0.51
800  0.16406250 0.5302464 0.014564886       0.5    0.33   0.16      0.51
801  0.02734375 0.5026028 0.008314994       0.5    0.40   0.08      0.52
802  1.00000000 0.5026028 0.008314994       0.5    0.40   0.08      0.52
803  0.03906250 0.5026028 0.008314994       0.5    0.40   0.08      0.52
804  1.00000000 0.5026028 0.008314994       0.5    0.40   0.08      0.52
805  0.07031250 0.5026028 0.008314994       0.5    0.40   0.08      0.52
806  1.00000000 0.5026028 0.008314994       0.5    0.40   0.08      0.52
807  1.00000000 0.5026028 0.008314994       0.5    0.40   0.08      0.52
808  0.10546875 0.5026028 0.008314994       0.5    0.40   0.08      0.52
809  0.03515625 0.5026028 0.008314994       0.5    0.40   0.08      0.52
810  0.04687500 0.5026028 0.008314994       0.5    0.40   0.08      0.52
811  1.00000000 0.5026028 0.008314994       0.5    0.40   0.08      0.52
812  1.00000000 0.5026028 0.008314994       0.5    0.40   0.08      0.52
813  1.00000000 0.5026028 0.008314994       0.5    0.40   0.08      0.52
814  1.00000000 0.5026028 0.008314994       0.5    0.40   0.08      0.52
815  0.01953125 0.5026028 0.008314994       0.5    0.40   0.08      0.52
816  0.04296875 0.5026028 0.008314994       0.5    0.40   0.08      0.52
817  0.01171875 0.5026028 0.008314994       0.5    0.40   0.08      0.52
818  0.10546875 0.5026028 0.008314994       0.5    0.40   0.08      0.52
819  1.00000000 0.5026028 0.008314994       0.5    0.40   0.08      0.52
820  1.00000000 0.5026028 0.008314994       0.5    0.40   0.08      0.52
821  0.53515625 0.5026028 0.008314994       0.5    0.40   0.08      0.52
822  0.02734375 0.5026028 0.008314994       0.5    0.40   0.08      0.52
823  1.00000000 0.5026028 0.008314994       0.5    0.40   0.08      0.52
824  1.00000000 0.5026028 0.008314994       0.5    0.40   0.08      0.52
825  1.00000000 0.5026028 0.008314994       0.5    0.40   0.08      0.52
826  1.00000000 0.5026028 0.008314994       0.5    0.40   0.08      0.52
827  0.02734375 0.5026028 0.008314994       0.5    0.40   0.08      0.52
828  1.00000000 0.5026028 0.008314994       0.5    0.40   0.08      0.52
829  0.03906250 0.5026028 0.008314994       0.5    0.40   0.08      0.52
830  1.00000000 0.5026028 0.008314994       0.5    0.40   0.08      0.52
831  1.00000000 0.5026028 0.008314994       0.5    0.40   0.08      0.52
832  1.00000000 0.5026028 0.008314994       0.5    0.40   0.08      0.52
833  1.00000000 0.5026028 0.008314994       0.5    0.40   0.08      0.52
834  1.00000000 0.5026028 0.008314994       0.5    0.40   0.08      0.52
835  0.19531250 0.5026028 0.008314994       0.5    0.40   0.08      0.52
836  1.00000000 0.5026028 0.008314994       0.5    0.40   0.08      0.52
837  1.00000000 0.5026028 0.008314994       0.5    0.40   0.08      0.52
838  1.00000000 0.5026028 0.008314994       0.5    0.40   0.08      0.52
839  1.00000000 0.5026028 0.008314994       0.5    0.40   0.08      0.52
840  0.00390625 0.5026028 0.008314994       0.5    0.40   0.08      0.52
841  0.01171875 0.5026028 0.008314994       0.5    0.40   0.08      0.52
842  1.00000000 0.5026028 0.008314994       0.5    0.40   0.08      0.52
843  0.03515625 0.5026028 0.008314994       0.5    0.40   0.08      0.52
844  0.00000000 0.5026028 0.008314994       0.5    0.40   0.08      0.52
845  1.00000000 0.5026028 0.008314994       0.5    0.40   0.08      0.52
846  0.01562500 0.5026028 0.008314994       0.5    0.40   0.08      0.52
847  0.02734375 0.5026028 0.008314994       0.5    0.40   0.08      0.52
848  0.00390625 0.5026028 0.008314994       0.5    0.40   0.08      0.52
849  0.01171875 0.5026028 0.008314994       0.5    0.40   0.08      0.52
850  0.07421875 0.5026028 0.008314994       0.5    0.40   0.08      0.52
851  0.09765625 0.5026028 0.008314994       0.5    0.40   0.08      0.52
852  1.00000000 0.5026028 0.008314994       0.5    0.40   0.08      0.52
853  1.00000000 0.5026028 0.008314994       0.5    0.40   0.08      0.52
854  0.05859375 0.5026028 0.008314994       0.5    0.40   0.08      0.52
855  1.00000000 0.5026028 0.008314994       0.5    0.40   0.08      0.52
856  1.00000000 0.5026028 0.008314994       0.5    0.40   0.08      0.52
857  0.01562500 0.5026028 0.008314994       0.5    0.40   0.08      0.52
858  0.02734375 0.5026028 0.008314994       0.5    0.40   0.08      0.52
859  0.06250000 0.5026028 0.008314994       0.5    0.40   0.08      0.52
860  1.00000000 0.5026028 0.008314994       0.5    0.40   0.08      0.52
861  0.01953125 0.5026028 0.008314994       0.5    0.40   0.08      0.52
862  0.10156250 0.5026028 0.008314994       0.5    0.40   0.08      0.52
863  0.01953125 0.5026028 0.008314994       0.5    0.40   0.08      0.52
864  0.02734375 0.5026028 0.008314994       0.5    0.40   0.08      0.52
865  0.19140625 0.5026028 0.008314994       0.5    0.40   0.08      0.52
866  1.00000000 0.5026028 0.008314994       0.5    0.40   0.08      0.52
867  1.00000000 0.5026028 0.008314994       0.5    0.40   0.08      0.52
868  1.00000000 0.5026028 0.008314994       0.5    0.40   0.08      0.52
869  0.01953125 0.5026028 0.008314994       0.5    0.40   0.08      0.52
870  1.00000000 0.5026028 0.008314994       0.5    0.40   0.08      0.52
871  1.00000000 0.5026028 0.008314994       0.5    0.40   0.08      0.52
872  1.00000000 0.5026028 0.008314994       0.5    0.40   0.08      0.52
873  1.00000000 0.5026028 0.008314994       0.5    0.40   0.08      0.52
874  0.07812500 0.5026028 0.008314994       0.5    0.40   0.08      0.52
875  0.01562500 0.5026028 0.008314994       0.5    0.40   0.08      0.52
876  1.00000000 0.5026028 0.008314994       0.5    0.40   0.08      0.52
877  1.00000000 0.5026028 0.008314994       0.5    0.40   0.08      0.52
878  0.03906250 0.5026028 0.008314994       0.5    0.40   0.08      0.52
879  1.00000000 0.5026028 0.008314994       0.5    0.40   0.08      0.52
880  1.00000000 0.5026028 0.008314994       0.5    0.40   0.08      0.52
881  0.01562500 0.5026028 0.008314994       0.5    0.40   0.08      0.52
882  1.00000000 0.5026028 0.008314994       0.5    0.40   0.08      0.52
883  0.08984375 0.5026028 0.008314994       0.5    0.40   0.08      0.52
884  1.00000000 0.5026028 0.008314994       0.5    0.40   0.08      0.52
885  0.04296875 0.5026028 0.008314994       0.5    0.40   0.08      0.52
886  1.00000000 0.5026028 0.008314994       0.5    0.40   0.08      0.52
887  1.00000000 0.5026028 0.008314994       0.5    0.40   0.08      0.52
888  0.04687500 0.5026028 0.008314994       0.5    0.40   0.08      0.52
889  1.00000000 0.5026028 0.008314994       0.5    0.40   0.08      0.52
890  0.03906250 0.5026028 0.008314994       0.5    0.40   0.08      0.52
891  1.00000000 0.5026028 0.008314994       0.5    0.40   0.08      0.52
892  0.03125000 0.5026028 0.008314994       0.5    0.40   0.08      0.52
893  0.10156250 0.5026028 0.008314994       0.5    0.40   0.08      0.52
894  0.04296875 0.5026028 0.008314994       0.5    0.40   0.08      0.52
895  1.00000000 0.5026028 0.008314994       0.5    0.40   0.08      0.52
896  1.00000000 0.5026028 0.008314994       0.5    0.40   0.08      0.52
897  1.00000000 0.5026028 0.008314994       0.5    0.40   0.08      0.52
898  0.03906250 0.5026028 0.008314994       0.5    0.40   0.08      0.52
899  0.01562500 0.5026028 0.008314994       0.5    0.40   0.08      0.52
900  1.00000000 0.5026028 0.008314994       0.5    0.40   0.08      0.52
901  0.36328125 0.6623624 0.094007054       0.5    0.01   0.30      0.69
902  0.33984375 0.6623624 0.094007054       0.5    0.01   0.30      0.69
903  1.00000000 0.6623624 0.094007054       0.5    0.01   0.30      0.69
904  0.55859375 0.6623624 0.094007054       0.5    0.01   0.30      0.69
905  1.00000000 0.6623624 0.094007054       0.5    0.01   0.30      0.69
906  1.00000000 0.6623624 0.094007054       0.5    0.01   0.30      0.69
907  1.00000000 0.6623624 0.094007054       0.5    0.01   0.30      0.69
908  1.00000000 0.6623624 0.094007054       0.5    0.01   0.30      0.69
909  0.53515625 0.6623624 0.094007054       0.5    0.01   0.30      0.69
910  0.58203125 0.6623624 0.094007054       0.5    0.01   0.30      0.69
911  1.00000000 0.6623624 0.094007054       0.5    0.01   0.30      0.69
912  1.00000000 0.6623624 0.094007054       0.5    0.01   0.30      0.69
913  0.46875000 0.6623624 0.094007054       0.5    0.01   0.30      0.69
914  1.00000000 0.6623624 0.094007054       0.5    0.01   0.30      0.69
915  0.54296875 0.6623624 0.094007054       0.5    0.01   0.30      0.69
916  0.43750000 0.6623624 0.094007054       0.5    0.01   0.30      0.69
917  1.00000000 0.6623624 0.094007054       0.5    0.01   0.30      0.69
918  1.00000000 0.6623624 0.094007054       0.5    0.01   0.30      0.69
919  1.00000000 0.6623624 0.094007054       0.5    0.01   0.30      0.69
920  1.00000000 0.6623624 0.094007054       0.5    0.01   0.30      0.69
921  1.00000000 0.6623624 0.094007054       0.5    0.01   0.30      0.69
922  1.00000000 0.6623624 0.094007054       0.5    0.01   0.30      0.69
923  1.00000000 0.6623624 0.094007054       0.5    0.01   0.30      0.69
924  0.71484375 0.6623624 0.094007054       0.5    0.01   0.30      0.69
925  1.00000000 0.6623624 0.094007054       0.5    0.01   0.30      0.69
926  1.00000000 0.6623624 0.094007054       0.5    0.01   0.30      0.69
927  0.37109375 0.6623624 0.094007054       0.5    0.01   0.30      0.69
928  0.59765625 0.6623624 0.094007054       0.5    0.01   0.30      0.69
929  0.66015625 0.6623624 0.094007054       0.5    0.01   0.30      0.69
930  0.50000000 0.6623624 0.094007054       0.5    0.01   0.30      0.69
931  1.00000000 0.6623624 0.094007054       0.5    0.01   0.30      0.69
932  1.00000000 0.6623624 0.094007054       0.5    0.01   0.30      0.69
933  1.00000000 0.6623624 0.094007054       0.5    0.01   0.30      0.69
934  0.53125000 0.6623624 0.094007054       0.5    0.01   0.30      0.69
935  0.61328125 0.6623624 0.094007054       0.5    0.01   0.30      0.69
936  1.00000000 0.6623624 0.094007054       0.5    0.01   0.30      0.69
937  0.49609375 0.6623624 0.094007054       0.5    0.01   0.30      0.69
938  0.65625000 0.6623624 0.094007054       0.5    0.01   0.30      0.69
939  0.60156250 0.6623624 0.094007054       0.5    0.01   0.30      0.69
940  1.00000000 0.6623624 0.094007054       0.5    0.01   0.30      0.69
941  0.46484375 0.6623624 0.094007054       0.5    0.01   0.30      0.69
942  1.00000000 0.6623624 0.094007054       0.5    0.01   0.30      0.69
943  1.00000000 0.6623624 0.094007054       0.5    0.01   0.30      0.69
944  1.00000000 0.6623624 0.094007054       0.5    0.01   0.30      0.69
945  1.00000000 0.6623624 0.094007054       0.5    0.01   0.30      0.69
946  1.00000000 0.6623624 0.094007054       0.5    0.01   0.30      0.69
947  1.00000000 0.6623624 0.094007054       0.5    0.01   0.30      0.69
948  1.00000000 0.6623624 0.094007054       0.5    0.01   0.30      0.69
949  1.00000000 0.6623624 0.094007054       0.5    0.01   0.30      0.69
950  1.00000000 0.6623624 0.094007054       0.5    0.01   0.30      0.69
951  1.00000000 0.6623624 0.094007054       0.5    0.01   0.30      0.69
952  1.00000000 0.6623624 0.094007054       0.5    0.01   0.30      0.69
953  1.00000000 0.6623624 0.094007054       0.5    0.01   0.30      0.69
954  1.00000000 0.6623624 0.094007054       0.5    0.01   0.30      0.69
955  1.00000000 0.6623624 0.094007054       0.5    0.01   0.30      0.69
956  1.00000000 0.6623624 0.094007054       0.5    0.01   0.30      0.69
957  1.00000000 0.6623624 0.094007054       0.5    0.01   0.30      0.69
958  0.49609375 0.6623624 0.094007054       0.5    0.01   0.30      0.69
959  1.00000000 0.6623624 0.094007054       0.5    0.01   0.30      0.69
960  1.00000000 0.6623624 0.094007054       0.5    0.01   0.30      0.69
961  1.00000000 0.6623624 0.094007054       0.5    0.01   0.30      0.69
962  1.00000000 0.6623624 0.094007054       0.5    0.01   0.30      0.69
963  1.00000000 0.6623624 0.094007054       0.5    0.01   0.30      0.69
964  0.76171875 0.6623624 0.094007054       0.5    0.01   0.30      0.69
965  1.00000000 0.6623624 0.094007054       0.5    0.01   0.30      0.69
966  0.72656250 0.6623624 0.094007054       0.5    0.01   0.30      0.69
967  1.00000000 0.6623624 0.094007054       0.5    0.01   0.30      0.69
968  1.00000000 0.6623624 0.094007054       0.5    0.01   0.30      0.69
969  1.00000000 0.6623624 0.094007054       0.5    0.01   0.30      0.69
970  1.00000000 0.6623624 0.094007054       0.5    0.01   0.30      0.69
971  1.00000000 0.6623624 0.094007054       0.5    0.01   0.30      0.69
972  1.00000000 0.6623624 0.094007054       0.5    0.01   0.30      0.69
973  1.00000000 0.6623624 0.094007054       0.5    0.01   0.30      0.69
974  1.00000000 0.6623624 0.094007054       0.5    0.01   0.30      0.69
975  0.36718750 0.6623624 0.094007054       0.5    0.01   0.30      0.69
976  0.41406250 0.6623624 0.094007054       0.5    0.01   0.30      0.69
977  1.00000000 0.6623624 0.094007054       0.5    0.01   0.30      0.69
978  0.50781250 0.6623624 0.094007054       0.5    0.01   0.30      0.69
979  0.45312500 0.6623624 0.094007054       0.5    0.01   0.30      0.69
980  0.73046875 0.6623624 0.094007054       0.5    0.01   0.30      0.69
981  1.00000000 0.6623624 0.094007054       0.5    0.01   0.30      0.69
982  1.00000000 0.6623624 0.094007054       0.5    0.01   0.30      0.69
983  0.28906250 0.6623624 0.094007054       0.5    0.01   0.30      0.69
984  1.00000000 0.6623624 0.094007054       0.5    0.01   0.30      0.69
985  1.00000000 0.6623624 0.094007054       0.5    0.01   0.30      0.69
986  0.67968750 0.6623624 0.094007054       0.5    0.01   0.30      0.69
987  1.00000000 0.6623624 0.094007054       0.5    0.01   0.30      0.69
988  0.35156250 0.6623624 0.094007054       0.5    0.01   0.30      0.69
989  1.00000000 0.6623624 0.094007054       0.5    0.01   0.30      0.69
990  1.00000000 0.6623624 0.094007054       0.5    0.01   0.30      0.69
991  1.00000000 0.6623624 0.094007054       0.5    0.01   0.30      0.69
992  1.00000000 0.6623624 0.094007054       0.5    0.01   0.30      0.69
993  1.00000000 0.6623624 0.094007054       0.5    0.01   0.30      0.69
994  0.40234375 0.6623624 0.094007054       0.5    0.01   0.30      0.69
995  1.00000000 0.6623624 0.094007054       0.5    0.01   0.30      0.69
996  1.00000000 0.6623624 0.094007054       0.5    0.01   0.30      0.69
997  1.00000000 0.6623624 0.094007054       0.5    0.01   0.30      0.69
998  0.39062500 0.6623624 0.094007054       0.5    0.01   0.30      0.69
999  1.00000000 0.6623624 0.094007054       0.5    0.01   0.30      0.69
1000 1.00000000 0.6623624 0.094007054       0.5    0.01   0.30      0.69
