      prop.aneu prob.meio   prob.mito dispersal euploid mosaic aneuploid
1    1.00000000 0.7259912 0.043401483       0.5    0.10   0.21      0.69
2    1.00000000 0.7259912 0.043401483       0.5    0.10   0.21      0.69
3    1.00000000 0.7259912 0.043401483       0.5    0.10   0.21      0.69
4    1.00000000 0.7259912 0.043401483       0.5    0.10   0.21      0.69
5    1.00000000 0.7259912 0.043401483       0.5    0.10   0.21      0.69
6    0.69531250 0.7259912 0.043401483       0.5    0.10   0.21      0.69
7    1.00000000 0.7259912 0.043401483       0.5    0.10   0.21      0.69
8    1.00000000 0.7259912 0.043401483       0.5    0.10   0.21      0.69
9    1.00000000 0.7259912 0.043401483       0.5    0.10   0.21      0.69
10   1.00000000 0.7259912 0.043401483       0.5    0.10   0.21      0.69
11   0.31250000 0.7259912 0.043401483       0.5    0.10   0.21      0.69
12   1.00000000 0.7259912 0.043401483       0.5    0.10   0.21      0.69
13   1.00000000 0.7259912 0.043401483       0.5    0.10   0.21      0.69
14   0.17578125 0.7259912 0.043401483       0.5    0.10   0.21      0.69
15   1.00000000 0.7259912 0.043401483       0.5    0.10   0.21      0.69
16   0.26953125 0.7259912 0.043401483       0.5    0.10   0.21      0.69
17   0.40234375 0.7259912 0.043401483       0.5    0.10   0.21      0.69
18   0.52734375 0.7259912 0.043401483       0.5    0.10   0.21      0.69
19   1.00000000 0.7259912 0.043401483       0.5    0.10   0.21      0.69
20   1.00000000 0.7259912 0.043401483       0.5    0.10   0.21      0.69
21   1.00000000 0.7259912 0.043401483       0.5    0.10   0.21      0.69
22   1.00000000 0.7259912 0.043401483       0.5    0.10   0.21      0.69
23   0.46484375 0.7259912 0.043401483       0.5    0.10   0.21      0.69
24   0.13281250 0.7259912 0.043401483       0.5    0.10   0.21      0.69
25   0.24609375 0.7259912 0.043401483       0.5    0.10   0.21      0.69
26   1.00000000 0.7259912 0.043401483       0.5    0.10   0.21      0.69
27   1.00000000 0.7259912 0.043401483       0.5    0.10   0.21      0.69
28   1.00000000 0.7259912 0.043401483       0.5    0.10   0.21      0.69
29   1.00000000 0.7259912 0.043401483       0.5    0.10   0.21      0.69
30   1.00000000 0.7259912 0.043401483       0.5    0.10   0.21      0.69
31   1.00000000 0.7259912 0.043401483       0.5    0.10   0.21      0.69
32   1.00000000 0.7259912 0.043401483       0.5    0.10   0.21      0.69
33   1.00000000 0.7259912 0.043401483       0.5    0.10   0.21      0.69
34   1.00000000 0.7259912 0.043401483       0.5    0.10   0.21      0.69
35   1.00000000 0.7259912 0.043401483       0.5    0.10   0.21      0.69
36   1.00000000 0.7259912 0.043401483       0.5    0.10   0.21      0.69
37   1.00000000 0.7259912 0.043401483       0.5    0.10   0.21      0.69
38   1.00000000 0.7259912 0.043401483       0.5    0.10   0.21      0.69
39   1.00000000 0.7259912 0.043401483       0.5    0.10   0.21      0.69
40   1.00000000 0.7259912 0.043401483       0.5    0.10   0.21      0.69
41   1.00000000 0.7259912 0.043401483       0.5    0.10   0.21      0.69
42   1.00000000 0.7259912 0.043401483       0.5    0.10   0.21      0.69
43   0.19140625 0.7259912 0.043401483       0.5    0.10   0.21      0.69
44   0.30078125 0.7259912 0.043401483       0.5    0.10   0.21      0.69
45   0.33984375 0.7259912 0.043401483       0.5    0.10   0.21      0.69
46   0.14843750 0.7259912 0.043401483       0.5    0.10   0.21      0.69
47   1.00000000 0.7259912 0.043401483       0.5    0.10   0.21      0.69
48   1.00000000 0.7259912 0.043401483       0.5    0.10   0.21      0.69
49   0.26562500 0.7259912 0.043401483       0.5    0.10   0.21      0.69
50   1.00000000 0.7259912 0.043401483       0.5    0.10   0.21      0.69
51   1.00000000 0.7259912 0.043401483       0.5    0.10   0.21      0.69
52   1.00000000 0.7259912 0.043401483       0.5    0.10   0.21      0.69
53   1.00000000 0.7259912 0.043401483       0.5    0.10   0.21      0.69
54   1.00000000 0.7259912 0.043401483       0.5    0.10   0.21      0.69
55   1.00000000 0.7259912 0.043401483       0.5    0.10   0.21      0.69
56   1.00000000 0.7259912 0.043401483       0.5    0.10   0.21      0.69
57   0.19921875 0.7259912 0.043401483       0.5    0.10   0.21      0.69
58   0.58203125 0.7259912 0.043401483       0.5    0.10   0.21      0.69
59   0.32031250 0.7259912 0.043401483       0.5    0.10   0.21      0.69
60   0.27343750 0.7259912 0.043401483       0.5    0.10   0.21      0.69
61   1.00000000 0.7259912 0.043401483       0.5    0.10   0.21      0.69
62   1.00000000 0.7259912 0.043401483       0.5    0.10   0.21      0.69
63   0.29296875 0.7259912 0.043401483       0.5    0.10   0.21      0.69
64   1.00000000 0.7259912 0.043401483       0.5    0.10   0.21      0.69
65   0.36718750 0.7259912 0.043401483       0.5    0.10   0.21      0.69
66   1.00000000 0.7259912 0.043401483       0.5    0.10   0.21      0.69
67   1.00000000 0.7259912 0.043401483       0.5    0.10   0.21      0.69
68   0.18750000 0.7259912 0.043401483       0.5    0.10   0.21      0.69
69   1.00000000 0.7259912 0.043401483       0.5    0.10   0.21      0.69
70   1.00000000 0.7259912 0.043401483       0.5    0.10   0.21      0.69
71   1.00000000 0.7259912 0.043401483       0.5    0.10   0.21      0.69
72   1.00000000 0.7259912 0.043401483       0.5    0.10   0.21      0.69
73   1.00000000 0.7259912 0.043401483       0.5    0.10   0.21      0.69
74   1.00000000 0.7259912 0.043401483       0.5    0.10   0.21      0.69
75   1.00000000 0.7259912 0.043401483       0.5    0.10   0.21      0.69
76   0.23437500 0.7259912 0.043401483       0.5    0.10   0.21      0.69
77   0.22656250 0.7259912 0.043401483       0.5    0.10   0.21      0.69
78   0.29687500 0.7259912 0.043401483       0.5    0.10   0.21      0.69
79   1.00000000 0.7259912 0.043401483       0.5    0.10   0.21      0.69
80   1.00000000 0.7259912 0.043401483       0.5    0.10   0.21      0.69
81   0.17187500 0.7259912 0.043401483       0.5    0.10   0.21      0.69
82   1.00000000 0.7259912 0.043401483       0.5    0.10   0.21      0.69
83   0.19921875 0.7259912 0.043401483       0.5    0.10   0.21      0.69
84   1.00000000 0.7259912 0.043401483       0.5    0.10   0.21      0.69
85   0.13671875 0.7259912 0.043401483       0.5    0.10   0.21      0.69
86   1.00000000 0.7259912 0.043401483       0.5    0.10   0.21      0.69
87   1.00000000 0.7259912 0.043401483       0.5    0.10   0.21      0.69
88   0.24609375 0.7259912 0.043401483       0.5    0.10   0.21      0.69
89   1.00000000 0.7259912 0.043401483       0.5    0.10   0.21      0.69
90   0.22656250 0.7259912 0.043401483       0.5    0.10   0.21      0.69
91   1.00000000 0.7259912 0.043401483       0.5    0.10   0.21      0.69
92   1.00000000 0.7259912 0.043401483       0.5    0.10   0.21      0.69
93   1.00000000 0.7259912 0.043401483       0.5    0.10   0.21      0.69
94   1.00000000 0.7259912 0.043401483       0.5    0.10   0.21      0.69
95   1.00000000 0.7259912 0.043401483       0.5    0.10   0.21      0.69
96   1.00000000 0.7259912 0.043401483       0.5    0.10   0.21      0.69
97   1.00000000 0.7259912 0.043401483       0.5    0.10   0.21      0.69
98   0.15625000 0.7259912 0.043401483       0.5    0.10   0.21      0.69
99   1.00000000 0.7259912 0.043401483       0.5    0.10   0.21      0.69
100  0.37109375 0.7259912 0.043401483       0.5    0.10   0.21      0.69
101  1.00000000 0.6871263 0.045461027       0.5    0.06   0.25      0.69
102  1.00000000 0.6871263 0.045461027       0.5    0.06   0.25      0.69
103  0.32031250 0.6871263 0.045461027       0.5    0.06   0.25      0.69
104  1.00000000 0.6871263 0.045461027       0.5    0.06   0.25      0.69
105  1.00000000 0.6871263 0.045461027       0.5    0.06   0.25      0.69
106  0.17187500 0.6871263 0.045461027       0.5    0.06   0.25      0.69
107  1.00000000 0.6871263 0.045461027       0.5    0.06   0.25      0.69
108  1.00000000 0.6871263 0.045461027       0.5    0.06   0.25      0.69
109  0.29296875 0.6871263 0.045461027       0.5    0.06   0.25      0.69
110  0.30859375 0.6871263 0.045461027       0.5    0.06   0.25      0.69
111  1.00000000 0.6871263 0.045461027       0.5    0.06   0.25      0.69
112  1.00000000 0.6871263 0.045461027       0.5    0.06   0.25      0.69
113  0.24609375 0.6871263 0.045461027       0.5    0.06   0.25      0.69
114  1.00000000 0.6871263 0.045461027       0.5    0.06   0.25      0.69
115  1.00000000 0.6871263 0.045461027       0.5    0.06   0.25      0.69
116  0.23828125 0.6871263 0.045461027       0.5    0.06   0.25      0.69
117  1.00000000 0.6871263 0.045461027       0.5    0.06   0.25      0.69
118  1.00000000 0.6871263 0.045461027       0.5    0.06   0.25      0.69
119  1.00000000 0.6871263 0.045461027       0.5    0.06   0.25      0.69
120  0.11328125 0.6871263 0.045461027       0.5    0.06   0.25      0.69
121  1.00000000 0.6871263 0.045461027       0.5    0.06   0.25      0.69
122  0.34765625 0.6871263 0.045461027       0.5    0.06   0.25      0.69
123  0.37109375 0.6871263 0.045461027       0.5    0.06   0.25      0.69
124  1.00000000 0.6871263 0.045461027       0.5    0.06   0.25      0.69
125  1.00000000 0.6871263 0.045461027       0.5    0.06   0.25      0.69
126  1.00000000 0.6871263 0.045461027       0.5    0.06   0.25      0.69
127  0.32031250 0.6871263 0.045461027       0.5    0.06   0.25      0.69
128  1.00000000 0.6871263 0.045461027       0.5    0.06   0.25      0.69
129  1.00000000 0.6871263 0.045461027       0.5    0.06   0.25      0.69
130  1.00000000 0.6871263 0.045461027       0.5    0.06   0.25      0.69
131  1.00000000 0.6871263 0.045461027       0.5    0.06   0.25      0.69
132  1.00000000 0.6871263 0.045461027       0.5    0.06   0.25      0.69
133  1.00000000 0.6871263 0.045461027       0.5    0.06   0.25      0.69
134  1.00000000 0.6871263 0.045461027       0.5    0.06   0.25      0.69
135  1.00000000 0.6871263 0.045461027       0.5    0.06   0.25      0.69
136  1.00000000 0.6871263 0.045461027       0.5    0.06   0.25      0.69
137  1.00000000 0.6871263 0.045461027       0.5    0.06   0.25      0.69
138  0.66015625 0.6871263 0.045461027       0.5    0.06   0.25      0.69
139  1.00000000 0.6871263 0.045461027       0.5    0.06   0.25      0.69
140  0.70703125 0.6871263 0.045461027       0.5    0.06   0.25      0.69
141  1.00000000 0.6871263 0.045461027       0.5    0.06   0.25      0.69
142  0.67187500 0.6871263 0.045461027       0.5    0.06   0.25      0.69
143  1.00000000 0.6871263 0.045461027       0.5    0.06   0.25      0.69
144  0.23437500 0.6871263 0.045461027       0.5    0.06   0.25      0.69
145  0.50390625 0.6871263 0.045461027       0.5    0.06   0.25      0.69
146  0.22265625 0.6871263 0.045461027       0.5    0.06   0.25      0.69
147  1.00000000 0.6871263 0.045461027       0.5    0.06   0.25      0.69
148  1.00000000 0.6871263 0.045461027       0.5    0.06   0.25      0.69
149  1.00000000 0.6871263 0.045461027       0.5    0.06   0.25      0.69
150  1.00000000 0.6871263 0.045461027       0.5    0.06   0.25      0.69
151  1.00000000 0.6871263 0.045461027       0.5    0.06   0.25      0.69
152  1.00000000 0.6871263 0.045461027       0.5    0.06   0.25      0.69
153  1.00000000 0.6871263 0.045461027       0.5    0.06   0.25      0.69
154  1.00000000 0.6871263 0.045461027       0.5    0.06   0.25      0.69
155  1.00000000 0.6871263 0.045461027       0.5    0.06   0.25      0.69
156  0.40625000 0.6871263 0.045461027       0.5    0.06   0.25      0.69
157  1.00000000 0.6871263 0.045461027       0.5    0.06   0.25      0.69
158  0.17578125 0.6871263 0.045461027       0.5    0.06   0.25      0.69
159  1.00000000 0.6871263 0.045461027       0.5    0.06   0.25      0.69
160  1.00000000 0.6871263 0.045461027       0.5    0.06   0.25      0.69
161  1.00000000 0.6871263 0.045461027       0.5    0.06   0.25      0.69
162  1.00000000 0.6871263 0.045461027       0.5    0.06   0.25      0.69
163  1.00000000 0.6871263 0.045461027       0.5    0.06   0.25      0.69
164  1.00000000 0.6871263 0.045461027       0.5    0.06   0.25      0.69
165  0.18359375 0.6871263 0.045461027       0.5    0.06   0.25      0.69
166  1.00000000 0.6871263 0.045461027       0.5    0.06   0.25      0.69
167  1.00000000 0.6871263 0.045461027       0.5    0.06   0.25      0.69
168  1.00000000 0.6871263 0.045461027       0.5    0.06   0.25      0.69
169  1.00000000 0.6871263 0.045461027       0.5    0.06   0.25      0.69
170  1.00000000 0.6871263 0.045461027       0.5    0.06   0.25      0.69
171  1.00000000 0.6871263 0.045461027       0.5    0.06   0.25      0.69
172  1.00000000 0.6871263 0.045461027       0.5    0.06   0.25      0.69
173  0.38671875 0.6871263 0.045461027       0.5    0.06   0.25      0.69
174  0.18359375 0.6871263 0.045461027       0.5    0.06   0.25      0.69
175  1.00000000 0.6871263 0.045461027       0.5    0.06   0.25      0.69
176  0.25781250 0.6871263 0.045461027       0.5    0.06   0.25      0.69
177  1.00000000 0.6871263 0.045461027       0.5    0.06   0.25      0.69
178  0.29687500 0.6871263 0.045461027       0.5    0.06   0.25      0.69
179  1.00000000 0.6871263 0.045461027       0.5    0.06   0.25      0.69
180  0.31640625 0.6871263 0.045461027       0.5    0.06   0.25      0.69
181  1.00000000 0.6871263 0.045461027       0.5    0.06   0.25      0.69
182  0.14453125 0.6871263 0.045461027       0.5    0.06   0.25      0.69
183  1.00000000 0.6871263 0.045461027       0.5    0.06   0.25      0.69
184  1.00000000 0.6871263 0.045461027       0.5    0.06   0.25      0.69
185  1.00000000 0.6871263 0.045461027       0.5    0.06   0.25      0.69
186  0.32812500 0.6871263 0.045461027       0.5    0.06   0.25      0.69
187  0.27343750 0.6871263 0.045461027       0.5    0.06   0.25      0.69
188  1.00000000 0.6871263 0.045461027       0.5    0.06   0.25      0.69
189  1.00000000 0.6871263 0.045461027       0.5    0.06   0.25      0.69
190  0.19140625 0.6871263 0.045461027       0.5    0.06   0.25      0.69
191  1.00000000 0.6871263 0.045461027       0.5    0.06   0.25      0.69
192  1.00000000 0.6871263 0.045461027       0.5    0.06   0.25      0.69
193  1.00000000 0.6871263 0.045461027       0.5    0.06   0.25      0.69
194  0.61328125 0.6871263 0.045461027       0.5    0.06   0.25      0.69
195  0.15625000 0.6871263 0.045461027       0.5    0.06   0.25      0.69
196  1.00000000 0.6871263 0.045461027       0.5    0.06   0.25      0.69
197  1.00000000 0.6871263 0.045461027       0.5    0.06   0.25      0.69
198  1.00000000 0.6871263 0.045461027       0.5    0.06   0.25      0.69
199  0.13281250 0.6871263 0.045461027       0.5    0.06   0.25      0.69
200  1.00000000 0.6871263 0.045461027       0.5    0.06   0.25      0.69
201  1.00000000 0.7033401 0.029082810       0.5    0.17   0.16      0.67
202  1.00000000 0.7033401 0.029082810       0.5    0.17   0.16      0.67
203  0.14062500 0.7033401 0.029082810       0.5    0.17   0.16      0.67
204  1.00000000 0.7033401 0.029082810       0.5    0.17   0.16      0.67
205  0.19531250 0.7033401 0.029082810       0.5    0.17   0.16      0.67
206  1.00000000 0.7033401 0.029082810       0.5    0.17   0.16      0.67
207  1.00000000 0.7033401 0.029082810       0.5    0.17   0.16      0.67
208  1.00000000 0.7033401 0.029082810       0.5    0.17   0.16      0.67
209  1.00000000 0.7033401 0.029082810       0.5    0.17   0.16      0.67
210  0.15625000 0.7033401 0.029082810       0.5    0.17   0.16      0.67
211  1.00000000 0.7033401 0.029082810       0.5    0.17   0.16      0.67
212  0.08593750 0.7033401 0.029082810       0.5    0.17   0.16      0.67
213  1.00000000 0.7033401 0.029082810       0.5    0.17   0.16      0.67
214  1.00000000 0.7033401 0.029082810       0.5    0.17   0.16      0.67
215  1.00000000 0.7033401 0.029082810       0.5    0.17   0.16      0.67
216  1.00000000 0.7033401 0.029082810       0.5    0.17   0.16      0.67
217  1.00000000 0.7033401 0.029082810       0.5    0.17   0.16      0.67
218  0.01171875 0.7033401 0.029082810       0.5    0.17   0.16      0.67
219  1.00000000 0.7033401 0.029082810       0.5    0.17   0.16      0.67
220  1.00000000 0.7033401 0.029082810       0.5    0.17   0.16      0.67
221  1.00000000 0.7033401 0.029082810       0.5    0.17   0.16      0.67
222  1.00000000 0.7033401 0.029082810       0.5    0.17   0.16      0.67
223  1.00000000 0.7033401 0.029082810       0.5    0.17   0.16      0.67
224  1.00000000 0.7033401 0.029082810       0.5    0.17   0.16      0.67
225  0.08984375 0.7033401 0.029082810       0.5    0.17   0.16      0.67
226  1.00000000 0.7033401 0.029082810       0.5    0.17   0.16      0.67
227  1.00000000 0.7033401 0.029082810       0.5    0.17   0.16      0.67
228  0.12500000 0.7033401 0.029082810       0.5    0.17   0.16      0.67
229  1.00000000 0.7033401 0.029082810       0.5    0.17   0.16      0.67
230  0.25390625 0.7033401 0.029082810       0.5    0.17   0.16      0.67
231  0.79296875 0.7033401 0.029082810       0.5    0.17   0.16      0.67
232  1.00000000 0.7033401 0.029082810       0.5    0.17   0.16      0.67
233  1.00000000 0.7033401 0.029082810       0.5    0.17   0.16      0.67
234  0.18359375 0.7033401 0.029082810       0.5    0.17   0.16      0.67
235  1.00000000 0.7033401 0.029082810       0.5    0.17   0.16      0.67
236  1.00000000 0.7033401 0.029082810       0.5    0.17   0.16      0.67
237  0.29296875 0.7033401 0.029082810       0.5    0.17   0.16      0.67
238  1.00000000 0.7033401 0.029082810       0.5    0.17   0.16      0.67
239  0.27734375 0.7033401 0.029082810       0.5    0.17   0.16      0.67
240  1.00000000 0.7033401 0.029082810       0.5    0.17   0.16      0.67
241  1.00000000 0.7033401 0.029082810       0.5    0.17   0.16      0.67
242  1.00000000 0.7033401 0.029082810       0.5    0.17   0.16      0.67
243  0.17968750 0.7033401 0.029082810       0.5    0.17   0.16      0.67
244  1.00000000 0.7033401 0.029082810       0.5    0.17   0.16      0.67
245  1.00000000 0.7033401 0.029082810       0.5    0.17   0.16      0.67
246  0.13671875 0.7033401 0.029082810       0.5    0.17   0.16      0.67
247  1.00000000 0.7033401 0.029082810       0.5    0.17   0.16      0.67
248  1.00000000 0.7033401 0.029082810       0.5    0.17   0.16      0.67
249  0.11328125 0.7033401 0.029082810       0.5    0.17   0.16      0.67
250  0.07031250 0.7033401 0.029082810       0.5    0.17   0.16      0.67
251  0.08984375 0.7033401 0.029082810       0.5    0.17   0.16      0.67
252  1.00000000 0.7033401 0.029082810       0.5    0.17   0.16      0.67
253  1.00000000 0.7033401 0.029082810       0.5    0.17   0.16      0.67
254  1.00000000 0.7033401 0.029082810       0.5    0.17   0.16      0.67
255  1.00000000 0.7033401 0.029082810       0.5    0.17   0.16      0.67
256  1.00000000 0.7033401 0.029082810       0.5    0.17   0.16      0.67
257  0.11328125 0.7033401 0.029082810       0.5    0.17   0.16      0.67
258  1.00000000 0.7033401 0.029082810       0.5    0.17   0.16      0.67
259  0.09375000 0.7033401 0.029082810       0.5    0.17   0.16      0.67
260  1.00000000 0.7033401 0.029082810       0.5    0.17   0.16      0.67
261  1.00000000 0.7033401 0.029082810       0.5    0.17   0.16      0.67
262  0.26953125 0.7033401 0.029082810       0.5    0.17   0.16      0.67
263  1.00000000 0.7033401 0.029082810       0.5    0.17   0.16      0.67
264  0.30468750 0.7033401 0.029082810       0.5    0.17   0.16      0.67
265  1.00000000 0.7033401 0.029082810       0.5    0.17   0.16      0.67
266  1.00000000 0.7033401 0.029082810       0.5    0.17   0.16      0.67
267  1.00000000 0.7033401 0.029082810       0.5    0.17   0.16      0.67
268  1.00000000 0.7033401 0.029082810       0.5    0.17   0.16      0.67
269  1.00000000 0.7033401 0.029082810       0.5    0.17   0.16      0.67
270  1.00000000 0.7033401 0.029082810       0.5    0.17   0.16      0.67
271  1.00000000 0.7033401 0.029082810       0.5    0.17   0.16      0.67
272  1.00000000 0.7033401 0.029082810       0.5    0.17   0.16      0.67
273  0.28125000 0.7033401 0.029082810       0.5    0.17   0.16      0.67
274  0.07031250 0.7033401 0.029082810       0.5    0.17   0.16      0.67
275  1.00000000 0.7033401 0.029082810       0.5    0.17   0.16      0.67
276  0.09765625 0.7033401 0.029082810       0.5    0.17   0.16      0.67
277  0.19921875 0.7033401 0.029082810       0.5    0.17   0.16      0.67
278  1.00000000 0.7033401 0.029082810       0.5    0.17   0.16      0.67
279  1.00000000 0.7033401 0.029082810       0.5    0.17   0.16      0.67
280  1.00000000 0.7033401 0.029082810       0.5    0.17   0.16      0.67
281  0.25781250 0.7033401 0.029082810       0.5    0.17   0.16      0.67
282  1.00000000 0.7033401 0.029082810       0.5    0.17   0.16      0.67
283  1.00000000 0.7033401 0.029082810       0.5    0.17   0.16      0.67
284  1.00000000 0.7033401 0.029082810       0.5    0.17   0.16      0.67
285  0.08593750 0.7033401 0.029082810       0.5    0.17   0.16      0.67
286  0.56640625 0.7033401 0.029082810       0.5    0.17   0.16      0.67
287  1.00000000 0.7033401 0.029082810       0.5    0.17   0.16      0.67
288  0.12500000 0.7033401 0.029082810       0.5    0.17   0.16      0.67
289  1.00000000 0.7033401 0.029082810       0.5    0.17   0.16      0.67
290  1.00000000 0.7033401 0.029082810       0.5    0.17   0.16      0.67
291  1.00000000 0.7033401 0.029082810       0.5    0.17   0.16      0.67
292  1.00000000 0.7033401 0.029082810       0.5    0.17   0.16      0.67
293  1.00000000 0.7033401 0.029082810       0.5    0.17   0.16      0.67
294  0.54296875 0.7033401 0.029082810       0.5    0.17   0.16      0.67
295  0.16796875 0.7033401 0.029082810       0.5    0.17   0.16      0.67
296  1.00000000 0.7033401 0.029082810       0.5    0.17   0.16      0.67
297  1.00000000 0.7033401 0.029082810       0.5    0.17   0.16      0.67
298  0.10156250 0.7033401 0.029082810       0.5    0.17   0.16      0.67
299  0.81250000 0.7033401 0.029082810       0.5    0.17   0.16      0.67
300  1.00000000 0.7033401 0.029082810       0.5    0.17   0.16      0.67
301  0.20703125 0.4936310 0.008799052       0.5    0.38   0.10      0.52
302  1.00000000 0.4936310 0.008799052       0.5    0.38   0.10      0.52
303  1.00000000 0.4936310 0.008799052       0.5    0.38   0.10      0.52
304  1.00000000 0.4936310 0.008799052       0.5    0.38   0.10      0.52
305  1.00000000 0.4936310 0.008799052       0.5    0.38   0.10      0.52
306  1.00000000 0.4936310 0.008799052       0.5    0.38   0.10      0.52
307  0.01171875 0.4936310 0.008799052       0.5    0.38   0.10      0.52
308  1.00000000 0.4936310 0.008799052       0.5    0.38   0.10      0.52
309  0.05078125 0.4936310 0.008799052       0.5    0.38   0.10      0.52
310  1.00000000 0.4936310 0.008799052       0.5    0.38   0.10      0.52
311  0.01953125 0.4936310 0.008799052       0.5    0.38   0.10      0.52
312  0.08984375 0.4936310 0.008799052       0.5    0.38   0.10      0.52
313  1.00000000 0.4936310 0.008799052       0.5    0.38   0.10      0.52
314  0.10546875 0.4936310 0.008799052       0.5    0.38   0.10      0.52
315  0.06640625 0.4936310 0.008799052       0.5    0.38   0.10      0.52
316  0.02734375 0.4936310 0.008799052       0.5    0.38   0.10      0.52
317  1.00000000 0.4936310 0.008799052       0.5    0.38   0.10      0.52
318  1.00000000 0.4936310 0.008799052       0.5    0.38   0.10      0.52
319  0.03515625 0.4936310 0.008799052       0.5    0.38   0.10      0.52
320  0.03906250 0.4936310 0.008799052       0.5    0.38   0.10      0.52
321  0.03515625 0.4936310 0.008799052       0.5    0.38   0.10      0.52
322  0.01953125 0.4936310 0.008799052       0.5    0.38   0.10      0.52
323  1.00000000 0.4936310 0.008799052       0.5    0.38   0.10      0.52
324  1.00000000 0.4936310 0.008799052       0.5    0.38   0.10      0.52
325  1.00000000 0.4936310 0.008799052       0.5    0.38   0.10      0.52
326  1.00000000 0.4936310 0.008799052       0.5    0.38   0.10      0.52
327  0.00781250 0.4936310 0.008799052       0.5    0.38   0.10      0.52
328  1.00000000 0.4936310 0.008799052       0.5    0.38   0.10      0.52
329  1.00000000 0.4936310 0.008799052       0.5    0.38   0.10      0.52
330  0.06640625 0.4936310 0.008799052       0.5    0.38   0.10      0.52
331  0.28125000 0.4936310 0.008799052       0.5    0.38   0.10      0.52
332  0.04296875 0.4936310 0.008799052       0.5    0.38   0.10      0.52
333  1.00000000 0.4936310 0.008799052       0.5    0.38   0.10      0.52
334  0.03125000 0.4936310 0.008799052       0.5    0.38   0.10      0.52
335  0.01953125 0.4936310 0.008799052       0.5    0.38   0.10      0.52
336  1.00000000 0.4936310 0.008799052       0.5    0.38   0.10      0.52
337  0.01171875 0.4936310 0.008799052       0.5    0.38   0.10      0.52
338  0.06640625 0.4936310 0.008799052       0.5    0.38   0.10      0.52
339  1.00000000 0.4936310 0.008799052       0.5    0.38   0.10      0.52
340  0.03125000 0.4936310 0.008799052       0.5    0.38   0.10      0.52
341  0.00781250 0.4936310 0.008799052       0.5    0.38   0.10      0.52
342  0.08593750 0.4936310 0.008799052       0.5    0.38   0.10      0.52
343  1.00000000 0.4936310 0.008799052       0.5    0.38   0.10      0.52
344  1.00000000 0.4936310 0.008799052       0.5    0.38   0.10      0.52
345  1.00000000 0.4936310 0.008799052       0.5    0.38   0.10      0.52
346  1.00000000 0.4936310 0.008799052       0.5    0.38   0.10      0.52
347  0.04687500 0.4936310 0.008799052       0.5    0.38   0.10      0.52
348  1.00000000 0.4936310 0.008799052       0.5    0.38   0.10      0.52
349  1.00000000 0.4936310 0.008799052       0.5    0.38   0.10      0.52
350  0.00390625 0.4936310 0.008799052       0.5    0.38   0.10      0.52
351  0.10546875 0.4936310 0.008799052       0.5    0.38   0.10      0.52
352  1.00000000 0.4936310 0.008799052       0.5    0.38   0.10      0.52
353  0.00390625 0.4936310 0.008799052       0.5    0.38   0.10      0.52
354  1.00000000 0.4936310 0.008799052       0.5    0.38   0.10      0.52
355  1.00000000 0.4936310 0.008799052       0.5    0.38   0.10      0.52
356  1.00000000 0.4936310 0.008799052       0.5    0.38   0.10      0.52
357  1.00000000 0.4936310 0.008799052       0.5    0.38   0.10      0.52
358  0.04296875 0.4936310 0.008799052       0.5    0.38   0.10      0.52
359  1.00000000 0.4936310 0.008799052       0.5    0.38   0.10      0.52
360  1.00000000 0.4936310 0.008799052       0.5    0.38   0.10      0.52
361  1.00000000 0.4936310 0.008799052       0.5    0.38   0.10      0.52
362  0.04296875 0.4936310 0.008799052       0.5    0.38   0.10      0.52
363  1.00000000 0.4936310 0.008799052       0.5    0.38   0.10      0.52
364  0.02343750 0.4936310 0.008799052       0.5    0.38   0.10      0.52
365  1.00000000 0.4936310 0.008799052       0.5    0.38   0.10      0.52
366  0.16015625 0.4936310 0.008799052       0.5    0.38   0.10      0.52
367  0.00781250 0.4936310 0.008799052       0.5    0.38   0.10      0.52
368  0.05468750 0.4936310 0.008799052       0.5    0.38   0.10      0.52
369  1.00000000 0.4936310 0.008799052       0.5    0.38   0.10      0.52
370  1.00000000 0.4936310 0.008799052       0.5    0.38   0.10      0.52
371  0.10156250 0.4936310 0.008799052       0.5    0.38   0.10      0.52
372  1.00000000 0.4936310 0.008799052       0.5    0.38   0.10      0.52
373  0.01171875 0.4936310 0.008799052       0.5    0.38   0.10      0.52
374  1.00000000 0.4936310 0.008799052       0.5    0.38   0.10      0.52
375  0.02734375 0.4936310 0.008799052       0.5    0.38   0.10      0.52
376  1.00000000 0.4936310 0.008799052       0.5    0.38   0.10      0.52
377  1.00000000 0.4936310 0.008799052       0.5    0.38   0.10      0.52
378  0.08984375 0.4936310 0.008799052       0.5    0.38   0.10      0.52
379  1.00000000 0.4936310 0.008799052       0.5    0.38   0.10      0.52
380  0.18750000 0.4936310 0.008799052       0.5    0.38   0.10      0.52
381  1.00000000 0.4936310 0.008799052       0.5    0.38   0.10      0.52
382  1.00000000 0.4936310 0.008799052       0.5    0.38   0.10      0.52
383  0.01953125 0.4936310 0.008799052       0.5    0.38   0.10      0.52
384  1.00000000 0.4936310 0.008799052       0.5    0.38   0.10      0.52
385  0.04687500 0.4936310 0.008799052       0.5    0.38   0.10      0.52
386  0.00781250 0.4936310 0.008799052       0.5    0.38   0.10      0.52
387  0.05468750 0.4936310 0.008799052       0.5    0.38   0.10      0.52
388  1.00000000 0.4936310 0.008799052       0.5    0.38   0.10      0.52
389  0.02343750 0.4936310 0.008799052       0.5    0.38   0.10      0.52
390  1.00000000 0.4936310 0.008799052       0.5    0.38   0.10      0.52
391  0.00781250 0.4936310 0.008799052       0.5    0.38   0.10      0.52
392  0.09765625 0.4936310 0.008799052       0.5    0.38   0.10      0.52
393  0.01171875 0.4936310 0.008799052       0.5    0.38   0.10      0.52
394  1.00000000 0.4936310 0.008799052       0.5    0.38   0.10      0.52
395  1.00000000 0.4936310 0.008799052       0.5    0.38   0.10      0.52
396  1.00000000 0.4936310 0.008799052       0.5    0.38   0.10      0.52
397  0.05078125 0.4936310 0.008799052       0.5    0.38   0.10      0.52
398  1.00000000 0.4936310 0.008799052       0.5    0.38   0.10      0.52
399  1.00000000 0.4936310 0.008799052       0.5    0.38   0.10      0.52
400  0.03125000 0.4936310 0.008799052       0.5    0.38   0.10      0.52
401  1.00000000 0.5145895 0.019928308       0.5    0.17   0.22      0.61
402  0.03515625 0.5145895 0.019928308       0.5    0.17   0.22      0.61
403  1.00000000 0.5145895 0.019928308       0.5    0.17   0.22      0.61
404  0.35937500 0.5145895 0.019928308       0.5    0.17   0.22      0.61
405  1.00000000 0.5145895 0.019928308       0.5    0.17   0.22      0.61
406  1.00000000 0.5145895 0.019928308       0.5    0.17   0.22      0.61
407  0.30859375 0.5145895 0.019928308       0.5    0.17   0.22      0.61
408  0.07421875 0.5145895 0.019928308       0.5    0.17   0.22      0.61
409  1.00000000 0.5145895 0.019928308       0.5    0.17   0.22      0.61
410  0.10156250 0.5145895 0.019928308       0.5    0.17   0.22      0.61
411  1.00000000 0.5145895 0.019928308       0.5    0.17   0.22      0.61
412  0.05468750 0.5145895 0.019928308       0.5    0.17   0.22      0.61
413  0.11718750 0.5145895 0.019928308       0.5    0.17   0.22      0.61
414  0.06250000 0.5145895 0.019928308       0.5    0.17   0.22      0.61
415  1.00000000 0.5145895 0.019928308       0.5    0.17   0.22      0.61
416  1.00000000 0.5145895 0.019928308       0.5    0.17   0.22      0.61
417  0.05078125 0.5145895 0.019928308       0.5    0.17   0.22      0.61
418  1.00000000 0.5145895 0.019928308       0.5    0.17   0.22      0.61
419  1.00000000 0.5145895 0.019928308       0.5    0.17   0.22      0.61
420  1.00000000 0.5145895 0.019928308       0.5    0.17   0.22      0.61
421  0.21875000 0.5145895 0.019928308       0.5    0.17   0.22      0.61
422  1.00000000 0.5145895 0.019928308       0.5    0.17   0.22      0.61
423  1.00000000 0.5145895 0.019928308       0.5    0.17   0.22      0.61
424  0.15234375 0.5145895 0.019928308       0.5    0.17   0.22      0.61
425  0.12890625 0.5145895 0.019928308       0.5    0.17   0.22      0.61
426  1.00000000 0.5145895 0.019928308       0.5    0.17   0.22      0.61
427  1.00000000 0.5145895 0.019928308       0.5    0.17   0.22      0.61
428  0.04687500 0.5145895 0.019928308       0.5    0.17   0.22      0.61
429  1.00000000 0.5145895 0.019928308       0.5    0.17   0.22      0.61
430  0.05859375 0.5145895 0.019928308       0.5    0.17   0.22      0.61
431  1.00000000 0.5145895 0.019928308       0.5    0.17   0.22      0.61
432  1.00000000 0.5145895 0.019928308       0.5    0.17   0.22      0.61
433  1.00000000 0.5145895 0.019928308       0.5    0.17   0.22      0.61
434  1.00000000 0.5145895 0.019928308       0.5    0.17   0.22      0.61
435  1.00000000 0.5145895 0.019928308       0.5    0.17   0.22      0.61
436  0.15234375 0.5145895 0.019928308       0.5    0.17   0.22      0.61
437  1.00000000 0.5145895 0.019928308       0.5    0.17   0.22      0.61
438  1.00000000 0.5145895 0.019928308       0.5    0.17   0.22      0.61
439  0.06640625 0.5145895 0.019928308       0.5    0.17   0.22      0.61
440  0.12109375 0.5145895 0.019928308       0.5    0.17   0.22      0.61
441  1.00000000 0.5145895 0.019928308       0.5    0.17   0.22      0.61
442  1.00000000 0.5145895 0.019928308       0.5    0.17   0.22      0.61
443  1.00000000 0.5145895 0.019928308       0.5    0.17   0.22      0.61
444  1.00000000 0.5145895 0.019928308       0.5    0.17   0.22      0.61
445  0.09765625 0.5145895 0.019928308       0.5    0.17   0.22      0.61
446  0.08984375 0.5145895 0.019928308       0.5    0.17   0.22      0.61
447  1.00000000 0.5145895 0.019928308       0.5    0.17   0.22      0.61
448  0.17968750 0.5145895 0.019928308       0.5    0.17   0.22      0.61
449  0.11328125 0.5145895 0.019928308       0.5    0.17   0.22      0.61
450  1.00000000 0.5145895 0.019928308       0.5    0.17   0.22      0.61
451  1.00000000 0.5145895 0.019928308       0.5    0.17   0.22      0.61
452  1.00000000 0.5145895 0.019928308       0.5    0.17   0.22      0.61
453  1.00000000 0.5145895 0.019928308       0.5    0.17   0.22      0.61
454  0.04687500 0.5145895 0.019928308       0.5    0.17   0.22      0.61
455  1.00000000 0.5145895 0.019928308       0.5    0.17   0.22      0.61
456  1.00000000 0.5145895 0.019928308       0.5    0.17   0.22      0.61
457  1.00000000 0.5145895 0.019928308       0.5    0.17   0.22      0.61
458  1.00000000 0.5145895 0.019928308       0.5    0.17   0.22      0.61
459  0.14453125 0.5145895 0.019928308       0.5    0.17   0.22      0.61
460  1.00000000 0.5145895 0.019928308       0.5    0.17   0.22      0.61
461  0.19921875 0.5145895 0.019928308       0.5    0.17   0.22      0.61
462  1.00000000 0.5145895 0.019928308       0.5    0.17   0.22      0.61
463  1.00000000 0.5145895 0.019928308       0.5    0.17   0.22      0.61
464  1.00000000 0.5145895 0.019928308       0.5    0.17   0.22      0.61
465  1.00000000 0.5145895 0.019928308       0.5    0.17   0.22      0.61
466  0.04296875 0.5145895 0.019928308       0.5    0.17   0.22      0.61
467  1.00000000 0.5145895 0.019928308       0.5    0.17   0.22      0.61
468  1.00000000 0.5145895 0.019928308       0.5    0.17   0.22      0.61
469  0.34375000 0.5145895 0.019928308       0.5    0.17   0.22      0.61
470  0.14453125 0.5145895 0.019928308       0.5    0.17   0.22      0.61
471  0.21484375 0.5145895 0.019928308       0.5    0.17   0.22      0.61
472  1.00000000 0.5145895 0.019928308       0.5    0.17   0.22      0.61
473  0.01171875 0.5145895 0.019928308       0.5    0.17   0.22      0.61
474  1.00000000 0.5145895 0.019928308       0.5    0.17   0.22      0.61
475  1.00000000 0.5145895 0.019928308       0.5    0.17   0.22      0.61
476  1.00000000 0.5145895 0.019928308       0.5    0.17   0.22      0.61
477  0.27734375 0.5145895 0.019928308       0.5    0.17   0.22      0.61
478  1.00000000 0.5145895 0.019928308       0.5    0.17   0.22      0.61
479  1.00000000 0.5145895 0.019928308       0.5    0.17   0.22      0.61
480  1.00000000 0.5145895 0.019928308       0.5    0.17   0.22      0.61
481  1.00000000 0.5145895 0.019928308       0.5    0.17   0.22      0.61
482  1.00000000 0.5145895 0.019928308       0.5    0.17   0.22      0.61
483  0.05859375 0.5145895 0.019928308       0.5    0.17   0.22      0.61
484  1.00000000 0.5145895 0.019928308       0.5    0.17   0.22      0.61
485  1.00000000 0.5145895 0.019928308       0.5    0.17   0.22      0.61
486  1.00000000 0.5145895 0.019928308       0.5    0.17   0.22      0.61
487  0.14843750 0.5145895 0.019928308       0.5    0.17   0.22      0.61
488  0.07812500 0.5145895 0.019928308       0.5    0.17   0.22      0.61
489  1.00000000 0.5145895 0.019928308       0.5    0.17   0.22      0.61
490  0.11328125 0.5145895 0.019928308       0.5    0.17   0.22      0.61
491  1.00000000 0.5145895 0.019928308       0.5    0.17   0.22      0.61
492  1.00000000 0.5145895 0.019928308       0.5    0.17   0.22      0.61
493  1.00000000 0.5145895 0.019928308       0.5    0.17   0.22      0.61
494  1.00000000 0.5145895 0.019928308       0.5    0.17   0.22      0.61
495  0.23046875 0.5145895 0.019928308       0.5    0.17   0.22      0.61
496  0.06250000 0.5145895 0.019928308       0.5    0.17   0.22      0.61
497  0.18750000 0.5145895 0.019928308       0.5    0.17   0.22      0.61
498  0.08203125 0.5145895 0.019928308       0.5    0.17   0.22      0.61
499  0.10546875 0.5145895 0.019928308       0.5    0.17   0.22      0.61
500  1.00000000 0.5145895 0.019928308       0.5    0.17   0.22      0.61
501  0.50390625 0.5653902 0.014356346       0.5    0.28   0.21      0.51
502  1.00000000 0.5653902 0.014356346       0.5    0.28   0.21      0.51
503  1.00000000 0.5653902 0.014356346       0.5    0.28   0.21      0.51
504  0.05078125 0.5653902 0.014356346       0.5    0.28   0.21      0.51
505  0.28906250 0.5653902 0.014356346       0.5    0.28   0.21      0.51
506  0.18359375 0.5653902 0.014356346       0.5    0.28   0.21      0.51
507  1.00000000 0.5653902 0.014356346       0.5    0.28   0.21      0.51
508  1.00000000 0.5653902 0.014356346       0.5    0.28   0.21      0.51
509  1.00000000 0.5653902 0.014356346       0.5    0.28   0.21      0.51
510  1.00000000 0.5653902 0.014356346       0.5    0.28   0.21      0.51
511  1.00000000 0.5653902 0.014356346       0.5    0.28   0.21      0.51
512  1.00000000 0.5653902 0.014356346       0.5    0.28   0.21      0.51
513  0.05078125 0.5653902 0.014356346       0.5    0.28   0.21      0.51
514  0.06640625 0.5653902 0.014356346       0.5    0.28   0.21      0.51
515  1.00000000 0.5653902 0.014356346       0.5    0.28   0.21      0.51
516  0.07031250 0.5653902 0.014356346       0.5    0.28   0.21      0.51
517  0.15234375 0.5653902 0.014356346       0.5    0.28   0.21      0.51
518  1.00000000 0.5653902 0.014356346       0.5    0.28   0.21      0.51
519  0.18359375 0.5653902 0.014356346       0.5    0.28   0.21      0.51
520  0.08984375 0.5653902 0.014356346       0.5    0.28   0.21      0.51
521  0.04296875 0.5653902 0.014356346       0.5    0.28   0.21      0.51
522  1.00000000 0.5653902 0.014356346       0.5    0.28   0.21      0.51
523  1.00000000 0.5653902 0.014356346       0.5    0.28   0.21      0.51
524  0.40234375 0.5653902 0.014356346       0.5    0.28   0.21      0.51
525  0.27343750 0.5653902 0.014356346       0.5    0.28   0.21      0.51
526  1.00000000 0.5653902 0.014356346       0.5    0.28   0.21      0.51
527  1.00000000 0.5653902 0.014356346       0.5    0.28   0.21      0.51
528  1.00000000 0.5653902 0.014356346       0.5    0.28   0.21      0.51
529  0.02734375 0.5653902 0.014356346       0.5    0.28   0.21      0.51
530  1.00000000 0.5653902 0.014356346       0.5    0.28   0.21      0.51
531  1.00000000 0.5653902 0.014356346       0.5    0.28   0.21      0.51
532  0.06640625 0.5653902 0.014356346       0.5    0.28   0.21      0.51
533  0.07421875 0.5653902 0.014356346       0.5    0.28   0.21      0.51
534  1.00000000 0.5653902 0.014356346       0.5    0.28   0.21      0.51
535  1.00000000 0.5653902 0.014356346       0.5    0.28   0.21      0.51
536  1.00000000 0.5653902 0.014356346       0.5    0.28   0.21      0.51
537  0.05859375 0.5653902 0.014356346       0.5    0.28   0.21      0.51
538  1.00000000 0.5653902 0.014356346       0.5    0.28   0.21      0.51
539  0.10156250 0.5653902 0.014356346       0.5    0.28   0.21      0.51
540  0.05859375 0.5653902 0.014356346       0.5    0.28   0.21      0.51
541  1.00000000 0.5653902 0.014356346       0.5    0.28   0.21      0.51
542  1.00000000 0.5653902 0.014356346       0.5    0.28   0.21      0.51
543  0.07812500 0.5653902 0.014356346       0.5    0.28   0.21      0.51
544  0.05078125 0.5653902 0.014356346       0.5    0.28   0.21      0.51
545  0.02343750 0.5653902 0.014356346       0.5    0.28   0.21      0.51
546  1.00000000 0.5653902 0.014356346       0.5    0.28   0.21      0.51
547  0.02343750 0.5653902 0.014356346       0.5    0.28   0.21      0.51
548  0.06250000 0.5653902 0.014356346       0.5    0.28   0.21      0.51
549  1.00000000 0.5653902 0.014356346       0.5    0.28   0.21      0.51
550  0.05468750 0.5653902 0.014356346       0.5    0.28   0.21      0.51
551  1.00000000 0.5653902 0.014356346       0.5    0.28   0.21      0.51
552  0.09375000 0.5653902 0.014356346       0.5    0.28   0.21      0.51
553  1.00000000 0.5653902 0.014356346       0.5    0.28   0.21      0.51
554  0.22265625 0.5653902 0.014356346       0.5    0.28   0.21      0.51
555  0.07812500 0.5653902 0.014356346       0.5    0.28   0.21      0.51
556  0.08984375 0.5653902 0.014356346       0.5    0.28   0.21      0.51
557  1.00000000 0.5653902 0.014356346       0.5    0.28   0.21      0.51
558  0.26953125 0.5653902 0.014356346       0.5    0.28   0.21      0.51
559  0.05078125 0.5653902 0.014356346       0.5    0.28   0.21      0.51
560  1.00000000 0.5653902 0.014356346       0.5    0.28   0.21      0.51
561  1.00000000 0.5653902 0.014356346       0.5    0.28   0.21      0.51
562  0.08203125 0.5653902 0.014356346       0.5    0.28   0.21      0.51
563  1.00000000 0.5653902 0.014356346       0.5    0.28   0.21      0.51
564  1.00000000 0.5653902 0.014356346       0.5    0.28   0.21      0.51
565  0.16796875 0.5653902 0.014356346       0.5    0.28   0.21      0.51
566  1.00000000 0.5653902 0.014356346       0.5    0.28   0.21      0.51
567  0.06250000 0.5653902 0.014356346       0.5    0.28   0.21      0.51
568  0.11328125 0.5653902 0.014356346       0.5    0.28   0.21      0.51
569  0.08203125 0.5653902 0.014356346       0.5    0.28   0.21      0.51
570  1.00000000 0.5653902 0.014356346       0.5    0.28   0.21      0.51
571  0.21484375 0.5653902 0.014356346       0.5    0.28   0.21      0.51
572  1.00000000 0.5653902 0.014356346       0.5    0.28   0.21      0.51
573  1.00000000 0.5653902 0.014356346       0.5    0.28   0.21      0.51
574  1.00000000 0.5653902 0.014356346       0.5    0.28   0.21      0.51
575  0.07812500 0.5653902 0.014356346       0.5    0.28   0.21      0.51
576  1.00000000 0.5653902 0.014356346       0.5    0.28   0.21      0.51
577  0.51171875 0.5653902 0.014356346       0.5    0.28   0.21      0.51
578  1.00000000 0.5653902 0.014356346       0.5    0.28   0.21      0.51
579  1.00000000 0.5653902 0.014356346       0.5    0.28   0.21      0.51
580  1.00000000 0.5653902 0.014356346       0.5    0.28   0.21      0.51
581  0.05859375 0.5653902 0.014356346       0.5    0.28   0.21      0.51
582  1.00000000 0.5653902 0.014356346       0.5    0.28   0.21      0.51
583  1.00000000 0.5653902 0.014356346       0.5    0.28   0.21      0.51
584  1.00000000 0.5653902 0.014356346       0.5    0.28   0.21      0.51
585  1.00000000 0.5653902 0.014356346       0.5    0.28   0.21      0.51
586  0.04296875 0.5653902 0.014356346       0.5    0.28   0.21      0.51
587  0.14843750 0.5653902 0.014356346       0.5    0.28   0.21      0.51
588  0.16796875 0.5653902 0.014356346       0.5    0.28   0.21      0.51
589  1.00000000 0.5653902 0.014356346       0.5    0.28   0.21      0.51
590  0.06250000 0.5653902 0.014356346       0.5    0.28   0.21      0.51
591  0.11328125 0.5653902 0.014356346       0.5    0.28   0.21      0.51
592  1.00000000 0.5653902 0.014356346       0.5    0.28   0.21      0.51
593  0.26562500 0.5653902 0.014356346       0.5    0.28   0.21      0.51
594  0.05859375 0.5653902 0.014356346       0.5    0.28   0.21      0.51
595  1.00000000 0.5653902 0.014356346       0.5    0.28   0.21      0.51
596  0.01171875 0.5653902 0.014356346       0.5    0.28   0.21      0.51
597  1.00000000 0.5653902 0.014356346       0.5    0.28   0.21      0.51
598  1.00000000 0.5653902 0.014356346       0.5    0.28   0.21      0.51
599  0.10546875 0.5653902 0.014356346       0.5    0.28   0.21      0.51
600  1.00000000 0.5653902 0.014356346       0.5    0.28   0.21      0.51
601  0.08984375 0.6757751 0.012336910       0.5    0.24   0.10      0.66
602  1.00000000 0.6757751 0.012336910       0.5    0.24   0.10      0.66
603  0.02343750 0.6757751 0.012336910       0.5    0.24   0.10      0.66
604  1.00000000 0.6757751 0.012336910       0.5    0.24   0.10      0.66
605  1.00000000 0.6757751 0.012336910       0.5    0.24   0.10      0.66
606  0.04296875 0.6757751 0.012336910       0.5    0.24   0.10      0.66
607  1.00000000 0.6757751 0.012336910       0.5    0.24   0.10      0.66
608  0.02734375 0.6757751 0.012336910       0.5    0.24   0.10      0.66
609  0.03125000 0.6757751 0.012336910       0.5    0.24   0.10      0.66
610  1.00000000 0.6757751 0.012336910       0.5    0.24   0.10      0.66
611  0.05468750 0.6757751 0.012336910       0.5    0.24   0.10      0.66
612  0.05859375 0.6757751 0.012336910       0.5    0.24   0.10      0.66
613  1.00000000 0.6757751 0.012336910       0.5    0.24   0.10      0.66
614  1.00000000 0.6757751 0.012336910       0.5    0.24   0.10      0.66
615  0.13671875 0.6757751 0.012336910       0.5    0.24   0.10      0.66
616  1.00000000 0.6757751 0.012336910       0.5    0.24   0.10      0.66
617  1.00000000 0.6757751 0.012336910       0.5    0.24   0.10      0.66
618  1.00000000 0.6757751 0.012336910       0.5    0.24   0.10      0.66
619  1.00000000 0.6757751 0.012336910       0.5    0.24   0.10      0.66
620  1.00000000 0.6757751 0.012336910       0.5    0.24   0.10      0.66
621  0.12109375 0.6757751 0.012336910       0.5    0.24   0.10      0.66
622  1.00000000 0.6757751 0.012336910       0.5    0.24   0.10      0.66
623  0.01562500 0.6757751 0.012336910       0.5    0.24   0.10      0.66
624  1.00000000 0.6757751 0.012336910       0.5    0.24   0.10      0.66
625  1.00000000 0.6757751 0.012336910       0.5    0.24   0.10      0.66
626  0.10156250 0.6757751 0.012336910       0.5    0.24   0.10      0.66
627  0.04687500 0.6757751 0.012336910       0.5    0.24   0.10      0.66
628  1.00000000 0.6757751 0.012336910       0.5    0.24   0.10      0.66
629  1.00000000 0.6757751 0.012336910       0.5    0.24   0.10      0.66
630  1.00000000 0.6757751 0.012336910       0.5    0.24   0.10      0.66
631  0.02343750 0.6757751 0.012336910       0.5    0.24   0.10      0.66
632  1.00000000 0.6757751 0.012336910       0.5    0.24   0.10      0.66
633  1.00000000 0.6757751 0.012336910       0.5    0.24   0.10      0.66
634  0.03906250 0.6757751 0.012336910       0.5    0.24   0.10      0.66
635  1.00000000 0.6757751 0.012336910       0.5    0.24   0.10      0.66
636  0.08203125 0.6757751 0.012336910       0.5    0.24   0.10      0.66
637  0.07031250 0.6757751 0.012336910       0.5    0.24   0.10      0.66
638  0.07421875 0.6757751 0.012336910       0.5    0.24   0.10      0.66
639  1.00000000 0.6757751 0.012336910       0.5    0.24   0.10      0.66
640  0.04296875 0.6757751 0.012336910       0.5    0.24   0.10      0.66
641  1.00000000 0.6757751 0.012336910       0.5    0.24   0.10      0.66
642  1.00000000 0.6757751 0.012336910       0.5    0.24   0.10      0.66
643  0.04687500 0.6757751 0.012336910       0.5    0.24   0.10      0.66
644  1.00000000 0.6757751 0.012336910       0.5    0.24   0.10      0.66
645  0.05859375 0.6757751 0.012336910       0.5    0.24   0.10      0.66
646  0.02343750 0.6757751 0.012336910       0.5    0.24   0.10      0.66
647  1.00000000 0.6757751 0.012336910       0.5    0.24   0.10      0.66
648  1.00000000 0.6757751 0.012336910       0.5    0.24   0.10      0.66
649  0.04296875 0.6757751 0.012336910       0.5    0.24   0.10      0.66
650  1.00000000 0.6757751 0.012336910       0.5    0.24   0.10      0.66
651  1.00000000 0.6757751 0.012336910       0.5    0.24   0.10      0.66
652  1.00000000 0.6757751 0.012336910       0.5    0.24   0.10      0.66
653  1.00000000 0.6757751 0.012336910       0.5    0.24   0.10      0.66
654  1.00000000 0.6757751 0.012336910       0.5    0.24   0.10      0.66
655  1.00000000 0.6757751 0.012336910       0.5    0.24   0.10      0.66
656  0.05468750 0.6757751 0.012336910       0.5    0.24   0.10      0.66
657  0.15625000 0.6757751 0.012336910       0.5    0.24   0.10      0.66
658  1.00000000 0.6757751 0.012336910       0.5    0.24   0.10      0.66
659  0.09765625 0.6757751 0.012336910       0.5    0.24   0.10      0.66
660  1.00000000 0.6757751 0.012336910       0.5    0.24   0.10      0.66
661  1.00000000 0.6757751 0.012336910       0.5    0.24   0.10      0.66
662  1.00000000 0.6757751 0.012336910       0.5    0.24   0.10      0.66
663  1.00000000 0.6757751 0.012336910       0.5    0.24   0.10      0.66
664  1.00000000 0.6757751 0.012336910       0.5    0.24   0.10      0.66
665  1.00000000 0.6757751 0.012336910       0.5    0.24   0.10      0.66
666  1.00000000 0.6757751 0.012336910       0.5    0.24   0.10      0.66
667  1.00000000 0.6757751 0.012336910       0.5    0.24   0.10      0.66
668  0.26171875 0.6757751 0.012336910       0.5    0.24   0.10      0.66
669  0.02343750 0.6757751 0.012336910       0.5    0.24   0.10      0.66
670  1.00000000 0.6757751 0.012336910       0.5    0.24   0.10      0.66
671  0.04687500 0.6757751 0.012336910       0.5    0.24   0.10      0.66
672  1.00000000 0.6757751 0.012336910       0.5    0.24   0.10      0.66
673  1.00000000 0.6757751 0.012336910       0.5    0.24   0.10      0.66
674  1.00000000 0.6757751 0.012336910       0.5    0.24   0.10      0.66
675  1.00000000 0.6757751 0.012336910       0.5    0.24   0.10      0.66
676  1.00000000 0.6757751 0.012336910       0.5    0.24   0.10      0.66
677  1.00000000 0.6757751 0.012336910       0.5    0.24   0.10      0.66
678  1.00000000 0.6757751 0.012336910       0.5    0.24   0.10      0.66
679  1.00000000 0.6757751 0.012336910       0.5    0.24   0.10      0.66
680  1.00000000 0.6757751 0.012336910       0.5    0.24   0.10      0.66
681  1.00000000 0.6757751 0.012336910       0.5    0.24   0.10      0.66
682  1.00000000 0.6757751 0.012336910       0.5    0.24   0.10      0.66
683  0.13671875 0.6757751 0.012336910       0.5    0.24   0.10      0.66
684  1.00000000 0.6757751 0.012336910       0.5    0.24   0.10      0.66
685  0.28906250 0.6757751 0.012336910       0.5    0.24   0.10      0.66
686  0.06250000 0.6757751 0.012336910       0.5    0.24   0.10      0.66
687  1.00000000 0.6757751 0.012336910       0.5    0.24   0.10      0.66
688  1.00000000 0.6757751 0.012336910       0.5    0.24   0.10      0.66
689  1.00000000 0.6757751 0.012336910       0.5    0.24   0.10      0.66
690  1.00000000 0.6757751 0.012336910       0.5    0.24   0.10      0.66
691  0.04296875 0.6757751 0.012336910       0.5    0.24   0.10      0.66
692  1.00000000 0.6757751 0.012336910       0.5    0.24   0.10      0.66
693  0.03125000 0.6757751 0.012336910       0.5    0.24   0.10      0.66
694  1.00000000 0.6757751 0.012336910       0.5    0.24   0.10      0.66
695  0.26171875 0.6757751 0.012336910       0.5    0.24   0.10      0.66
696  1.00000000 0.6757751 0.012336910       0.5    0.24   0.10      0.66
697  1.00000000 0.6757751 0.012336910       0.5    0.24   0.10      0.66
698  1.00000000 0.6757751 0.012336910       0.5    0.24   0.10      0.66
699  1.00000000 0.6757751 0.012336910       0.5    0.24   0.10      0.66
700  1.00000000 0.6757751 0.012336910       0.5    0.24   0.10      0.66
701  0.25781250 0.5375813 0.041278921       0.5    0.11   0.29      0.60
702  1.00000000 0.5375813 0.041278921       0.5    0.11   0.29      0.60
703  0.26953125 0.5375813 0.041278921       0.5    0.11   0.29      0.60
704  0.50781250 0.5375813 0.041278921       0.5    0.11   0.29      0.60
705  0.12890625 0.5375813 0.041278921       0.5    0.11   0.29      0.60
706  1.00000000 0.5375813 0.041278921       0.5    0.11   0.29      0.60
707  1.00000000 0.5375813 0.041278921       0.5    0.11   0.29      0.60
708  0.20703125 0.5375813 0.041278921       0.5    0.11   0.29      0.60
709  0.21484375 0.5375813 0.041278921       0.5    0.11   0.29      0.60
710  1.00000000 0.5375813 0.041278921       0.5    0.11   0.29      0.60
711  0.20703125 0.5375813 0.041278921       0.5    0.11   0.29      0.60
712  1.00000000 0.5375813 0.041278921       0.5    0.11   0.29      0.60
713  1.00000000 0.5375813 0.041278921       0.5    0.11   0.29      0.60
714  1.00000000 0.5375813 0.041278921       0.5    0.11   0.29      0.60
715  1.00000000 0.5375813 0.041278921       0.5    0.11   0.29      0.60
716  1.00000000 0.5375813 0.041278921       0.5    0.11   0.29      0.60
717  0.32421875 0.5375813 0.041278921       0.5    0.11   0.29      0.60
718  1.00000000 0.5375813 0.041278921       0.5    0.11   0.29      0.60
719  1.00000000 0.5375813 0.041278921       0.5    0.11   0.29      0.60
720  0.21875000 0.5375813 0.041278921       0.5    0.11   0.29      0.60
721  0.33203125 0.5375813 0.041278921       0.5    0.11   0.29      0.60
722  1.00000000 0.5375813 0.041278921       0.5    0.11   0.29      0.60
723  0.05078125 0.5375813 0.041278921       0.5    0.11   0.29      0.60
724  0.37890625 0.5375813 0.041278921       0.5    0.11   0.29      0.60
725  0.26562500 0.5375813 0.041278921       0.5    0.11   0.29      0.60
726  1.00000000 0.5375813 0.041278921       0.5    0.11   0.29      0.60
727  1.00000000 0.5375813 0.041278921       0.5    0.11   0.29      0.60
728  0.25390625 0.5375813 0.041278921       0.5    0.11   0.29      0.60
729  1.00000000 0.5375813 0.041278921       0.5    0.11   0.29      0.60
730  1.00000000 0.5375813 0.041278921       0.5    0.11   0.29      0.60
731  1.00000000 0.5375813 0.041278921       0.5    0.11   0.29      0.60
732  1.00000000 0.5375813 0.041278921       0.5    0.11   0.29      0.60
733  1.00000000 0.5375813 0.041278921       0.5    0.11   0.29      0.60
734  1.00000000 0.5375813 0.041278921       0.5    0.11   0.29      0.60
735  1.00000000 0.5375813 0.041278921       0.5    0.11   0.29      0.60
736  0.12500000 0.5375813 0.041278921       0.5    0.11   0.29      0.60
737  0.14843750 0.5375813 0.041278921       0.5    0.11   0.29      0.60
738  0.20703125 0.5375813 0.041278921       0.5    0.11   0.29      0.60
739  0.34375000 0.5375813 0.041278921       0.5    0.11   0.29      0.60
740  1.00000000 0.5375813 0.041278921       0.5    0.11   0.29      0.60
741  0.19921875 0.5375813 0.041278921       0.5    0.11   0.29      0.60
742  1.00000000 0.5375813 0.041278921       0.5    0.11   0.29      0.60
743  1.00000000 0.5375813 0.041278921       0.5    0.11   0.29      0.60
744  0.32421875 0.5375813 0.041278921       0.5    0.11   0.29      0.60
745  1.00000000 0.5375813 0.041278921       0.5    0.11   0.29      0.60
746  0.19531250 0.5375813 0.041278921       0.5    0.11   0.29      0.60
747  0.36328125 0.5375813 0.041278921       0.5    0.11   0.29      0.60
748  1.00000000 0.5375813 0.041278921       0.5    0.11   0.29      0.60
749  0.42187500 0.5375813 0.041278921       0.5    0.11   0.29      0.60
750  1.00000000 0.5375813 0.041278921       0.5    0.11   0.29      0.60
751  0.34375000 0.5375813 0.041278921       0.5    0.11   0.29      0.60
752  1.00000000 0.5375813 0.041278921       0.5    0.11   0.29      0.60
753  1.00000000 0.5375813 0.041278921       0.5    0.11   0.29      0.60
754  1.00000000 0.5375813 0.041278921       0.5    0.11   0.29      0.60
755  1.00000000 0.5375813 0.041278921       0.5    0.11   0.29      0.60
756  1.00000000 0.5375813 0.041278921       0.5    0.11   0.29      0.60
757  1.00000000 0.5375813 0.041278921       0.5    0.11   0.29      0.60
758  1.00000000 0.5375813 0.041278921       0.5    0.11   0.29      0.60
759  1.00000000 0.5375813 0.041278921       0.5    0.11   0.29      0.60
760  1.00000000 0.5375813 0.041278921       0.5    0.11   0.29      0.60
761  0.25781250 0.5375813 0.041278921       0.5    0.11   0.29      0.60
762  1.00000000 0.5375813 0.041278921       0.5    0.11   0.29      0.60
763  1.00000000 0.5375813 0.041278921       0.5    0.11   0.29      0.60
764  0.08203125 0.5375813 0.041278921       0.5    0.11   0.29      0.60
765  1.00000000 0.5375813 0.041278921       0.5    0.11   0.29      0.60
766  1.00000000 0.5375813 0.041278921       0.5    0.11   0.29      0.60
767  1.00000000 0.5375813 0.041278921       0.5    0.11   0.29      0.60
768  1.00000000 0.5375813 0.041278921       0.5    0.11   0.29      0.60
769  1.00000000 0.5375813 0.041278921       0.5    0.11   0.29      0.60
770  0.28906250 0.5375813 0.041278921       0.5    0.11   0.29      0.60
771  0.17578125 0.5375813 0.041278921       0.5    0.11   0.29      0.60
772  1.00000000 0.5375813 0.041278921       0.5    0.11   0.29      0.60
773  0.16015625 0.5375813 0.041278921       0.5    0.11   0.29      0.60
774  0.27343750 0.5375813 0.041278921       0.5    0.11   0.29      0.60
775  0.55859375 0.5375813 0.041278921       0.5    0.11   0.29      0.60
776  1.00000000 0.5375813 0.041278921       0.5    0.11   0.29      0.60
777  1.00000000 0.5375813 0.041278921       0.5    0.11   0.29      0.60
778  1.00000000 0.5375813 0.041278921       0.5    0.11   0.29      0.60
779  1.00000000 0.5375813 0.041278921       0.5    0.11   0.29      0.60
780  1.00000000 0.5375813 0.041278921       0.5    0.11   0.29      0.60
781  1.00000000 0.5375813 0.041278921       0.5    0.11   0.29      0.60
782  1.00000000 0.5375813 0.041278921       0.5    0.11   0.29      0.60
783  0.34375000 0.5375813 0.041278921       0.5    0.11   0.29      0.60
784  0.19921875 0.5375813 0.041278921       0.5    0.11   0.29      0.60
785  0.66015625 0.5375813 0.041278921       0.5    0.11   0.29      0.60
786  1.00000000 0.5375813 0.041278921       0.5    0.11   0.29      0.60
787  1.00000000 0.5375813 0.041278921       0.5    0.11   0.29      0.60
788  0.16015625 0.5375813 0.041278921       0.5    0.11   0.29      0.60
789  0.40625000 0.5375813 0.041278921       0.5    0.11   0.29      0.60
790  1.00000000 0.5375813 0.041278921       0.5    0.11   0.29      0.60
791  1.00000000 0.5375813 0.041278921       0.5    0.11   0.29      0.60
792  0.15625000 0.5375813 0.041278921       0.5    0.11   0.29      0.60
793  1.00000000 0.5375813 0.041278921       0.5    0.11   0.29      0.60
794  0.71875000 0.5375813 0.041278921       0.5    0.11   0.29      0.60
795  1.00000000 0.5375813 0.041278921       0.5    0.11   0.29      0.60
796  0.21484375 0.5375813 0.041278921       0.5    0.11   0.29      0.60
797  1.00000000 0.5375813 0.041278921       0.5    0.11   0.29      0.60
798  0.19140625 0.5375813 0.041278921       0.5    0.11   0.29      0.60
799  0.64062500 0.5375813 0.041278921       0.5    0.11   0.29      0.60
800  1.00000000 0.5375813 0.041278921       0.5    0.11   0.29      0.60
801  1.00000000 0.6552971 0.053640616       0.5    0.05   0.30      0.65
802  1.00000000 0.6552971 0.053640616       0.5    0.05   0.30      0.65
803  1.00000000 0.6552971 0.053640616       0.5    0.05   0.30      0.65
804  0.29687500 0.6552971 0.053640616       0.5    0.05   0.30      0.65
805  1.00000000 0.6552971 0.053640616       0.5    0.05   0.30      0.65
806  1.00000000 0.6552971 0.053640616       0.5    0.05   0.30      0.65
807  0.40234375 0.6552971 0.053640616       0.5    0.05   0.30      0.65
808  1.00000000 0.6552971 0.053640616       0.5    0.05   0.30      0.65
809  0.41796875 0.6552971 0.053640616       0.5    0.05   0.30      0.65
810  0.24609375 0.6552971 0.053640616       0.5    0.05   0.30      0.65
811  0.26171875 0.6552971 0.053640616       0.5    0.05   0.30      0.65
812  1.00000000 0.6552971 0.053640616       0.5    0.05   0.30      0.65
813  0.36328125 0.6552971 0.053640616       0.5    0.05   0.30      0.65
814  1.00000000 0.6552971 0.053640616       0.5    0.05   0.30      0.65
815  1.00000000 0.6552971 0.053640616       0.5    0.05   0.30      0.65
816  0.25781250 0.6552971 0.053640616       0.5    0.05   0.30      0.65
817  1.00000000 0.6552971 0.053640616       0.5    0.05   0.30      0.65
818  0.21875000 0.6552971 0.053640616       0.5    0.05   0.30      0.65
819  1.00000000 0.6552971 0.053640616       0.5    0.05   0.30      0.65
820  1.00000000 0.6552971 0.053640616       0.5    0.05   0.30      0.65
821  1.00000000 0.6552971 0.053640616       0.5    0.05   0.30      0.65
822  0.32421875 0.6552971 0.053640616       0.5    0.05   0.30      0.65
823  1.00000000 0.6552971 0.053640616       0.5    0.05   0.30      0.65
824  1.00000000 0.6552971 0.053640616       0.5    0.05   0.30      0.65
825  1.00000000 0.6552971 0.053640616       0.5    0.05   0.30      0.65
826  1.00000000 0.6552971 0.053640616       0.5    0.05   0.30      0.65
827  1.00000000 0.6552971 0.053640616       0.5    0.05   0.30      0.65
828  0.49218750 0.6552971 0.053640616       0.5    0.05   0.30      0.65
829  1.00000000 0.6552971 0.053640616       0.5    0.05   0.30      0.65
830  0.51562500 0.6552971 0.053640616       0.5    0.05   0.30      0.65
831  1.00000000 0.6552971 0.053640616       0.5    0.05   0.30      0.65
832  1.00000000 0.6552971 0.053640616       0.5    0.05   0.30      0.65
833  0.45312500 0.6552971 0.053640616       0.5    0.05   0.30      0.65
834  1.00000000 0.6552971 0.053640616       0.5    0.05   0.30      0.65
835  0.67187500 0.6552971 0.053640616       0.5    0.05   0.30      0.65
836  1.00000000 0.6552971 0.053640616       0.5    0.05   0.30      0.65
837  1.00000000 0.6552971 0.053640616       0.5    0.05   0.30      0.65
838  0.17968750 0.6552971 0.053640616       0.5    0.05   0.30      0.65
839  1.00000000 0.6552971 0.053640616       0.5    0.05   0.30      0.65
840  1.00000000 0.6552971 0.053640616       0.5    0.05   0.30      0.65
841  1.00000000 0.6552971 0.053640616       0.5    0.05   0.30      0.65
842  1.00000000 0.6552971 0.053640616       0.5    0.05   0.30      0.65
843  1.00000000 0.6552971 0.053640616       0.5    0.05   0.30      0.65
844  0.47265625 0.6552971 0.053640616       0.5    0.05   0.30      0.65
845  1.00000000 0.6552971 0.053640616       0.5    0.05   0.30      0.65
846  1.00000000 0.6552971 0.053640616       0.5    0.05   0.30      0.65
847  1.00000000 0.6552971 0.053640616       0.5    0.05   0.30      0.65
848  0.18359375 0.6552971 0.053640616       0.5    0.05   0.30      0.65
849  1.00000000 0.6552971 0.053640616       0.5    0.05   0.30      0.65
850  0.36718750 0.6552971 0.053640616       0.5    0.05   0.30      0.65
851  1.00000000 0.6552971 0.053640616       0.5    0.05   0.30      0.65
852  1.00000000 0.6552971 0.053640616       0.5    0.05   0.30      0.65
853  0.21875000 0.6552971 0.053640616       0.5    0.05   0.30      0.65
854  0.26562500 0.6552971 0.053640616       0.5    0.05   0.30      0.65
855  1.00000000 0.6552971 0.053640616       0.5    0.05   0.30      0.65
856  1.00000000 0.6552971 0.053640616       0.5    0.05   0.30      0.65
857  1.00000000 0.6552971 0.053640616       0.5    0.05   0.30      0.65
858  0.76953125 0.6552971 0.053640616       0.5    0.05   0.30      0.65
859  1.00000000 0.6552971 0.053640616       0.5    0.05   0.30      0.65
860  0.40234375 0.6552971 0.053640616       0.5    0.05   0.30      0.65
861  1.00000000 0.6552971 0.053640616       0.5    0.05   0.30      0.65
862  0.40234375 0.6552971 0.053640616       0.5    0.05   0.30      0.65
863  1.00000000 0.6552971 0.053640616       0.5    0.05   0.30      0.65
864  1.00000000 0.6552971 0.053640616       0.5    0.05   0.30      0.65
865  0.42578125 0.6552971 0.053640616       0.5    0.05   0.30      0.65
866  1.00000000 0.6552971 0.053640616       0.5    0.05   0.30      0.65
867  1.00000000 0.6552971 0.053640616       0.5    0.05   0.30      0.65
868  0.37500000 0.6552971 0.053640616       0.5    0.05   0.30      0.65
869  0.35546875 0.6552971 0.053640616       0.5    0.05   0.30      0.65
870  0.73437500 0.6552971 0.053640616       0.5    0.05   0.30      0.65
871  0.31250000 0.6552971 0.053640616       0.5    0.05   0.30      0.65
872  0.32421875 0.6552971 0.053640616       0.5    0.05   0.30      0.65
873  1.00000000 0.6552971 0.053640616       0.5    0.05   0.30      0.65
874  0.37890625 0.6552971 0.053640616       0.5    0.05   0.30      0.65
875  1.00000000 0.6552971 0.053640616       0.5    0.05   0.30      0.65
876  0.57421875 0.6552971 0.053640616       0.5    0.05   0.30      0.65
877  1.00000000 0.6552971 0.053640616       0.5    0.05   0.30      0.65
878  1.00000000 0.6552971 0.053640616       0.5    0.05   0.30      0.65
879  1.00000000 0.6552971 0.053640616       0.5    0.05   0.30      0.65
880  1.00000000 0.6552971 0.053640616       0.5    0.05   0.30      0.65
881  0.61718750 0.6552971 0.053640616       0.5    0.05   0.30      0.65
882  0.25390625 0.6552971 0.053640616       0.5    0.05   0.30      0.65
883  0.24609375 0.6552971 0.053640616       0.5    0.05   0.30      0.65
884  1.00000000 0.6552971 0.053640616       0.5    0.05   0.30      0.65
885  1.00000000 0.6552971 0.053640616       0.5    0.05   0.30      0.65
886  1.00000000 0.6552971 0.053640616       0.5    0.05   0.30      0.65
887  0.18359375 0.6552971 0.053640616       0.5    0.05   0.30      0.65
888  1.00000000 0.6552971 0.053640616       0.5    0.05   0.30      0.65
889  1.00000000 0.6552971 0.053640616       0.5    0.05   0.30      0.65
890  1.00000000 0.6552971 0.053640616       0.5    0.05   0.30      0.65
891  0.23046875 0.6552971 0.053640616       0.5    0.05   0.30      0.65
892  1.00000000 0.6552971 0.053640616       0.5    0.05   0.30      0.65
893  1.00000000 0.6552971 0.053640616       0.5    0.05   0.30      0.65
894  1.00000000 0.6552971 0.053640616       0.5    0.05   0.30      0.65
895  1.00000000 0.6552971 0.053640616       0.5    0.05   0.30      0.65
896  1.00000000 0.6552971 0.053640616       0.5    0.05   0.30      0.65
897  1.00000000 0.6552971 0.053640616       0.5    0.05   0.30      0.65
898  1.00000000 0.6552971 0.053640616       0.5    0.05   0.30      0.65
899  1.00000000 0.6552971 0.053640616       0.5    0.05   0.30      0.65
900  1.00000000 0.6552971 0.053640616       0.5    0.05   0.30      0.65
901  1.00000000 0.5920369 0.045002313       0.5    0.12   0.32      0.56
902  1.00000000 0.5920369 0.045002313       0.5    0.12   0.32      0.56
903  1.00000000 0.5920369 0.045002313       0.5    0.12   0.32      0.56
904  1.00000000 0.5920369 0.045002313       0.5    0.12   0.32      0.56
905  0.16406250 0.5920369 0.045002313       0.5    0.12   0.32      0.56
906  0.14453125 0.5920369 0.045002313       0.5    0.12   0.32      0.56
907  0.21875000 0.5920369 0.045002313       0.5    0.12   0.32      0.56
908  0.19921875 0.5920369 0.045002313       0.5    0.12   0.32      0.56
909  0.35937500 0.5920369 0.045002313       0.5    0.12   0.32      0.56
910  1.00000000 0.5920369 0.045002313       0.5    0.12   0.32      0.56
911  1.00000000 0.5920369 0.045002313       0.5    0.12   0.32      0.56
912  1.00000000 0.5920369 0.045002313       0.5    0.12   0.32      0.56
913  0.15234375 0.5920369 0.045002313       0.5    0.12   0.32      0.56
914  1.00000000 0.5920369 0.045002313       0.5    0.12   0.32      0.56
915  1.00000000 0.5920369 0.045002313       0.5    0.12   0.32      0.56
916  1.00000000 0.5920369 0.045002313       0.5    0.12   0.32      0.56
917  1.00000000 0.5920369 0.045002313       0.5    0.12   0.32      0.56
918  1.00000000 0.5920369 0.045002313       0.5    0.12   0.32      0.56
919  0.21093750 0.5920369 0.045002313       0.5    0.12   0.32      0.56
920  0.16406250 0.5920369 0.045002313       0.5    0.12   0.32      0.56
921  1.00000000 0.5920369 0.045002313       0.5    0.12   0.32      0.56
922  0.20703125 0.5920369 0.045002313       0.5    0.12   0.32      0.56
923  1.00000000 0.5920369 0.045002313       0.5    0.12   0.32      0.56
924  0.25390625 0.5920369 0.045002313       0.5    0.12   0.32      0.56
925  1.00000000 0.5920369 0.045002313       0.5    0.12   0.32      0.56
926  0.56640625 0.5920369 0.045002313       0.5    0.12   0.32      0.56
927  1.00000000 0.5920369 0.045002313       0.5    0.12   0.32      0.56
928  1.00000000 0.5920369 0.045002313       0.5    0.12   0.32      0.56
929  0.23437500 0.5920369 0.045002313       0.5    0.12   0.32      0.56
930  0.55078125 0.5920369 0.045002313       0.5    0.12   0.32      0.56
931  1.00000000 0.5920369 0.045002313       0.5    0.12   0.32      0.56
932  1.00000000 0.5920369 0.045002313       0.5    0.12   0.32      0.56
933  0.18359375 0.5920369 0.045002313       0.5    0.12   0.32      0.56
934  0.46484375 0.5920369 0.045002313       0.5    0.12   0.32      0.56
935  1.00000000 0.5920369 0.045002313       0.5    0.12   0.32      0.56
936  1.00000000 0.5920369 0.045002313       0.5    0.12   0.32      0.56
937  0.23046875 0.5920369 0.045002313       0.5    0.12   0.32      0.56
938  1.00000000 0.5920369 0.045002313       0.5    0.12   0.32      0.56
939  1.00000000 0.5920369 0.045002313       0.5    0.12   0.32      0.56
940  1.00000000 0.5920369 0.045002313       0.5    0.12   0.32      0.56
941  0.22265625 0.5920369 0.045002313       0.5    0.12   0.32      0.56
942  1.00000000 0.5920369 0.045002313       0.5    0.12   0.32      0.56
943  0.20312500 0.5920369 0.045002313       0.5    0.12   0.32      0.56
944  1.00000000 0.5920369 0.045002313       0.5    0.12   0.32      0.56
945  1.00000000 0.5920369 0.045002313       0.5    0.12   0.32      0.56
946  1.00000000 0.5920369 0.045002313       0.5    0.12   0.32      0.56
947  1.00000000 0.5920369 0.045002313       0.5    0.12   0.32      0.56
948  1.00000000 0.5920369 0.045002313       0.5    0.12   0.32      0.56
949  0.23437500 0.5920369 0.045002313       0.5    0.12   0.32      0.56
950  1.00000000 0.5920369 0.045002313       0.5    0.12   0.32      0.56
951  0.21484375 0.5920369 0.045002313       0.5    0.12   0.32      0.56
952  0.61328125 0.5920369 0.045002313       0.5    0.12   0.32      0.56
953  0.30859375 0.5920369 0.045002313       0.5    0.12   0.32      0.56
954  1.00000000 0.5920369 0.045002313       0.5    0.12   0.32      0.56
955  0.23437500 0.5920369 0.045002313       0.5    0.12   0.32      0.56
956  0.38671875 0.5920369 0.045002313       0.5    0.12   0.32      0.56
957  0.29296875 0.5920369 0.045002313       0.5    0.12   0.32      0.56
958  0.20312500 0.5920369 0.045002313       0.5    0.12   0.32      0.56
959  1.00000000 0.5920369 0.045002313       0.5    0.12   0.32      0.56
960  0.28906250 0.5920369 0.045002313       0.5    0.12   0.32      0.56
961  1.00000000 0.5920369 0.045002313       0.5    0.12   0.32      0.56
962  0.10937500 0.5920369 0.045002313       0.5    0.12   0.32      0.56
963  1.00000000 0.5920369 0.045002313       0.5    0.12   0.32      0.56
964  0.19921875 0.5920369 0.045002313       0.5    0.12   0.32      0.56
965  0.31250000 0.5920369 0.045002313       0.5    0.12   0.32      0.56
966  0.15234375 0.5920369 0.045002313       0.5    0.12   0.32      0.56
967  0.33593750 0.5920369 0.045002313       0.5    0.12   0.32      0.56
968  1.00000000 0.5920369 0.045002313       0.5    0.12   0.32      0.56
969  0.12500000 0.5920369 0.045002313       0.5    0.12   0.32      0.56
970  1.00000000 0.5920369 0.045002313       0.5    0.12   0.32      0.56
971  1.00000000 0.5920369 0.045002313       0.5    0.12   0.32      0.56
972  1.00000000 0.5920369 0.045002313       0.5    0.12   0.32      0.56
973  0.36718750 0.5920369 0.045002313       0.5    0.12   0.32      0.56
974  0.29687500 0.5920369 0.045002313       0.5    0.12   0.32      0.56
975  1.00000000 0.5920369 0.045002313       0.5    0.12   0.32      0.56
976  1.00000000 0.5920369 0.045002313       0.5    0.12   0.32      0.56
977  0.16406250 0.5920369 0.045002313       0.5    0.12   0.32      0.56
978  1.00000000 0.5920369 0.045002313       0.5    0.12   0.32      0.56
979  1.00000000 0.5920369 0.045002313       0.5    0.12   0.32      0.56
980  1.00000000 0.5920369 0.045002313       0.5    0.12   0.32      0.56
981  0.12890625 0.5920369 0.045002313       0.5    0.12   0.32      0.56
982  1.00000000 0.5920369 0.045002313       0.5    0.12   0.32      0.56
983  0.53125000 0.5920369 0.045002313       0.5    0.12   0.32      0.56
984  1.00000000 0.5920369 0.045002313       0.5    0.12   0.32      0.56
985  1.00000000 0.5920369 0.045002313       0.5    0.12   0.32      0.56
986  0.31250000 0.5920369 0.045002313       0.5    0.12   0.32      0.56
987  0.26953125 0.5920369 0.045002313       0.5    0.12   0.32      0.56
988  1.00000000 0.5920369 0.045002313       0.5    0.12   0.32      0.56
989  1.00000000 0.5920369 0.045002313       0.5    0.12   0.32      0.56
990  1.00000000 0.5920369 0.045002313       0.5    0.12   0.32      0.56
991  1.00000000 0.5920369 0.045002313       0.5    0.12   0.32      0.56
992  0.19531250 0.5920369 0.045002313       0.5    0.12   0.32      0.56
993  1.00000000 0.5920369 0.045002313       0.5    0.12   0.32      0.56
994  0.12890625 0.5920369 0.045002313       0.5    0.12   0.32      0.56
995  0.49218750 0.5920369 0.045002313       0.5    0.12   0.32      0.56
996  1.00000000 0.5920369 0.045002313       0.5    0.12   0.32      0.56
997  0.23046875 0.5920369 0.045002313       0.5    0.12   0.32      0.56
998  1.00000000 0.5920369 0.045002313       0.5    0.12   0.32      0.56
999  1.00000000 0.5920369 0.045002313       0.5    0.12   0.32      0.56
1000 0.26562500 0.5920369 0.045002313       0.5    0.12   0.32      0.56
