      prop.aneu prob.meio   prob.mito dispersal euploid mosaic aneuploid
1    1.00000000 0.4325861 0.025434015       0.5    0.29   0.27      0.44
2    1.00000000 0.4325861 0.025434015       0.5    0.29   0.27      0.44
3    0.12109375 0.4325861 0.025434015       0.5    0.29   0.27      0.44
4    0.08203125 0.4325861 0.025434015       0.5    0.29   0.27      0.44
5    1.00000000 0.4325861 0.025434015       0.5    0.29   0.27      0.44
6    0.30078125 0.4325861 0.025434015       0.5    0.29   0.27      0.44
7    0.18359375 0.4325861 0.025434015       0.5    0.29   0.27      0.44
8    1.00000000 0.4325861 0.025434015       0.5    0.29   0.27      0.44
9    1.00000000 0.4325861 0.025434015       0.5    0.29   0.27      0.44
10   1.00000000 0.4325861 0.025434015       0.5    0.29   0.27      0.44
11   0.21875000 0.4325861 0.025434015       0.5    0.29   0.27      0.44
12   1.00000000 0.4325861 0.025434015       0.5    0.29   0.27      0.44
13   0.09765625 0.4325861 0.025434015       0.5    0.29   0.27      0.44
14   0.04687500 0.4325861 0.025434015       0.5    0.29   0.27      0.44
15   0.19531250 0.4325861 0.025434015       0.5    0.29   0.27      0.44
16   1.00000000 0.4325861 0.025434015       0.5    0.29   0.27      0.44
17   1.00000000 0.4325861 0.025434015       0.5    0.29   0.27      0.44
18   0.24218750 0.4325861 0.025434015       0.5    0.29   0.27      0.44
19   0.01953125 0.4325861 0.025434015       0.5    0.29   0.27      0.44
20   0.04296875 0.4325861 0.025434015       0.5    0.29   0.27      0.44
21   0.31640625 0.4325861 0.025434015       0.5    0.29   0.27      0.44
22   0.15625000 0.4325861 0.025434015       0.5    0.29   0.27      0.44
23   0.15625000 0.4325861 0.025434015       0.5    0.29   0.27      0.44
24   0.10546875 0.4325861 0.025434015       0.5    0.29   0.27      0.44
25   1.00000000 0.4325861 0.025434015       0.5    0.29   0.27      0.44
26   1.00000000 0.4325861 0.025434015       0.5    0.29   0.27      0.44
27   1.00000000 0.4325861 0.025434015       0.5    0.29   0.27      0.44
28   0.16406250 0.4325861 0.025434015       0.5    0.29   0.27      0.44
29   1.00000000 0.4325861 0.025434015       0.5    0.29   0.27      0.44
30   0.03515625 0.4325861 0.025434015       0.5    0.29   0.27      0.44
31   0.65625000 0.4325861 0.025434015       0.5    0.29   0.27      0.44
32   1.00000000 0.4325861 0.025434015       0.5    0.29   0.27      0.44
33   0.12890625 0.4325861 0.025434015       0.5    0.29   0.27      0.44
34   1.00000000 0.4325861 0.025434015       0.5    0.29   0.27      0.44
35   0.44921875 0.4325861 0.025434015       0.5    0.29   0.27      0.44
36   0.14843750 0.4325861 0.025434015       0.5    0.29   0.27      0.44
37   0.18750000 0.4325861 0.025434015       0.5    0.29   0.27      0.44
38   0.06250000 0.4325861 0.025434015       0.5    0.29   0.27      0.44
39   1.00000000 0.4325861 0.025434015       0.5    0.29   0.27      0.44
40   1.00000000 0.4325861 0.025434015       0.5    0.29   0.27      0.44
41   0.20312500 0.4325861 0.025434015       0.5    0.29   0.27      0.44
42   1.00000000 0.4325861 0.025434015       0.5    0.29   0.27      0.44
43   0.19921875 0.4325861 0.025434015       0.5    0.29   0.27      0.44
44   0.15625000 0.4325861 0.025434015       0.5    0.29   0.27      0.44
45   1.00000000 0.4325861 0.025434015       0.5    0.29   0.27      0.44
46   0.08984375 0.4325861 0.025434015       0.5    0.29   0.27      0.44
47   1.00000000 0.4325861 0.025434015       0.5    0.29   0.27      0.44
48   0.07421875 0.4325861 0.025434015       0.5    0.29   0.27      0.44
49   1.00000000 0.4325861 0.025434015       0.5    0.29   0.27      0.44
50   1.00000000 0.4325861 0.025434015       0.5    0.29   0.27      0.44
51   1.00000000 0.4325861 0.025434015       0.5    0.29   0.27      0.44
52   1.00000000 0.4325861 0.025434015       0.5    0.29   0.27      0.44
53   0.09765625 0.4325861 0.025434015       0.5    0.29   0.27      0.44
54   0.30859375 0.4325861 0.025434015       0.5    0.29   0.27      0.44
55   0.15625000 0.4325861 0.025434015       0.5    0.29   0.27      0.44
56   1.00000000 0.4325861 0.025434015       0.5    0.29   0.27      0.44
57   0.15234375 0.4325861 0.025434015       0.5    0.29   0.27      0.44
58   1.00000000 0.4325861 0.025434015       0.5    0.29   0.27      0.44
59   0.13671875 0.4325861 0.025434015       0.5    0.29   0.27      0.44
60   0.04687500 0.4325861 0.025434015       0.5    0.29   0.27      0.44
61   0.18359375 0.4325861 0.025434015       0.5    0.29   0.27      0.44
62   1.00000000 0.4325861 0.025434015       0.5    0.29   0.27      0.44
63   0.12500000 0.4325861 0.025434015       0.5    0.29   0.27      0.44
64   1.00000000 0.4325861 0.025434015       0.5    0.29   0.27      0.44
65   0.06640625 0.4325861 0.025434015       0.5    0.29   0.27      0.44
66   1.00000000 0.4325861 0.025434015       0.5    0.29   0.27      0.44
67   0.16406250 0.4325861 0.025434015       0.5    0.29   0.27      0.44
68   0.14843750 0.4325861 0.025434015       0.5    0.29   0.27      0.44
69   0.21875000 0.4325861 0.025434015       0.5    0.29   0.27      0.44
70   0.16015625 0.4325861 0.025434015       0.5    0.29   0.27      0.44
71   0.12890625 0.4325861 0.025434015       0.5    0.29   0.27      0.44
72   1.00000000 0.4325861 0.025434015       0.5    0.29   0.27      0.44
73   1.00000000 0.4325861 0.025434015       0.5    0.29   0.27      0.44
74   1.00000000 0.4325861 0.025434015       0.5    0.29   0.27      0.44
75   1.00000000 0.4325861 0.025434015       0.5    0.29   0.27      0.44
76   1.00000000 0.4325861 0.025434015       0.5    0.29   0.27      0.44
77   0.05078125 0.4325861 0.025434015       0.5    0.29   0.27      0.44
78   0.18359375 0.4325861 0.025434015       0.5    0.29   0.27      0.44
79   0.08203125 0.4325861 0.025434015       0.5    0.29   0.27      0.44
80   1.00000000 0.4325861 0.025434015       0.5    0.29   0.27      0.44
81   0.07421875 0.4325861 0.025434015       0.5    0.29   0.27      0.44
82   0.22265625 0.4325861 0.025434015       0.5    0.29   0.27      0.44
83   0.17968750 0.4325861 0.025434015       0.5    0.29   0.27      0.44
84   1.00000000 0.4325861 0.025434015       0.5    0.29   0.27      0.44
85   0.08984375 0.4325861 0.025434015       0.5    0.29   0.27      0.44
86   1.00000000 0.4325861 0.025434015       0.5    0.29   0.27      0.44
87   1.00000000 0.4325861 0.025434015       0.5    0.29   0.27      0.44
88   1.00000000 0.4325861 0.025434015       0.5    0.29   0.27      0.44
89   0.20312500 0.4325861 0.025434015       0.5    0.29   0.27      0.44
90   0.22265625 0.4325861 0.025434015       0.5    0.29   0.27      0.44
91   0.17187500 0.4325861 0.025434015       0.5    0.29   0.27      0.44
92   0.05078125 0.4325861 0.025434015       0.5    0.29   0.27      0.44
93   1.00000000 0.4325861 0.025434015       0.5    0.29   0.27      0.44
94   1.00000000 0.4325861 0.025434015       0.5    0.29   0.27      0.44
95   0.16796875 0.4325861 0.025434015       0.5    0.29   0.27      0.44
96   0.26171875 0.4325861 0.025434015       0.5    0.29   0.27      0.44
97   0.08984375 0.4325861 0.025434015       0.5    0.29   0.27      0.44
98   1.00000000 0.4325861 0.025434015       0.5    0.29   0.27      0.44
99   1.00000000 0.4325861 0.025434015       0.5    0.29   0.27      0.44
100  1.00000000 0.4325861 0.025434015       0.5    0.29   0.27      0.44
101  1.00000000 0.4534067 0.018852418       0.5    0.29   0.25      0.46
102  0.02343750 0.4534067 0.018852418       0.5    0.29   0.25      0.46
103  0.28906250 0.4534067 0.018852418       0.5    0.29   0.25      0.46
104  0.18750000 0.4534067 0.018852418       0.5    0.29   0.25      0.46
105  0.07421875 0.4534067 0.018852418       0.5    0.29   0.25      0.46
106  0.08984375 0.4534067 0.018852418       0.5    0.29   0.25      0.46
107  0.03906250 0.4534067 0.018852418       0.5    0.29   0.25      0.46
108  0.16796875 0.4534067 0.018852418       0.5    0.29   0.25      0.46
109  1.00000000 0.4534067 0.018852418       0.5    0.29   0.25      0.46
110  0.01562500 0.4534067 0.018852418       0.5    0.29   0.25      0.46
111  0.34765625 0.4534067 0.018852418       0.5    0.29   0.25      0.46
112  0.16406250 0.4534067 0.018852418       0.5    0.29   0.25      0.46
113  1.00000000 0.4534067 0.018852418       0.5    0.29   0.25      0.46
114  0.32031250 0.4534067 0.018852418       0.5    0.29   0.25      0.46
115  1.00000000 0.4534067 0.018852418       0.5    0.29   0.25      0.46
116  0.20312500 0.4534067 0.018852418       0.5    0.29   0.25      0.46
117  1.00000000 0.4534067 0.018852418       0.5    0.29   0.25      0.46
118  1.00000000 0.4534067 0.018852418       0.5    0.29   0.25      0.46
119  1.00000000 0.4534067 0.018852418       0.5    0.29   0.25      0.46
120  1.00000000 0.4534067 0.018852418       0.5    0.29   0.25      0.46
121  0.03906250 0.4534067 0.018852418       0.5    0.29   0.25      0.46
122  0.01953125 0.4534067 0.018852418       0.5    0.29   0.25      0.46
123  1.00000000 0.4534067 0.018852418       0.5    0.29   0.25      0.46
124  0.12109375 0.4534067 0.018852418       0.5    0.29   0.25      0.46
125  1.00000000 0.4534067 0.018852418       0.5    0.29   0.25      0.46
126  1.00000000 0.4534067 0.018852418       0.5    0.29   0.25      0.46
127  0.05468750 0.4534067 0.018852418       0.5    0.29   0.25      0.46
128  0.19140625 0.4534067 0.018852418       0.5    0.29   0.25      0.46
129  1.00000000 0.4534067 0.018852418       0.5    0.29   0.25      0.46
130  0.32031250 0.4534067 0.018852418       0.5    0.29   0.25      0.46
131  1.00000000 0.4534067 0.018852418       0.5    0.29   0.25      0.46
132  1.00000000 0.4534067 0.018852418       0.5    0.29   0.25      0.46
133  0.09765625 0.4534067 0.018852418       0.5    0.29   0.25      0.46
134  0.16015625 0.4534067 0.018852418       0.5    0.29   0.25      0.46
135  0.03125000 0.4534067 0.018852418       0.5    0.29   0.25      0.46
136  0.42187500 0.4534067 0.018852418       0.5    0.29   0.25      0.46
137  0.12109375 0.4534067 0.018852418       0.5    0.29   0.25      0.46
138  1.00000000 0.4534067 0.018852418       0.5    0.29   0.25      0.46
139  0.10156250 0.4534067 0.018852418       0.5    0.29   0.25      0.46
140  1.00000000 0.4534067 0.018852418       0.5    0.29   0.25      0.46
141  0.05078125 0.4534067 0.018852418       0.5    0.29   0.25      0.46
142  1.00000000 0.4534067 0.018852418       0.5    0.29   0.25      0.46
143  0.09375000 0.4534067 0.018852418       0.5    0.29   0.25      0.46
144  1.00000000 0.4534067 0.018852418       0.5    0.29   0.25      0.46
145  1.00000000 0.4534067 0.018852418       0.5    0.29   0.25      0.46
146  0.07421875 0.4534067 0.018852418       0.5    0.29   0.25      0.46
147  0.08984375 0.4534067 0.018852418       0.5    0.29   0.25      0.46
148  0.23437500 0.4534067 0.018852418       0.5    0.29   0.25      0.46
149  0.09765625 0.4534067 0.018852418       0.5    0.29   0.25      0.46
150  0.03515625 0.4534067 0.018852418       0.5    0.29   0.25      0.46
151  1.00000000 0.4534067 0.018852418       0.5    0.29   0.25      0.46
152  0.14453125 0.4534067 0.018852418       0.5    0.29   0.25      0.46
153  1.00000000 0.4534067 0.018852418       0.5    0.29   0.25      0.46
154  1.00000000 0.4534067 0.018852418       0.5    0.29   0.25      0.46
155  1.00000000 0.4534067 0.018852418       0.5    0.29   0.25      0.46
156  1.00000000 0.4534067 0.018852418       0.5    0.29   0.25      0.46
157  0.08593750 0.4534067 0.018852418       0.5    0.29   0.25      0.46
158  1.00000000 0.4534067 0.018852418       0.5    0.29   0.25      0.46
159  1.00000000 0.4534067 0.018852418       0.5    0.29   0.25      0.46
160  0.24218750 0.4534067 0.018852418       0.5    0.29   0.25      0.46
161  0.16015625 0.4534067 0.018852418       0.5    0.29   0.25      0.46
162  0.38281250 0.4534067 0.018852418       0.5    0.29   0.25      0.46
163  1.00000000 0.4534067 0.018852418       0.5    0.29   0.25      0.46
164  1.00000000 0.4534067 0.018852418       0.5    0.29   0.25      0.46
165  0.01953125 0.4534067 0.018852418       0.5    0.29   0.25      0.46
166  0.10546875 0.4534067 0.018852418       0.5    0.29   0.25      0.46
167  0.08984375 0.4534067 0.018852418       0.5    0.29   0.25      0.46
168  1.00000000 0.4534067 0.018852418       0.5    0.29   0.25      0.46
169  1.00000000 0.4534067 0.018852418       0.5    0.29   0.25      0.46
170  0.13671875 0.4534067 0.018852418       0.5    0.29   0.25      0.46
171  1.00000000 0.4534067 0.018852418       0.5    0.29   0.25      0.46
172  1.00000000 0.4534067 0.018852418       0.5    0.29   0.25      0.46
173  0.19140625 0.4534067 0.018852418       0.5    0.29   0.25      0.46
174  0.04687500 0.4534067 0.018852418       0.5    0.29   0.25      0.46
175  0.05468750 0.4534067 0.018852418       0.5    0.29   0.25      0.46
176  0.15625000 0.4534067 0.018852418       0.5    0.29   0.25      0.46
177  0.09375000 0.4534067 0.018852418       0.5    0.29   0.25      0.46
178  0.08593750 0.4534067 0.018852418       0.5    0.29   0.25      0.46
179  0.36328125 0.4534067 0.018852418       0.5    0.29   0.25      0.46
180  1.00000000 0.4534067 0.018852418       0.5    0.29   0.25      0.46
181  1.00000000 0.4534067 0.018852418       0.5    0.29   0.25      0.46
182  1.00000000 0.4534067 0.018852418       0.5    0.29   0.25      0.46
183  1.00000000 0.4534067 0.018852418       0.5    0.29   0.25      0.46
184  0.05078125 0.4534067 0.018852418       0.5    0.29   0.25      0.46
185  1.00000000 0.4534067 0.018852418       0.5    0.29   0.25      0.46
186  1.00000000 0.4534067 0.018852418       0.5    0.29   0.25      0.46
187  1.00000000 0.4534067 0.018852418       0.5    0.29   0.25      0.46
188  1.00000000 0.4534067 0.018852418       0.5    0.29   0.25      0.46
189  1.00000000 0.4534067 0.018852418       0.5    0.29   0.25      0.46
190  1.00000000 0.4534067 0.018852418       0.5    0.29   0.25      0.46
191  0.07421875 0.4534067 0.018852418       0.5    0.29   0.25      0.46
192  0.16406250 0.4534067 0.018852418       0.5    0.29   0.25      0.46
193  0.10156250 0.4534067 0.018852418       0.5    0.29   0.25      0.46
194  1.00000000 0.4534067 0.018852418       0.5    0.29   0.25      0.46
195  1.00000000 0.4534067 0.018852418       0.5    0.29   0.25      0.46
196  1.00000000 0.4534067 0.018852418       0.5    0.29   0.25      0.46
197  0.04687500 0.4534067 0.018852418       0.5    0.29   0.25      0.46
198  0.13281250 0.4534067 0.018852418       0.5    0.29   0.25      0.46
199  0.08593750 0.4534067 0.018852418       0.5    0.29   0.25      0.46
200  1.00000000 0.4534067 0.018852418       0.5    0.29   0.25      0.46
201  0.09765625 0.2565797 0.015661629       0.5    0.43   0.26      0.31
202  0.08203125 0.2565797 0.015661629       0.5    0.43   0.26      0.31
203  0.06250000 0.2565797 0.015661629       0.5    0.43   0.26      0.31
204  1.00000000 0.2565797 0.015661629       0.5    0.43   0.26      0.31
205  0.21875000 0.2565797 0.015661629       0.5    0.43   0.26      0.31
206  0.51562500 0.2565797 0.015661629       0.5    0.43   0.26      0.31
207  0.05859375 0.2565797 0.015661629       0.5    0.43   0.26      0.31
208  0.05859375 0.2565797 0.015661629       0.5    0.43   0.26      0.31
209  0.06640625 0.2565797 0.015661629       0.5    0.43   0.26      0.31
210  0.12109375 0.2565797 0.015661629       0.5    0.43   0.26      0.31
211  0.30859375 0.2565797 0.015661629       0.5    0.43   0.26      0.31
212  1.00000000 0.2565797 0.015661629       0.5    0.43   0.26      0.31
213  0.10546875 0.2565797 0.015661629       0.5    0.43   0.26      0.31
214  1.00000000 0.2565797 0.015661629       0.5    0.43   0.26      0.31
215  0.18750000 0.2565797 0.015661629       0.5    0.43   0.26      0.31
216  0.12109375 0.2565797 0.015661629       0.5    0.43   0.26      0.31
217  1.00000000 0.2565797 0.015661629       0.5    0.43   0.26      0.31
218  0.04296875 0.2565797 0.015661629       0.5    0.43   0.26      0.31
219  0.04296875 0.2565797 0.015661629       0.5    0.43   0.26      0.31
220  0.07421875 0.2565797 0.015661629       0.5    0.43   0.26      0.31
221  0.35156250 0.2565797 0.015661629       0.5    0.43   0.26      0.31
222  0.03125000 0.2565797 0.015661629       0.5    0.43   0.26      0.31
223  1.00000000 0.2565797 0.015661629       0.5    0.43   0.26      0.31
224  0.21875000 0.2565797 0.015661629       0.5    0.43   0.26      0.31
225  0.07812500 0.2565797 0.015661629       0.5    0.43   0.26      0.31
226  0.07421875 0.2565797 0.015661629       0.5    0.43   0.26      0.31
227  0.14453125 0.2565797 0.015661629       0.5    0.43   0.26      0.31
228  1.00000000 0.2565797 0.015661629       0.5    0.43   0.26      0.31
229  0.07812500 0.2565797 0.015661629       0.5    0.43   0.26      0.31
230  0.05468750 0.2565797 0.015661629       0.5    0.43   0.26      0.31
231  0.08593750 0.2565797 0.015661629       0.5    0.43   0.26      0.31
232  1.00000000 0.2565797 0.015661629       0.5    0.43   0.26      0.31
233  0.06640625 0.2565797 0.015661629       0.5    0.43   0.26      0.31
234  0.03906250 0.2565797 0.015661629       0.5    0.43   0.26      0.31
235  0.03906250 0.2565797 0.015661629       0.5    0.43   0.26      0.31
236  1.00000000 0.2565797 0.015661629       0.5    0.43   0.26      0.31
237  0.03125000 0.2565797 0.015661629       0.5    0.43   0.26      0.31
238  0.04296875 0.2565797 0.015661629       0.5    0.43   0.26      0.31
239  1.00000000 0.2565797 0.015661629       0.5    0.43   0.26      0.31
240  1.00000000 0.2565797 0.015661629       0.5    0.43   0.26      0.31
241  0.03515625 0.2565797 0.015661629       0.5    0.43   0.26      0.31
242  0.16406250 0.2565797 0.015661629       0.5    0.43   0.26      0.31
243  1.00000000 0.2565797 0.015661629       0.5    0.43   0.26      0.31
244  0.11718750 0.2565797 0.015661629       0.5    0.43   0.26      0.31
245  0.17578125 0.2565797 0.015661629       0.5    0.43   0.26      0.31
246  0.11328125 0.2565797 0.015661629       0.5    0.43   0.26      0.31
247  0.13671875 0.2565797 0.015661629       0.5    0.43   0.26      0.31
248  0.05468750 0.2565797 0.015661629       0.5    0.43   0.26      0.31
249  0.03125000 0.2565797 0.015661629       0.5    0.43   0.26      0.31
250  0.06250000 0.2565797 0.015661629       0.5    0.43   0.26      0.31
251  0.08593750 0.2565797 0.015661629       0.5    0.43   0.26      0.31
252  1.00000000 0.2565797 0.015661629       0.5    0.43   0.26      0.31
253  0.18359375 0.2565797 0.015661629       0.5    0.43   0.26      0.31
254  0.15625000 0.2565797 0.015661629       0.5    0.43   0.26      0.31
255  1.00000000 0.2565797 0.015661629       0.5    0.43   0.26      0.31
256  1.00000000 0.2565797 0.015661629       0.5    0.43   0.26      0.31
257  0.06250000 0.2565797 0.015661629       0.5    0.43   0.26      0.31
258  0.04687500 0.2565797 0.015661629       0.5    0.43   0.26      0.31
259  1.00000000 0.2565797 0.015661629       0.5    0.43   0.26      0.31
260  0.07031250 0.2565797 0.015661629       0.5    0.43   0.26      0.31
261  0.25781250 0.2565797 0.015661629       0.5    0.43   0.26      0.31
262  1.00000000 0.2565797 0.015661629       0.5    0.43   0.26      0.31
263  0.18359375 0.2565797 0.015661629       0.5    0.43   0.26      0.31
264  0.03125000 0.2565797 0.015661629       0.5    0.43   0.26      0.31
265  0.05468750 0.2565797 0.015661629       0.5    0.43   0.26      0.31
266  0.10156250 0.2565797 0.015661629       0.5    0.43   0.26      0.31
267  1.00000000 0.2565797 0.015661629       0.5    0.43   0.26      0.31
268  0.03515625 0.2565797 0.015661629       0.5    0.43   0.26      0.31
269  0.09765625 0.2565797 0.015661629       0.5    0.43   0.26      0.31
270  1.00000000 0.2565797 0.015661629       0.5    0.43   0.26      0.31
271  0.08203125 0.2565797 0.015661629       0.5    0.43   0.26      0.31
272  0.52343750 0.2565797 0.015661629       0.5    0.43   0.26      0.31
273  0.11328125 0.2565797 0.015661629       0.5    0.43   0.26      0.31
274  1.00000000 0.2565797 0.015661629       0.5    0.43   0.26      0.31
275  1.00000000 0.2565797 0.015661629       0.5    0.43   0.26      0.31
276  0.16015625 0.2565797 0.015661629       0.5    0.43   0.26      0.31
277  0.05078125 0.2565797 0.015661629       0.5    0.43   0.26      0.31
278  1.00000000 0.2565797 0.015661629       0.5    0.43   0.26      0.31
279  0.07812500 0.2565797 0.015661629       0.5    0.43   0.26      0.31
280  1.00000000 0.2565797 0.015661629       0.5    0.43   0.26      0.31
281  1.00000000 0.2565797 0.015661629       0.5    0.43   0.26      0.31
282  1.00000000 0.2565797 0.015661629       0.5    0.43   0.26      0.31
283  0.02343750 0.2565797 0.015661629       0.5    0.43   0.26      0.31
284  0.09375000 0.2565797 0.015661629       0.5    0.43   0.26      0.31
285  1.00000000 0.2565797 0.015661629       0.5    0.43   0.26      0.31
286  0.07812500 0.2565797 0.015661629       0.5    0.43   0.26      0.31
287  1.00000000 0.2565797 0.015661629       0.5    0.43   0.26      0.31
288  0.08593750 0.2565797 0.015661629       0.5    0.43   0.26      0.31
289  1.00000000 0.2565797 0.015661629       0.5    0.43   0.26      0.31
290  0.03515625 0.2565797 0.015661629       0.5    0.43   0.26      0.31
291  0.05859375 0.2565797 0.015661629       0.5    0.43   0.26      0.31
292  1.00000000 0.2565797 0.015661629       0.5    0.43   0.26      0.31
293  0.30468750 0.2565797 0.015661629       0.5    0.43   0.26      0.31
294  0.08593750 0.2565797 0.015661629       0.5    0.43   0.26      0.31
295  1.00000000 0.2565797 0.015661629       0.5    0.43   0.26      0.31
296  0.08203125 0.2565797 0.015661629       0.5    0.43   0.26      0.31
297  1.00000000 0.2565797 0.015661629       0.5    0.43   0.26      0.31
298  0.01953125 0.2565797 0.015661629       0.5    0.43   0.26      0.31
299  1.00000000 0.2565797 0.015661629       0.5    0.43   0.26      0.31
300  0.07031250 0.2565797 0.015661629       0.5    0.43   0.26      0.31
301  1.00000000 0.4632786 0.014892353       0.5    0.30   0.15      0.55
302  0.13671875 0.4632786 0.014892353       0.5    0.30   0.15      0.55
303  1.00000000 0.4632786 0.014892353       0.5    0.30   0.15      0.55
304  0.20312500 0.4632786 0.014892353       0.5    0.30   0.15      0.55
305  1.00000000 0.4632786 0.014892353       0.5    0.30   0.15      0.55
306  0.04687500 0.4632786 0.014892353       0.5    0.30   0.15      0.55
307  0.06640625 0.4632786 0.014892353       0.5    0.30   0.15      0.55
308  1.00000000 0.4632786 0.014892353       0.5    0.30   0.15      0.55
309  0.07421875 0.4632786 0.014892353       0.5    0.30   0.15      0.55
310  0.03125000 0.4632786 0.014892353       0.5    0.30   0.15      0.55
311  0.16015625 0.4632786 0.014892353       0.5    0.30   0.15      0.55
312  0.04687500 0.4632786 0.014892353       0.5    0.30   0.15      0.55
313  1.00000000 0.4632786 0.014892353       0.5    0.30   0.15      0.55
314  1.00000000 0.4632786 0.014892353       0.5    0.30   0.15      0.55
315  1.00000000 0.4632786 0.014892353       0.5    0.30   0.15      0.55
316  1.00000000 0.4632786 0.014892353       0.5    0.30   0.15      0.55
317  0.07812500 0.4632786 0.014892353       0.5    0.30   0.15      0.55
318  0.18750000 0.4632786 0.014892353       0.5    0.30   0.15      0.55
319  0.14843750 0.4632786 0.014892353       0.5    0.30   0.15      0.55
320  0.10546875 0.4632786 0.014892353       0.5    0.30   0.15      0.55
321  1.00000000 0.4632786 0.014892353       0.5    0.30   0.15      0.55
322  0.02734375 0.4632786 0.014892353       0.5    0.30   0.15      0.55
323  0.05468750 0.4632786 0.014892353       0.5    0.30   0.15      0.55
324  1.00000000 0.4632786 0.014892353       0.5    0.30   0.15      0.55
325  1.00000000 0.4632786 0.014892353       0.5    0.30   0.15      0.55
326  1.00000000 0.4632786 0.014892353       0.5    0.30   0.15      0.55
327  1.00000000 0.4632786 0.014892353       0.5    0.30   0.15      0.55
328  0.08984375 0.4632786 0.014892353       0.5    0.30   0.15      0.55
329  1.00000000 0.4632786 0.014892353       0.5    0.30   0.15      0.55
330  1.00000000 0.4632786 0.014892353       0.5    0.30   0.15      0.55
331  1.00000000 0.4632786 0.014892353       0.5    0.30   0.15      0.55
332  0.51562500 0.4632786 0.014892353       0.5    0.30   0.15      0.55
333  1.00000000 0.4632786 0.014892353       0.5    0.30   0.15      0.55
334  1.00000000 0.4632786 0.014892353       0.5    0.30   0.15      0.55
335  1.00000000 0.4632786 0.014892353       0.5    0.30   0.15      0.55
336  0.05859375 0.4632786 0.014892353       0.5    0.30   0.15      0.55
337  1.00000000 0.4632786 0.014892353       0.5    0.30   0.15      0.55
338  0.08984375 0.4632786 0.014892353       0.5    0.30   0.15      0.55
339  0.57031250 0.4632786 0.014892353       0.5    0.30   0.15      0.55
340  0.03906250 0.4632786 0.014892353       0.5    0.30   0.15      0.55
341  1.00000000 0.4632786 0.014892353       0.5    0.30   0.15      0.55
342  1.00000000 0.4632786 0.014892353       0.5    0.30   0.15      0.55
343  1.00000000 0.4632786 0.014892353       0.5    0.30   0.15      0.55
344  1.00000000 0.4632786 0.014892353       0.5    0.30   0.15      0.55
345  0.04687500 0.4632786 0.014892353       0.5    0.30   0.15      0.55
346  1.00000000 0.4632786 0.014892353       0.5    0.30   0.15      0.55
347  0.07812500 0.4632786 0.014892353       0.5    0.30   0.15      0.55
348  1.00000000 0.4632786 0.014892353       0.5    0.30   0.15      0.55
349  1.00000000 0.4632786 0.014892353       0.5    0.30   0.15      0.55
350  0.10156250 0.4632786 0.014892353       0.5    0.30   0.15      0.55
351  1.00000000 0.4632786 0.014892353       0.5    0.30   0.15      0.55
352  1.00000000 0.4632786 0.014892353       0.5    0.30   0.15      0.55
353  0.08593750 0.4632786 0.014892353       0.5    0.30   0.15      0.55
354  1.00000000 0.4632786 0.014892353       0.5    0.30   0.15      0.55
355  0.31640625 0.4632786 0.014892353       0.5    0.30   0.15      0.55
356  0.01953125 0.4632786 0.014892353       0.5    0.30   0.15      0.55
357  1.00000000 0.4632786 0.014892353       0.5    0.30   0.15      0.55
358  0.12109375 0.4632786 0.014892353       0.5    0.30   0.15      0.55
359  0.10937500 0.4632786 0.014892353       0.5    0.30   0.15      0.55
360  1.00000000 0.4632786 0.014892353       0.5    0.30   0.15      0.55
361  0.04687500 0.4632786 0.014892353       0.5    0.30   0.15      0.55
362  0.03515625 0.4632786 0.014892353       0.5    0.30   0.15      0.55
363  0.06640625 0.4632786 0.014892353       0.5    0.30   0.15      0.55
364  1.00000000 0.4632786 0.014892353       0.5    0.30   0.15      0.55
365  1.00000000 0.4632786 0.014892353       0.5    0.30   0.15      0.55
366  1.00000000 0.4632786 0.014892353       0.5    0.30   0.15      0.55
367  1.00000000 0.4632786 0.014892353       0.5    0.30   0.15      0.55
368  1.00000000 0.4632786 0.014892353       0.5    0.30   0.15      0.55
369  1.00000000 0.4632786 0.014892353       0.5    0.30   0.15      0.55
370  1.00000000 0.4632786 0.014892353       0.5    0.30   0.15      0.55
371  0.03125000 0.4632786 0.014892353       0.5    0.30   0.15      0.55
372  1.00000000 0.4632786 0.014892353       0.5    0.30   0.15      0.55
373  0.16406250 0.4632786 0.014892353       0.5    0.30   0.15      0.55
374  1.00000000 0.4632786 0.014892353       0.5    0.30   0.15      0.55
375  1.00000000 0.4632786 0.014892353       0.5    0.30   0.15      0.55
376  1.00000000 0.4632786 0.014892353       0.5    0.30   0.15      0.55
377  0.03906250 0.4632786 0.014892353       0.5    0.30   0.15      0.55
378  1.00000000 0.4632786 0.014892353       0.5    0.30   0.15      0.55
379  0.05078125 0.4632786 0.014892353       0.5    0.30   0.15      0.55
380  1.00000000 0.4632786 0.014892353       0.5    0.30   0.15      0.55
381  1.00000000 0.4632786 0.014892353       0.5    0.30   0.15      0.55
382  0.28515625 0.4632786 0.014892353       0.5    0.30   0.15      0.55
383  0.12500000 0.4632786 0.014892353       0.5    0.30   0.15      0.55
384  1.00000000 0.4632786 0.014892353       0.5    0.30   0.15      0.55
385  0.01562500 0.4632786 0.014892353       0.5    0.30   0.15      0.55
386  1.00000000 0.4632786 0.014892353       0.5    0.30   0.15      0.55
387  1.00000000 0.4632786 0.014892353       0.5    0.30   0.15      0.55
388  0.16796875 0.4632786 0.014892353       0.5    0.30   0.15      0.55
389  1.00000000 0.4632786 0.014892353       0.5    0.30   0.15      0.55
390  0.07031250 0.4632786 0.014892353       0.5    0.30   0.15      0.55
391  0.08593750 0.4632786 0.014892353       0.5    0.30   0.15      0.55
392  0.03125000 0.4632786 0.014892353       0.5    0.30   0.15      0.55
393  1.00000000 0.4632786 0.014892353       0.5    0.30   0.15      0.55
394  0.07421875 0.4632786 0.014892353       0.5    0.30   0.15      0.55
395  1.00000000 0.4632786 0.014892353       0.5    0.30   0.15      0.55
396  0.10156250 0.4632786 0.014892353       0.5    0.30   0.15      0.55
397  1.00000000 0.4632786 0.014892353       0.5    0.30   0.15      0.55
398  1.00000000 0.4632786 0.014892353       0.5    0.30   0.15      0.55
399  1.00000000 0.4632786 0.014892353       0.5    0.30   0.15      0.55
400  0.12500000 0.4632786 0.014892353       0.5    0.30   0.15      0.55
401  0.05078125 0.3243823 0.022274180       0.5    0.36   0.25      0.39
402  1.00000000 0.3243823 0.022274180       0.5    0.36   0.25      0.39
403  0.19531250 0.3243823 0.022274180       0.5    0.36   0.25      0.39
404  0.06250000 0.3243823 0.022274180       0.5    0.36   0.25      0.39
405  1.00000000 0.3243823 0.022274180       0.5    0.36   0.25      0.39
406  0.38671875 0.3243823 0.022274180       0.5    0.36   0.25      0.39
407  0.03515625 0.3243823 0.022274180       0.5    0.36   0.25      0.39
408  1.00000000 0.3243823 0.022274180       0.5    0.36   0.25      0.39
409  0.09765625 0.3243823 0.022274180       0.5    0.36   0.25      0.39
410  0.27734375 0.3243823 0.022274180       0.5    0.36   0.25      0.39
411  1.00000000 0.3243823 0.022274180       0.5    0.36   0.25      0.39
412  1.00000000 0.3243823 0.022274180       0.5    0.36   0.25      0.39
413  0.08984375 0.3243823 0.022274180       0.5    0.36   0.25      0.39
414  0.28515625 0.3243823 0.022274180       0.5    0.36   0.25      0.39
415  1.00000000 0.3243823 0.022274180       0.5    0.36   0.25      0.39
416  0.09765625 0.3243823 0.022274180       0.5    0.36   0.25      0.39
417  0.16406250 0.3243823 0.022274180       0.5    0.36   0.25      0.39
418  0.11328125 0.3243823 0.022274180       0.5    0.36   0.25      0.39
419  0.25390625 0.3243823 0.022274180       0.5    0.36   0.25      0.39
420  0.09375000 0.3243823 0.022274180       0.5    0.36   0.25      0.39
421  1.00000000 0.3243823 0.022274180       0.5    0.36   0.25      0.39
422  0.09375000 0.3243823 0.022274180       0.5    0.36   0.25      0.39
423  1.00000000 0.3243823 0.022274180       0.5    0.36   0.25      0.39
424  0.08984375 0.3243823 0.022274180       0.5    0.36   0.25      0.39
425  1.00000000 0.3243823 0.022274180       0.5    0.36   0.25      0.39
426  1.00000000 0.3243823 0.022274180       0.5    0.36   0.25      0.39
427  0.13671875 0.3243823 0.022274180       0.5    0.36   0.25      0.39
428  1.00000000 0.3243823 0.022274180       0.5    0.36   0.25      0.39
429  0.13671875 0.3243823 0.022274180       0.5    0.36   0.25      0.39
430  0.09375000 0.3243823 0.022274180       0.5    0.36   0.25      0.39
431  0.12890625 0.3243823 0.022274180       0.5    0.36   0.25      0.39
432  0.21484375 0.3243823 0.022274180       0.5    0.36   0.25      0.39
433  0.12500000 0.3243823 0.022274180       0.5    0.36   0.25      0.39
434  1.00000000 0.3243823 0.022274180       0.5    0.36   0.25      0.39
435  0.07812500 0.3243823 0.022274180       0.5    0.36   0.25      0.39
436  1.00000000 0.3243823 0.022274180       0.5    0.36   0.25      0.39
437  1.00000000 0.3243823 0.022274180       0.5    0.36   0.25      0.39
438  0.07421875 0.3243823 0.022274180       0.5    0.36   0.25      0.39
439  0.28515625 0.3243823 0.022274180       0.5    0.36   0.25      0.39
440  0.50781250 0.3243823 0.022274180       0.5    0.36   0.25      0.39
441  1.00000000 0.3243823 0.022274180       0.5    0.36   0.25      0.39
442  0.10937500 0.3243823 0.022274180       0.5    0.36   0.25      0.39
443  0.44921875 0.3243823 0.022274180       0.5    0.36   0.25      0.39
444  0.06640625 0.3243823 0.022274180       0.5    0.36   0.25      0.39
445  1.00000000 0.3243823 0.022274180       0.5    0.36   0.25      0.39
446  1.00000000 0.3243823 0.022274180       0.5    0.36   0.25      0.39
447  0.17968750 0.3243823 0.022274180       0.5    0.36   0.25      0.39
448  1.00000000 0.3243823 0.022274180       0.5    0.36   0.25      0.39
449  0.06640625 0.3243823 0.022274180       0.5    0.36   0.25      0.39
450  1.00000000 0.3243823 0.022274180       0.5    0.36   0.25      0.39
451  0.18359375 0.3243823 0.022274180       0.5    0.36   0.25      0.39
452  0.57421875 0.3243823 0.022274180       0.5    0.36   0.25      0.39
453  0.09375000 0.3243823 0.022274180       0.5    0.36   0.25      0.39
454  0.09375000 0.3243823 0.022274180       0.5    0.36   0.25      0.39
455  1.00000000 0.3243823 0.022274180       0.5    0.36   0.25      0.39
456  0.08593750 0.3243823 0.022274180       0.5    0.36   0.25      0.39
457  0.17578125 0.3243823 0.022274180       0.5    0.36   0.25      0.39
458  0.10156250 0.3243823 0.022274180       0.5    0.36   0.25      0.39
459  0.18359375 0.3243823 0.022274180       0.5    0.36   0.25      0.39
460  0.07031250 0.3243823 0.022274180       0.5    0.36   0.25      0.39
461  0.07421875 0.3243823 0.022274180       0.5    0.36   0.25      0.39
462  1.00000000 0.3243823 0.022274180       0.5    0.36   0.25      0.39
463  0.32421875 0.3243823 0.022274180       0.5    0.36   0.25      0.39
464  0.17187500 0.3243823 0.022274180       0.5    0.36   0.25      0.39
465  0.36718750 0.3243823 0.022274180       0.5    0.36   0.25      0.39
466  1.00000000 0.3243823 0.022274180       0.5    0.36   0.25      0.39
467  0.24609375 0.3243823 0.022274180       0.5    0.36   0.25      0.39
468  1.00000000 0.3243823 0.022274180       0.5    0.36   0.25      0.39
469  0.16406250 0.3243823 0.022274180       0.5    0.36   0.25      0.39
470  0.28515625 0.3243823 0.022274180       0.5    0.36   0.25      0.39
471  1.00000000 0.3243823 0.022274180       0.5    0.36   0.25      0.39
472  0.33593750 0.3243823 0.022274180       0.5    0.36   0.25      0.39
473  1.00000000 0.3243823 0.022274180       0.5    0.36   0.25      0.39
474  1.00000000 0.3243823 0.022274180       0.5    0.36   0.25      0.39
475  1.00000000 0.3243823 0.022274180       0.5    0.36   0.25      0.39
476  0.18359375 0.3243823 0.022274180       0.5    0.36   0.25      0.39
477  1.00000000 0.3243823 0.022274180       0.5    0.36   0.25      0.39
478  1.00000000 0.3243823 0.022274180       0.5    0.36   0.25      0.39
479  0.07812500 0.3243823 0.022274180       0.5    0.36   0.25      0.39
480  1.00000000 0.3243823 0.022274180       0.5    0.36   0.25      0.39
481  0.32812500 0.3243823 0.022274180       0.5    0.36   0.25      0.39
482  1.00000000 0.3243823 0.022274180       0.5    0.36   0.25      0.39
483  1.00000000 0.3243823 0.022274180       0.5    0.36   0.25      0.39
484  0.03125000 0.3243823 0.022274180       0.5    0.36   0.25      0.39
485  0.07421875 0.3243823 0.022274180       0.5    0.36   0.25      0.39
486  1.00000000 0.3243823 0.022274180       0.5    0.36   0.25      0.39
487  1.00000000 0.3243823 0.022274180       0.5    0.36   0.25      0.39
488  1.00000000 0.3243823 0.022274180       0.5    0.36   0.25      0.39
489  0.09375000 0.3243823 0.022274180       0.5    0.36   0.25      0.39
490  0.16015625 0.3243823 0.022274180       0.5    0.36   0.25      0.39
491  0.11328125 0.3243823 0.022274180       0.5    0.36   0.25      0.39
492  0.20312500 0.3243823 0.022274180       0.5    0.36   0.25      0.39
493  1.00000000 0.3243823 0.022274180       0.5    0.36   0.25      0.39
494  1.00000000 0.3243823 0.022274180       0.5    0.36   0.25      0.39
495  0.50781250 0.3243823 0.022274180       0.5    0.36   0.25      0.39
496  1.00000000 0.3243823 0.022274180       0.5    0.36   0.25      0.39
497  0.10156250 0.3243823 0.022274180       0.5    0.36   0.25      0.39
498  0.06250000 0.3243823 0.022274180       0.5    0.36   0.25      0.39
499  0.12500000 0.3243823 0.022274180       0.5    0.36   0.25      0.39
500  1.00000000 0.3243823 0.022274180       0.5    0.36   0.25      0.39
501  0.00390625 0.4489501 0.016601693       0.5    0.38   0.22      0.40
502  0.10937500 0.4489501 0.016601693       0.5    0.38   0.22      0.40
503  1.00000000 0.4489501 0.016601693       0.5    0.38   0.22      0.40
504  0.10546875 0.4489501 0.016601693       0.5    0.38   0.22      0.40
505  0.04687500 0.4489501 0.016601693       0.5    0.38   0.22      0.40
506  0.07812500 0.4489501 0.016601693       0.5    0.38   0.22      0.40
507  0.05078125 0.4489501 0.016601693       0.5    0.38   0.22      0.40
508  0.07812500 0.4489501 0.016601693       0.5    0.38   0.22      0.40
509  0.05468750 0.4489501 0.016601693       0.5    0.38   0.22      0.40
510  1.00000000 0.4489501 0.016601693       0.5    0.38   0.22      0.40
511  0.20703125 0.4489501 0.016601693       0.5    0.38   0.22      0.40
512  0.04296875 0.4489501 0.016601693       0.5    0.38   0.22      0.40
513  0.13671875 0.4489501 0.016601693       0.5    0.38   0.22      0.40
514  1.00000000 0.4489501 0.016601693       0.5    0.38   0.22      0.40
515  0.17968750 0.4489501 0.016601693       0.5    0.38   0.22      0.40
516  0.33984375 0.4489501 0.016601693       0.5    0.38   0.22      0.40
517  0.07031250 0.4489501 0.016601693       0.5    0.38   0.22      0.40
518  0.21093750 0.4489501 0.016601693       0.5    0.38   0.22      0.40
519  0.16406250 0.4489501 0.016601693       0.5    0.38   0.22      0.40
520  0.27734375 0.4489501 0.016601693       0.5    0.38   0.22      0.40
521  0.06250000 0.4489501 0.016601693       0.5    0.38   0.22      0.40
522  0.06250000 0.4489501 0.016601693       0.5    0.38   0.22      0.40
523  1.00000000 0.4489501 0.016601693       0.5    0.38   0.22      0.40
524  0.03515625 0.4489501 0.016601693       0.5    0.38   0.22      0.40
525  1.00000000 0.4489501 0.016601693       0.5    0.38   0.22      0.40
526  1.00000000 0.4489501 0.016601693       0.5    0.38   0.22      0.40
527  0.07421875 0.4489501 0.016601693       0.5    0.38   0.22      0.40
528  1.00000000 0.4489501 0.016601693       0.5    0.38   0.22      0.40
529  0.01562500 0.4489501 0.016601693       0.5    0.38   0.22      0.40
530  0.03906250 0.4489501 0.016601693       0.5    0.38   0.22      0.40
531  1.00000000 0.4489501 0.016601693       0.5    0.38   0.22      0.40
532  1.00000000 0.4489501 0.016601693       0.5    0.38   0.22      0.40
533  0.04687500 0.4489501 0.016601693       0.5    0.38   0.22      0.40
534  0.04687500 0.4489501 0.016601693       0.5    0.38   0.22      0.40
535  0.06250000 0.4489501 0.016601693       0.5    0.38   0.22      0.40
536  1.00000000 0.4489501 0.016601693       0.5    0.38   0.22      0.40
537  1.00000000 0.4489501 0.016601693       0.5    0.38   0.22      0.40
538  1.00000000 0.4489501 0.016601693       0.5    0.38   0.22      0.40
539  1.00000000 0.4489501 0.016601693       0.5    0.38   0.22      0.40
540  0.07031250 0.4489501 0.016601693       0.5    0.38   0.22      0.40
541  1.00000000 0.4489501 0.016601693       0.5    0.38   0.22      0.40
542  0.09375000 0.4489501 0.016601693       0.5    0.38   0.22      0.40
543  0.08203125 0.4489501 0.016601693       0.5    0.38   0.22      0.40
544  0.11328125 0.4489501 0.016601693       0.5    0.38   0.22      0.40
545  1.00000000 0.4489501 0.016601693       0.5    0.38   0.22      0.40
546  1.00000000 0.4489501 0.016601693       0.5    0.38   0.22      0.40
547  0.05859375 0.4489501 0.016601693       0.5    0.38   0.22      0.40
548  0.44921875 0.4489501 0.016601693       0.5    0.38   0.22      0.40
549  0.05468750 0.4489501 0.016601693       0.5    0.38   0.22      0.40
550  0.15234375 0.4489501 0.016601693       0.5    0.38   0.22      0.40
551  1.00000000 0.4489501 0.016601693       0.5    0.38   0.22      0.40
552  1.00000000 0.4489501 0.016601693       0.5    0.38   0.22      0.40
553  0.40234375 0.4489501 0.016601693       0.5    0.38   0.22      0.40
554  1.00000000 0.4489501 0.016601693       0.5    0.38   0.22      0.40
555  0.17578125 0.4489501 0.016601693       0.5    0.38   0.22      0.40
556  0.08984375 0.4489501 0.016601693       0.5    0.38   0.22      0.40
557  1.00000000 0.4489501 0.016601693       0.5    0.38   0.22      0.40
558  0.15234375 0.4489501 0.016601693       0.5    0.38   0.22      0.40
559  0.07031250 0.4489501 0.016601693       0.5    0.38   0.22      0.40
560  1.00000000 0.4489501 0.016601693       0.5    0.38   0.22      0.40
561  0.03515625 0.4489501 0.016601693       0.5    0.38   0.22      0.40
562  1.00000000 0.4489501 0.016601693       0.5    0.38   0.22      0.40
563  1.00000000 0.4489501 0.016601693       0.5    0.38   0.22      0.40
564  0.07421875 0.4489501 0.016601693       0.5    0.38   0.22      0.40
565  1.00000000 0.4489501 0.016601693       0.5    0.38   0.22      0.40
566  1.00000000 0.4489501 0.016601693       0.5    0.38   0.22      0.40
567  1.00000000 0.4489501 0.016601693       0.5    0.38   0.22      0.40
568  0.07812500 0.4489501 0.016601693       0.5    0.38   0.22      0.40
569  0.55078125 0.4489501 0.016601693       0.5    0.38   0.22      0.40
570  0.07812500 0.4489501 0.016601693       0.5    0.38   0.22      0.40
571  0.12890625 0.4489501 0.016601693       0.5    0.38   0.22      0.40
572  1.00000000 0.4489501 0.016601693       0.5    0.38   0.22      0.40
573  0.08203125 0.4489501 0.016601693       0.5    0.38   0.22      0.40
574  1.00000000 0.4489501 0.016601693       0.5    0.38   0.22      0.40
575  1.00000000 0.4489501 0.016601693       0.5    0.38   0.22      0.40
576  1.00000000 0.4489501 0.016601693       0.5    0.38   0.22      0.40
577  1.00000000 0.4489501 0.016601693       0.5    0.38   0.22      0.40
578  1.00000000 0.4489501 0.016601693       0.5    0.38   0.22      0.40
579  0.08203125 0.4489501 0.016601693       0.5    0.38   0.22      0.40
580  1.00000000 0.4489501 0.016601693       0.5    0.38   0.22      0.40
581  0.04687500 0.4489501 0.016601693       0.5    0.38   0.22      0.40
582  0.17187500 0.4489501 0.016601693       0.5    0.38   0.22      0.40
583  1.00000000 0.4489501 0.016601693       0.5    0.38   0.22      0.40
584  1.00000000 0.4489501 0.016601693       0.5    0.38   0.22      0.40
585  0.55078125 0.4489501 0.016601693       0.5    0.38   0.22      0.40
586  0.09765625 0.4489501 0.016601693       0.5    0.38   0.22      0.40
587  0.04687500 0.4489501 0.016601693       0.5    0.38   0.22      0.40
588  0.15625000 0.4489501 0.016601693       0.5    0.38   0.22      0.40
589  1.00000000 0.4489501 0.016601693       0.5    0.38   0.22      0.40
590  1.00000000 0.4489501 0.016601693       0.5    0.38   0.22      0.40
591  0.07421875 0.4489501 0.016601693       0.5    0.38   0.22      0.40
592  0.17968750 0.4489501 0.016601693       0.5    0.38   0.22      0.40
593  0.08203125 0.4489501 0.016601693       0.5    0.38   0.22      0.40
594  0.10546875 0.4489501 0.016601693       0.5    0.38   0.22      0.40
595  1.00000000 0.4489501 0.016601693       0.5    0.38   0.22      0.40
596  0.03515625 0.4489501 0.016601693       0.5    0.38   0.22      0.40
597  1.00000000 0.4489501 0.016601693       0.5    0.38   0.22      0.40
598  0.05468750 0.4489501 0.016601693       0.5    0.38   0.22      0.40
599  1.00000000 0.4489501 0.016601693       0.5    0.38   0.22      0.40
600  0.08203125 0.4489501 0.016601693       0.5    0.38   0.22      0.40
601  0.01562500 0.5154504 0.008018886       0.5    0.47   0.11      0.42
602  1.00000000 0.5154504 0.008018886       0.5    0.47   0.11      0.42
603  0.12109375 0.5154504 0.008018886       0.5    0.47   0.11      0.42
604  0.00781250 0.5154504 0.008018886       0.5    0.47   0.11      0.42
605  1.00000000 0.5154504 0.008018886       0.5    0.47   0.11      0.42
606  0.11328125 0.5154504 0.008018886       0.5    0.47   0.11      0.42
607  1.00000000 0.5154504 0.008018886       0.5    0.47   0.11      0.42
608  1.00000000 0.5154504 0.008018886       0.5    0.47   0.11      0.42
609  0.01562500 0.5154504 0.008018886       0.5    0.47   0.11      0.42
610  0.00781250 0.5154504 0.008018886       0.5    0.47   0.11      0.42
611  0.26953125 0.5154504 0.008018886       0.5    0.47   0.11      0.42
612  1.00000000 0.5154504 0.008018886       0.5    0.47   0.11      0.42
613  0.03125000 0.5154504 0.008018886       0.5    0.47   0.11      0.42
614  1.00000000 0.5154504 0.008018886       0.5    0.47   0.11      0.42
615  1.00000000 0.5154504 0.008018886       0.5    0.47   0.11      0.42
616  0.05078125 0.5154504 0.008018886       0.5    0.47   0.11      0.42
617  0.04687500 0.5154504 0.008018886       0.5    0.47   0.11      0.42
618  1.00000000 0.5154504 0.008018886       0.5    0.47   0.11      0.42
619  1.00000000 0.5154504 0.008018886       0.5    0.47   0.11      0.42
620  0.00781250 0.5154504 0.008018886       0.5    0.47   0.11      0.42
621  0.10156250 0.5154504 0.008018886       0.5    0.47   0.11      0.42
622  0.01171875 0.5154504 0.008018886       0.5    0.47   0.11      0.42
623  1.00000000 0.5154504 0.008018886       0.5    0.47   0.11      0.42
624  1.00000000 0.5154504 0.008018886       0.5    0.47   0.11      0.42
625  1.00000000 0.5154504 0.008018886       0.5    0.47   0.11      0.42
626  1.00000000 0.5154504 0.008018886       0.5    0.47   0.11      0.42
627  0.01171875 0.5154504 0.008018886       0.5    0.47   0.11      0.42
628  1.00000000 0.5154504 0.008018886       0.5    0.47   0.11      0.42
629  0.04687500 0.5154504 0.008018886       0.5    0.47   0.11      0.42
630  0.01953125 0.5154504 0.008018886       0.5    0.47   0.11      0.42
631  0.01562500 0.5154504 0.008018886       0.5    0.47   0.11      0.42
632  1.00000000 0.5154504 0.008018886       0.5    0.47   0.11      0.42
633  1.00000000 0.5154504 0.008018886       0.5    0.47   0.11      0.42
634  0.01953125 0.5154504 0.008018886       0.5    0.47   0.11      0.42
635  1.00000000 0.5154504 0.008018886       0.5    0.47   0.11      0.42
636  1.00000000 0.5154504 0.008018886       0.5    0.47   0.11      0.42
637  1.00000000 0.5154504 0.008018886       0.5    0.47   0.11      0.42
638  0.55859375 0.5154504 0.008018886       0.5    0.47   0.11      0.42
639  0.03906250 0.5154504 0.008018886       0.5    0.47   0.11      0.42
640  0.14453125 0.5154504 0.008018886       0.5    0.47   0.11      0.42
641  0.09375000 0.5154504 0.008018886       0.5    0.47   0.11      0.42
642  1.00000000 0.5154504 0.008018886       0.5    0.47   0.11      0.42
643  0.05468750 0.5154504 0.008018886       0.5    0.47   0.11      0.42
644  0.50390625 0.5154504 0.008018886       0.5    0.47   0.11      0.42
645  0.02343750 0.5154504 0.008018886       0.5    0.47   0.11      0.42
646  0.00390625 0.5154504 0.008018886       0.5    0.47   0.11      0.42
647  0.03515625 0.5154504 0.008018886       0.5    0.47   0.11      0.42
648  0.03515625 0.5154504 0.008018886       0.5    0.47   0.11      0.42
649  0.01953125 0.5154504 0.008018886       0.5    0.47   0.11      0.42
650  0.10937500 0.5154504 0.008018886       0.5    0.47   0.11      0.42
651  0.07812500 0.5154504 0.008018886       0.5    0.47   0.11      0.42
652  0.01953125 0.5154504 0.008018886       0.5    0.47   0.11      0.42
653  1.00000000 0.5154504 0.008018886       0.5    0.47   0.11      0.42
654  0.03906250 0.5154504 0.008018886       0.5    0.47   0.11      0.42
655  1.00000000 0.5154504 0.008018886       0.5    0.47   0.11      0.42
656  0.28515625 0.5154504 0.008018886       0.5    0.47   0.11      0.42
657  0.62890625 0.5154504 0.008018886       0.5    0.47   0.11      0.42
658  1.00000000 0.5154504 0.008018886       0.5    0.47   0.11      0.42
659  0.02734375 0.5154504 0.008018886       0.5    0.47   0.11      0.42
660  0.07421875 0.5154504 0.008018886       0.5    0.47   0.11      0.42
661  0.04687500 0.5154504 0.008018886       0.5    0.47   0.11      0.42
662  1.00000000 0.5154504 0.008018886       0.5    0.47   0.11      0.42
663  0.01953125 0.5154504 0.008018886       0.5    0.47   0.11      0.42
664  1.00000000 0.5154504 0.008018886       0.5    0.47   0.11      0.42
665  0.01562500 0.5154504 0.008018886       0.5    0.47   0.11      0.42
666  1.00000000 0.5154504 0.008018886       0.5    0.47   0.11      0.42
667  1.00000000 0.5154504 0.008018886       0.5    0.47   0.11      0.42
668  0.05078125 0.5154504 0.008018886       0.5    0.47   0.11      0.42
669  0.01562500 0.5154504 0.008018886       0.5    0.47   0.11      0.42
670  0.03515625 0.5154504 0.008018886       0.5    0.47   0.11      0.42
671  1.00000000 0.5154504 0.008018886       0.5    0.47   0.11      0.42
672  1.00000000 0.5154504 0.008018886       0.5    0.47   0.11      0.42
673  0.01171875 0.5154504 0.008018886       0.5    0.47   0.11      0.42
674  0.02734375 0.5154504 0.008018886       0.5    0.47   0.11      0.42
675  0.05468750 0.5154504 0.008018886       0.5    0.47   0.11      0.42
676  0.00781250 0.5154504 0.008018886       0.5    0.47   0.11      0.42
677  0.12890625 0.5154504 0.008018886       0.5    0.47   0.11      0.42
678  1.00000000 0.5154504 0.008018886       0.5    0.47   0.11      0.42
679  0.01562500 0.5154504 0.008018886       0.5    0.47   0.11      0.42
680  0.02343750 0.5154504 0.008018886       0.5    0.47   0.11      0.42
681  0.05468750 0.5154504 0.008018886       0.5    0.47   0.11      0.42
682  1.00000000 0.5154504 0.008018886       0.5    0.47   0.11      0.42
683  1.00000000 0.5154504 0.008018886       0.5    0.47   0.11      0.42
684  1.00000000 0.5154504 0.008018886       0.5    0.47   0.11      0.42
685  1.00000000 0.5154504 0.008018886       0.5    0.47   0.11      0.42
686  1.00000000 0.5154504 0.008018886       0.5    0.47   0.11      0.42
687  0.00390625 0.5154504 0.008018886       0.5    0.47   0.11      0.42
688  0.01953125 0.5154504 0.008018886       0.5    0.47   0.11      0.42
689  1.00000000 0.5154504 0.008018886       0.5    0.47   0.11      0.42
690  1.00000000 0.5154504 0.008018886       0.5    0.47   0.11      0.42
691  1.00000000 0.5154504 0.008018886       0.5    0.47   0.11      0.42
692  1.00000000 0.5154504 0.008018886       0.5    0.47   0.11      0.42
693  1.00000000 0.5154504 0.008018886       0.5    0.47   0.11      0.42
694  0.03125000 0.5154504 0.008018886       0.5    0.47   0.11      0.42
695  1.00000000 0.5154504 0.008018886       0.5    0.47   0.11      0.42
696  0.05468750 0.5154504 0.008018886       0.5    0.47   0.11      0.42
697  0.01953125 0.5154504 0.008018886       0.5    0.47   0.11      0.42
698  1.00000000 0.5154504 0.008018886       0.5    0.47   0.11      0.42
699  0.00781250 0.5154504 0.008018886       0.5    0.47   0.11      0.42
700  0.03906250 0.5154504 0.008018886       0.5    0.47   0.11      0.42
701  0.24609375 0.3312599 0.016743254       0.5    0.37   0.27      0.36
702  1.00000000 0.3312599 0.016743254       0.5    0.37   0.27      0.36
703  1.00000000 0.3312599 0.016743254       0.5    0.37   0.27      0.36
704  0.18359375 0.3312599 0.016743254       0.5    0.37   0.27      0.36
705  0.14062500 0.3312599 0.016743254       0.5    0.37   0.27      0.36
706  0.57031250 0.3312599 0.016743254       0.5    0.37   0.27      0.36
707  0.17187500 0.3312599 0.016743254       0.5    0.37   0.27      0.36
708  0.01953125 0.3312599 0.016743254       0.5    0.37   0.27      0.36
709  1.00000000 0.3312599 0.016743254       0.5    0.37   0.27      0.36
710  0.11328125 0.3312599 0.016743254       0.5    0.37   0.27      0.36
711  1.00000000 0.3312599 0.016743254       0.5    0.37   0.27      0.36
712  1.00000000 0.3312599 0.016743254       0.5    0.37   0.27      0.36
713  0.05078125 0.3312599 0.016743254       0.5    0.37   0.27      0.36
714  0.08203125 0.3312599 0.016743254       0.5    0.37   0.27      0.36
715  0.04687500 0.3312599 0.016743254       0.5    0.37   0.27      0.36
716  0.03906250 0.3312599 0.016743254       0.5    0.37   0.27      0.36
717  0.56640625 0.3312599 0.016743254       0.5    0.37   0.27      0.36
718  0.08984375 0.3312599 0.016743254       0.5    0.37   0.27      0.36
719  0.10156250 0.3312599 0.016743254       0.5    0.37   0.27      0.36
720  1.00000000 0.3312599 0.016743254       0.5    0.37   0.27      0.36
721  1.00000000 0.3312599 0.016743254       0.5    0.37   0.27      0.36
722  1.00000000 0.3312599 0.016743254       0.5    0.37   0.27      0.36
723  1.00000000 0.3312599 0.016743254       0.5    0.37   0.27      0.36
724  0.05468750 0.3312599 0.016743254       0.5    0.37   0.27      0.36
725  1.00000000 0.3312599 0.016743254       0.5    0.37   0.27      0.36
726  0.14843750 0.3312599 0.016743254       0.5    0.37   0.27      0.36
727  1.00000000 0.3312599 0.016743254       0.5    0.37   0.27      0.36
728  0.08593750 0.3312599 0.016743254       0.5    0.37   0.27      0.36
729  0.05078125 0.3312599 0.016743254       0.5    0.37   0.27      0.36
730  1.00000000 0.3312599 0.016743254       0.5    0.37   0.27      0.36
731  1.00000000 0.3312599 0.016743254       0.5    0.37   0.27      0.36
732  0.06640625 0.3312599 0.016743254       0.5    0.37   0.27      0.36
733  1.00000000 0.3312599 0.016743254       0.5    0.37   0.27      0.36
734  0.11328125 0.3312599 0.016743254       0.5    0.37   0.27      0.36
735  0.01562500 0.3312599 0.016743254       0.5    0.37   0.27      0.36
736  0.07421875 0.3312599 0.016743254       0.5    0.37   0.27      0.36
737  0.55078125 0.3312599 0.016743254       0.5    0.37   0.27      0.36
738  1.00000000 0.3312599 0.016743254       0.5    0.37   0.27      0.36
739  0.01562500 0.3312599 0.016743254       0.5    0.37   0.27      0.36
740  1.00000000 0.3312599 0.016743254       0.5    0.37   0.27      0.36
741  0.04687500 0.3312599 0.016743254       0.5    0.37   0.27      0.36
742  1.00000000 0.3312599 0.016743254       0.5    0.37   0.27      0.36
743  0.52343750 0.3312599 0.016743254       0.5    0.37   0.27      0.36
744  1.00000000 0.3312599 0.016743254       0.5    0.37   0.27      0.36
745  0.06250000 0.3312599 0.016743254       0.5    0.37   0.27      0.36
746  0.14453125 0.3312599 0.016743254       0.5    0.37   0.27      0.36
747  1.00000000 0.3312599 0.016743254       0.5    0.37   0.27      0.36
748  1.00000000 0.3312599 0.016743254       0.5    0.37   0.27      0.36
749  0.04296875 0.3312599 0.016743254       0.5    0.37   0.27      0.36
750  0.07031250 0.3312599 0.016743254       0.5    0.37   0.27      0.36
751  1.00000000 0.3312599 0.016743254       0.5    0.37   0.27      0.36
752  1.00000000 0.3312599 0.016743254       0.5    0.37   0.27      0.36
753  0.10937500 0.3312599 0.016743254       0.5    0.37   0.27      0.36
754  0.34765625 0.3312599 0.016743254       0.5    0.37   0.27      0.36
755  0.08203125 0.3312599 0.016743254       0.5    0.37   0.27      0.36
756  0.15234375 0.3312599 0.016743254       0.5    0.37   0.27      0.36
757  0.16015625 0.3312599 0.016743254       0.5    0.37   0.27      0.36
758  0.02343750 0.3312599 0.016743254       0.5    0.37   0.27      0.36
759  1.00000000 0.3312599 0.016743254       0.5    0.37   0.27      0.36
760  0.07812500 0.3312599 0.016743254       0.5    0.37   0.27      0.36
761  0.12500000 0.3312599 0.016743254       0.5    0.37   0.27      0.36
762  0.03125000 0.3312599 0.016743254       0.5    0.37   0.27      0.36
763  0.04687500 0.3312599 0.016743254       0.5    0.37   0.27      0.36
764  0.07421875 0.3312599 0.016743254       0.5    0.37   0.27      0.36
765  1.00000000 0.3312599 0.016743254       0.5    0.37   0.27      0.36
766  1.00000000 0.3312599 0.016743254       0.5    0.37   0.27      0.36
767  1.00000000 0.3312599 0.016743254       0.5    0.37   0.27      0.36
768  0.05468750 0.3312599 0.016743254       0.5    0.37   0.27      0.36
769  0.06250000 0.3312599 0.016743254       0.5    0.37   0.27      0.36
770  1.00000000 0.3312599 0.016743254       0.5    0.37   0.27      0.36
771  1.00000000 0.3312599 0.016743254       0.5    0.37   0.27      0.36
772  0.20312500 0.3312599 0.016743254       0.5    0.37   0.27      0.36
773  0.30078125 0.3312599 0.016743254       0.5    0.37   0.27      0.36
774  0.05859375 0.3312599 0.016743254       0.5    0.37   0.27      0.36
775  0.07031250 0.3312599 0.016743254       0.5    0.37   0.27      0.36
776  0.06250000 0.3312599 0.016743254       0.5    0.37   0.27      0.36
777  1.00000000 0.3312599 0.016743254       0.5    0.37   0.27      0.36
778  0.16796875 0.3312599 0.016743254       0.5    0.37   0.27      0.36
779  1.00000000 0.3312599 0.016743254       0.5    0.37   0.27      0.36
780  1.00000000 0.3312599 0.016743254       0.5    0.37   0.27      0.36
781  1.00000000 0.3312599 0.016743254       0.5    0.37   0.27      0.36
782  1.00000000 0.3312599 0.016743254       0.5    0.37   0.27      0.36
783  0.08203125 0.3312599 0.016743254       0.5    0.37   0.27      0.36
784  1.00000000 0.3312599 0.016743254       0.5    0.37   0.27      0.36
785  0.12109375 0.3312599 0.016743254       0.5    0.37   0.27      0.36
786  1.00000000 0.3312599 0.016743254       0.5    0.37   0.27      0.36
787  0.20312500 0.3312599 0.016743254       0.5    0.37   0.27      0.36
788  0.29296875 0.3312599 0.016743254       0.5    0.37   0.27      0.36
789  0.11718750 0.3312599 0.016743254       0.5    0.37   0.27      0.36
790  0.04687500 0.3312599 0.016743254       0.5    0.37   0.27      0.36
791  0.03125000 0.3312599 0.016743254       0.5    0.37   0.27      0.36
792  0.07031250 0.3312599 0.016743254       0.5    0.37   0.27      0.36
793  0.21093750 0.3312599 0.016743254       0.5    0.37   0.27      0.36
794  1.00000000 0.3312599 0.016743254       0.5    0.37   0.27      0.36
795  0.04296875 0.3312599 0.016743254       0.5    0.37   0.27      0.36
796  0.03125000 0.3312599 0.016743254       0.5    0.37   0.27      0.36
797  0.07421875 0.3312599 0.016743254       0.5    0.37   0.27      0.36
798  0.09765625 0.3312599 0.016743254       0.5    0.37   0.27      0.36
799  0.28515625 0.3312599 0.016743254       0.5    0.37   0.27      0.36
800  0.07421875 0.3312599 0.016743254       0.5    0.37   0.27      0.36
801  0.11328125 0.4016796 0.011561292       0.5    0.42   0.18      0.40
802  0.01953125 0.4016796 0.011561292       0.5    0.42   0.18      0.40
803  0.10937500 0.4016796 0.011561292       0.5    0.42   0.18      0.40
804  0.30078125 0.4016796 0.011561292       0.5    0.42   0.18      0.40
805  0.01562500 0.4016796 0.011561292       0.5    0.42   0.18      0.40
806  1.00000000 0.4016796 0.011561292       0.5    0.42   0.18      0.40
807  0.09375000 0.4016796 0.011561292       0.5    0.42   0.18      0.40
808  1.00000000 0.4016796 0.011561292       0.5    0.42   0.18      0.40
809  0.01562500 0.4016796 0.011561292       0.5    0.42   0.18      0.40
810  1.00000000 0.4016796 0.011561292       0.5    0.42   0.18      0.40
811  0.16406250 0.4016796 0.011561292       0.5    0.42   0.18      0.40
812  1.00000000 0.4016796 0.011561292       0.5    0.42   0.18      0.40
813  0.00781250 0.4016796 0.011561292       0.5    0.42   0.18      0.40
814  0.26953125 0.4016796 0.011561292       0.5    0.42   0.18      0.40
815  0.04687500 0.4016796 0.011561292       0.5    0.42   0.18      0.40
816  0.01562500 0.4016796 0.011561292       0.5    0.42   0.18      0.40
817  0.02734375 0.4016796 0.011561292       0.5    0.42   0.18      0.40
818  0.01171875 0.4016796 0.011561292       0.5    0.42   0.18      0.40
819  1.00000000 0.4016796 0.011561292       0.5    0.42   0.18      0.40
820  0.02734375 0.4016796 0.011561292       0.5    0.42   0.18      0.40
821  1.00000000 0.4016796 0.011561292       0.5    0.42   0.18      0.40
822  0.06250000 0.4016796 0.011561292       0.5    0.42   0.18      0.40
823  1.00000000 0.4016796 0.011561292       0.5    0.42   0.18      0.40
824  0.03906250 0.4016796 0.011561292       0.5    0.42   0.18      0.40
825  0.01953125 0.4016796 0.011561292       0.5    0.42   0.18      0.40
826  0.05859375 0.4016796 0.011561292       0.5    0.42   0.18      0.40
827  0.04687500 0.4016796 0.011561292       0.5    0.42   0.18      0.40
828  1.00000000 0.4016796 0.011561292       0.5    0.42   0.18      0.40
829  1.00000000 0.4016796 0.011561292       0.5    0.42   0.18      0.40
830  0.05468750 0.4016796 0.011561292       0.5    0.42   0.18      0.40
831  1.00000000 0.4016796 0.011561292       0.5    0.42   0.18      0.40
832  0.10937500 0.4016796 0.011561292       0.5    0.42   0.18      0.40
833  0.21093750 0.4016796 0.011561292       0.5    0.42   0.18      0.40
834  0.00000000 0.4016796 0.011561292       0.5    0.42   0.18      0.40
835  1.00000000 0.4016796 0.011561292       0.5    0.42   0.18      0.40
836  0.01953125 0.4016796 0.011561292       0.5    0.42   0.18      0.40
837  0.16406250 0.4016796 0.011561292       0.5    0.42   0.18      0.40
838  1.00000000 0.4016796 0.011561292       0.5    0.42   0.18      0.40
839  0.11328125 0.4016796 0.011561292       0.5    0.42   0.18      0.40
840  1.00000000 0.4016796 0.011561292       0.5    0.42   0.18      0.40
841  0.08203125 0.4016796 0.011561292       0.5    0.42   0.18      0.40
842  0.21093750 0.4016796 0.011561292       0.5    0.42   0.18      0.40
843  0.11718750 0.4016796 0.011561292       0.5    0.42   0.18      0.40
844  0.05468750 0.4016796 0.011561292       0.5    0.42   0.18      0.40
845  1.00000000 0.4016796 0.011561292       0.5    0.42   0.18      0.40
846  1.00000000 0.4016796 0.011561292       0.5    0.42   0.18      0.40
847  0.17578125 0.4016796 0.011561292       0.5    0.42   0.18      0.40
848  1.00000000 0.4016796 0.011561292       0.5    0.42   0.18      0.40
849  0.11328125 0.4016796 0.011561292       0.5    0.42   0.18      0.40
850  1.00000000 0.4016796 0.011561292       0.5    0.42   0.18      0.40
851  0.01953125 0.4016796 0.011561292       0.5    0.42   0.18      0.40
852  1.00000000 0.4016796 0.011561292       0.5    0.42   0.18      0.40
853  0.06640625 0.4016796 0.011561292       0.5    0.42   0.18      0.40
854  0.01953125 0.4016796 0.011561292       0.5    0.42   0.18      0.40
855  0.02343750 0.4016796 0.011561292       0.5    0.42   0.18      0.40
856  1.00000000 0.4016796 0.011561292       0.5    0.42   0.18      0.40
857  1.00000000 0.4016796 0.011561292       0.5    0.42   0.18      0.40
858  0.32421875 0.4016796 0.011561292       0.5    0.42   0.18      0.40
859  1.00000000 0.4016796 0.011561292       0.5    0.42   0.18      0.40
860  1.00000000 0.4016796 0.011561292       0.5    0.42   0.18      0.40
861  0.14453125 0.4016796 0.011561292       0.5    0.42   0.18      0.40
862  1.00000000 0.4016796 0.011561292       0.5    0.42   0.18      0.40
863  1.00000000 0.4016796 0.011561292       0.5    0.42   0.18      0.40
864  0.09765625 0.4016796 0.011561292       0.5    0.42   0.18      0.40
865  1.00000000 0.4016796 0.011561292       0.5    0.42   0.18      0.40
866  0.15625000 0.4016796 0.011561292       0.5    0.42   0.18      0.40
867  0.21875000 0.4016796 0.011561292       0.5    0.42   0.18      0.40
868  0.01562500 0.4016796 0.011561292       0.5    0.42   0.18      0.40
869  0.03515625 0.4016796 0.011561292       0.5    0.42   0.18      0.40
870  1.00000000 0.4016796 0.011561292       0.5    0.42   0.18      0.40
871  1.00000000 0.4016796 0.011561292       0.5    0.42   0.18      0.40
872  1.00000000 0.4016796 0.011561292       0.5    0.42   0.18      0.40
873  1.00000000 0.4016796 0.011561292       0.5    0.42   0.18      0.40
874  1.00000000 0.4016796 0.011561292       0.5    0.42   0.18      0.40
875  0.03515625 0.4016796 0.011561292       0.5    0.42   0.18      0.40
876  0.02343750 0.4016796 0.011561292       0.5    0.42   0.18      0.40
877  0.03125000 0.4016796 0.011561292       0.5    0.42   0.18      0.40
878  0.05468750 0.4016796 0.011561292       0.5    0.42   0.18      0.40
879  0.02343750 0.4016796 0.011561292       0.5    0.42   0.18      0.40
880  1.00000000 0.4016796 0.011561292       0.5    0.42   0.18      0.40
881  1.00000000 0.4016796 0.011561292       0.5    0.42   0.18      0.40
882  0.04687500 0.4016796 0.011561292       0.5    0.42   0.18      0.40
883  1.00000000 0.4016796 0.011561292       0.5    0.42   0.18      0.40
884  0.04687500 0.4016796 0.011561292       0.5    0.42   0.18      0.40
885  0.06640625 0.4016796 0.011561292       0.5    0.42   0.18      0.40
886  0.05078125 0.4016796 0.011561292       0.5    0.42   0.18      0.40
887  0.07812500 0.4016796 0.011561292       0.5    0.42   0.18      0.40
888  1.00000000 0.4016796 0.011561292       0.5    0.42   0.18      0.40
889  1.00000000 0.4016796 0.011561292       0.5    0.42   0.18      0.40
890  0.29296875 0.4016796 0.011561292       0.5    0.42   0.18      0.40
891  1.00000000 0.4016796 0.011561292       0.5    0.42   0.18      0.40
892  0.14453125 0.4016796 0.011561292       0.5    0.42   0.18      0.40
893  1.00000000 0.4016796 0.011561292       0.5    0.42   0.18      0.40
894  1.00000000 0.4016796 0.011561292       0.5    0.42   0.18      0.40
895  0.03906250 0.4016796 0.011561292       0.5    0.42   0.18      0.40
896  0.51171875 0.4016796 0.011561292       0.5    0.42   0.18      0.40
897  0.04296875 0.4016796 0.011561292       0.5    0.42   0.18      0.40
898  1.00000000 0.4016796 0.011561292       0.5    0.42   0.18      0.40
899  1.00000000 0.4016796 0.011561292       0.5    0.42   0.18      0.40
900  0.06250000 0.4016796 0.011561292       0.5    0.42   0.18      0.40
901  1.00000000 0.3969133 0.015866784       0.5    0.41   0.21      0.38
902  1.00000000 0.3969133 0.015866784       0.5    0.41   0.21      0.38
903  1.00000000 0.3969133 0.015866784       0.5    0.41   0.21      0.38
904  1.00000000 0.3969133 0.015866784       0.5    0.41   0.21      0.38
905  0.06640625 0.3969133 0.015866784       0.5    0.41   0.21      0.38
906  0.07031250 0.3969133 0.015866784       0.5    0.41   0.21      0.38
907  1.00000000 0.3969133 0.015866784       0.5    0.41   0.21      0.38
908  1.00000000 0.3969133 0.015866784       0.5    0.41   0.21      0.38
909  1.00000000 0.3969133 0.015866784       0.5    0.41   0.21      0.38
910  0.06640625 0.3969133 0.015866784       0.5    0.41   0.21      0.38
911  0.09375000 0.3969133 0.015866784       0.5    0.41   0.21      0.38
912  0.03906250 0.3969133 0.015866784       0.5    0.41   0.21      0.38
913  0.02734375 0.3969133 0.015866784       0.5    0.41   0.21      0.38
914  0.07421875 0.3969133 0.015866784       0.5    0.41   0.21      0.38
915  1.00000000 0.3969133 0.015866784       0.5    0.41   0.21      0.38
916  0.18359375 0.3969133 0.015866784       0.5    0.41   0.21      0.38
917  0.17578125 0.3969133 0.015866784       0.5    0.41   0.21      0.38
918  1.00000000 0.3969133 0.015866784       0.5    0.41   0.21      0.38
919  0.14843750 0.3969133 0.015866784       0.5    0.41   0.21      0.38
920  0.55468750 0.3969133 0.015866784       0.5    0.41   0.21      0.38
921  1.00000000 0.3969133 0.015866784       0.5    0.41   0.21      0.38
922  0.04687500 0.3969133 0.015866784       0.5    0.41   0.21      0.38
923  0.18359375 0.3969133 0.015866784       0.5    0.41   0.21      0.38
924  0.08593750 0.3969133 0.015866784       0.5    0.41   0.21      0.38
925  1.00000000 0.3969133 0.015866784       0.5    0.41   0.21      0.38
926  0.27734375 0.3969133 0.015866784       0.5    0.41   0.21      0.38
927  1.00000000 0.3969133 0.015866784       0.5    0.41   0.21      0.38
928  0.17578125 0.3969133 0.015866784       0.5    0.41   0.21      0.38
929  1.00000000 0.3969133 0.015866784       0.5    0.41   0.21      0.38
930  0.07031250 0.3969133 0.015866784       0.5    0.41   0.21      0.38
931  0.05078125 0.3969133 0.015866784       0.5    0.41   0.21      0.38
932  0.50781250 0.3969133 0.015866784       0.5    0.41   0.21      0.38
933  0.10546875 0.3969133 0.015866784       0.5    0.41   0.21      0.38
934  0.08593750 0.3969133 0.015866784       0.5    0.41   0.21      0.38
935  0.17578125 0.3969133 0.015866784       0.5    0.41   0.21      0.38
936  1.00000000 0.3969133 0.015866784       0.5    0.41   0.21      0.38
937  0.19921875 0.3969133 0.015866784       0.5    0.41   0.21      0.38
938  1.00000000 0.3969133 0.015866784       0.5    0.41   0.21      0.38
939  0.05859375 0.3969133 0.015866784       0.5    0.41   0.21      0.38
940  1.00000000 0.3969133 0.015866784       0.5    0.41   0.21      0.38
941  1.00000000 0.3969133 0.015866784       0.5    0.41   0.21      0.38
942  0.32421875 0.3969133 0.015866784       0.5    0.41   0.21      0.38
943  1.00000000 0.3969133 0.015866784       0.5    0.41   0.21      0.38
944  1.00000000 0.3969133 0.015866784       0.5    0.41   0.21      0.38
945  0.08203125 0.3969133 0.015866784       0.5    0.41   0.21      0.38
946  1.00000000 0.3969133 0.015866784       0.5    0.41   0.21      0.38
947  1.00000000 0.3969133 0.015866784       0.5    0.41   0.21      0.38
948  0.12890625 0.3969133 0.015866784       0.5    0.41   0.21      0.38
949  0.34375000 0.3969133 0.015866784       0.5    0.41   0.21      0.38
950  0.06640625 0.3969133 0.015866784       0.5    0.41   0.21      0.38
951  0.04687500 0.3969133 0.015866784       0.5    0.41   0.21      0.38
952  1.00000000 0.3969133 0.015866784       0.5    0.41   0.21      0.38
953  0.05468750 0.3969133 0.015866784       0.5    0.41   0.21      0.38
954  0.17187500 0.3969133 0.015866784       0.5    0.41   0.21      0.38
955  0.03906250 0.3969133 0.015866784       0.5    0.41   0.21      0.38
956  0.04687500 0.3969133 0.015866784       0.5    0.41   0.21      0.38
957  0.05859375 0.3969133 0.015866784       0.5    0.41   0.21      0.38
958  0.52343750 0.3969133 0.015866784       0.5    0.41   0.21      0.38
959  0.08593750 0.3969133 0.015866784       0.5    0.41   0.21      0.38
960  1.00000000 0.3969133 0.015866784       0.5    0.41   0.21      0.38
961  0.06250000 0.3969133 0.015866784       0.5    0.41   0.21      0.38
962  0.29296875 0.3969133 0.015866784       0.5    0.41   0.21      0.38
963  1.00000000 0.3969133 0.015866784       0.5    0.41   0.21      0.38
964  1.00000000 0.3969133 0.015866784       0.5    0.41   0.21      0.38
965  0.03906250 0.3969133 0.015866784       0.5    0.41   0.21      0.38
966  1.00000000 0.3969133 0.015866784       0.5    0.41   0.21      0.38
967  0.08593750 0.3969133 0.015866784       0.5    0.41   0.21      0.38
968  1.00000000 0.3969133 0.015866784       0.5    0.41   0.21      0.38
969  0.08203125 0.3969133 0.015866784       0.5    0.41   0.21      0.38
970  0.14062500 0.3969133 0.015866784       0.5    0.41   0.21      0.38
971  0.05859375 0.3969133 0.015866784       0.5    0.41   0.21      0.38
972  1.00000000 0.3969133 0.015866784       0.5    0.41   0.21      0.38
973  0.03906250 0.3969133 0.015866784       0.5    0.41   0.21      0.38
974  0.03906250 0.3969133 0.015866784       0.5    0.41   0.21      0.38
975  0.14453125 0.3969133 0.015866784       0.5    0.41   0.21      0.38
976  1.00000000 0.3969133 0.015866784       0.5    0.41   0.21      0.38
977  1.00000000 0.3969133 0.015866784       0.5    0.41   0.21      0.38
978  1.00000000 0.3969133 0.015866784       0.5    0.41   0.21      0.38
979  0.53515625 0.3969133 0.015866784       0.5    0.41   0.21      0.38
980  0.07421875 0.3969133 0.015866784       0.5    0.41   0.21      0.38
981  1.00000000 0.3969133 0.015866784       0.5    0.41   0.21      0.38
982  1.00000000 0.3969133 0.015866784       0.5    0.41   0.21      0.38
983  0.32812500 0.3969133 0.015866784       0.5    0.41   0.21      0.38
984  0.23437500 0.3969133 0.015866784       0.5    0.41   0.21      0.38
985  1.00000000 0.3969133 0.015866784       0.5    0.41   0.21      0.38
986  0.10546875 0.3969133 0.015866784       0.5    0.41   0.21      0.38
987  0.09765625 0.3969133 0.015866784       0.5    0.41   0.21      0.38
988  0.07031250 0.3969133 0.015866784       0.5    0.41   0.21      0.38
989  0.04687500 0.3969133 0.015866784       0.5    0.41   0.21      0.38
990  0.15625000 0.3969133 0.015866784       0.5    0.41   0.21      0.38
991  0.02734375 0.3969133 0.015866784       0.5    0.41   0.21      0.38
992  0.05859375 0.3969133 0.015866784       0.5    0.41   0.21      0.38
993  0.07812500 0.3969133 0.015866784       0.5    0.41   0.21      0.38
994  1.00000000 0.3969133 0.015866784       0.5    0.41   0.21      0.38
995  1.00000000 0.3969133 0.015866784       0.5    0.41   0.21      0.38
996  1.00000000 0.3969133 0.015866784       0.5    0.41   0.21      0.38
997  0.02734375 0.3969133 0.015866784       0.5    0.41   0.21      0.38
998  0.17578125 0.3969133 0.015866784       0.5    0.41   0.21      0.38
999  0.16796875 0.3969133 0.015866784       0.5    0.41   0.21      0.38
1000 1.00000000 0.3969133 0.015866784       0.5    0.41   0.21      0.38
