      prop.aneu prob.meio   prob.mito dispersal euploid mosaic aneuploid
1    1.00000000 0.3820881 0.017117786       0.5    0.40   0.26      0.34
2    0.09765625 0.3820881 0.017117786       0.5    0.40   0.26      0.34
3    1.00000000 0.3820881 0.017117786       0.5    0.40   0.26      0.34
4    0.26171875 0.3820881 0.017117786       0.5    0.40   0.26      0.34
5    0.11328125 0.3820881 0.017117786       0.5    0.40   0.26      0.34
6    0.03515625 0.3820881 0.017117786       0.5    0.40   0.26      0.34
7    0.03906250 0.3820881 0.017117786       0.5    0.40   0.26      0.34
8    0.09375000 0.3820881 0.017117786       0.5    0.40   0.26      0.34
9    0.10937500 0.3820881 0.017117786       0.5    0.40   0.26      0.34
10   1.00000000 0.3820881 0.017117786       0.5    0.40   0.26      0.34
11   0.20312500 0.3820881 0.017117786       0.5    0.40   0.26      0.34
12   1.00000000 0.3820881 0.017117786       0.5    0.40   0.26      0.34
13   0.11328125 0.3820881 0.017117786       0.5    0.40   0.26      0.34
14   0.05859375 0.3820881 0.017117786       0.5    0.40   0.26      0.34
15   0.10937500 0.3820881 0.017117786       0.5    0.40   0.26      0.34
16   0.05468750 0.3820881 0.017117786       0.5    0.40   0.26      0.34
17   1.00000000 0.3820881 0.017117786       0.5    0.40   0.26      0.34
18   1.00000000 0.3820881 0.017117786       0.5    0.40   0.26      0.34
19   1.00000000 0.3820881 0.017117786       0.5    0.40   0.26      0.34
20   0.06250000 0.3820881 0.017117786       0.5    0.40   0.26      0.34
21   0.10546875 0.3820881 0.017117786       0.5    0.40   0.26      0.34
22   1.00000000 0.3820881 0.017117786       0.5    0.40   0.26      0.34
23   0.09765625 0.3820881 0.017117786       0.5    0.40   0.26      0.34
24   1.00000000 0.3820881 0.017117786       0.5    0.40   0.26      0.34
25   0.08203125 0.3820881 0.017117786       0.5    0.40   0.26      0.34
26   1.00000000 0.3820881 0.017117786       0.5    0.40   0.26      0.34
27   1.00000000 0.3820881 0.017117786       0.5    0.40   0.26      0.34
28   1.00000000 0.3820881 0.017117786       0.5    0.40   0.26      0.34
29   1.00000000 0.3820881 0.017117786       0.5    0.40   0.26      0.34
30   0.03515625 0.3820881 0.017117786       0.5    0.40   0.26      0.34
31   0.09375000 0.3820881 0.017117786       0.5    0.40   0.26      0.34
32   0.07031250 0.3820881 0.017117786       0.5    0.40   0.26      0.34
33   0.10937500 0.3820881 0.017117786       0.5    0.40   0.26      0.34
34   1.00000000 0.3820881 0.017117786       0.5    0.40   0.26      0.34
35   1.00000000 0.3820881 0.017117786       0.5    0.40   0.26      0.34
36   0.08984375 0.3820881 0.017117786       0.5    0.40   0.26      0.34
37   1.00000000 0.3820881 0.017117786       0.5    0.40   0.26      0.34
38   0.08203125 0.3820881 0.017117786       0.5    0.40   0.26      0.34
39   0.06640625 0.3820881 0.017117786       0.5    0.40   0.26      0.34
40   1.00000000 0.3820881 0.017117786       0.5    0.40   0.26      0.34
41   1.00000000 0.3820881 0.017117786       0.5    0.40   0.26      0.34
42   0.14062500 0.3820881 0.017117786       0.5    0.40   0.26      0.34
43   1.00000000 0.3820881 0.017117786       0.5    0.40   0.26      0.34
44   0.06640625 0.3820881 0.017117786       0.5    0.40   0.26      0.34
45   1.00000000 0.3820881 0.017117786       0.5    0.40   0.26      0.34
46   0.19531250 0.3820881 0.017117786       0.5    0.40   0.26      0.34
47   0.33593750 0.3820881 0.017117786       0.5    0.40   0.26      0.34
48   0.05078125 0.3820881 0.017117786       0.5    0.40   0.26      0.34
49   1.00000000 0.3820881 0.017117786       0.5    0.40   0.26      0.34
50   0.06250000 0.3820881 0.017117786       0.5    0.40   0.26      0.34
51   0.17968750 0.3820881 0.017117786       0.5    0.40   0.26      0.34
52   0.10937500 0.3820881 0.017117786       0.5    0.40   0.26      0.34
53   0.11718750 0.3820881 0.017117786       0.5    0.40   0.26      0.34
54   0.15234375 0.3820881 0.017117786       0.5    0.40   0.26      0.34
55   1.00000000 0.3820881 0.017117786       0.5    0.40   0.26      0.34
56   0.08203125 0.3820881 0.017117786       0.5    0.40   0.26      0.34
57   1.00000000 0.3820881 0.017117786       0.5    0.40   0.26      0.34
58   0.13671875 0.3820881 0.017117786       0.5    0.40   0.26      0.34
59   0.05859375 0.3820881 0.017117786       0.5    0.40   0.26      0.34
60   0.08593750 0.3820881 0.017117786       0.5    0.40   0.26      0.34
61   0.14062500 0.3820881 0.017117786       0.5    0.40   0.26      0.34
62   0.27343750 0.3820881 0.017117786       0.5    0.40   0.26      0.34
63   0.12109375 0.3820881 0.017117786       0.5    0.40   0.26      0.34
64   1.00000000 0.3820881 0.017117786       0.5    0.40   0.26      0.34
65   1.00000000 0.3820881 0.017117786       0.5    0.40   0.26      0.34
66   1.00000000 0.3820881 0.017117786       0.5    0.40   0.26      0.34
67   0.04687500 0.3820881 0.017117786       0.5    0.40   0.26      0.34
68   0.19140625 0.3820881 0.017117786       0.5    0.40   0.26      0.34
69   0.06640625 0.3820881 0.017117786       0.5    0.40   0.26      0.34
70   0.12500000 0.3820881 0.017117786       0.5    0.40   0.26      0.34
71   0.19921875 0.3820881 0.017117786       0.5    0.40   0.26      0.34
72   0.08984375 0.3820881 0.017117786       0.5    0.40   0.26      0.34
73   0.21484375 0.3820881 0.017117786       0.5    0.40   0.26      0.34
74   0.05078125 0.3820881 0.017117786       0.5    0.40   0.26      0.34
75   0.08593750 0.3820881 0.017117786       0.5    0.40   0.26      0.34
76   0.03515625 0.3820881 0.017117786       0.5    0.40   0.26      0.34
77   0.11718750 0.3820881 0.017117786       0.5    0.40   0.26      0.34
78   0.07031250 0.3820881 0.017117786       0.5    0.40   0.26      0.34
79   1.00000000 0.3820881 0.017117786       0.5    0.40   0.26      0.34
80   0.14453125 0.3820881 0.017117786       0.5    0.40   0.26      0.34
81   0.05078125 0.3820881 0.017117786       0.5    0.40   0.26      0.34
82   0.01953125 0.3820881 0.017117786       0.5    0.40   0.26      0.34
83   1.00000000 0.3820881 0.017117786       0.5    0.40   0.26      0.34
84   0.25781250 0.3820881 0.017117786       0.5    0.40   0.26      0.34
85   1.00000000 0.3820881 0.017117786       0.5    0.40   0.26      0.34
86   0.05859375 0.3820881 0.017117786       0.5    0.40   0.26      0.34
87   1.00000000 0.3820881 0.017117786       0.5    0.40   0.26      0.34
88   1.00000000 0.3820881 0.017117786       0.5    0.40   0.26      0.34
89   1.00000000 0.3820881 0.017117786       0.5    0.40   0.26      0.34
90   0.11718750 0.3820881 0.017117786       0.5    0.40   0.26      0.34
91   0.03125000 0.3820881 0.017117786       0.5    0.40   0.26      0.34
92   0.03125000 0.3820881 0.017117786       0.5    0.40   0.26      0.34
93   0.12890625 0.3820881 0.017117786       0.5    0.40   0.26      0.34
94   0.28906250 0.3820881 0.017117786       0.5    0.40   0.26      0.34
95   1.00000000 0.3820881 0.017117786       0.5    0.40   0.26      0.34
96   1.00000000 0.3820881 0.017117786       0.5    0.40   0.26      0.34
97   0.15234375 0.3820881 0.017117786       0.5    0.40   0.26      0.34
98   0.16406250 0.3820881 0.017117786       0.5    0.40   0.26      0.34
99   0.02734375 0.3820881 0.017117786       0.5    0.40   0.26      0.34
100  0.06640625 0.3820881 0.017117786       0.5    0.40   0.26      0.34
101  1.00000000 0.6228082 0.011991887       0.5    0.30   0.10      0.60
102  0.01171875 0.6228082 0.011991887       0.5    0.30   0.10      0.60
103  1.00000000 0.6228082 0.011991887       0.5    0.30   0.10      0.60
104  0.03515625 0.6228082 0.011991887       0.5    0.30   0.10      0.60
105  0.01953125 0.6228082 0.011991887       0.5    0.30   0.10      0.60
106  1.00000000 0.6228082 0.011991887       0.5    0.30   0.10      0.60
107  0.14453125 0.6228082 0.011991887       0.5    0.30   0.10      0.60
108  1.00000000 0.6228082 0.011991887       0.5    0.30   0.10      0.60
109  1.00000000 0.6228082 0.011991887       0.5    0.30   0.10      0.60
110  0.03515625 0.6228082 0.011991887       0.5    0.30   0.10      0.60
111  1.00000000 0.6228082 0.011991887       0.5    0.30   0.10      0.60
112  0.02343750 0.6228082 0.011991887       0.5    0.30   0.10      0.60
113  0.04687500 0.6228082 0.011991887       0.5    0.30   0.10      0.60
114  1.00000000 0.6228082 0.011991887       0.5    0.30   0.10      0.60
115  0.05078125 0.6228082 0.011991887       0.5    0.30   0.10      0.60
116  1.00000000 0.6228082 0.011991887       0.5    0.30   0.10      0.60
117  0.07031250 0.6228082 0.011991887       0.5    0.30   0.10      0.60
118  1.00000000 0.6228082 0.011991887       0.5    0.30   0.10      0.60
119  1.00000000 0.6228082 0.011991887       0.5    0.30   0.10      0.60
120  0.09765625 0.6228082 0.011991887       0.5    0.30   0.10      0.60
121  1.00000000 0.6228082 0.011991887       0.5    0.30   0.10      0.60
122  0.03906250 0.6228082 0.011991887       0.5    0.30   0.10      0.60
123  1.00000000 0.6228082 0.011991887       0.5    0.30   0.10      0.60
124  1.00000000 0.6228082 0.011991887       0.5    0.30   0.10      0.60
125  1.00000000 0.6228082 0.011991887       0.5    0.30   0.10      0.60
126  0.02734375 0.6228082 0.011991887       0.5    0.30   0.10      0.60
127  1.00000000 0.6228082 0.011991887       0.5    0.30   0.10      0.60
128  0.21484375 0.6228082 0.011991887       0.5    0.30   0.10      0.60
129  1.00000000 0.6228082 0.011991887       0.5    0.30   0.10      0.60
130  0.07421875 0.6228082 0.011991887       0.5    0.30   0.10      0.60
131  1.00000000 0.6228082 0.011991887       0.5    0.30   0.10      0.60
132  1.00000000 0.6228082 0.011991887       0.5    0.30   0.10      0.60
133  0.02734375 0.6228082 0.011991887       0.5    0.30   0.10      0.60
134  1.00000000 0.6228082 0.011991887       0.5    0.30   0.10      0.60
135  1.00000000 0.6228082 0.011991887       0.5    0.30   0.10      0.60
136  1.00000000 0.6228082 0.011991887       0.5    0.30   0.10      0.60
137  1.00000000 0.6228082 0.011991887       0.5    0.30   0.10      0.60
138  0.03906250 0.6228082 0.011991887       0.5    0.30   0.10      0.60
139  0.03906250 0.6228082 0.011991887       0.5    0.30   0.10      0.60
140  0.15234375 0.6228082 0.011991887       0.5    0.30   0.10      0.60
141  1.00000000 0.6228082 0.011991887       0.5    0.30   0.10      0.60
142  0.01953125 0.6228082 0.011991887       0.5    0.30   0.10      0.60
143  1.00000000 0.6228082 0.011991887       0.5    0.30   0.10      0.60
144  0.03515625 0.6228082 0.011991887       0.5    0.30   0.10      0.60
145  1.00000000 0.6228082 0.011991887       0.5    0.30   0.10      0.60
146  1.00000000 0.6228082 0.011991887       0.5    0.30   0.10      0.60
147  1.00000000 0.6228082 0.011991887       0.5    0.30   0.10      0.60
148  1.00000000 0.6228082 0.011991887       0.5    0.30   0.10      0.60
149  0.02734375 0.6228082 0.011991887       0.5    0.30   0.10      0.60
150  0.04687500 0.6228082 0.011991887       0.5    0.30   0.10      0.60
151  0.04296875 0.6228082 0.011991887       0.5    0.30   0.10      0.60
152  1.00000000 0.6228082 0.011991887       0.5    0.30   0.10      0.60
153  1.00000000 0.6228082 0.011991887       0.5    0.30   0.10      0.60
154  1.00000000 0.6228082 0.011991887       0.5    0.30   0.10      0.60
155  1.00000000 0.6228082 0.011991887       0.5    0.30   0.10      0.60
156  1.00000000 0.6228082 0.011991887       0.5    0.30   0.10      0.60
157  1.00000000 0.6228082 0.011991887       0.5    0.30   0.10      0.60
158  0.05468750 0.6228082 0.011991887       0.5    0.30   0.10      0.60
159  1.00000000 0.6228082 0.011991887       0.5    0.30   0.10      0.60
160  1.00000000 0.6228082 0.011991887       0.5    0.30   0.10      0.60
161  1.00000000 0.6228082 0.011991887       0.5    0.30   0.10      0.60
162  1.00000000 0.6228082 0.011991887       0.5    0.30   0.10      0.60
163  0.06640625 0.6228082 0.011991887       0.5    0.30   0.10      0.60
164  1.00000000 0.6228082 0.011991887       0.5    0.30   0.10      0.60
165  0.03515625 0.6228082 0.011991887       0.5    0.30   0.10      0.60
166  1.00000000 0.6228082 0.011991887       0.5    0.30   0.10      0.60
167  1.00000000 0.6228082 0.011991887       0.5    0.30   0.10      0.60
168  1.00000000 0.6228082 0.011991887       0.5    0.30   0.10      0.60
169  1.00000000 0.6228082 0.011991887       0.5    0.30   0.10      0.60
170  0.00781250 0.6228082 0.011991887       0.5    0.30   0.10      0.60
171  1.00000000 0.6228082 0.011991887       0.5    0.30   0.10      0.60
172  1.00000000 0.6228082 0.011991887       0.5    0.30   0.10      0.60
173  0.02343750 0.6228082 0.011991887       0.5    0.30   0.10      0.60
174  0.27343750 0.6228082 0.011991887       0.5    0.30   0.10      0.60
175  1.00000000 0.6228082 0.011991887       0.5    0.30   0.10      0.60
176  1.00000000 0.6228082 0.011991887       0.5    0.30   0.10      0.60
177  1.00000000 0.6228082 0.011991887       0.5    0.30   0.10      0.60
178  0.09375000 0.6228082 0.011991887       0.5    0.30   0.10      0.60
179  1.00000000 0.6228082 0.011991887       0.5    0.30   0.10      0.60
180  1.00000000 0.6228082 0.011991887       0.5    0.30   0.10      0.60
181  0.04296875 0.6228082 0.011991887       0.5    0.30   0.10      0.60
182  0.06640625 0.6228082 0.011991887       0.5    0.30   0.10      0.60
183  0.04687500 0.6228082 0.011991887       0.5    0.30   0.10      0.60
184  0.03125000 0.6228082 0.011991887       0.5    0.30   0.10      0.60
185  0.34375000 0.6228082 0.011991887       0.5    0.30   0.10      0.60
186  1.00000000 0.6228082 0.011991887       0.5    0.30   0.10      0.60
187  1.00000000 0.6228082 0.011991887       0.5    0.30   0.10      0.60
188  0.05078125 0.6228082 0.011991887       0.5    0.30   0.10      0.60
189  1.00000000 0.6228082 0.011991887       0.5    0.30   0.10      0.60
190  0.07421875 0.6228082 0.011991887       0.5    0.30   0.10      0.60
191  0.08203125 0.6228082 0.011991887       0.5    0.30   0.10      0.60
192  1.00000000 0.6228082 0.011991887       0.5    0.30   0.10      0.60
193  1.00000000 0.6228082 0.011991887       0.5    0.30   0.10      0.60
194  0.05468750 0.6228082 0.011991887       0.5    0.30   0.10      0.60
195  0.08203125 0.6228082 0.011991887       0.5    0.30   0.10      0.60
196  1.00000000 0.6228082 0.011991887       0.5    0.30   0.10      0.60
197  1.00000000 0.6228082 0.011991887       0.5    0.30   0.10      0.60
198  1.00000000 0.6228082 0.011991887       0.5    0.30   0.10      0.60
199  1.00000000 0.6228082 0.011991887       0.5    0.30   0.10      0.60
200  1.00000000 0.6228082 0.011991887       0.5    0.30   0.10      0.60
201  1.00000000 0.3993224 0.025862611       0.5    0.24   0.33      0.43
202  0.13671875 0.3993224 0.025862611       0.5    0.24   0.33      0.43
203  1.00000000 0.3993224 0.025862611       0.5    0.24   0.33      0.43
204  0.18359375 0.3993224 0.025862611       0.5    0.24   0.33      0.43
205  0.14062500 0.3993224 0.025862611       0.5    0.24   0.33      0.43
206  0.21093750 0.3993224 0.025862611       0.5    0.24   0.33      0.43
207  0.09375000 0.3993224 0.025862611       0.5    0.24   0.33      0.43
208  1.00000000 0.3993224 0.025862611       0.5    0.24   0.33      0.43
209  1.00000000 0.3993224 0.025862611       0.5    0.24   0.33      0.43
210  1.00000000 0.3993224 0.025862611       0.5    0.24   0.33      0.43
211  0.05859375 0.3993224 0.025862611       0.5    0.24   0.33      0.43
212  1.00000000 0.3993224 0.025862611       0.5    0.24   0.33      0.43
213  1.00000000 0.3993224 0.025862611       0.5    0.24   0.33      0.43
214  0.10156250 0.3993224 0.025862611       0.5    0.24   0.33      0.43
215  1.00000000 0.3993224 0.025862611       0.5    0.24   0.33      0.43
216  1.00000000 0.3993224 0.025862611       0.5    0.24   0.33      0.43
217  1.00000000 0.3993224 0.025862611       0.5    0.24   0.33      0.43
218  1.00000000 0.3993224 0.025862611       0.5    0.24   0.33      0.43
219  1.00000000 0.3993224 0.025862611       0.5    0.24   0.33      0.43
220  0.42187500 0.3993224 0.025862611       0.5    0.24   0.33      0.43
221  1.00000000 0.3993224 0.025862611       0.5    0.24   0.33      0.43
222  0.20703125 0.3993224 0.025862611       0.5    0.24   0.33      0.43
223  0.26171875 0.3993224 0.025862611       0.5    0.24   0.33      0.43
224  0.21484375 0.3993224 0.025862611       0.5    0.24   0.33      0.43
225  1.00000000 0.3993224 0.025862611       0.5    0.24   0.33      0.43
226  0.14843750 0.3993224 0.025862611       0.5    0.24   0.33      0.43
227  1.00000000 0.3993224 0.025862611       0.5    0.24   0.33      0.43
228  1.00000000 0.3993224 0.025862611       0.5    0.24   0.33      0.43
229  1.00000000 0.3993224 0.025862611       0.5    0.24   0.33      0.43
230  0.28515625 0.3993224 0.025862611       0.5    0.24   0.33      0.43
231  1.00000000 0.3993224 0.025862611       0.5    0.24   0.33      0.43
232  0.31640625 0.3993224 0.025862611       0.5    0.24   0.33      0.43
233  0.14453125 0.3993224 0.025862611       0.5    0.24   0.33      0.43
234  1.00000000 0.3993224 0.025862611       0.5    0.24   0.33      0.43
235  0.29687500 0.3993224 0.025862611       0.5    0.24   0.33      0.43
236  0.14843750 0.3993224 0.025862611       0.5    0.24   0.33      0.43
237  0.07421875 0.3993224 0.025862611       0.5    0.24   0.33      0.43
238  1.00000000 0.3993224 0.025862611       0.5    0.24   0.33      0.43
239  0.05859375 0.3993224 0.025862611       0.5    0.24   0.33      0.43
240  1.00000000 0.3993224 0.025862611       0.5    0.24   0.33      0.43
241  1.00000000 0.3993224 0.025862611       0.5    0.24   0.33      0.43
242  0.30859375 0.3993224 0.025862611       0.5    0.24   0.33      0.43
243  1.00000000 0.3993224 0.025862611       0.5    0.24   0.33      0.43
244  0.16015625 0.3993224 0.025862611       0.5    0.24   0.33      0.43
245  0.28125000 0.3993224 0.025862611       0.5    0.24   0.33      0.43
246  0.51562500 0.3993224 0.025862611       0.5    0.24   0.33      0.43
247  0.14062500 0.3993224 0.025862611       0.5    0.24   0.33      0.43
248  1.00000000 0.3993224 0.025862611       0.5    0.24   0.33      0.43
249  0.07421875 0.3993224 0.025862611       0.5    0.24   0.33      0.43
250  0.16796875 0.3993224 0.025862611       0.5    0.24   0.33      0.43
251  0.06250000 0.3993224 0.025862611       0.5    0.24   0.33      0.43
252  0.54687500 0.3993224 0.025862611       0.5    0.24   0.33      0.43
253  1.00000000 0.3993224 0.025862611       0.5    0.24   0.33      0.43
254  0.05859375 0.3993224 0.025862611       0.5    0.24   0.33      0.43
255  0.05859375 0.3993224 0.025862611       0.5    0.24   0.33      0.43
256  1.00000000 0.3993224 0.025862611       0.5    0.24   0.33      0.43
257  0.19921875 0.3993224 0.025862611       0.5    0.24   0.33      0.43
258  1.00000000 0.3993224 0.025862611       0.5    0.24   0.33      0.43
259  0.08593750 0.3993224 0.025862611       0.5    0.24   0.33      0.43
260  0.03515625 0.3993224 0.025862611       0.5    0.24   0.33      0.43
261  0.14843750 0.3993224 0.025862611       0.5    0.24   0.33      0.43
262  1.00000000 0.3993224 0.025862611       0.5    0.24   0.33      0.43
263  0.08203125 0.3993224 0.025862611       0.5    0.24   0.33      0.43
264  0.07812500 0.3993224 0.025862611       0.5    0.24   0.33      0.43
265  0.19921875 0.3993224 0.025862611       0.5    0.24   0.33      0.43
266  1.00000000 0.3993224 0.025862611       0.5    0.24   0.33      0.43
267  1.00000000 0.3993224 0.025862611       0.5    0.24   0.33      0.43
268  1.00000000 0.3993224 0.025862611       0.5    0.24   0.33      0.43
269  0.14453125 0.3993224 0.025862611       0.5    0.24   0.33      0.43
270  1.00000000 0.3993224 0.025862611       0.5    0.24   0.33      0.43
271  0.30859375 0.3993224 0.025862611       0.5    0.24   0.33      0.43
272  0.23046875 0.3993224 0.025862611       0.5    0.24   0.33      0.43
273  1.00000000 0.3993224 0.025862611       0.5    0.24   0.33      0.43
274  0.20312500 0.3993224 0.025862611       0.5    0.24   0.33      0.43
275  1.00000000 0.3993224 0.025862611       0.5    0.24   0.33      0.43
276  0.26562500 0.3993224 0.025862611       0.5    0.24   0.33      0.43
277  0.13281250 0.3993224 0.025862611       0.5    0.24   0.33      0.43
278  0.26562500 0.3993224 0.025862611       0.5    0.24   0.33      0.43
279  1.00000000 0.3993224 0.025862611       0.5    0.24   0.33      0.43
280  0.08593750 0.3993224 0.025862611       0.5    0.24   0.33      0.43
281  1.00000000 0.3993224 0.025862611       0.5    0.24   0.33      0.43
282  1.00000000 0.3993224 0.025862611       0.5    0.24   0.33      0.43
283  0.55859375 0.3993224 0.025862611       0.5    0.24   0.33      0.43
284  0.28125000 0.3993224 0.025862611       0.5    0.24   0.33      0.43
285  0.16796875 0.3993224 0.025862611       0.5    0.24   0.33      0.43
286  1.00000000 0.3993224 0.025862611       0.5    0.24   0.33      0.43
287  0.15234375 0.3993224 0.025862611       0.5    0.24   0.33      0.43
288  0.16796875 0.3993224 0.025862611       0.5    0.24   0.33      0.43
289  0.57031250 0.3993224 0.025862611       0.5    0.24   0.33      0.43
290  0.04296875 0.3993224 0.025862611       0.5    0.24   0.33      0.43
291  0.47265625 0.3993224 0.025862611       0.5    0.24   0.33      0.43
292  1.00000000 0.3993224 0.025862611       0.5    0.24   0.33      0.43
293  0.14453125 0.3993224 0.025862611       0.5    0.24   0.33      0.43
294  1.00000000 0.3993224 0.025862611       0.5    0.24   0.33      0.43
295  0.04296875 0.3993224 0.025862611       0.5    0.24   0.33      0.43
296  1.00000000 0.3993224 0.025862611       0.5    0.24   0.33      0.43
297  1.00000000 0.3993224 0.025862611       0.5    0.24   0.33      0.43
298  1.00000000 0.3993224 0.025862611       0.5    0.24   0.33      0.43
299  0.56640625 0.3993224 0.025862611       0.5    0.24   0.33      0.43
300  0.07031250 0.3993224 0.025862611       0.5    0.24   0.33      0.43
301  0.01562500 0.6076323 0.004106016       0.5    0.42   0.07      0.51
302  1.00000000 0.6076323 0.004106016       0.5    0.42   0.07      0.51
303  1.00000000 0.6076323 0.004106016       0.5    0.42   0.07      0.51
304  1.00000000 0.6076323 0.004106016       0.5    0.42   0.07      0.51
305  0.01953125 0.6076323 0.004106016       0.5    0.42   0.07      0.51
306  1.00000000 0.6076323 0.004106016       0.5    0.42   0.07      0.51
307  0.00000000 0.6076323 0.004106016       0.5    0.42   0.07      0.51
308  0.07812500 0.6076323 0.004106016       0.5    0.42   0.07      0.51
309  1.00000000 0.6076323 0.004106016       0.5    0.42   0.07      0.51
310  1.00000000 0.6076323 0.004106016       0.5    0.42   0.07      0.51
311  0.12890625 0.6076323 0.004106016       0.5    0.42   0.07      0.51
312  1.00000000 0.6076323 0.004106016       0.5    0.42   0.07      0.51
313  1.00000000 0.6076323 0.004106016       0.5    0.42   0.07      0.51
314  0.08984375 0.6076323 0.004106016       0.5    0.42   0.07      0.51
315  0.06250000 0.6076323 0.004106016       0.5    0.42   0.07      0.51
316  0.01953125 0.6076323 0.004106016       0.5    0.42   0.07      0.51
317  1.00000000 0.6076323 0.004106016       0.5    0.42   0.07      0.51
318  0.00781250 0.6076323 0.004106016       0.5    0.42   0.07      0.51
319  1.00000000 0.6076323 0.004106016       0.5    0.42   0.07      0.51
320  0.00390625 0.6076323 0.004106016       0.5    0.42   0.07      0.51
321  0.08203125 0.6076323 0.004106016       0.5    0.42   0.07      0.51
322  1.00000000 0.6076323 0.004106016       0.5    0.42   0.07      0.51
323  1.00000000 0.6076323 0.004106016       0.5    0.42   0.07      0.51
324  0.03515625 0.6076323 0.004106016       0.5    0.42   0.07      0.51
325  0.02343750 0.6076323 0.004106016       0.5    0.42   0.07      0.51
326  1.00000000 0.6076323 0.004106016       0.5    0.42   0.07      0.51
327  1.00000000 0.6076323 0.004106016       0.5    0.42   0.07      0.51
328  0.51562500 0.6076323 0.004106016       0.5    0.42   0.07      0.51
329  1.00000000 0.6076323 0.004106016       0.5    0.42   0.07      0.51
330  1.00000000 0.6076323 0.004106016       0.5    0.42   0.07      0.51
331  1.00000000 0.6076323 0.004106016       0.5    0.42   0.07      0.51
332  0.01171875 0.6076323 0.004106016       0.5    0.42   0.07      0.51
333  1.00000000 0.6076323 0.004106016       0.5    0.42   0.07      0.51
334  0.00390625 0.6076323 0.004106016       0.5    0.42   0.07      0.51
335  1.00000000 0.6076323 0.004106016       0.5    0.42   0.07      0.51
336  0.01562500 0.6076323 0.004106016       0.5    0.42   0.07      0.51
337  0.00390625 0.6076323 0.004106016       0.5    0.42   0.07      0.51
338  1.00000000 0.6076323 0.004106016       0.5    0.42   0.07      0.51
339  1.00000000 0.6076323 0.004106016       0.5    0.42   0.07      0.51
340  0.00000000 0.6076323 0.004106016       0.5    0.42   0.07      0.51
341  0.00000000 0.6076323 0.004106016       0.5    0.42   0.07      0.51
342  1.00000000 0.6076323 0.004106016       0.5    0.42   0.07      0.51
343  1.00000000 0.6076323 0.004106016       0.5    0.42   0.07      0.51
344  1.00000000 0.6076323 0.004106016       0.5    0.42   0.07      0.51
345  1.00000000 0.6076323 0.004106016       0.5    0.42   0.07      0.51
346  0.03515625 0.6076323 0.004106016       0.5    0.42   0.07      0.51
347  1.00000000 0.6076323 0.004106016       0.5    0.42   0.07      0.51
348  1.00000000 0.6076323 0.004106016       0.5    0.42   0.07      0.51
349  0.00781250 0.6076323 0.004106016       0.5    0.42   0.07      0.51
350  0.00000000 0.6076323 0.004106016       0.5    0.42   0.07      0.51
351  1.00000000 0.6076323 0.004106016       0.5    0.42   0.07      0.51
352  0.01562500 0.6076323 0.004106016       0.5    0.42   0.07      0.51
353  1.00000000 0.6076323 0.004106016       0.5    0.42   0.07      0.51
354  1.00000000 0.6076323 0.004106016       0.5    0.42   0.07      0.51
355  1.00000000 0.6076323 0.004106016       0.5    0.42   0.07      0.51
356  0.00000000 0.6076323 0.004106016       0.5    0.42   0.07      0.51
357  1.00000000 0.6076323 0.004106016       0.5    0.42   0.07      0.51
358  1.00000000 0.6076323 0.004106016       0.5    0.42   0.07      0.51
359  0.01171875 0.6076323 0.004106016       0.5    0.42   0.07      0.51
360  1.00000000 0.6076323 0.004106016       0.5    0.42   0.07      0.51
361  0.01562500 0.6076323 0.004106016       0.5    0.42   0.07      0.51
362  0.01171875 0.6076323 0.004106016       0.5    0.42   0.07      0.51
363  0.13671875 0.6076323 0.004106016       0.5    0.42   0.07      0.51
364  0.07812500 0.6076323 0.004106016       0.5    0.42   0.07      0.51
365  1.00000000 0.6076323 0.004106016       0.5    0.42   0.07      0.51
366  1.00000000 0.6076323 0.004106016       0.5    0.42   0.07      0.51
367  0.00781250 0.6076323 0.004106016       0.5    0.42   0.07      0.51
368  0.03125000 0.6076323 0.004106016       0.5    0.42   0.07      0.51
369  1.00000000 0.6076323 0.004106016       0.5    0.42   0.07      0.51
370  1.00000000 0.6076323 0.004106016       0.5    0.42   0.07      0.51
371  1.00000000 0.6076323 0.004106016       0.5    0.42   0.07      0.51
372  0.01171875 0.6076323 0.004106016       0.5    0.42   0.07      0.51
373  0.00390625 0.6076323 0.004106016       0.5    0.42   0.07      0.51
374  1.00000000 0.6076323 0.004106016       0.5    0.42   0.07      0.51
375  1.00000000 0.6076323 0.004106016       0.5    0.42   0.07      0.51
376  0.01171875 0.6076323 0.004106016       0.5    0.42   0.07      0.51
377  0.00390625 0.6076323 0.004106016       0.5    0.42   0.07      0.51
378  0.01562500 0.6076323 0.004106016       0.5    0.42   0.07      0.51
379  0.01953125 0.6076323 0.004106016       0.5    0.42   0.07      0.51
380  0.06640625 0.6076323 0.004106016       0.5    0.42   0.07      0.51
381  0.01953125 0.6076323 0.004106016       0.5    0.42   0.07      0.51
382  0.00781250 0.6076323 0.004106016       0.5    0.42   0.07      0.51
383  1.00000000 0.6076323 0.004106016       0.5    0.42   0.07      0.51
384  0.02734375 0.6076323 0.004106016       0.5    0.42   0.07      0.51
385  1.00000000 0.6076323 0.004106016       0.5    0.42   0.07      0.51
386  0.03515625 0.6076323 0.004106016       0.5    0.42   0.07      0.51
387  1.00000000 0.6076323 0.004106016       0.5    0.42   0.07      0.51
388  1.00000000 0.6076323 0.004106016       0.5    0.42   0.07      0.51
389  1.00000000 0.6076323 0.004106016       0.5    0.42   0.07      0.51
390  1.00000000 0.6076323 0.004106016       0.5    0.42   0.07      0.51
391  1.00000000 0.6076323 0.004106016       0.5    0.42   0.07      0.51
392  0.03515625 0.6076323 0.004106016       0.5    0.42   0.07      0.51
393  1.00000000 0.6076323 0.004106016       0.5    0.42   0.07      0.51
394  0.25781250 0.6076323 0.004106016       0.5    0.42   0.07      0.51
395  0.01562500 0.6076323 0.004106016       0.5    0.42   0.07      0.51
396  0.01562500 0.6076323 0.004106016       0.5    0.42   0.07      0.51
397  0.09765625 0.6076323 0.004106016       0.5    0.42   0.07      0.51
398  1.00000000 0.6076323 0.004106016       0.5    0.42   0.07      0.51
399  0.00781250 0.6076323 0.004106016       0.5    0.42   0.07      0.51
400  1.00000000 0.6076323 0.004106016       0.5    0.42   0.07      0.51
401  0.03906250 0.5696644 0.016657330       0.5    0.24   0.16      0.60
402  1.00000000 0.5696644 0.016657330       0.5    0.24   0.16      0.60
403  0.07031250 0.5696644 0.016657330       0.5    0.24   0.16      0.60
404  1.00000000 0.5696644 0.016657330       0.5    0.24   0.16      0.60
405  1.00000000 0.5696644 0.016657330       0.5    0.24   0.16      0.60
406  1.00000000 0.5696644 0.016657330       0.5    0.24   0.16      0.60
407  0.24609375 0.5696644 0.016657330       0.5    0.24   0.16      0.60
408  0.22265625 0.5696644 0.016657330       0.5    0.24   0.16      0.60
409  1.00000000 0.5696644 0.016657330       0.5    0.24   0.16      0.60
410  1.00000000 0.5696644 0.016657330       0.5    0.24   0.16      0.60
411  1.00000000 0.5696644 0.016657330       0.5    0.24   0.16      0.60
412  0.05859375 0.5696644 0.016657330       0.5    0.24   0.16      0.60
413  1.00000000 0.5696644 0.016657330       0.5    0.24   0.16      0.60
414  0.07812500 0.5696644 0.016657330       0.5    0.24   0.16      0.60
415  0.06250000 0.5696644 0.016657330       0.5    0.24   0.16      0.60
416  0.03125000 0.5696644 0.016657330       0.5    0.24   0.16      0.60
417  0.02734375 0.5696644 0.016657330       0.5    0.24   0.16      0.60
418  1.00000000 0.5696644 0.016657330       0.5    0.24   0.16      0.60
419  0.08203125 0.5696644 0.016657330       0.5    0.24   0.16      0.60
420  0.21093750 0.5696644 0.016657330       0.5    0.24   0.16      0.60
421  1.00000000 0.5696644 0.016657330       0.5    0.24   0.16      0.60
422  1.00000000 0.5696644 0.016657330       0.5    0.24   0.16      0.60
423  0.12109375 0.5696644 0.016657330       0.5    0.24   0.16      0.60
424  1.00000000 0.5696644 0.016657330       0.5    0.24   0.16      0.60
425  1.00000000 0.5696644 0.016657330       0.5    0.24   0.16      0.60
426  1.00000000 0.5696644 0.016657330       0.5    0.24   0.16      0.60
427  1.00000000 0.5696644 0.016657330       0.5    0.24   0.16      0.60
428  1.00000000 0.5696644 0.016657330       0.5    0.24   0.16      0.60
429  1.00000000 0.5696644 0.016657330       0.5    0.24   0.16      0.60
430  1.00000000 0.5696644 0.016657330       0.5    0.24   0.16      0.60
431  1.00000000 0.5696644 0.016657330       0.5    0.24   0.16      0.60
432  0.19921875 0.5696644 0.016657330       0.5    0.24   0.16      0.60
433  1.00000000 0.5696644 0.016657330       0.5    0.24   0.16      0.60
434  0.16796875 0.5696644 0.016657330       0.5    0.24   0.16      0.60
435  1.00000000 0.5696644 0.016657330       0.5    0.24   0.16      0.60
436  1.00000000 0.5696644 0.016657330       0.5    0.24   0.16      0.60
437  1.00000000 0.5696644 0.016657330       0.5    0.24   0.16      0.60
438  1.00000000 0.5696644 0.016657330       0.5    0.24   0.16      0.60
439  1.00000000 0.5696644 0.016657330       0.5    0.24   0.16      0.60
440  0.19921875 0.5696644 0.016657330       0.5    0.24   0.16      0.60
441  1.00000000 0.5696644 0.016657330       0.5    0.24   0.16      0.60
442  1.00000000 0.5696644 0.016657330       0.5    0.24   0.16      0.60
443  1.00000000 0.5696644 0.016657330       0.5    0.24   0.16      0.60
444  1.00000000 0.5696644 0.016657330       0.5    0.24   0.16      0.60
445  1.00000000 0.5696644 0.016657330       0.5    0.24   0.16      0.60
446  1.00000000 0.5696644 0.016657330       0.5    0.24   0.16      0.60
447  1.00000000 0.5696644 0.016657330       0.5    0.24   0.16      0.60
448  1.00000000 0.5696644 0.016657330       0.5    0.24   0.16      0.60
449  0.25000000 0.5696644 0.016657330       0.5    0.24   0.16      0.60
450  0.05468750 0.5696644 0.016657330       0.5    0.24   0.16      0.60
451  0.14062500 0.5696644 0.016657330       0.5    0.24   0.16      0.60
452  0.02343750 0.5696644 0.016657330       0.5    0.24   0.16      0.60
453  1.00000000 0.5696644 0.016657330       0.5    0.24   0.16      0.60
454  1.00000000 0.5696644 0.016657330       0.5    0.24   0.16      0.60
455  1.00000000 0.5696644 0.016657330       0.5    0.24   0.16      0.60
456  0.12109375 0.5696644 0.016657330       0.5    0.24   0.16      0.60
457  0.03515625 0.5696644 0.016657330       0.5    0.24   0.16      0.60
458  1.00000000 0.5696644 0.016657330       0.5    0.24   0.16      0.60
459  0.05859375 0.5696644 0.016657330       0.5    0.24   0.16      0.60
460  0.01953125 0.5696644 0.016657330       0.5    0.24   0.16      0.60
461  0.03125000 0.5696644 0.016657330       0.5    0.24   0.16      0.60
462  1.00000000 0.5696644 0.016657330       0.5    0.24   0.16      0.60
463  1.00000000 0.5696644 0.016657330       0.5    0.24   0.16      0.60
464  1.00000000 0.5696644 0.016657330       0.5    0.24   0.16      0.60
465  0.16015625 0.5696644 0.016657330       0.5    0.24   0.16      0.60
466  0.14453125 0.5696644 0.016657330       0.5    0.24   0.16      0.60
467  0.02343750 0.5696644 0.016657330       0.5    0.24   0.16      0.60
468  1.00000000 0.5696644 0.016657330       0.5    0.24   0.16      0.60
469  1.00000000 0.5696644 0.016657330       0.5    0.24   0.16      0.60
470  0.04687500 0.5696644 0.016657330       0.5    0.24   0.16      0.60
471  0.07421875 0.5696644 0.016657330       0.5    0.24   0.16      0.60
472  1.00000000 0.5696644 0.016657330       0.5    0.24   0.16      0.60
473  0.15234375 0.5696644 0.016657330       0.5    0.24   0.16      0.60
474  1.00000000 0.5696644 0.016657330       0.5    0.24   0.16      0.60
475  1.00000000 0.5696644 0.016657330       0.5    0.24   0.16      0.60
476  1.00000000 0.5696644 0.016657330       0.5    0.24   0.16      0.60
477  0.21093750 0.5696644 0.016657330       0.5    0.24   0.16      0.60
478  1.00000000 0.5696644 0.016657330       0.5    0.24   0.16      0.60
479  0.03125000 0.5696644 0.016657330       0.5    0.24   0.16      0.60
480  1.00000000 0.5696644 0.016657330       0.5    0.24   0.16      0.60
481  0.03906250 0.5696644 0.016657330       0.5    0.24   0.16      0.60
482  1.00000000 0.5696644 0.016657330       0.5    0.24   0.16      0.60
483  0.13671875 0.5696644 0.016657330       0.5    0.24   0.16      0.60
484  0.07812500 0.5696644 0.016657330       0.5    0.24   0.16      0.60
485  1.00000000 0.5696644 0.016657330       0.5    0.24   0.16      0.60
486  0.05468750 0.5696644 0.016657330       0.5    0.24   0.16      0.60
487  0.10156250 0.5696644 0.016657330       0.5    0.24   0.16      0.60
488  1.00000000 0.5696644 0.016657330       0.5    0.24   0.16      0.60
489  1.00000000 0.5696644 0.016657330       0.5    0.24   0.16      0.60
490  1.00000000 0.5696644 0.016657330       0.5    0.24   0.16      0.60
491  1.00000000 0.5696644 0.016657330       0.5    0.24   0.16      0.60
492  1.00000000 0.5696644 0.016657330       0.5    0.24   0.16      0.60
493  0.50390625 0.5696644 0.016657330       0.5    0.24   0.16      0.60
494  1.00000000 0.5696644 0.016657330       0.5    0.24   0.16      0.60
495  0.05468750 0.5696644 0.016657330       0.5    0.24   0.16      0.60
496  1.00000000 0.5696644 0.016657330       0.5    0.24   0.16      0.60
497  1.00000000 0.5696644 0.016657330       0.5    0.24   0.16      0.60
498  0.04687500 0.5696644 0.016657330       0.5    0.24   0.16      0.60
499  1.00000000 0.5696644 0.016657330       0.5    0.24   0.16      0.60
500  1.00000000 0.5696644 0.016657330       0.5    0.24   0.16      0.60
501  0.05078125 0.5030842 0.022394957       0.5    0.31   0.27      0.42
502  0.07812500 0.5030842 0.022394957       0.5    0.31   0.27      0.42
503  0.25000000 0.5030842 0.022394957       0.5    0.31   0.27      0.42
504  0.09765625 0.5030842 0.022394957       0.5    0.31   0.27      0.42
505  1.00000000 0.5030842 0.022394957       0.5    0.31   0.27      0.42
506  1.00000000 0.5030842 0.022394957       0.5    0.31   0.27      0.42
507  0.19140625 0.5030842 0.022394957       0.5    0.31   0.27      0.42
508  0.08593750 0.5030842 0.022394957       0.5    0.31   0.27      0.42
509  0.10937500 0.5030842 0.022394957       0.5    0.31   0.27      0.42
510  1.00000000 0.5030842 0.022394957       0.5    0.31   0.27      0.42
511  0.30078125 0.5030842 0.022394957       0.5    0.31   0.27      0.42
512  0.17578125 0.5030842 0.022394957       0.5    0.31   0.27      0.42
513  0.25390625 0.5030842 0.022394957       0.5    0.31   0.27      0.42
514  1.00000000 0.5030842 0.022394957       0.5    0.31   0.27      0.42
515  0.19531250 0.5030842 0.022394957       0.5    0.31   0.27      0.42
516  1.00000000 0.5030842 0.022394957       0.5    0.31   0.27      0.42
517  0.13281250 0.5030842 0.022394957       0.5    0.31   0.27      0.42
518  1.00000000 0.5030842 0.022394957       0.5    0.31   0.27      0.42
519  1.00000000 0.5030842 0.022394957       0.5    0.31   0.27      0.42
520  0.59375000 0.5030842 0.022394957       0.5    0.31   0.27      0.42
521  0.05078125 0.5030842 0.022394957       0.5    0.31   0.27      0.42
522  1.00000000 0.5030842 0.022394957       0.5    0.31   0.27      0.42
523  0.07421875 0.5030842 0.022394957       0.5    0.31   0.27      0.42
524  0.04687500 0.5030842 0.022394957       0.5    0.31   0.27      0.42
525  1.00000000 0.5030842 0.022394957       0.5    0.31   0.27      0.42
526  0.14062500 0.5030842 0.022394957       0.5    0.31   0.27      0.42
527  0.05078125 0.5030842 0.022394957       0.5    0.31   0.27      0.42
528  1.00000000 0.5030842 0.022394957       0.5    0.31   0.27      0.42
529  1.00000000 0.5030842 0.022394957       0.5    0.31   0.27      0.42
530  1.00000000 0.5030842 0.022394957       0.5    0.31   0.27      0.42
531  1.00000000 0.5030842 0.022394957       0.5    0.31   0.27      0.42
532  0.08984375 0.5030842 0.022394957       0.5    0.31   0.27      0.42
533  0.08593750 0.5030842 0.022394957       0.5    0.31   0.27      0.42
534  1.00000000 0.5030842 0.022394957       0.5    0.31   0.27      0.42
535  1.00000000 0.5030842 0.022394957       0.5    0.31   0.27      0.42
536  1.00000000 0.5030842 0.022394957       0.5    0.31   0.27      0.42
537  0.13281250 0.5030842 0.022394957       0.5    0.31   0.27      0.42
538  1.00000000 0.5030842 0.022394957       0.5    0.31   0.27      0.42
539  1.00000000 0.5030842 0.022394957       0.5    0.31   0.27      0.42
540  0.17968750 0.5030842 0.022394957       0.5    0.31   0.27      0.42
541  0.29296875 0.5030842 0.022394957       0.5    0.31   0.27      0.42
542  0.34375000 0.5030842 0.022394957       0.5    0.31   0.27      0.42
543  1.00000000 0.5030842 0.022394957       0.5    0.31   0.27      0.42
544  0.06250000 0.5030842 0.022394957       0.5    0.31   0.27      0.42
545  1.00000000 0.5030842 0.022394957       0.5    0.31   0.27      0.42
546  0.06640625 0.5030842 0.022394957       0.5    0.31   0.27      0.42
547  0.10156250 0.5030842 0.022394957       0.5    0.31   0.27      0.42
548  1.00000000 0.5030842 0.022394957       0.5    0.31   0.27      0.42
549  1.00000000 0.5030842 0.022394957       0.5    0.31   0.27      0.42
550  0.14843750 0.5030842 0.022394957       0.5    0.31   0.27      0.42
551  0.15625000 0.5030842 0.022394957       0.5    0.31   0.27      0.42
552  1.00000000 0.5030842 0.022394957       0.5    0.31   0.27      0.42
553  0.16796875 0.5030842 0.022394957       0.5    0.31   0.27      0.42
554  1.00000000 0.5030842 0.022394957       0.5    0.31   0.27      0.42
555  0.06640625 0.5030842 0.022394957       0.5    0.31   0.27      0.42
556  0.08203125 0.5030842 0.022394957       0.5    0.31   0.27      0.42
557  0.05078125 0.5030842 0.022394957       0.5    0.31   0.27      0.42
558  0.11328125 0.5030842 0.022394957       0.5    0.31   0.27      0.42
559  1.00000000 0.5030842 0.022394957       0.5    0.31   0.27      0.42
560  0.13671875 0.5030842 0.022394957       0.5    0.31   0.27      0.42
561  0.10546875 0.5030842 0.022394957       0.5    0.31   0.27      0.42
562  1.00000000 0.5030842 0.022394957       0.5    0.31   0.27      0.42
563  1.00000000 0.5030842 0.022394957       0.5    0.31   0.27      0.42
564  1.00000000 0.5030842 0.022394957       0.5    0.31   0.27      0.42
565  0.10937500 0.5030842 0.022394957       0.5    0.31   0.27      0.42
566  1.00000000 0.5030842 0.022394957       0.5    0.31   0.27      0.42
567  0.33593750 0.5030842 0.022394957       0.5    0.31   0.27      0.42
568  1.00000000 0.5030842 0.022394957       0.5    0.31   0.27      0.42
569  1.00000000 0.5030842 0.022394957       0.5    0.31   0.27      0.42
570  0.17968750 0.5030842 0.022394957       0.5    0.31   0.27      0.42
571  1.00000000 0.5030842 0.022394957       0.5    0.31   0.27      0.42
572  0.07421875 0.5030842 0.022394957       0.5    0.31   0.27      0.42
573  0.08203125 0.5030842 0.022394957       0.5    0.31   0.27      0.42
574  0.09375000 0.5030842 0.022394957       0.5    0.31   0.27      0.42
575  0.03515625 0.5030842 0.022394957       0.5    0.31   0.27      0.42
576  1.00000000 0.5030842 0.022394957       0.5    0.31   0.27      0.42
577  1.00000000 0.5030842 0.022394957       0.5    0.31   0.27      0.42
578  0.08984375 0.5030842 0.022394957       0.5    0.31   0.27      0.42
579  1.00000000 0.5030842 0.022394957       0.5    0.31   0.27      0.42
580  0.16796875 0.5030842 0.022394957       0.5    0.31   0.27      0.42
581  1.00000000 0.5030842 0.022394957       0.5    0.31   0.27      0.42
582  0.25000000 0.5030842 0.022394957       0.5    0.31   0.27      0.42
583  0.16406250 0.5030842 0.022394957       0.5    0.31   0.27      0.42
584  0.10546875 0.5030842 0.022394957       0.5    0.31   0.27      0.42
585  1.00000000 0.5030842 0.022394957       0.5    0.31   0.27      0.42
586  1.00000000 0.5030842 0.022394957       0.5    0.31   0.27      0.42
587  0.06250000 0.5030842 0.022394957       0.5    0.31   0.27      0.42
588  0.24218750 0.5030842 0.022394957       0.5    0.31   0.27      0.42
589  0.17578125 0.5030842 0.022394957       0.5    0.31   0.27      0.42
590  0.07812500 0.5030842 0.022394957       0.5    0.31   0.27      0.42
591  0.11718750 0.5030842 0.022394957       0.5    0.31   0.27      0.42
592  1.00000000 0.5030842 0.022394957       0.5    0.31   0.27      0.42
593  0.22656250 0.5030842 0.022394957       0.5    0.31   0.27      0.42
594  1.00000000 0.5030842 0.022394957       0.5    0.31   0.27      0.42
595  1.00000000 0.5030842 0.022394957       0.5    0.31   0.27      0.42
596  0.04687500 0.5030842 0.022394957       0.5    0.31   0.27      0.42
597  0.19921875 0.5030842 0.022394957       0.5    0.31   0.27      0.42
598  0.07031250 0.5030842 0.022394957       0.5    0.31   0.27      0.42
599  1.00000000 0.5030842 0.022394957       0.5    0.31   0.27      0.42
600  0.19531250 0.5030842 0.022394957       0.5    0.31   0.27      0.42
601  1.00000000 0.5498770 0.007721220       0.5    0.40   0.10      0.50
602  1.00000000 0.5498770 0.007721220       0.5    0.40   0.10      0.50
603  0.01953125 0.5498770 0.007721220       0.5    0.40   0.10      0.50
604  0.03515625 0.5498770 0.007721220       0.5    0.40   0.10      0.50
605  0.03515625 0.5498770 0.007721220       0.5    0.40   0.10      0.50
606  0.00390625 0.5498770 0.007721220       0.5    0.40   0.10      0.50
607  0.10546875 0.5498770 0.007721220       0.5    0.40   0.10      0.50
608  0.03125000 0.5498770 0.007721220       0.5    0.40   0.10      0.50
609  1.00000000 0.5498770 0.007721220       0.5    0.40   0.10      0.50
610  0.04296875 0.5498770 0.007721220       0.5    0.40   0.10      0.50
611  1.00000000 0.5498770 0.007721220       0.5    0.40   0.10      0.50
612  0.02343750 0.5498770 0.007721220       0.5    0.40   0.10      0.50
613  1.00000000 0.5498770 0.007721220       0.5    0.40   0.10      0.50
614  1.00000000 0.5498770 0.007721220       0.5    0.40   0.10      0.50
615  0.01171875 0.5498770 0.007721220       0.5    0.40   0.10      0.50
616  1.00000000 0.5498770 0.007721220       0.5    0.40   0.10      0.50
617  1.00000000 0.5498770 0.007721220       0.5    0.40   0.10      0.50
618  0.01171875 0.5498770 0.007721220       0.5    0.40   0.10      0.50
619  1.00000000 0.5498770 0.007721220       0.5    0.40   0.10      0.50
620  1.00000000 0.5498770 0.007721220       0.5    0.40   0.10      0.50
621  0.08593750 0.5498770 0.007721220       0.5    0.40   0.10      0.50
622  0.05468750 0.5498770 0.007721220       0.5    0.40   0.10      0.50
623  0.01953125 0.5498770 0.007721220       0.5    0.40   0.10      0.50
624  0.07421875 0.5498770 0.007721220       0.5    0.40   0.10      0.50
625  1.00000000 0.5498770 0.007721220       0.5    0.40   0.10      0.50
626  1.00000000 0.5498770 0.007721220       0.5    0.40   0.10      0.50
627  1.00000000 0.5498770 0.007721220       0.5    0.40   0.10      0.50
628  1.00000000 0.5498770 0.007721220       0.5    0.40   0.10      0.50
629  0.04687500 0.5498770 0.007721220       0.5    0.40   0.10      0.50
630  0.01953125 0.5498770 0.007721220       0.5    0.40   0.10      0.50
631  1.00000000 0.5498770 0.007721220       0.5    0.40   0.10      0.50
632  0.01953125 0.5498770 0.007721220       0.5    0.40   0.10      0.50
633  0.01171875 0.5498770 0.007721220       0.5    0.40   0.10      0.50
634  1.00000000 0.5498770 0.007721220       0.5    0.40   0.10      0.50
635  1.00000000 0.5498770 0.007721220       0.5    0.40   0.10      0.50
636  1.00000000 0.5498770 0.007721220       0.5    0.40   0.10      0.50
637  1.00000000 0.5498770 0.007721220       0.5    0.40   0.10      0.50
638  0.06640625 0.5498770 0.007721220       0.5    0.40   0.10      0.50
639  1.00000000 0.5498770 0.007721220       0.5    0.40   0.10      0.50
640  0.03515625 0.5498770 0.007721220       0.5    0.40   0.10      0.50
641  0.08203125 0.5498770 0.007721220       0.5    0.40   0.10      0.50
642  1.00000000 0.5498770 0.007721220       0.5    0.40   0.10      0.50
643  1.00000000 0.5498770 0.007721220       0.5    0.40   0.10      0.50
644  0.01171875 0.5498770 0.007721220       0.5    0.40   0.10      0.50
645  0.04296875 0.5498770 0.007721220       0.5    0.40   0.10      0.50
646  0.03125000 0.5498770 0.007721220       0.5    0.40   0.10      0.50
647  1.00000000 0.5498770 0.007721220       0.5    0.40   0.10      0.50
648  0.02734375 0.5498770 0.007721220       0.5    0.40   0.10      0.50
649  1.00000000 0.5498770 0.007721220       0.5    0.40   0.10      0.50
650  0.02343750 0.5498770 0.007721220       0.5    0.40   0.10      0.50
651  1.00000000 0.5498770 0.007721220       0.5    0.40   0.10      0.50
652  0.03906250 0.5498770 0.007721220       0.5    0.40   0.10      0.50
653  1.00000000 0.5498770 0.007721220       0.5    0.40   0.10      0.50
654  1.00000000 0.5498770 0.007721220       0.5    0.40   0.10      0.50
655  0.26562500 0.5498770 0.007721220       0.5    0.40   0.10      0.50
656  1.00000000 0.5498770 0.007721220       0.5    0.40   0.10      0.50
657  1.00000000 0.5498770 0.007721220       0.5    0.40   0.10      0.50
658  1.00000000 0.5498770 0.007721220       0.5    0.40   0.10      0.50
659  1.00000000 0.5498770 0.007721220       0.5    0.40   0.10      0.50
660  0.03906250 0.5498770 0.007721220       0.5    0.40   0.10      0.50
661  1.00000000 0.5498770 0.007721220       0.5    0.40   0.10      0.50
662  1.00000000 0.5498770 0.007721220       0.5    0.40   0.10      0.50
663  0.05468750 0.5498770 0.007721220       0.5    0.40   0.10      0.50
664  0.01562500 0.5498770 0.007721220       0.5    0.40   0.10      0.50
665  0.06250000 0.5498770 0.007721220       0.5    0.40   0.10      0.50
666  0.01171875 0.5498770 0.007721220       0.5    0.40   0.10      0.50
667  0.09375000 0.5498770 0.007721220       0.5    0.40   0.10      0.50
668  0.06640625 0.5498770 0.007721220       0.5    0.40   0.10      0.50
669  0.01953125 0.5498770 0.007721220       0.5    0.40   0.10      0.50
670  0.06640625 0.5498770 0.007721220       0.5    0.40   0.10      0.50
671  0.07812500 0.5498770 0.007721220       0.5    0.40   0.10      0.50
672  1.00000000 0.5498770 0.007721220       0.5    0.40   0.10      0.50
673  0.02343750 0.5498770 0.007721220       0.5    0.40   0.10      0.50
674  0.01562500 0.5498770 0.007721220       0.5    0.40   0.10      0.50
675  1.00000000 0.5498770 0.007721220       0.5    0.40   0.10      0.50
676  1.00000000 0.5498770 0.007721220       0.5    0.40   0.10      0.50
677  0.05078125 0.5498770 0.007721220       0.5    0.40   0.10      0.50
678  1.00000000 0.5498770 0.007721220       0.5    0.40   0.10      0.50
679  1.00000000 0.5498770 0.007721220       0.5    0.40   0.10      0.50
680  0.02343750 0.5498770 0.007721220       0.5    0.40   0.10      0.50
681  1.00000000 0.5498770 0.007721220       0.5    0.40   0.10      0.50
682  0.12500000 0.5498770 0.007721220       0.5    0.40   0.10      0.50
683  1.00000000 0.5498770 0.007721220       0.5    0.40   0.10      0.50
684  1.00000000 0.5498770 0.007721220       0.5    0.40   0.10      0.50
685  1.00000000 0.5498770 0.007721220       0.5    0.40   0.10      0.50
686  0.04687500 0.5498770 0.007721220       0.5    0.40   0.10      0.50
687  0.01171875 0.5498770 0.007721220       0.5    0.40   0.10      0.50
688  0.03906250 0.5498770 0.007721220       0.5    0.40   0.10      0.50
689  1.00000000 0.5498770 0.007721220       0.5    0.40   0.10      0.50
690  1.00000000 0.5498770 0.007721220       0.5    0.40   0.10      0.50
691  1.00000000 0.5498770 0.007721220       0.5    0.40   0.10      0.50
692  1.00000000 0.5498770 0.007721220       0.5    0.40   0.10      0.50
693  0.01562500 0.5498770 0.007721220       0.5    0.40   0.10      0.50
694  0.02734375 0.5498770 0.007721220       0.5    0.40   0.10      0.50
695  1.00000000 0.5498770 0.007721220       0.5    0.40   0.10      0.50
696  1.00000000 0.5498770 0.007721220       0.5    0.40   0.10      0.50
697  1.00000000 0.5498770 0.007721220       0.5    0.40   0.10      0.50
698  1.00000000 0.5498770 0.007721220       0.5    0.40   0.10      0.50
699  0.01171875 0.5498770 0.007721220       0.5    0.40   0.10      0.50
700  0.17187500 0.5498770 0.007721220       0.5    0.40   0.10      0.50
701  0.02734375 0.5623477 0.011700795       0.5    0.41   0.19      0.40
702  0.02734375 0.5623477 0.011700795       0.5    0.41   0.19      0.40
703  0.01171875 0.5623477 0.011700795       0.5    0.41   0.19      0.40
704  1.00000000 0.5623477 0.011700795       0.5    0.41   0.19      0.40
705  1.00000000 0.5623477 0.011700795       0.5    0.41   0.19      0.40
706  0.05859375 0.5623477 0.011700795       0.5    0.41   0.19      0.40
707  0.07031250 0.5623477 0.011700795       0.5    0.41   0.19      0.40
708  0.08203125 0.5623477 0.011700795       0.5    0.41   0.19      0.40
709  1.00000000 0.5623477 0.011700795       0.5    0.41   0.19      0.40
710  0.07031250 0.5623477 0.011700795       0.5    0.41   0.19      0.40
711  1.00000000 0.5623477 0.011700795       0.5    0.41   0.19      0.40
712  1.00000000 0.5623477 0.011700795       0.5    0.41   0.19      0.40
713  1.00000000 0.5623477 0.011700795       0.5    0.41   0.19      0.40
714  1.00000000 0.5623477 0.011700795       0.5    0.41   0.19      0.40
715  1.00000000 0.5623477 0.011700795       0.5    0.41   0.19      0.40
716  0.05859375 0.5623477 0.011700795       0.5    0.41   0.19      0.40
717  1.00000000 0.5623477 0.011700795       0.5    0.41   0.19      0.40
718  0.15234375 0.5623477 0.011700795       0.5    0.41   0.19      0.40
719  0.29687500 0.5623477 0.011700795       0.5    0.41   0.19      0.40
720  0.10156250 0.5623477 0.011700795       0.5    0.41   0.19      0.40
721  0.07421875 0.5623477 0.011700795       0.5    0.41   0.19      0.40
722  0.04296875 0.5623477 0.011700795       0.5    0.41   0.19      0.40
723  0.01953125 0.5623477 0.011700795       0.5    0.41   0.19      0.40
724  0.02734375 0.5623477 0.011700795       0.5    0.41   0.19      0.40
725  1.00000000 0.5623477 0.011700795       0.5    0.41   0.19      0.40
726  0.07421875 0.5623477 0.011700795       0.5    0.41   0.19      0.40
727  1.00000000 0.5623477 0.011700795       0.5    0.41   0.19      0.40
728  0.08984375 0.5623477 0.011700795       0.5    0.41   0.19      0.40
729  1.00000000 0.5623477 0.011700795       0.5    0.41   0.19      0.40
730  1.00000000 0.5623477 0.011700795       0.5    0.41   0.19      0.40
731  0.03125000 0.5623477 0.011700795       0.5    0.41   0.19      0.40
732  1.00000000 0.5623477 0.011700795       0.5    0.41   0.19      0.40
733  0.06250000 0.5623477 0.011700795       0.5    0.41   0.19      0.40
734  1.00000000 0.5623477 0.011700795       0.5    0.41   0.19      0.40
735  1.00000000 0.5623477 0.011700795       0.5    0.41   0.19      0.40
736  1.00000000 0.5623477 0.011700795       0.5    0.41   0.19      0.40
737  1.00000000 0.5623477 0.011700795       0.5    0.41   0.19      0.40
738  1.00000000 0.5623477 0.011700795       0.5    0.41   0.19      0.40
739  0.01953125 0.5623477 0.011700795       0.5    0.41   0.19      0.40
740  1.00000000 0.5623477 0.011700795       0.5    0.41   0.19      0.40
741  0.21875000 0.5623477 0.011700795       0.5    0.41   0.19      0.40
742  1.00000000 0.5623477 0.011700795       0.5    0.41   0.19      0.40
743  0.14843750 0.5623477 0.011700795       0.5    0.41   0.19      0.40
744  1.00000000 0.5623477 0.011700795       0.5    0.41   0.19      0.40
745  1.00000000 0.5623477 0.011700795       0.5    0.41   0.19      0.40
746  0.21875000 0.5623477 0.011700795       0.5    0.41   0.19      0.40
747  0.01562500 0.5623477 0.011700795       0.5    0.41   0.19      0.40
748  0.07812500 0.5623477 0.011700795       0.5    0.41   0.19      0.40
749  1.00000000 0.5623477 0.011700795       0.5    0.41   0.19      0.40
750  0.04296875 0.5623477 0.011700795       0.5    0.41   0.19      0.40
751  0.16406250 0.5623477 0.011700795       0.5    0.41   0.19      0.40
752  0.02734375 0.5623477 0.011700795       0.5    0.41   0.19      0.40
753  0.10156250 0.5623477 0.011700795       0.5    0.41   0.19      0.40
754  0.03906250 0.5623477 0.011700795       0.5    0.41   0.19      0.40
755  0.05859375 0.5623477 0.011700795       0.5    0.41   0.19      0.40
756  0.05078125 0.5623477 0.011700795       0.5    0.41   0.19      0.40
757  0.01171875 0.5623477 0.011700795       0.5    0.41   0.19      0.40
758  1.00000000 0.5623477 0.011700795       0.5    0.41   0.19      0.40
759  1.00000000 0.5623477 0.011700795       0.5    0.41   0.19      0.40
760  1.00000000 0.5623477 0.011700795       0.5    0.41   0.19      0.40
761  0.07031250 0.5623477 0.011700795       0.5    0.41   0.19      0.40
762  1.00000000 0.5623477 0.011700795       0.5    0.41   0.19      0.40
763  0.07812500 0.5623477 0.011700795       0.5    0.41   0.19      0.40
764  0.02343750 0.5623477 0.011700795       0.5    0.41   0.19      0.40
765  1.00000000 0.5623477 0.011700795       0.5    0.41   0.19      0.40
766  0.19921875 0.5623477 0.011700795       0.5    0.41   0.19      0.40
767  1.00000000 0.5623477 0.011700795       0.5    0.41   0.19      0.40
768  0.05859375 0.5623477 0.011700795       0.5    0.41   0.19      0.40
769  0.05468750 0.5623477 0.011700795       0.5    0.41   0.19      0.40
770  0.11718750 0.5623477 0.011700795       0.5    0.41   0.19      0.40
771  0.02734375 0.5623477 0.011700795       0.5    0.41   0.19      0.40
772  0.08984375 0.5623477 0.011700795       0.5    0.41   0.19      0.40
773  0.12500000 0.5623477 0.011700795       0.5    0.41   0.19      0.40
774  0.04687500 0.5623477 0.011700795       0.5    0.41   0.19      0.40
775  0.14062500 0.5623477 0.011700795       0.5    0.41   0.19      0.40
776  1.00000000 0.5623477 0.011700795       0.5    0.41   0.19      0.40
777  0.13671875 0.5623477 0.011700795       0.5    0.41   0.19      0.40
778  1.00000000 0.5623477 0.011700795       0.5    0.41   0.19      0.40
779  0.05078125 0.5623477 0.011700795       0.5    0.41   0.19      0.40
780  0.13671875 0.5623477 0.011700795       0.5    0.41   0.19      0.40
781  1.00000000 0.5623477 0.011700795       0.5    0.41   0.19      0.40
782  0.06250000 0.5623477 0.011700795       0.5    0.41   0.19      0.40
783  1.00000000 0.5623477 0.011700795       0.5    0.41   0.19      0.40
784  0.04296875 0.5623477 0.011700795       0.5    0.41   0.19      0.40
785  0.18750000 0.5623477 0.011700795       0.5    0.41   0.19      0.40
786  0.03515625 0.5623477 0.011700795       0.5    0.41   0.19      0.40
787  0.06640625 0.5623477 0.011700795       0.5    0.41   0.19      0.40
788  1.00000000 0.5623477 0.011700795       0.5    0.41   0.19      0.40
789  1.00000000 0.5623477 0.011700795       0.5    0.41   0.19      0.40
790  0.03906250 0.5623477 0.011700795       0.5    0.41   0.19      0.40
791  1.00000000 0.5623477 0.011700795       0.5    0.41   0.19      0.40
792  1.00000000 0.5623477 0.011700795       0.5    0.41   0.19      0.40
793  0.29687500 0.5623477 0.011700795       0.5    0.41   0.19      0.40
794  1.00000000 0.5623477 0.011700795       0.5    0.41   0.19      0.40
795  1.00000000 0.5623477 0.011700795       0.5    0.41   0.19      0.40
796  0.18359375 0.5623477 0.011700795       0.5    0.41   0.19      0.40
797  0.16796875 0.5623477 0.011700795       0.5    0.41   0.19      0.40
798  0.04296875 0.5623477 0.011700795       0.5    0.41   0.19      0.40
799  0.08203125 0.5623477 0.011700795       0.5    0.41   0.19      0.40
800  0.08203125 0.5623477 0.011700795       0.5    0.41   0.19      0.40
801  1.00000000 0.3211583 0.014522803       0.5    0.40   0.25      0.35
802  0.01953125 0.3211583 0.014522803       0.5    0.40   0.25      0.35
803  0.17968750 0.3211583 0.014522803       0.5    0.40   0.25      0.35
804  0.26953125 0.3211583 0.014522803       0.5    0.40   0.25      0.35
805  0.50781250 0.3211583 0.014522803       0.5    0.40   0.25      0.35
806  0.00390625 0.3211583 0.014522803       0.5    0.40   0.25      0.35
807  1.00000000 0.3211583 0.014522803       0.5    0.40   0.25      0.35
808  1.00000000 0.3211583 0.014522803       0.5    0.40   0.25      0.35
809  0.06250000 0.3211583 0.014522803       0.5    0.40   0.25      0.35
810  1.00000000 0.3211583 0.014522803       0.5    0.40   0.25      0.35
811  0.10156250 0.3211583 0.014522803       0.5    0.40   0.25      0.35
812  1.00000000 0.3211583 0.014522803       0.5    0.40   0.25      0.35
813  0.15234375 0.3211583 0.014522803       0.5    0.40   0.25      0.35
814  1.00000000 0.3211583 0.014522803       0.5    0.40   0.25      0.35
815  0.07812500 0.3211583 0.014522803       0.5    0.40   0.25      0.35
816  0.09765625 0.3211583 0.014522803       0.5    0.40   0.25      0.35
817  0.05078125 0.3211583 0.014522803       0.5    0.40   0.25      0.35
818  1.00000000 0.3211583 0.014522803       0.5    0.40   0.25      0.35
819  1.00000000 0.3211583 0.014522803       0.5    0.40   0.25      0.35
820  0.27734375 0.3211583 0.014522803       0.5    0.40   0.25      0.35
821  1.00000000 0.3211583 0.014522803       0.5    0.40   0.25      0.35
822  0.06250000 0.3211583 0.014522803       0.5    0.40   0.25      0.35
823  0.09375000 0.3211583 0.014522803       0.5    0.40   0.25      0.35
824  0.07421875 0.3211583 0.014522803       0.5    0.40   0.25      0.35
825  0.07421875 0.3211583 0.014522803       0.5    0.40   0.25      0.35
826  0.14453125 0.3211583 0.014522803       0.5    0.40   0.25      0.35
827  0.05468750 0.3211583 0.014522803       0.5    0.40   0.25      0.35
828  0.05078125 0.3211583 0.014522803       0.5    0.40   0.25      0.35
829  0.02343750 0.3211583 0.014522803       0.5    0.40   0.25      0.35
830  0.16406250 0.3211583 0.014522803       0.5    0.40   0.25      0.35
831  0.36328125 0.3211583 0.014522803       0.5    0.40   0.25      0.35
832  0.10546875 0.3211583 0.014522803       0.5    0.40   0.25      0.35
833  0.08593750 0.3211583 0.014522803       0.5    0.40   0.25      0.35
834  0.17968750 0.3211583 0.014522803       0.5    0.40   0.25      0.35
835  0.08203125 0.3211583 0.014522803       0.5    0.40   0.25      0.35
836  1.00000000 0.3211583 0.014522803       0.5    0.40   0.25      0.35
837  0.03125000 0.3211583 0.014522803       0.5    0.40   0.25      0.35
838  0.06640625 0.3211583 0.014522803       0.5    0.40   0.25      0.35
839  1.00000000 0.3211583 0.014522803       0.5    0.40   0.25      0.35
840  1.00000000 0.3211583 0.014522803       0.5    0.40   0.25      0.35
841  1.00000000 0.3211583 0.014522803       0.5    0.40   0.25      0.35
842  0.03125000 0.3211583 0.014522803       0.5    0.40   0.25      0.35
843  1.00000000 0.3211583 0.014522803       0.5    0.40   0.25      0.35
844  0.08593750 0.3211583 0.014522803       0.5    0.40   0.25      0.35
845  0.06250000 0.3211583 0.014522803       0.5    0.40   0.25      0.35
846  0.02734375 0.3211583 0.014522803       0.5    0.40   0.25      0.35
847  0.19531250 0.3211583 0.014522803       0.5    0.40   0.25      0.35
848  0.05468750 0.3211583 0.014522803       0.5    0.40   0.25      0.35
849  1.00000000 0.3211583 0.014522803       0.5    0.40   0.25      0.35
850  0.01171875 0.3211583 0.014522803       0.5    0.40   0.25      0.35
851  1.00000000 0.3211583 0.014522803       0.5    0.40   0.25      0.35
852  0.06250000 0.3211583 0.014522803       0.5    0.40   0.25      0.35
853  1.00000000 0.3211583 0.014522803       0.5    0.40   0.25      0.35
854  1.00000000 0.3211583 0.014522803       0.5    0.40   0.25      0.35
855  1.00000000 0.3211583 0.014522803       0.5    0.40   0.25      0.35
856  1.00000000 0.3211583 0.014522803       0.5    0.40   0.25      0.35
857  0.08203125 0.3211583 0.014522803       0.5    0.40   0.25      0.35
858  0.05468750 0.3211583 0.014522803       0.5    0.40   0.25      0.35
859  1.00000000 0.3211583 0.014522803       0.5    0.40   0.25      0.35
860  0.15234375 0.3211583 0.014522803       0.5    0.40   0.25      0.35
861  0.17968750 0.3211583 0.014522803       0.5    0.40   0.25      0.35
862  1.00000000 0.3211583 0.014522803       0.5    0.40   0.25      0.35
863  1.00000000 0.3211583 0.014522803       0.5    0.40   0.25      0.35
864  0.04687500 0.3211583 0.014522803       0.5    0.40   0.25      0.35
865  1.00000000 0.3211583 0.014522803       0.5    0.40   0.25      0.35
866  0.08203125 0.3211583 0.014522803       0.5    0.40   0.25      0.35
867  0.03125000 0.3211583 0.014522803       0.5    0.40   0.25      0.35
868  0.07031250 0.3211583 0.014522803       0.5    0.40   0.25      0.35
869  0.10546875 0.3211583 0.014522803       0.5    0.40   0.25      0.35
870  1.00000000 0.3211583 0.014522803       0.5    0.40   0.25      0.35
871  1.00000000 0.3211583 0.014522803       0.5    0.40   0.25      0.35
872  0.02343750 0.3211583 0.014522803       0.5    0.40   0.25      0.35
873  0.06640625 0.3211583 0.014522803       0.5    0.40   0.25      0.35
874  0.01953125 0.3211583 0.014522803       0.5    0.40   0.25      0.35
875  1.00000000 0.3211583 0.014522803       0.5    0.40   0.25      0.35
876  0.22265625 0.3211583 0.014522803       0.5    0.40   0.25      0.35
877  0.15234375 0.3211583 0.014522803       0.5    0.40   0.25      0.35
878  1.00000000 0.3211583 0.014522803       0.5    0.40   0.25      0.35
879  1.00000000 0.3211583 0.014522803       0.5    0.40   0.25      0.35
880  0.16406250 0.3211583 0.014522803       0.5    0.40   0.25      0.35
881  0.03515625 0.3211583 0.014522803       0.5    0.40   0.25      0.35
882  0.07421875 0.3211583 0.014522803       0.5    0.40   0.25      0.35
883  0.03906250 0.3211583 0.014522803       0.5    0.40   0.25      0.35
884  0.13281250 0.3211583 0.014522803       0.5    0.40   0.25      0.35
885  1.00000000 0.3211583 0.014522803       0.5    0.40   0.25      0.35
886  0.03125000 0.3211583 0.014522803       0.5    0.40   0.25      0.35
887  0.05078125 0.3211583 0.014522803       0.5    0.40   0.25      0.35
888  1.00000000 0.3211583 0.014522803       0.5    0.40   0.25      0.35
889  0.06250000 0.3211583 0.014522803       0.5    0.40   0.25      0.35
890  0.03906250 0.3211583 0.014522803       0.5    0.40   0.25      0.35
891  0.10937500 0.3211583 0.014522803       0.5    0.40   0.25      0.35
892  1.00000000 0.3211583 0.014522803       0.5    0.40   0.25      0.35
893  0.46093750 0.3211583 0.014522803       0.5    0.40   0.25      0.35
894  0.05078125 0.3211583 0.014522803       0.5    0.40   0.25      0.35
895  1.00000000 0.3211583 0.014522803       0.5    0.40   0.25      0.35
896  0.12109375 0.3211583 0.014522803       0.5    0.40   0.25      0.35
897  1.00000000 0.3211583 0.014522803       0.5    0.40   0.25      0.35
898  1.00000000 0.3211583 0.014522803       0.5    0.40   0.25      0.35
899  0.04296875 0.3211583 0.014522803       0.5    0.40   0.25      0.35
900  0.55078125 0.3211583 0.014522803       0.5    0.40   0.25      0.35
901  1.00000000 0.5119801 0.002049150       0.5    0.42   0.01      0.57
902  1.00000000 0.5119801 0.002049150       0.5    0.42   0.01      0.57
903  0.00390625 0.5119801 0.002049150       0.5    0.42   0.01      0.57
904  0.01171875 0.5119801 0.002049150       0.5    0.42   0.01      0.57
905  0.00781250 0.5119801 0.002049150       0.5    0.42   0.01      0.57
906  1.00000000 0.5119801 0.002049150       0.5    0.42   0.01      0.57
907  0.01171875 0.5119801 0.002049150       0.5    0.42   0.01      0.57
908  1.00000000 0.5119801 0.002049150       0.5    0.42   0.01      0.57
909  1.00000000 0.5119801 0.002049150       0.5    0.42   0.01      0.57
910  1.00000000 0.5119801 0.002049150       0.5    0.42   0.01      0.57
911  0.00000000 0.5119801 0.002049150       0.5    0.42   0.01      0.57
912  1.00000000 0.5119801 0.002049150       0.5    0.42   0.01      0.57
913  1.00000000 0.5119801 0.002049150       0.5    0.42   0.01      0.57
914  1.00000000 0.5119801 0.002049150       0.5    0.42   0.01      0.57
915  1.00000000 0.5119801 0.002049150       0.5    0.42   0.01      0.57
916  1.00000000 0.5119801 0.002049150       0.5    0.42   0.01      0.57
917  1.00000000 0.5119801 0.002049150       0.5    0.42   0.01      0.57
918  0.00000000 0.5119801 0.002049150       0.5    0.42   0.01      0.57
919  0.00000000 0.5119801 0.002049150       0.5    0.42   0.01      0.57
920  1.00000000 0.5119801 0.002049150       0.5    0.42   0.01      0.57
921  1.00000000 0.5119801 0.002049150       0.5    0.42   0.01      0.57
922  1.00000000 0.5119801 0.002049150       0.5    0.42   0.01      0.57
923  0.01562500 0.5119801 0.002049150       0.5    0.42   0.01      0.57
924  0.00781250 0.5119801 0.002049150       0.5    0.42   0.01      0.57
925  1.00000000 0.5119801 0.002049150       0.5    0.42   0.01      0.57
926  1.00000000 0.5119801 0.002049150       0.5    0.42   0.01      0.57
927  1.00000000 0.5119801 0.002049150       0.5    0.42   0.01      0.57
928  0.00000000 0.5119801 0.002049150       0.5    0.42   0.01      0.57
929  0.00390625 0.5119801 0.002049150       0.5    0.42   0.01      0.57
930  0.00390625 0.5119801 0.002049150       0.5    0.42   0.01      0.57
931  1.00000000 0.5119801 0.002049150       0.5    0.42   0.01      0.57
932  1.00000000 0.5119801 0.002049150       0.5    0.42   0.01      0.57
933  1.00000000 0.5119801 0.002049150       0.5    0.42   0.01      0.57
934  1.00000000 0.5119801 0.002049150       0.5    0.42   0.01      0.57
935  0.00000000 0.5119801 0.002049150       0.5    0.42   0.01      0.57
936  1.00000000 0.5119801 0.002049150       0.5    0.42   0.01      0.57
937  1.00000000 0.5119801 0.002049150       0.5    0.42   0.01      0.57
938  1.00000000 0.5119801 0.002049150       0.5    0.42   0.01      0.57
939  1.00000000 0.5119801 0.002049150       0.5    0.42   0.01      0.57
940  0.00781250 0.5119801 0.002049150       0.5    0.42   0.01      0.57
941  1.00000000 0.5119801 0.002049150       0.5    0.42   0.01      0.57
942  0.00000000 0.5119801 0.002049150       0.5    0.42   0.01      0.57
943  1.00000000 0.5119801 0.002049150       0.5    0.42   0.01      0.57
944  0.01562500 0.5119801 0.002049150       0.5    0.42   0.01      0.57
945  0.00000000 0.5119801 0.002049150       0.5    0.42   0.01      0.57
946  1.00000000 0.5119801 0.002049150       0.5    0.42   0.01      0.57
947  1.00000000 0.5119801 0.002049150       0.5    0.42   0.01      0.57
948  1.00000000 0.5119801 0.002049150       0.5    0.42   0.01      0.57
949  1.00000000 0.5119801 0.002049150       0.5    0.42   0.01      0.57
950  0.00000000 0.5119801 0.002049150       0.5    0.42   0.01      0.57
951  1.00000000 0.5119801 0.002049150       0.5    0.42   0.01      0.57
952  0.02343750 0.5119801 0.002049150       0.5    0.42   0.01      0.57
953  1.00000000 0.5119801 0.002049150       0.5    0.42   0.01      0.57
954  0.00000000 0.5119801 0.002049150       0.5    0.42   0.01      0.57
955  0.00000000 0.5119801 0.002049150       0.5    0.42   0.01      0.57
956  1.00000000 0.5119801 0.002049150       0.5    0.42   0.01      0.57
957  0.00390625 0.5119801 0.002049150       0.5    0.42   0.01      0.57
958  1.00000000 0.5119801 0.002049150       0.5    0.42   0.01      0.57
959  0.02343750 0.5119801 0.002049150       0.5    0.42   0.01      0.57
960  1.00000000 0.5119801 0.002049150       0.5    0.42   0.01      0.57
961  1.00000000 0.5119801 0.002049150       0.5    0.42   0.01      0.57
962  0.02343750 0.5119801 0.002049150       0.5    0.42   0.01      0.57
963  1.00000000 0.5119801 0.002049150       0.5    0.42   0.01      0.57
964  0.00000000 0.5119801 0.002049150       0.5    0.42   0.01      0.57
965  1.00000000 0.5119801 0.002049150       0.5    0.42   0.01      0.57
966  0.00000000 0.5119801 0.002049150       0.5    0.42   0.01      0.57
967  0.00000000 0.5119801 0.002049150       0.5    0.42   0.01      0.57
968  0.00000000 0.5119801 0.002049150       0.5    0.42   0.01      0.57
969  1.00000000 0.5119801 0.002049150       0.5    0.42   0.01      0.57
970  0.00000000 0.5119801 0.002049150       0.5    0.42   0.01      0.57
971  0.00390625 0.5119801 0.002049150       0.5    0.42   0.01      0.57
972  1.00000000 0.5119801 0.002049150       0.5    0.42   0.01      0.57
973  0.01562500 0.5119801 0.002049150       0.5    0.42   0.01      0.57
974  0.00000000 0.5119801 0.002049150       0.5    0.42   0.01      0.57
975  1.00000000 0.5119801 0.002049150       0.5    0.42   0.01      0.57
976  0.00000000 0.5119801 0.002049150       0.5    0.42   0.01      0.57
977  1.00000000 0.5119801 0.002049150       0.5    0.42   0.01      0.57
978  1.00000000 0.5119801 0.002049150       0.5    0.42   0.01      0.57
979  1.00000000 0.5119801 0.002049150       0.5    0.42   0.01      0.57
980  1.00000000 0.5119801 0.002049150       0.5    0.42   0.01      0.57
981  1.00000000 0.5119801 0.002049150       0.5    0.42   0.01      0.57
982  1.00000000 0.5119801 0.002049150       0.5    0.42   0.01      0.57
983  0.00000000 0.5119801 0.002049150       0.5    0.42   0.01      0.57
984  1.00000000 0.5119801 0.002049150       0.5    0.42   0.01      0.57
985  1.00000000 0.5119801 0.002049150       0.5    0.42   0.01      0.57
986  1.00000000 0.5119801 0.002049150       0.5    0.42   0.01      0.57
987  0.00000000 0.5119801 0.002049150       0.5    0.42   0.01      0.57
988  1.00000000 0.5119801 0.002049150       0.5    0.42   0.01      0.57
989  0.01171875 0.5119801 0.002049150       0.5    0.42   0.01      0.57
990  0.03125000 0.5119801 0.002049150       0.5    0.42   0.01      0.57
991  1.00000000 0.5119801 0.002049150       0.5    0.42   0.01      0.57
992  0.01562500 0.5119801 0.002049150       0.5    0.42   0.01      0.57
993  0.01953125 0.5119801 0.002049150       0.5    0.42   0.01      0.57
994  1.00000000 0.5119801 0.002049150       0.5    0.42   0.01      0.57
995  0.00000000 0.5119801 0.002049150       0.5    0.42   0.01      0.57
996  0.00000000 0.5119801 0.002049150       0.5    0.42   0.01      0.57
997  0.00781250 0.5119801 0.002049150       0.5    0.42   0.01      0.57
998  1.00000000 0.5119801 0.002049150       0.5    0.42   0.01      0.57
999  1.00000000 0.5119801 0.002049150       0.5    0.42   0.01      0.57
1000 0.00781250 0.5119801 0.002049150       0.5    0.42   0.01      0.57
