      prop.aneu  prob.meio   prob.mito dispersal euploid mosaic aneuploid
1    0.48437500 0.50510367 0.102878009         1    0.00   0.59      0.41
2    1.00000000 0.50510367 0.102878009         1    0.00   0.59      0.41
3    1.00000000 0.50510367 0.102878009         1    0.00   0.59      0.41
4    1.00000000 0.50510367 0.102878009         1    0.00   0.59      0.41
5    0.51171875 0.50510367 0.102878009         1    0.00   0.59      0.41
6    1.00000000 0.50510367 0.102878009         1    0.00   0.59      0.41
7    1.00000000 0.50510367 0.102878009         1    0.00   0.59      0.41
8    0.56250000 0.50510367 0.102878009         1    0.00   0.59      0.41
9    0.56250000 0.50510367 0.102878009         1    0.00   0.59      0.41
10   1.00000000 0.50510367 0.102878009         1    0.00   0.59      0.41
11   0.21484375 0.50510367 0.102878009         1    0.00   0.59      0.41
12   1.00000000 0.50510367 0.102878009         1    0.00   0.59      0.41
13   0.49218750 0.50510367 0.102878009         1    0.00   0.59      0.41
14   1.00000000 0.50510367 0.102878009         1    0.00   0.59      0.41
15   1.00000000 0.50510367 0.102878009         1    0.00   0.59      0.41
16   0.54296875 0.50510367 0.102878009         1    0.00   0.59      0.41
17   1.00000000 0.50510367 0.102878009         1    0.00   0.59      0.41
18   1.00000000 0.50510367 0.102878009         1    0.00   0.59      0.41
19   1.00000000 0.50510367 0.102878009         1    0.00   0.59      0.41
20   1.00000000 0.50510367 0.102878009         1    0.00   0.59      0.41
21   1.00000000 0.50510367 0.102878009         1    0.00   0.59      0.41
22   0.45312500 0.50510367 0.102878009         1    0.00   0.59      0.41
23   0.60546875 0.50510367 0.102878009         1    0.00   0.59      0.41
24   0.65625000 0.50510367 0.102878009         1    0.00   0.59      0.41
25   0.83593750 0.50510367 0.102878009         1    0.00   0.59      0.41
26   1.00000000 0.50510367 0.102878009         1    0.00   0.59      0.41
27   0.59375000 0.50510367 0.102878009         1    0.00   0.59      0.41
28   0.48046875 0.50510367 0.102878009         1    0.00   0.59      0.41
29   0.51171875 0.50510367 0.102878009         1    0.00   0.59      0.41
30   0.48828125 0.50510367 0.102878009         1    0.00   0.59      0.41
31   1.00000000 0.50510367 0.102878009         1    0.00   0.59      0.41
32   1.00000000 0.50510367 0.102878009         1    0.00   0.59      0.41
33   0.44531250 0.50510367 0.102878009         1    0.00   0.59      0.41
34   0.80468750 0.50510367 0.102878009         1    0.00   0.59      0.41
35   0.75000000 0.50510367 0.102878009         1    0.00   0.59      0.41
36   0.70703125 0.50510367 0.102878009         1    0.00   0.59      0.41
37   1.00000000 0.50510367 0.102878009         1    0.00   0.59      0.41
38   0.42578125 0.50510367 0.102878009         1    0.00   0.59      0.41
39   1.00000000 0.50510367 0.102878009         1    0.00   0.59      0.41
40   1.00000000 0.50510367 0.102878009         1    0.00   0.59      0.41
41   0.59765625 0.50510367 0.102878009         1    0.00   0.59      0.41
42   0.75781250 0.50510367 0.102878009         1    0.00   0.59      0.41
43   0.65234375 0.50510367 0.102878009         1    0.00   0.59      0.41
44   1.00000000 0.50510367 0.102878009         1    0.00   0.59      0.41
45   0.45312500 0.50510367 0.102878009         1    0.00   0.59      0.41
46   0.40234375 0.50510367 0.102878009         1    0.00   0.59      0.41
47   1.00000000 0.50510367 0.102878009         1    0.00   0.59      0.41
48   1.00000000 0.50510367 0.102878009         1    0.00   0.59      0.41
49   0.65625000 0.50510367 0.102878009         1    0.00   0.59      0.41
50   1.00000000 0.50510367 0.102878009         1    0.00   0.59      0.41
51   1.00000000 0.50510367 0.102878009         1    0.00   0.59      0.41
52   0.74218750 0.50510367 0.102878009         1    0.00   0.59      0.41
53   0.66796875 0.50510367 0.102878009         1    0.00   0.59      0.41
54   1.00000000 0.50510367 0.102878009         1    0.00   0.59      0.41
55   0.51562500 0.50510367 0.102878009         1    0.00   0.59      0.41
56   0.82031250 0.50510367 0.102878009         1    0.00   0.59      0.41
57   0.67187500 0.50510367 0.102878009         1    0.00   0.59      0.41
58   1.00000000 0.50510367 0.102878009         1    0.00   0.59      0.41
59   0.58984375 0.50510367 0.102878009         1    0.00   0.59      0.41
60   0.41406250 0.50510367 0.102878009         1    0.00   0.59      0.41
61   1.00000000 0.50510367 0.102878009         1    0.00   0.59      0.41
62   0.56250000 0.50510367 0.102878009         1    0.00   0.59      0.41
63   1.00000000 0.50510367 0.102878009         1    0.00   0.59      0.41
64   1.00000000 0.50510367 0.102878009         1    0.00   0.59      0.41
65   0.66796875 0.50510367 0.102878009         1    0.00   0.59      0.41
66   0.55859375 0.50510367 0.102878009         1    0.00   0.59      0.41
67   1.00000000 0.50510367 0.102878009         1    0.00   0.59      0.41
68   0.58593750 0.50510367 0.102878009         1    0.00   0.59      0.41
69   1.00000000 0.50510367 0.102878009         1    0.00   0.59      0.41
70   0.88281250 0.50510367 0.102878009         1    0.00   0.59      0.41
71   0.51953125 0.50510367 0.102878009         1    0.00   0.59      0.41
72   0.66796875 0.50510367 0.102878009         1    0.00   0.59      0.41
73   0.48437500 0.50510367 0.102878009         1    0.00   0.59      0.41
74   1.00000000 0.50510367 0.102878009         1    0.00   0.59      0.41
75   0.63671875 0.50510367 0.102878009         1    0.00   0.59      0.41
76   0.47265625 0.50510367 0.102878009         1    0.00   0.59      0.41
77   0.56640625 0.50510367 0.102878009         1    0.00   0.59      0.41
78   0.60937500 0.50510367 0.102878009         1    0.00   0.59      0.41
79   0.43750000 0.50510367 0.102878009         1    0.00   0.59      0.41
80   0.47656250 0.50510367 0.102878009         1    0.00   0.59      0.41
81   1.00000000 0.50510367 0.102878009         1    0.00   0.59      0.41
82   1.00000000 0.50510367 0.102878009         1    0.00   0.59      0.41
83   1.00000000 0.50510367 0.102878009         1    0.00   0.59      0.41
84   0.59765625 0.50510367 0.102878009         1    0.00   0.59      0.41
85   0.48828125 0.50510367 0.102878009         1    0.00   0.59      0.41
86   0.68750000 0.50510367 0.102878009         1    0.00   0.59      0.41
87   0.70312500 0.50510367 0.102878009         1    0.00   0.59      0.41
88   1.00000000 0.50510367 0.102878009         1    0.00   0.59      0.41
89   0.37109375 0.50510367 0.102878009         1    0.00   0.59      0.41
90   1.00000000 0.50510367 0.102878009         1    0.00   0.59      0.41
91   0.71484375 0.50510367 0.102878009         1    0.00   0.59      0.41
92   0.50000000 0.50510367 0.102878009         1    0.00   0.59      0.41
93   1.00000000 0.50510367 0.102878009         1    0.00   0.59      0.41
94   0.58984375 0.50510367 0.102878009         1    0.00   0.59      0.41
95   1.00000000 0.50510367 0.102878009         1    0.00   0.59      0.41
96   0.46484375 0.50510367 0.102878009         1    0.00   0.59      0.41
97   0.40234375 0.50510367 0.102878009         1    0.00   0.59      0.41
98   0.71093750 0.50510367 0.102878009         1    0.00   0.59      0.41
99   0.64062500 0.50510367 0.102878009         1    0.00   0.59      0.41
100  0.75781250 0.50510367 0.102878009         1    0.00   0.59      0.41
101  0.66015625 0.24398240 0.138245107         1    0.00   0.56      0.44
102  0.64062500 0.24398240 0.138245107         1    0.00   0.56      0.44
103  0.59765625 0.24398240 0.138245107         1    0.00   0.56      0.44
104  0.70703125 0.24398240 0.138245107         1    0.00   0.56      0.44
105  1.00000000 0.24398240 0.138245107         1    0.00   0.56      0.44
106  0.94921875 0.24398240 0.138245107         1    0.00   0.56      0.44
107  0.83593750 0.24398240 0.138245107         1    0.00   0.56      0.44
108  0.40625000 0.24398240 0.138245107         1    0.00   0.56      0.44
109  1.00000000 0.24398240 0.138245107         1    0.00   0.56      0.44
110  1.00000000 0.24398240 0.138245107         1    0.00   0.56      0.44
111  1.00000000 0.24398240 0.138245107         1    0.00   0.56      0.44
112  1.00000000 0.24398240 0.138245107         1    0.00   0.56      0.44
113  0.75000000 0.24398240 0.138245107         1    0.00   0.56      0.44
114  0.61328125 0.24398240 0.138245107         1    0.00   0.56      0.44
115  0.60156250 0.24398240 0.138245107         1    0.00   0.56      0.44
116  0.80468750 0.24398240 0.138245107         1    0.00   0.56      0.44
117  0.74609375 0.24398240 0.138245107         1    0.00   0.56      0.44
118  1.00000000 0.24398240 0.138245107         1    0.00   0.56      0.44
119  0.86718750 0.24398240 0.138245107         1    0.00   0.56      0.44
120  1.00000000 0.24398240 0.138245107         1    0.00   0.56      0.44
121  1.00000000 0.24398240 0.138245107         1    0.00   0.56      0.44
122  0.87500000 0.24398240 0.138245107         1    0.00   0.56      0.44
123  0.70312500 0.24398240 0.138245107         1    0.00   0.56      0.44
124  1.00000000 0.24398240 0.138245107         1    0.00   0.56      0.44
125  0.71093750 0.24398240 0.138245107         1    0.00   0.56      0.44
126  1.00000000 0.24398240 0.138245107         1    0.00   0.56      0.44
127  0.67187500 0.24398240 0.138245107         1    0.00   0.56      0.44
128  0.77343750 0.24398240 0.138245107         1    0.00   0.56      0.44
129  0.40625000 0.24398240 0.138245107         1    0.00   0.56      0.44
130  0.68359375 0.24398240 0.138245107         1    0.00   0.56      0.44
131  1.00000000 0.24398240 0.138245107         1    0.00   0.56      0.44
132  1.00000000 0.24398240 0.138245107         1    0.00   0.56      0.44
133  0.66015625 0.24398240 0.138245107         1    0.00   0.56      0.44
134  0.78125000 0.24398240 0.138245107         1    0.00   0.56      0.44
135  1.00000000 0.24398240 0.138245107         1    0.00   0.56      0.44
136  0.68359375 0.24398240 0.138245107         1    0.00   0.56      0.44
137  0.57031250 0.24398240 0.138245107         1    0.00   0.56      0.44
138  0.48437500 0.24398240 0.138245107         1    0.00   0.56      0.44
139  0.63281250 0.24398240 0.138245107         1    0.00   0.56      0.44
140  0.58984375 0.24398240 0.138245107         1    0.00   0.56      0.44
141  0.56640625 0.24398240 0.138245107         1    0.00   0.56      0.44
142  0.68359375 0.24398240 0.138245107         1    0.00   0.56      0.44
143  0.69921875 0.24398240 0.138245107         1    0.00   0.56      0.44
144  0.71875000 0.24398240 0.138245107         1    0.00   0.56      0.44
145  0.74609375 0.24398240 0.138245107         1    0.00   0.56      0.44
146  0.61328125 0.24398240 0.138245107         1    0.00   0.56      0.44
147  0.76953125 0.24398240 0.138245107         1    0.00   0.56      0.44
148  0.75390625 0.24398240 0.138245107         1    0.00   0.56      0.44
149  1.00000000 0.24398240 0.138245107         1    0.00   0.56      0.44
150  0.50781250 0.24398240 0.138245107         1    0.00   0.56      0.44
151  1.00000000 0.24398240 0.138245107         1    0.00   0.56      0.44
152  1.00000000 0.24398240 0.138245107         1    0.00   0.56      0.44
153  1.00000000 0.24398240 0.138245107         1    0.00   0.56      0.44
154  0.51562500 0.24398240 0.138245107         1    0.00   0.56      0.44
155  0.56640625 0.24398240 0.138245107         1    0.00   0.56      0.44
156  0.61718750 0.24398240 0.138245107         1    0.00   0.56      0.44
157  0.77734375 0.24398240 0.138245107         1    0.00   0.56      0.44
158  0.66406250 0.24398240 0.138245107         1    0.00   0.56      0.44
159  0.83593750 0.24398240 0.138245107         1    0.00   0.56      0.44
160  0.72656250 0.24398240 0.138245107         1    0.00   0.56      0.44
161  0.80468750 0.24398240 0.138245107         1    0.00   0.56      0.44
162  0.97656250 0.24398240 0.138245107         1    0.00   0.56      0.44
163  1.00000000 0.24398240 0.138245107         1    0.00   0.56      0.44
164  0.66406250 0.24398240 0.138245107         1    0.00   0.56      0.44
165  0.89453125 0.24398240 0.138245107         1    0.00   0.56      0.44
166  1.00000000 0.24398240 0.138245107         1    0.00   0.56      0.44
167  0.87890625 0.24398240 0.138245107         1    0.00   0.56      0.44
168  1.00000000 0.24398240 0.138245107         1    0.00   0.56      0.44
169  1.00000000 0.24398240 0.138245107         1    0.00   0.56      0.44
170  0.66796875 0.24398240 0.138245107         1    0.00   0.56      0.44
171  1.00000000 0.24398240 0.138245107         1    0.00   0.56      0.44
172  0.76171875 0.24398240 0.138245107         1    0.00   0.56      0.44
173  0.62500000 0.24398240 0.138245107         1    0.00   0.56      0.44
174  0.44140625 0.24398240 0.138245107         1    0.00   0.56      0.44
175  0.74218750 0.24398240 0.138245107         1    0.00   0.56      0.44
176  1.00000000 0.24398240 0.138245107         1    0.00   0.56      0.44
177  0.76562500 0.24398240 0.138245107         1    0.00   0.56      0.44
178  0.87500000 0.24398240 0.138245107         1    0.00   0.56      0.44
179  1.00000000 0.24398240 0.138245107         1    0.00   0.56      0.44
180  0.69140625 0.24398240 0.138245107         1    0.00   0.56      0.44
181  1.00000000 0.24398240 0.138245107         1    0.00   0.56      0.44
182  0.94921875 0.24398240 0.138245107         1    0.00   0.56      0.44
183  1.00000000 0.24398240 0.138245107         1    0.00   0.56      0.44
184  0.82031250 0.24398240 0.138245107         1    0.00   0.56      0.44
185  1.00000000 0.24398240 0.138245107         1    0.00   0.56      0.44
186  0.66015625 0.24398240 0.138245107         1    0.00   0.56      0.44
187  0.68359375 0.24398240 0.138245107         1    0.00   0.56      0.44
188  0.70703125 0.24398240 0.138245107         1    0.00   0.56      0.44
189  0.56640625 0.24398240 0.138245107         1    0.00   0.56      0.44
190  0.70312500 0.24398240 0.138245107         1    0.00   0.56      0.44
191  0.48437500 0.24398240 0.138245107         1    0.00   0.56      0.44
192  0.60937500 0.24398240 0.138245107         1    0.00   0.56      0.44
193  0.56250000 0.24398240 0.138245107         1    0.00   0.56      0.44
194  0.65234375 0.24398240 0.138245107         1    0.00   0.56      0.44
195  0.56250000 0.24398240 0.138245107         1    0.00   0.56      0.44
196  1.00000000 0.24398240 0.138245107         1    0.00   0.56      0.44
197  1.00000000 0.24398240 0.138245107         1    0.00   0.56      0.44
198  0.78125000 0.24398240 0.138245107         1    0.00   0.56      0.44
199  1.00000000 0.24398240 0.138245107         1    0.00   0.56      0.44
200  0.70703125 0.24398240 0.138245107         1    0.00   0.56      0.44
201  1.00000000 0.22665118 0.165568502         1    0.01   0.56      0.43
202  0.82421875 0.22665118 0.165568502         1    0.01   0.56      0.43
203  1.00000000 0.22665118 0.165568502         1    0.01   0.56      0.43
204  0.61718750 0.22665118 0.165568502         1    0.01   0.56      0.43
205  0.94921875 0.22665118 0.165568502         1    0.01   0.56      0.43
206  1.00000000 0.22665118 0.165568502         1    0.01   0.56      0.43
207  0.64453125 0.22665118 0.165568502         1    0.01   0.56      0.43
208  0.77734375 0.22665118 0.165568502         1    0.01   0.56      0.43
209  0.63671875 0.22665118 0.165568502         1    0.01   0.56      0.43
210  1.00000000 0.22665118 0.165568502         1    0.01   0.56      0.43
211  0.60937500 0.22665118 0.165568502         1    0.01   0.56      0.43
212  0.82031250 0.22665118 0.165568502         1    0.01   0.56      0.43
213  0.73437500 0.22665118 0.165568502         1    0.01   0.56      0.43
214  0.62109375 0.22665118 0.165568502         1    0.01   0.56      0.43
215  1.00000000 0.22665118 0.165568502         1    0.01   0.56      0.43
216  1.00000000 0.22665118 0.165568502         1    0.01   0.56      0.43
217  0.92187500 0.22665118 0.165568502         1    0.01   0.56      0.43
218  0.49609375 0.22665118 0.165568502         1    0.01   0.56      0.43
219  0.88671875 0.22665118 0.165568502         1    0.01   0.56      0.43
220  0.75390625 0.22665118 0.165568502         1    0.01   0.56      0.43
221  1.00000000 0.22665118 0.165568502         1    0.01   0.56      0.43
222  0.68750000 0.22665118 0.165568502         1    0.01   0.56      0.43
223  0.84765625 0.22665118 0.165568502         1    0.01   0.56      0.43
224  1.00000000 0.22665118 0.165568502         1    0.01   0.56      0.43
225  0.53515625 0.22665118 0.165568502         1    0.01   0.56      0.43
226  0.60156250 0.22665118 0.165568502         1    0.01   0.56      0.43
227  0.89843750 0.22665118 0.165568502         1    0.01   0.56      0.43
228  0.94531250 0.22665118 0.165568502         1    0.01   0.56      0.43
229  0.90625000 0.22665118 0.165568502         1    0.01   0.56      0.43
230  1.00000000 0.22665118 0.165568502         1    0.01   0.56      0.43
231  1.00000000 0.22665118 0.165568502         1    0.01   0.56      0.43
232  1.00000000 0.22665118 0.165568502         1    0.01   0.56      0.43
233  0.49218750 0.22665118 0.165568502         1    0.01   0.56      0.43
234  0.75781250 0.22665118 0.165568502         1    0.01   0.56      0.43
235  0.70312500 0.22665118 0.165568502         1    0.01   0.56      0.43
236  0.90234375 0.22665118 0.165568502         1    0.01   0.56      0.43
237  0.78906250 0.22665118 0.165568502         1    0.01   0.56      0.43
238  0.80859375 0.22665118 0.165568502         1    0.01   0.56      0.43
239  0.83203125 0.22665118 0.165568502         1    0.01   0.56      0.43
240  0.57812500 0.22665118 0.165568502         1    0.01   0.56      0.43
241  0.76562500 0.22665118 0.165568502         1    0.01   0.56      0.43
242  0.63671875 0.22665118 0.165568502         1    0.01   0.56      0.43
243  0.82031250 0.22665118 0.165568502         1    0.01   0.56      0.43
244  0.77734375 0.22665118 0.165568502         1    0.01   0.56      0.43
245  0.74218750 0.22665118 0.165568502         1    0.01   0.56      0.43
246  0.65234375 0.22665118 0.165568502         1    0.01   0.56      0.43
247  0.85546875 0.22665118 0.165568502         1    0.01   0.56      0.43
248  0.82421875 0.22665118 0.165568502         1    0.01   0.56      0.43
249  0.80468750 0.22665118 0.165568502         1    0.01   0.56      0.43
250  0.56640625 0.22665118 0.165568502         1    0.01   0.56      0.43
251  0.72656250 0.22665118 0.165568502         1    0.01   0.56      0.43
252  0.81250000 0.22665118 0.165568502         1    0.01   0.56      0.43
253  0.81640625 0.22665118 0.165568502         1    0.01   0.56      0.43
254  0.66406250 0.22665118 0.165568502         1    0.01   0.56      0.43
255  1.00000000 0.22665118 0.165568502         1    0.01   0.56      0.43
256  1.00000000 0.22665118 0.165568502         1    0.01   0.56      0.43
257  1.00000000 0.22665118 0.165568502         1    0.01   0.56      0.43
258  0.77343750 0.22665118 0.165568502         1    0.01   0.56      0.43
259  0.71484375 0.22665118 0.165568502         1    0.01   0.56      0.43
260  1.00000000 0.22665118 0.165568502         1    0.01   0.56      0.43
261  0.71875000 0.22665118 0.165568502         1    0.01   0.56      0.43
262  0.89453125 0.22665118 0.165568502         1    0.01   0.56      0.43
263  0.87109375 0.22665118 0.165568502         1    0.01   0.56      0.43
264  0.73046875 0.22665118 0.165568502         1    0.01   0.56      0.43
265  0.82421875 0.22665118 0.165568502         1    0.01   0.56      0.43
266  0.57421875 0.22665118 0.165568502         1    0.01   0.56      0.43
267  0.94531250 0.22665118 0.165568502         1    0.01   0.56      0.43
268  0.86328125 0.22665118 0.165568502         1    0.01   0.56      0.43
269  0.74609375 0.22665118 0.165568502         1    0.01   0.56      0.43
270  0.79296875 0.22665118 0.165568502         1    0.01   0.56      0.43
271  0.74609375 0.22665118 0.165568502         1    0.01   0.56      0.43
272  1.00000000 0.22665118 0.165568502         1    0.01   0.56      0.43
273  1.00000000 0.22665118 0.165568502         1    0.01   0.56      0.43
274  0.60937500 0.22665118 0.165568502         1    0.01   0.56      0.43
275  1.00000000 0.22665118 0.165568502         1    0.01   0.56      0.43
276  0.79687500 0.22665118 0.165568502         1    0.01   0.56      0.43
277  0.90234375 0.22665118 0.165568502         1    0.01   0.56      0.43
278  0.93750000 0.22665118 0.165568502         1    0.01   0.56      0.43
279  0.62500000 0.22665118 0.165568502         1    0.01   0.56      0.43
280  0.83593750 0.22665118 0.165568502         1    0.01   0.56      0.43
281  0.45312500 0.22665118 0.165568502         1    0.01   0.56      0.43
282  0.92187500 0.22665118 0.165568502         1    0.01   0.56      0.43
283  1.00000000 0.22665118 0.165568502         1    0.01   0.56      0.43
284  0.84765625 0.22665118 0.165568502         1    0.01   0.56      0.43
285  0.69921875 0.22665118 0.165568502         1    0.01   0.56      0.43
286  0.66406250 0.22665118 0.165568502         1    0.01   0.56      0.43
287  1.00000000 0.22665118 0.165568502         1    0.01   0.56      0.43
288  0.59765625 0.22665118 0.165568502         1    0.01   0.56      0.43
289  1.00000000 0.22665118 0.165568502         1    0.01   0.56      0.43
290  0.62109375 0.22665118 0.165568502         1    0.01   0.56      0.43
291  0.80078125 0.22665118 0.165568502         1    0.01   0.56      0.43
292  0.75781250 0.22665118 0.165568502         1    0.01   0.56      0.43
293  1.00000000 0.22665118 0.165568502         1    0.01   0.56      0.43
294  0.82421875 0.22665118 0.165568502         1    0.01   0.56      0.43
295  1.00000000 0.22665118 0.165568502         1    0.01   0.56      0.43
296  0.75781250 0.22665118 0.165568502         1    0.01   0.56      0.43
297  0.85546875 0.22665118 0.165568502         1    0.01   0.56      0.43
298  0.59765625 0.22665118 0.165568502         1    0.01   0.56      0.43
299  0.79296875 0.22665118 0.165568502         1    0.01   0.56      0.43
300  0.71093750 0.22665118 0.165568502         1    0.01   0.56      0.43
301  0.82812500 0.31830444 0.154374507         1    0.00   0.59      0.41
302  1.00000000 0.31830444 0.154374507         1    0.00   0.59      0.41
303  1.00000000 0.31830444 0.154374507         1    0.00   0.59      0.41
304  0.59765625 0.31830444 0.154374507         1    0.00   0.59      0.41
305  0.74218750 0.31830444 0.154374507         1    0.00   0.59      0.41
306  0.97265625 0.31830444 0.154374507         1    0.00   0.59      0.41
307  0.71484375 0.31830444 0.154374507         1    0.00   0.59      0.41
308  0.85546875 0.31830444 0.154374507         1    0.00   0.59      0.41
309  0.95312500 0.31830444 0.154374507         1    0.00   0.59      0.41
310  1.00000000 0.31830444 0.154374507         1    0.00   0.59      0.41
311  1.00000000 0.31830444 0.154374507         1    0.00   0.59      0.41
312  0.71484375 0.31830444 0.154374507         1    0.00   0.59      0.41
313  0.73046875 0.31830444 0.154374507         1    0.00   0.59      0.41
314  0.66015625 0.31830444 0.154374507         1    0.00   0.59      0.41
315  0.64843750 0.31830444 0.154374507         1    0.00   0.59      0.41
316  0.62109375 0.31830444 0.154374507         1    0.00   0.59      0.41
317  0.73046875 0.31830444 0.154374507         1    0.00   0.59      0.41
318  1.00000000 0.31830444 0.154374507         1    0.00   0.59      0.41
319  0.63671875 0.31830444 0.154374507         1    0.00   0.59      0.41
320  0.51171875 0.31830444 0.154374507         1    0.00   0.59      0.41
321  0.59765625 0.31830444 0.154374507         1    0.00   0.59      0.41
322  0.65625000 0.31830444 0.154374507         1    0.00   0.59      0.41
323  0.78125000 0.31830444 0.154374507         1    0.00   0.59      0.41
324  0.74609375 0.31830444 0.154374507         1    0.00   0.59      0.41
325  0.77343750 0.31830444 0.154374507         1    0.00   0.59      0.41
326  0.62890625 0.31830444 0.154374507         1    0.00   0.59      0.41
327  0.65625000 0.31830444 0.154374507         1    0.00   0.59      0.41
328  0.85156250 0.31830444 0.154374507         1    0.00   0.59      0.41
329  1.00000000 0.31830444 0.154374507         1    0.00   0.59      0.41
330  1.00000000 0.31830444 0.154374507         1    0.00   0.59      0.41
331  0.81250000 0.31830444 0.154374507         1    0.00   0.59      0.41
332  0.74609375 0.31830444 0.154374507         1    0.00   0.59      0.41
333  1.00000000 0.31830444 0.154374507         1    0.00   0.59      0.41
334  0.69531250 0.31830444 0.154374507         1    0.00   0.59      0.41
335  0.61328125 0.31830444 0.154374507         1    0.00   0.59      0.41
336  0.71875000 0.31830444 0.154374507         1    0.00   0.59      0.41
337  1.00000000 0.31830444 0.154374507         1    0.00   0.59      0.41
338  0.54687500 0.31830444 0.154374507         1    0.00   0.59      0.41
339  1.00000000 0.31830444 0.154374507         1    0.00   0.59      0.41
340  0.77734375 0.31830444 0.154374507         1    0.00   0.59      0.41
341  1.00000000 0.31830444 0.154374507         1    0.00   0.59      0.41
342  0.46093750 0.31830444 0.154374507         1    0.00   0.59      0.41
343  0.67578125 0.31830444 0.154374507         1    0.00   0.59      0.41
344  0.62500000 0.31830444 0.154374507         1    0.00   0.59      0.41
345  1.00000000 0.31830444 0.154374507         1    0.00   0.59      0.41
346  1.00000000 0.31830444 0.154374507         1    0.00   0.59      0.41
347  0.69140625 0.31830444 0.154374507         1    0.00   0.59      0.41
348  1.00000000 0.31830444 0.154374507         1    0.00   0.59      0.41
349  0.70703125 0.31830444 0.154374507         1    0.00   0.59      0.41
350  0.77343750 0.31830444 0.154374507         1    0.00   0.59      0.41
351  0.53515625 0.31830444 0.154374507         1    0.00   0.59      0.41
352  0.76953125 0.31830444 0.154374507         1    0.00   0.59      0.41
353  0.79687500 0.31830444 0.154374507         1    0.00   0.59      0.41
354  0.68750000 0.31830444 0.154374507         1    0.00   0.59      0.41
355  0.48828125 0.31830444 0.154374507         1    0.00   0.59      0.41
356  1.00000000 0.31830444 0.154374507         1    0.00   0.59      0.41
357  0.68750000 0.31830444 0.154374507         1    0.00   0.59      0.41
358  0.72656250 0.31830444 0.154374507         1    0.00   0.59      0.41
359  1.00000000 0.31830444 0.154374507         1    0.00   0.59      0.41
360  0.67578125 0.31830444 0.154374507         1    0.00   0.59      0.41
361  0.69531250 0.31830444 0.154374507         1    0.00   0.59      0.41
362  1.00000000 0.31830444 0.154374507         1    0.00   0.59      0.41
363  0.92187500 0.31830444 0.154374507         1    0.00   0.59      0.41
364  1.00000000 0.31830444 0.154374507         1    0.00   0.59      0.41
365  0.76953125 0.31830444 0.154374507         1    0.00   0.59      0.41
366  0.90625000 0.31830444 0.154374507         1    0.00   0.59      0.41
367  1.00000000 0.31830444 0.154374507         1    0.00   0.59      0.41
368  0.68750000 0.31830444 0.154374507         1    0.00   0.59      0.41
369  0.61328125 0.31830444 0.154374507         1    0.00   0.59      0.41
370  0.60156250 0.31830444 0.154374507         1    0.00   0.59      0.41
371  0.59765625 0.31830444 0.154374507         1    0.00   0.59      0.41
372  0.75000000 0.31830444 0.154374507         1    0.00   0.59      0.41
373  0.80859375 0.31830444 0.154374507         1    0.00   0.59      0.41
374  0.68750000 0.31830444 0.154374507         1    0.00   0.59      0.41
375  0.57812500 0.31830444 0.154374507         1    0.00   0.59      0.41
376  0.80078125 0.31830444 0.154374507         1    0.00   0.59      0.41
377  0.75390625 0.31830444 0.154374507         1    0.00   0.59      0.41
378  0.73437500 0.31830444 0.154374507         1    0.00   0.59      0.41
379  0.73437500 0.31830444 0.154374507         1    0.00   0.59      0.41
380  1.00000000 0.31830444 0.154374507         1    0.00   0.59      0.41
381  1.00000000 0.31830444 0.154374507         1    0.00   0.59      0.41
382  0.81250000 0.31830444 0.154374507         1    0.00   0.59      0.41
383  1.00000000 0.31830444 0.154374507         1    0.00   0.59      0.41
384  1.00000000 0.31830444 0.154374507         1    0.00   0.59      0.41
385  0.63671875 0.31830444 0.154374507         1    0.00   0.59      0.41
386  0.64843750 0.31830444 0.154374507         1    0.00   0.59      0.41
387  0.78906250 0.31830444 0.154374507         1    0.00   0.59      0.41
388  1.00000000 0.31830444 0.154374507         1    0.00   0.59      0.41
389  0.68359375 0.31830444 0.154374507         1    0.00   0.59      0.41
390  1.00000000 0.31830444 0.154374507         1    0.00   0.59      0.41
391  1.00000000 0.31830444 0.154374507         1    0.00   0.59      0.41
392  0.67187500 0.31830444 0.154374507         1    0.00   0.59      0.41
393  0.86718750 0.31830444 0.154374507         1    0.00   0.59      0.41
394  0.69531250 0.31830444 0.154374507         1    0.00   0.59      0.41
395  0.64062500 0.31830444 0.154374507         1    0.00   0.59      0.41
396  0.71093750 0.31830444 0.154374507         1    0.00   0.59      0.41
397  0.57812500 0.31830444 0.154374507         1    0.00   0.59      0.41
398  0.76953125 0.31830444 0.154374507         1    0.00   0.59      0.41
399  0.57031250 0.31830444 0.154374507         1    0.00   0.59      0.41
400  0.51562500 0.31830444 0.154374507         1    0.00   0.59      0.41
401  0.90625000 0.13678798 0.156887870         1    0.00   0.59      0.41
402  1.00000000 0.13678798 0.156887870         1    0.00   0.59      0.41
403  0.78906250 0.13678798 0.156887870         1    0.00   0.59      0.41
404  0.85156250 0.13678798 0.156887870         1    0.00   0.59      0.41
405  0.88671875 0.13678798 0.156887870         1    0.00   0.59      0.41
406  0.65234375 0.13678798 0.156887870         1    0.00   0.59      0.41
407  0.89453125 0.13678798 0.156887870         1    0.00   0.59      0.41
408  0.73046875 0.13678798 0.156887870         1    0.00   0.59      0.41
409  0.71484375 0.13678798 0.156887870         1    0.00   0.59      0.41
410  0.56250000 0.13678798 0.156887870         1    0.00   0.59      0.41
411  0.69531250 0.13678798 0.156887870         1    0.00   0.59      0.41
412  0.85546875 0.13678798 0.156887870         1    0.00   0.59      0.41
413  0.70703125 0.13678798 0.156887870         1    0.00   0.59      0.41
414  0.77734375 0.13678798 0.156887870         1    0.00   0.59      0.41
415  0.87890625 0.13678798 0.156887870         1    0.00   0.59      0.41
416  0.53515625 0.13678798 0.156887870         1    0.00   0.59      0.41
417  1.00000000 0.13678798 0.156887870         1    0.00   0.59      0.41
418  0.84375000 0.13678798 0.156887870         1    0.00   0.59      0.41
419  0.69921875 0.13678798 0.156887870         1    0.00   0.59      0.41
420  1.00000000 0.13678798 0.156887870         1    0.00   0.59      0.41
421  0.75390625 0.13678798 0.156887870         1    0.00   0.59      0.41
422  0.88671875 0.13678798 0.156887870         1    0.00   0.59      0.41
423  0.83984375 0.13678798 0.156887870         1    0.00   0.59      0.41
424  0.71875000 0.13678798 0.156887870         1    0.00   0.59      0.41
425  0.77734375 0.13678798 0.156887870         1    0.00   0.59      0.41
426  0.65234375 0.13678798 0.156887870         1    0.00   0.59      0.41
427  0.69140625 0.13678798 0.156887870         1    0.00   0.59      0.41
428  0.67968750 0.13678798 0.156887870         1    0.00   0.59      0.41
429  0.80859375 0.13678798 0.156887870         1    0.00   0.59      0.41
430  0.68359375 0.13678798 0.156887870         1    0.00   0.59      0.41
431  0.91796875 0.13678798 0.156887870         1    0.00   0.59      0.41
432  1.00000000 0.13678798 0.156887870         1    0.00   0.59      0.41
433  1.00000000 0.13678798 0.156887870         1    0.00   0.59      0.41
434  0.92187500 0.13678798 0.156887870         1    0.00   0.59      0.41
435  0.88671875 0.13678798 0.156887870         1    0.00   0.59      0.41
436  0.67578125 0.13678798 0.156887870         1    0.00   0.59      0.41
437  0.56640625 0.13678798 0.156887870         1    0.00   0.59      0.41
438  0.92187500 0.13678798 0.156887870         1    0.00   0.59      0.41
439  1.00000000 0.13678798 0.156887870         1    0.00   0.59      0.41
440  0.69531250 0.13678798 0.156887870         1    0.00   0.59      0.41
441  0.78125000 0.13678798 0.156887870         1    0.00   0.59      0.41
442  0.55078125 0.13678798 0.156887870         1    0.00   0.59      0.41
443  0.66406250 0.13678798 0.156887870         1    0.00   0.59      0.41
444  0.66015625 0.13678798 0.156887870         1    0.00   0.59      0.41
445  1.00000000 0.13678798 0.156887870         1    0.00   0.59      0.41
446  0.60937500 0.13678798 0.156887870         1    0.00   0.59      0.41
447  0.48437500 0.13678798 0.156887870         1    0.00   0.59      0.41
448  1.00000000 0.13678798 0.156887870         1    0.00   0.59      0.41
449  0.77343750 0.13678798 0.156887870         1    0.00   0.59      0.41
450  0.72265625 0.13678798 0.156887870         1    0.00   0.59      0.41
451  1.00000000 0.13678798 0.156887870         1    0.00   0.59      0.41
452  0.73437500 0.13678798 0.156887870         1    0.00   0.59      0.41
453  0.74609375 0.13678798 0.156887870         1    0.00   0.59      0.41
454  0.76562500 0.13678798 0.156887870         1    0.00   0.59      0.41
455  0.71093750 0.13678798 0.156887870         1    0.00   0.59      0.41
456  0.76953125 0.13678798 0.156887870         1    0.00   0.59      0.41
457  1.00000000 0.13678798 0.156887870         1    0.00   0.59      0.41
458  0.63671875 0.13678798 0.156887870         1    0.00   0.59      0.41
459  0.66796875 0.13678798 0.156887870         1    0.00   0.59      0.41
460  1.00000000 0.13678798 0.156887870         1    0.00   0.59      0.41
461  0.84765625 0.13678798 0.156887870         1    0.00   0.59      0.41
462  0.84765625 0.13678798 0.156887870         1    0.00   0.59      0.41
463  0.78125000 0.13678798 0.156887870         1    0.00   0.59      0.41
464  0.72656250 0.13678798 0.156887870         1    0.00   0.59      0.41
465  1.00000000 0.13678798 0.156887870         1    0.00   0.59      0.41
466  0.87890625 0.13678798 0.156887870         1    0.00   0.59      0.41
467  0.95703125 0.13678798 0.156887870         1    0.00   0.59      0.41
468  0.70312500 0.13678798 0.156887870         1    0.00   0.59      0.41
469  0.57031250 0.13678798 0.156887870         1    0.00   0.59      0.41
470  1.00000000 0.13678798 0.156887870         1    0.00   0.59      0.41
471  0.69140625 0.13678798 0.156887870         1    0.00   0.59      0.41
472  0.85937500 0.13678798 0.156887870         1    0.00   0.59      0.41
473  0.64843750 0.13678798 0.156887870         1    0.00   0.59      0.41
474  0.94921875 0.13678798 0.156887870         1    0.00   0.59      0.41
475  0.73046875 0.13678798 0.156887870         1    0.00   0.59      0.41
476  1.00000000 0.13678798 0.156887870         1    0.00   0.59      0.41
477  0.75781250 0.13678798 0.156887870         1    0.00   0.59      0.41
478  0.70312500 0.13678798 0.156887870         1    0.00   0.59      0.41
479  0.89453125 0.13678798 0.156887870         1    0.00   0.59      0.41
480  0.66015625 0.13678798 0.156887870         1    0.00   0.59      0.41
481  0.58984375 0.13678798 0.156887870         1    0.00   0.59      0.41
482  0.85937500 0.13678798 0.156887870         1    0.00   0.59      0.41
483  0.73046875 0.13678798 0.156887870         1    0.00   0.59      0.41
484  1.00000000 0.13678798 0.156887870         1    0.00   0.59      0.41
485  0.85546875 0.13678798 0.156887870         1    0.00   0.59      0.41
486  0.67187500 0.13678798 0.156887870         1    0.00   0.59      0.41
487  0.68750000 0.13678798 0.156887870         1    0.00   0.59      0.41
488  0.65625000 0.13678798 0.156887870         1    0.00   0.59      0.41
489  0.48437500 0.13678798 0.156887870         1    0.00   0.59      0.41
490  0.68359375 0.13678798 0.156887870         1    0.00   0.59      0.41
491  0.83593750 0.13678798 0.156887870         1    0.00   0.59      0.41
492  0.61328125 0.13678798 0.156887870         1    0.00   0.59      0.41
493  1.00000000 0.13678798 0.156887870         1    0.00   0.59      0.41
494  0.82031250 0.13678798 0.156887870         1    0.00   0.59      0.41
495  1.00000000 0.13678798 0.156887870         1    0.00   0.59      0.41
496  1.00000000 0.13678798 0.156887870         1    0.00   0.59      0.41
497  0.79687500 0.13678798 0.156887870         1    0.00   0.59      0.41
498  0.76171875 0.13678798 0.156887870         1    0.00   0.59      0.41
499  0.77734375 0.13678798 0.156887870         1    0.00   0.59      0.41
500  0.78125000 0.13678798 0.156887870         1    0.00   0.59      0.41
501  1.00000000 0.22529619 0.145950014         1    0.01   0.58      0.41
502  0.71093750 0.22529619 0.145950014         1    0.01   0.58      0.41
503  0.69140625 0.22529619 0.145950014         1    0.01   0.58      0.41
504  0.78515625 0.22529619 0.145950014         1    0.01   0.58      0.41
505  0.73046875 0.22529619 0.145950014         1    0.01   0.58      0.41
506  0.59765625 0.22529619 0.145950014         1    0.01   0.58      0.41
507  1.00000000 0.22529619 0.145950014         1    0.01   0.58      0.41
508  0.91015625 0.22529619 0.145950014         1    0.01   0.58      0.41
509  0.53125000 0.22529619 0.145950014         1    0.01   0.58      0.41
510  1.00000000 0.22529619 0.145950014         1    0.01   0.58      0.41
511  0.58593750 0.22529619 0.145950014         1    0.01   0.58      0.41
512  0.72656250 0.22529619 0.145950014         1    0.01   0.58      0.41
513  1.00000000 0.22529619 0.145950014         1    0.01   0.58      0.41
514  0.83593750 0.22529619 0.145950014         1    0.01   0.58      0.41
515  1.00000000 0.22529619 0.145950014         1    0.01   0.58      0.41
516  1.00000000 0.22529619 0.145950014         1    0.01   0.58      0.41
517  1.00000000 0.22529619 0.145950014         1    0.01   0.58      0.41
518  0.68359375 0.22529619 0.145950014         1    0.01   0.58      0.41
519  0.66406250 0.22529619 0.145950014         1    0.01   0.58      0.41
520  1.00000000 0.22529619 0.145950014         1    0.01   0.58      0.41
521  1.00000000 0.22529619 0.145950014         1    0.01   0.58      0.41
522  1.00000000 0.22529619 0.145950014         1    0.01   0.58      0.41
523  0.48828125 0.22529619 0.145950014         1    0.01   0.58      0.41
524  1.00000000 0.22529619 0.145950014         1    0.01   0.58      0.41
525  0.87500000 0.22529619 0.145950014         1    0.01   0.58      0.41
526  0.57421875 0.22529619 0.145950014         1    0.01   0.58      0.41
527  0.82031250 0.22529619 0.145950014         1    0.01   0.58      0.41
528  0.80468750 0.22529619 0.145950014         1    0.01   0.58      0.41
529  0.64062500 0.22529619 0.145950014         1    0.01   0.58      0.41
530  0.55859375 0.22529619 0.145950014         1    0.01   0.58      0.41
531  1.00000000 0.22529619 0.145950014         1    0.01   0.58      0.41
532  1.00000000 0.22529619 0.145950014         1    0.01   0.58      0.41
533  0.89062500 0.22529619 0.145950014         1    0.01   0.58      0.41
534  1.00000000 0.22529619 0.145950014         1    0.01   0.58      0.41
535  1.00000000 0.22529619 0.145950014         1    0.01   0.58      0.41
536  0.74218750 0.22529619 0.145950014         1    0.01   0.58      0.41
537  0.96093750 0.22529619 0.145950014         1    0.01   0.58      0.41
538  1.00000000 0.22529619 0.145950014         1    0.01   0.58      0.41
539  1.00000000 0.22529619 0.145950014         1    0.01   0.58      0.41
540  1.00000000 0.22529619 0.145950014         1    0.01   0.58      0.41
541  0.65234375 0.22529619 0.145950014         1    0.01   0.58      0.41
542  0.72656250 0.22529619 0.145950014         1    0.01   0.58      0.41
543  0.80468750 0.22529619 0.145950014         1    0.01   0.58      0.41
544  0.89453125 0.22529619 0.145950014         1    0.01   0.58      0.41
545  0.84375000 0.22529619 0.145950014         1    0.01   0.58      0.41
546  1.00000000 0.22529619 0.145950014         1    0.01   0.58      0.41
547  1.00000000 0.22529619 0.145950014         1    0.01   0.58      0.41
548  0.86328125 0.22529619 0.145950014         1    0.01   0.58      0.41
549  0.64843750 0.22529619 0.145950014         1    0.01   0.58      0.41
550  0.59375000 0.22529619 0.145950014         1    0.01   0.58      0.41
551  0.90625000 0.22529619 0.145950014         1    0.01   0.58      0.41
552  0.75390625 0.22529619 0.145950014         1    0.01   0.58      0.41
553  0.76171875 0.22529619 0.145950014         1    0.01   0.58      0.41
554  0.75781250 0.22529619 0.145950014         1    0.01   0.58      0.41
555  0.60156250 0.22529619 0.145950014         1    0.01   0.58      0.41
556  0.62109375 0.22529619 0.145950014         1    0.01   0.58      0.41
557  0.54296875 0.22529619 0.145950014         1    0.01   0.58      0.41
558  0.68359375 0.22529619 0.145950014         1    0.01   0.58      0.41
559  0.81250000 0.22529619 0.145950014         1    0.01   0.58      0.41
560  0.84765625 0.22529619 0.145950014         1    0.01   0.58      0.41
561  1.00000000 0.22529619 0.145950014         1    0.01   0.58      0.41
562  0.65625000 0.22529619 0.145950014         1    0.01   0.58      0.41
563  0.89843750 0.22529619 0.145950014         1    0.01   0.58      0.41
564  0.60546875 0.22529619 0.145950014         1    0.01   0.58      0.41
565  0.70703125 0.22529619 0.145950014         1    0.01   0.58      0.41
566  0.85156250 0.22529619 0.145950014         1    0.01   0.58      0.41
567  0.60156250 0.22529619 0.145950014         1    0.01   0.58      0.41
568  0.75390625 0.22529619 0.145950014         1    0.01   0.58      0.41
569  0.67187500 0.22529619 0.145950014         1    0.01   0.58      0.41
570  1.00000000 0.22529619 0.145950014         1    0.01   0.58      0.41
571  0.49609375 0.22529619 0.145950014         1    0.01   0.58      0.41
572  0.54296875 0.22529619 0.145950014         1    0.01   0.58      0.41
573  0.71875000 0.22529619 0.145950014         1    0.01   0.58      0.41
574  1.00000000 0.22529619 0.145950014         1    0.01   0.58      0.41
575  0.76953125 0.22529619 0.145950014         1    0.01   0.58      0.41
576  0.57812500 0.22529619 0.145950014         1    0.01   0.58      0.41
577  1.00000000 0.22529619 0.145950014         1    0.01   0.58      0.41
578  0.48046875 0.22529619 0.145950014         1    0.01   0.58      0.41
579  0.71484375 0.22529619 0.145950014         1    0.01   0.58      0.41
580  0.66015625 0.22529619 0.145950014         1    0.01   0.58      0.41
581  0.46093750 0.22529619 0.145950014         1    0.01   0.58      0.41
582  0.80468750 0.22529619 0.145950014         1    0.01   0.58      0.41
583  1.00000000 0.22529619 0.145950014         1    0.01   0.58      0.41
584  0.75781250 0.22529619 0.145950014         1    0.01   0.58      0.41
585  0.63281250 0.22529619 0.145950014         1    0.01   0.58      0.41
586  0.63671875 0.22529619 0.145950014         1    0.01   0.58      0.41
587  0.43359375 0.22529619 0.145950014         1    0.01   0.58      0.41
588  1.00000000 0.22529619 0.145950014         1    0.01   0.58      0.41
589  0.83984375 0.22529619 0.145950014         1    0.01   0.58      0.41
590  0.86718750 0.22529619 0.145950014         1    0.01   0.58      0.41
591  0.66015625 0.22529619 0.145950014         1    0.01   0.58      0.41
592  1.00000000 0.22529619 0.145950014         1    0.01   0.58      0.41
593  0.76953125 0.22529619 0.145950014         1    0.01   0.58      0.41
594  0.75390625 0.22529619 0.145950014         1    0.01   0.58      0.41
595  0.30859375 0.22529619 0.145950014         1    0.01   0.58      0.41
596  0.81250000 0.22529619 0.145950014         1    0.01   0.58      0.41
597  1.00000000 0.22529619 0.145950014         1    0.01   0.58      0.41
598  1.00000000 0.22529619 0.145950014         1    0.01   0.58      0.41
599  0.72265625 0.22529619 0.145950014         1    0.01   0.58      0.41
600  0.68750000 0.22529619 0.145950014         1    0.01   0.58      0.41
601  0.66015625 0.37652026 0.087197921         1    0.01   0.57      0.42
602  0.80859375 0.37652026 0.087197921         1    0.01   0.57      0.42
603  0.32421875 0.37652026 0.087197921         1    0.01   0.57      0.42
604  0.75390625 0.37652026 0.087197921         1    0.01   0.57      0.42
605  0.47656250 0.37652026 0.087197921         1    0.01   0.57      0.42
606  0.54296875 0.37652026 0.087197921         1    0.01   0.57      0.42
607  1.00000000 0.37652026 0.087197921         1    0.01   0.57      0.42
608  1.00000000 0.37652026 0.087197921         1    0.01   0.57      0.42
609  0.91015625 0.37652026 0.087197921         1    0.01   0.57      0.42
610  1.00000000 0.37652026 0.087197921         1    0.01   0.57      0.42
611  1.00000000 0.37652026 0.087197921         1    0.01   0.57      0.42
612  1.00000000 0.37652026 0.087197921         1    0.01   0.57      0.42
613  0.51171875 0.37652026 0.087197921         1    0.01   0.57      0.42
614  0.51171875 0.37652026 0.087197921         1    0.01   0.57      0.42
615  0.52734375 0.37652026 0.087197921         1    0.01   0.57      0.42
616  1.00000000 0.37652026 0.087197921         1    0.01   0.57      0.42
617  1.00000000 0.37652026 0.087197921         1    0.01   0.57      0.42
618  1.00000000 0.37652026 0.087197921         1    0.01   0.57      0.42
619  1.00000000 0.37652026 0.087197921         1    0.01   0.57      0.42
620  0.53906250 0.37652026 0.087197921         1    0.01   0.57      0.42
621  0.50000000 0.37652026 0.087197921         1    0.01   0.57      0.42
622  0.68750000 0.37652026 0.087197921         1    0.01   0.57      0.42
623  1.00000000 0.37652026 0.087197921         1    0.01   0.57      0.42
624  0.32421875 0.37652026 0.087197921         1    0.01   0.57      0.42
625  0.39062500 0.37652026 0.087197921         1    0.01   0.57      0.42
626  1.00000000 0.37652026 0.087197921         1    0.01   0.57      0.42
627  0.78906250 0.37652026 0.087197921         1    0.01   0.57      0.42
628  0.59765625 0.37652026 0.087197921         1    0.01   0.57      0.42
629  0.32812500 0.37652026 0.087197921         1    0.01   0.57      0.42
630  0.43750000 0.37652026 0.087197921         1    0.01   0.57      0.42
631  1.00000000 0.37652026 0.087197921         1    0.01   0.57      0.42
632  0.48437500 0.37652026 0.087197921         1    0.01   0.57      0.42
633  1.00000000 0.37652026 0.087197921         1    0.01   0.57      0.42
634  1.00000000 0.37652026 0.087197921         1    0.01   0.57      0.42
635  0.51171875 0.37652026 0.087197921         1    0.01   0.57      0.42
636  1.00000000 0.37652026 0.087197921         1    0.01   0.57      0.42
637  0.39843750 0.37652026 0.087197921         1    0.01   0.57      0.42
638  0.48828125 0.37652026 0.087197921         1    0.01   0.57      0.42
639  0.63281250 0.37652026 0.087197921         1    0.01   0.57      0.42
640  0.40625000 0.37652026 0.087197921         1    0.01   0.57      0.42
641  0.48828125 0.37652026 0.087197921         1    0.01   0.57      0.42
642  1.00000000 0.37652026 0.087197921         1    0.01   0.57      0.42
643  1.00000000 0.37652026 0.087197921         1    0.01   0.57      0.42
644  0.46093750 0.37652026 0.087197921         1    0.01   0.57      0.42
645  0.60156250 0.37652026 0.087197921         1    0.01   0.57      0.42
646  1.00000000 0.37652026 0.087197921         1    0.01   0.57      0.42
647  0.80859375 0.37652026 0.087197921         1    0.01   0.57      0.42
648  1.00000000 0.37652026 0.087197921         1    0.01   0.57      0.42
649  0.81250000 0.37652026 0.087197921         1    0.01   0.57      0.42
650  1.00000000 0.37652026 0.087197921         1    0.01   0.57      0.42
651  1.00000000 0.37652026 0.087197921         1    0.01   0.57      0.42
652  0.34765625 0.37652026 0.087197921         1    0.01   0.57      0.42
653  0.39453125 0.37652026 0.087197921         1    0.01   0.57      0.42
654  0.52343750 0.37652026 0.087197921         1    0.01   0.57      0.42
655  0.40234375 0.37652026 0.087197921         1    0.01   0.57      0.42
656  0.71484375 0.37652026 0.087197921         1    0.01   0.57      0.42
657  1.00000000 0.37652026 0.087197921         1    0.01   0.57      0.42
658  0.51171875 0.37652026 0.087197921         1    0.01   0.57      0.42
659  1.00000000 0.37652026 0.087197921         1    0.01   0.57      0.42
660  1.00000000 0.37652026 0.087197921         1    0.01   0.57      0.42
661  0.45312500 0.37652026 0.087197921         1    0.01   0.57      0.42
662  1.00000000 0.37652026 0.087197921         1    0.01   0.57      0.42
663  1.00000000 0.37652026 0.087197921         1    0.01   0.57      0.42
664  0.37890625 0.37652026 0.087197921         1    0.01   0.57      0.42
665  1.00000000 0.37652026 0.087197921         1    0.01   0.57      0.42
666  0.66796875 0.37652026 0.087197921         1    0.01   0.57      0.42
667  0.44531250 0.37652026 0.087197921         1    0.01   0.57      0.42
668  1.00000000 0.37652026 0.087197921         1    0.01   0.57      0.42
669  0.33593750 0.37652026 0.087197921         1    0.01   0.57      0.42
670  0.35156250 0.37652026 0.087197921         1    0.01   0.57      0.42
671  1.00000000 0.37652026 0.087197921         1    0.01   0.57      0.42
672  0.55078125 0.37652026 0.087197921         1    0.01   0.57      0.42
673  0.69140625 0.37652026 0.087197921         1    0.01   0.57      0.42
674  0.45312500 0.37652026 0.087197921         1    0.01   0.57      0.42
675  0.33984375 0.37652026 0.087197921         1    0.01   0.57      0.42
676  1.00000000 0.37652026 0.087197921         1    0.01   0.57      0.42
677  0.28515625 0.37652026 0.087197921         1    0.01   0.57      0.42
678  1.00000000 0.37652026 0.087197921         1    0.01   0.57      0.42
679  0.36718750 0.37652026 0.087197921         1    0.01   0.57      0.42
680  1.00000000 0.37652026 0.087197921         1    0.01   0.57      0.42
681  0.81640625 0.37652026 0.087197921         1    0.01   0.57      0.42
682  1.00000000 0.37652026 0.087197921         1    0.01   0.57      0.42
683  0.64453125 0.37652026 0.087197921         1    0.01   0.57      0.42
684  0.44921875 0.37652026 0.087197921         1    0.01   0.57      0.42
685  0.46875000 0.37652026 0.087197921         1    0.01   0.57      0.42
686  0.55859375 0.37652026 0.087197921         1    0.01   0.57      0.42
687  0.44921875 0.37652026 0.087197921         1    0.01   0.57      0.42
688  0.38281250 0.37652026 0.087197921         1    0.01   0.57      0.42
689  1.00000000 0.37652026 0.087197921         1    0.01   0.57      0.42
690  1.00000000 0.37652026 0.087197921         1    0.01   0.57      0.42
691  0.37109375 0.37652026 0.087197921         1    0.01   0.57      0.42
692  0.57421875 0.37652026 0.087197921         1    0.01   0.57      0.42
693  0.34765625 0.37652026 0.087197921         1    0.01   0.57      0.42
694  1.00000000 0.37652026 0.087197921         1    0.01   0.57      0.42
695  0.51953125 0.37652026 0.087197921         1    0.01   0.57      0.42
696  0.67187500 0.37652026 0.087197921         1    0.01   0.57      0.42
697  1.00000000 0.37652026 0.087197921         1    0.01   0.57      0.42
698  0.25390625 0.37652026 0.087197921         1    0.01   0.57      0.42
699  1.00000000 0.37652026 0.087197921         1    0.01   0.57      0.42
700  1.00000000 0.37652026 0.087197921         1    0.01   0.57      0.42
701  0.82031250 0.09466858 0.151659073         1    0.00   0.58      0.42
702  0.72656250 0.09466858 0.151659073         1    0.00   0.58      0.42
703  0.76953125 0.09466858 0.151659073         1    0.00   0.58      0.42
704  0.83984375 0.09466858 0.151659073         1    0.00   0.58      0.42
705  0.72656250 0.09466858 0.151659073         1    0.00   0.58      0.42
706  1.00000000 0.09466858 0.151659073         1    0.00   0.58      0.42
707  0.79687500 0.09466858 0.151659073         1    0.00   0.58      0.42
708  1.00000000 0.09466858 0.151659073         1    0.00   0.58      0.42
709  0.57812500 0.09466858 0.151659073         1    0.00   0.58      0.42
710  0.82421875 0.09466858 0.151659073         1    0.00   0.58      0.42
711  0.85937500 0.09466858 0.151659073         1    0.00   0.58      0.42
712  0.45312500 0.09466858 0.151659073         1    0.00   0.58      0.42
713  1.00000000 0.09466858 0.151659073         1    0.00   0.58      0.42
714  0.59375000 0.09466858 0.151659073         1    0.00   0.58      0.42
715  0.86328125 0.09466858 0.151659073         1    0.00   0.58      0.42
716  1.00000000 0.09466858 0.151659073         1    0.00   0.58      0.42
717  0.80468750 0.09466858 0.151659073         1    0.00   0.58      0.42
718  1.00000000 0.09466858 0.151659073         1    0.00   0.58      0.42
719  0.92187500 0.09466858 0.151659073         1    0.00   0.58      0.42
720  0.83984375 0.09466858 0.151659073         1    0.00   0.58      0.42
721  0.70703125 0.09466858 0.151659073         1    0.00   0.58      0.42
722  0.62890625 0.09466858 0.151659073         1    0.00   0.58      0.42
723  0.59765625 0.09466858 0.151659073         1    0.00   0.58      0.42
724  0.70312500 0.09466858 0.151659073         1    0.00   0.58      0.42
725  0.64843750 0.09466858 0.151659073         1    0.00   0.58      0.42
726  0.71875000 0.09466858 0.151659073         1    0.00   0.58      0.42
727  0.75390625 0.09466858 0.151659073         1    0.00   0.58      0.42
728  0.81640625 0.09466858 0.151659073         1    0.00   0.58      0.42
729  0.74218750 0.09466858 0.151659073         1    0.00   0.58      0.42
730  0.86718750 0.09466858 0.151659073         1    0.00   0.58      0.42
731  1.00000000 0.09466858 0.151659073         1    0.00   0.58      0.42
732  0.72265625 0.09466858 0.151659073         1    0.00   0.58      0.42
733  0.55859375 0.09466858 0.151659073         1    0.00   0.58      0.42
734  0.57031250 0.09466858 0.151659073         1    0.00   0.58      0.42
735  1.00000000 0.09466858 0.151659073         1    0.00   0.58      0.42
736  0.83984375 0.09466858 0.151659073         1    0.00   0.58      0.42
737  0.81250000 0.09466858 0.151659073         1    0.00   0.58      0.42
738  0.69531250 0.09466858 0.151659073         1    0.00   0.58      0.42
739  0.78515625 0.09466858 0.151659073         1    0.00   0.58      0.42
740  1.00000000 0.09466858 0.151659073         1    0.00   0.58      0.42
741  0.87109375 0.09466858 0.151659073         1    0.00   0.58      0.42
742  0.67578125 0.09466858 0.151659073         1    0.00   0.58      0.42
743  0.71875000 0.09466858 0.151659073         1    0.00   0.58      0.42
744  0.83984375 0.09466858 0.151659073         1    0.00   0.58      0.42
745  0.73828125 0.09466858 0.151659073         1    0.00   0.58      0.42
746  0.61718750 0.09466858 0.151659073         1    0.00   0.58      0.42
747  0.73046875 0.09466858 0.151659073         1    0.00   0.58      0.42
748  0.72656250 0.09466858 0.151659073         1    0.00   0.58      0.42
749  1.00000000 0.09466858 0.151659073         1    0.00   0.58      0.42
750  0.77734375 0.09466858 0.151659073         1    0.00   0.58      0.42
751  0.73046875 0.09466858 0.151659073         1    0.00   0.58      0.42
752  0.76562500 0.09466858 0.151659073         1    0.00   0.58      0.42
753  0.61328125 0.09466858 0.151659073         1    0.00   0.58      0.42
754  0.74218750 0.09466858 0.151659073         1    0.00   0.58      0.42
755  0.74609375 0.09466858 0.151659073         1    0.00   0.58      0.42
756  0.71484375 0.09466858 0.151659073         1    0.00   0.58      0.42
757  0.77343750 0.09466858 0.151659073         1    0.00   0.58      0.42
758  1.00000000 0.09466858 0.151659073         1    0.00   0.58      0.42
759  0.63281250 0.09466858 0.151659073         1    0.00   0.58      0.42
760  1.00000000 0.09466858 0.151659073         1    0.00   0.58      0.42
761  0.79296875 0.09466858 0.151659073         1    0.00   0.58      0.42
762  0.91406250 0.09466858 0.151659073         1    0.00   0.58      0.42
763  0.53906250 0.09466858 0.151659073         1    0.00   0.58      0.42
764  1.00000000 0.09466858 0.151659073         1    0.00   0.58      0.42
765  0.70312500 0.09466858 0.151659073         1    0.00   0.58      0.42
766  0.86718750 0.09466858 0.151659073         1    0.00   0.58      0.42
767  0.78906250 0.09466858 0.151659073         1    0.00   0.58      0.42
768  0.83984375 0.09466858 0.151659073         1    0.00   0.58      0.42
769  1.00000000 0.09466858 0.151659073         1    0.00   0.58      0.42
770  0.73437500 0.09466858 0.151659073         1    0.00   0.58      0.42
771  0.67187500 0.09466858 0.151659073         1    0.00   0.58      0.42
772  0.69531250 0.09466858 0.151659073         1    0.00   0.58      0.42
773  0.65234375 0.09466858 0.151659073         1    0.00   0.58      0.42
774  0.71875000 0.09466858 0.151659073         1    0.00   0.58      0.42
775  0.69531250 0.09466858 0.151659073         1    0.00   0.58      0.42
776  0.80078125 0.09466858 0.151659073         1    0.00   0.58      0.42
777  0.85937500 0.09466858 0.151659073         1    0.00   0.58      0.42
778  0.55468750 0.09466858 0.151659073         1    0.00   0.58      0.42
779  0.78125000 0.09466858 0.151659073         1    0.00   0.58      0.42
780  0.74218750 0.09466858 0.151659073         1    0.00   0.58      0.42
781  0.84375000 0.09466858 0.151659073         1    0.00   0.58      0.42
782  0.76562500 0.09466858 0.151659073         1    0.00   0.58      0.42
783  0.77343750 0.09466858 0.151659073         1    0.00   0.58      0.42
784  0.56250000 0.09466858 0.151659073         1    0.00   0.58      0.42
785  1.00000000 0.09466858 0.151659073         1    0.00   0.58      0.42
786  0.49218750 0.09466858 0.151659073         1    0.00   0.58      0.42
787  0.87500000 0.09466858 0.151659073         1    0.00   0.58      0.42
788  0.76953125 0.09466858 0.151659073         1    0.00   0.58      0.42
789  0.75390625 0.09466858 0.151659073         1    0.00   0.58      0.42
790  0.67187500 0.09466858 0.151659073         1    0.00   0.58      0.42
791  0.53906250 0.09466858 0.151659073         1    0.00   0.58      0.42
792  0.65234375 0.09466858 0.151659073         1    0.00   0.58      0.42
793  1.00000000 0.09466858 0.151659073         1    0.00   0.58      0.42
794  0.94531250 0.09466858 0.151659073         1    0.00   0.58      0.42
795  0.71093750 0.09466858 0.151659073         1    0.00   0.58      0.42
796  1.00000000 0.09466858 0.151659073         1    0.00   0.58      0.42
797  1.00000000 0.09466858 0.151659073         1    0.00   0.58      0.42
798  1.00000000 0.09466858 0.151659073         1    0.00   0.58      0.42
799  0.88671875 0.09466858 0.151659073         1    0.00   0.58      0.42
800  0.76562500 0.09466858 0.151659073         1    0.00   0.58      0.42
801  0.35546875 0.49995157 0.078350009         1    0.01   0.56      0.43
802  0.29296875 0.49995157 0.078350009         1    0.01   0.56      0.43
803  0.44140625 0.49995157 0.078350009         1    0.01   0.56      0.43
804  1.00000000 0.49995157 0.078350009         1    0.01   0.56      0.43
805  0.32031250 0.49995157 0.078350009         1    0.01   0.56      0.43
806  0.39453125 0.49995157 0.078350009         1    0.01   0.56      0.43
807  0.36328125 0.49995157 0.078350009         1    0.01   0.56      0.43
808  1.00000000 0.49995157 0.078350009         1    0.01   0.56      0.43
809  1.00000000 0.49995157 0.078350009         1    0.01   0.56      0.43
810  1.00000000 0.49995157 0.078350009         1    0.01   0.56      0.43
811  1.00000000 0.49995157 0.078350009         1    0.01   0.56      0.43
812  0.36328125 0.49995157 0.078350009         1    0.01   0.56      0.43
813  0.37500000 0.49995157 0.078350009         1    0.01   0.56      0.43
814  1.00000000 0.49995157 0.078350009         1    0.01   0.56      0.43
815  1.00000000 0.49995157 0.078350009         1    0.01   0.56      0.43
816  0.31640625 0.49995157 0.078350009         1    0.01   0.56      0.43
817  1.00000000 0.49995157 0.078350009         1    0.01   0.56      0.43
818  1.00000000 0.49995157 0.078350009         1    0.01   0.56      0.43
819  1.00000000 0.49995157 0.078350009         1    0.01   0.56      0.43
820  0.39062500 0.49995157 0.078350009         1    0.01   0.56      0.43
821  0.40625000 0.49995157 0.078350009         1    0.01   0.56      0.43
822  0.71093750 0.49995157 0.078350009         1    0.01   0.56      0.43
823  0.41015625 0.49995157 0.078350009         1    0.01   0.56      0.43
824  0.48437500 0.49995157 0.078350009         1    0.01   0.56      0.43
825  0.50000000 0.49995157 0.078350009         1    0.01   0.56      0.43
826  0.32031250 0.49995157 0.078350009         1    0.01   0.56      0.43
827  1.00000000 0.49995157 0.078350009         1    0.01   0.56      0.43
828  1.00000000 0.49995157 0.078350009         1    0.01   0.56      0.43
829  0.51171875 0.49995157 0.078350009         1    0.01   0.56      0.43
830  1.00000000 0.49995157 0.078350009         1    0.01   0.56      0.43
831  0.41796875 0.49995157 0.078350009         1    0.01   0.56      0.43
832  1.00000000 0.49995157 0.078350009         1    0.01   0.56      0.43
833  0.42187500 0.49995157 0.078350009         1    0.01   0.56      0.43
834  1.00000000 0.49995157 0.078350009         1    0.01   0.56      0.43
835  1.00000000 0.49995157 0.078350009         1    0.01   0.56      0.43
836  1.00000000 0.49995157 0.078350009         1    0.01   0.56      0.43
837  1.00000000 0.49995157 0.078350009         1    0.01   0.56      0.43
838  0.25000000 0.49995157 0.078350009         1    0.01   0.56      0.43
839  1.00000000 0.49995157 0.078350009         1    0.01   0.56      0.43
840  0.44921875 0.49995157 0.078350009         1    0.01   0.56      0.43
841  0.34375000 0.49995157 0.078350009         1    0.01   0.56      0.43
842  1.00000000 0.49995157 0.078350009         1    0.01   0.56      0.43
843  1.00000000 0.49995157 0.078350009         1    0.01   0.56      0.43
844  1.00000000 0.49995157 0.078350009         1    0.01   0.56      0.43
845  0.44140625 0.49995157 0.078350009         1    0.01   0.56      0.43
846  0.45312500 0.49995157 0.078350009         1    0.01   0.56      0.43
847  0.44531250 0.49995157 0.078350009         1    0.01   0.56      0.43
848  0.56640625 0.49995157 0.078350009         1    0.01   0.56      0.43
849  0.35546875 0.49995157 0.078350009         1    0.01   0.56      0.43
850  0.41015625 0.49995157 0.078350009         1    0.01   0.56      0.43
851  0.32031250 0.49995157 0.078350009         1    0.01   0.56      0.43
852  0.51171875 0.49995157 0.078350009         1    0.01   0.56      0.43
853  1.00000000 0.49995157 0.078350009         1    0.01   0.56      0.43
854  0.42968750 0.49995157 0.078350009         1    0.01   0.56      0.43
855  0.50000000 0.49995157 0.078350009         1    0.01   0.56      0.43
856  0.51562500 0.49995157 0.078350009         1    0.01   0.56      0.43
857  0.47656250 0.49995157 0.078350009         1    0.01   0.56      0.43
858  1.00000000 0.49995157 0.078350009         1    0.01   0.56      0.43
859  0.56640625 0.49995157 0.078350009         1    0.01   0.56      0.43
860  0.39843750 0.49995157 0.078350009         1    0.01   0.56      0.43
861  0.48046875 0.49995157 0.078350009         1    0.01   0.56      0.43
862  0.39062500 0.49995157 0.078350009         1    0.01   0.56      0.43
863  0.33984375 0.49995157 0.078350009         1    0.01   0.56      0.43
864  1.00000000 0.49995157 0.078350009         1    0.01   0.56      0.43
865  0.48437500 0.49995157 0.078350009         1    0.01   0.56      0.43
866  0.33984375 0.49995157 0.078350009         1    0.01   0.56      0.43
867  1.00000000 0.49995157 0.078350009         1    0.01   0.56      0.43
868  1.00000000 0.49995157 0.078350009         1    0.01   0.56      0.43
869  1.00000000 0.49995157 0.078350009         1    0.01   0.56      0.43
870  0.48046875 0.49995157 0.078350009         1    0.01   0.56      0.43
871  1.00000000 0.49995157 0.078350009         1    0.01   0.56      0.43
872  0.21484375 0.49995157 0.078350009         1    0.01   0.56      0.43
873  0.39062500 0.49995157 0.078350009         1    0.01   0.56      0.43
874  1.00000000 0.49995157 0.078350009         1    0.01   0.56      0.43
875  0.65234375 0.49995157 0.078350009         1    0.01   0.56      0.43
876  1.00000000 0.49995157 0.078350009         1    0.01   0.56      0.43
877  1.00000000 0.49995157 0.078350009         1    0.01   0.56      0.43
878  1.00000000 0.49995157 0.078350009         1    0.01   0.56      0.43
879  1.00000000 0.49995157 0.078350009         1    0.01   0.56      0.43
880  0.50000000 0.49995157 0.078350009         1    0.01   0.56      0.43
881  1.00000000 0.49995157 0.078350009         1    0.01   0.56      0.43
882  0.52734375 0.49995157 0.078350009         1    0.01   0.56      0.43
883  1.00000000 0.49995157 0.078350009         1    0.01   0.56      0.43
884  0.46484375 0.49995157 0.078350009         1    0.01   0.56      0.43
885  1.00000000 0.49995157 0.078350009         1    0.01   0.56      0.43
886  1.00000000 0.49995157 0.078350009         1    0.01   0.56      0.43
887  0.23437500 0.49995157 0.078350009         1    0.01   0.56      0.43
888  0.39453125 0.49995157 0.078350009         1    0.01   0.56      0.43
889  1.00000000 0.49995157 0.078350009         1    0.01   0.56      0.43
890  0.21484375 0.49995157 0.078350009         1    0.01   0.56      0.43
891  1.00000000 0.49995157 0.078350009         1    0.01   0.56      0.43
892  0.39843750 0.49995157 0.078350009         1    0.01   0.56      0.43
893  1.00000000 0.49995157 0.078350009         1    0.01   0.56      0.43
894  0.74609375 0.49995157 0.078350009         1    0.01   0.56      0.43
895  0.51171875 0.49995157 0.078350009         1    0.01   0.56      0.43
896  1.00000000 0.49995157 0.078350009         1    0.01   0.56      0.43
897  0.55468750 0.49995157 0.078350009         1    0.01   0.56      0.43
898  0.42968750 0.49995157 0.078350009         1    0.01   0.56      0.43
899  1.00000000 0.49995157 0.078350009         1    0.01   0.56      0.43
900  0.29687500 0.49995157 0.078350009         1    0.01   0.56      0.43
901  0.00000000 0.43225431 0.003638163         1    0.52   0.07      0.41
902  1.00000000 0.43225431 0.003638163         1    0.52   0.07      0.41
903  0.04296875 0.43225431 0.003638163         1    0.52   0.07      0.41
904  0.03515625 0.43225431 0.003638163         1    0.52   0.07      0.41
905  0.01171875 0.43225431 0.003638163         1    0.52   0.07      0.41
906  1.00000000 0.43225431 0.003638163         1    0.52   0.07      0.41
907  0.00390625 0.43225431 0.003638163         1    0.52   0.07      0.41
908  1.00000000 0.43225431 0.003638163         1    0.52   0.07      0.41
909  0.01562500 0.43225431 0.003638163         1    0.52   0.07      0.41
910  0.02734375 0.43225431 0.003638163         1    0.52   0.07      0.41
911  1.00000000 0.43225431 0.003638163         1    0.52   0.07      0.41
912  1.00000000 0.43225431 0.003638163         1    0.52   0.07      0.41
913  0.00000000 0.43225431 0.003638163         1    0.52   0.07      0.41
914  0.13281250 0.43225431 0.003638163         1    0.52   0.07      0.41
915  1.00000000 0.43225431 0.003638163         1    0.52   0.07      0.41
916  1.00000000 0.43225431 0.003638163         1    0.52   0.07      0.41
917  0.01171875 0.43225431 0.003638163         1    0.52   0.07      0.41
918  0.00390625 0.43225431 0.003638163         1    0.52   0.07      0.41
919  1.00000000 0.43225431 0.003638163         1    0.52   0.07      0.41
920  1.00000000 0.43225431 0.003638163         1    0.52   0.07      0.41
921  1.00000000 0.43225431 0.003638163         1    0.52   0.07      0.41
922  0.00390625 0.43225431 0.003638163         1    0.52   0.07      0.41
923  1.00000000 0.43225431 0.003638163         1    0.52   0.07      0.41
924  1.00000000 0.43225431 0.003638163         1    0.52   0.07      0.41
925  1.00000000 0.43225431 0.003638163         1    0.52   0.07      0.41
926  1.00000000 0.43225431 0.003638163         1    0.52   0.07      0.41
927  1.00000000 0.43225431 0.003638163         1    0.52   0.07      0.41
928  0.09375000 0.43225431 0.003638163         1    0.52   0.07      0.41
929  0.06640625 0.43225431 0.003638163         1    0.52   0.07      0.41
930  0.03125000 0.43225431 0.003638163         1    0.52   0.07      0.41
931  1.00000000 0.43225431 0.003638163         1    0.52   0.07      0.41
932  0.01171875 0.43225431 0.003638163         1    0.52   0.07      0.41
933  1.00000000 0.43225431 0.003638163         1    0.52   0.07      0.41
934  1.00000000 0.43225431 0.003638163         1    0.52   0.07      0.41
935  0.05078125 0.43225431 0.003638163         1    0.52   0.07      0.41
936  1.00000000 0.43225431 0.003638163         1    0.52   0.07      0.41
937  1.00000000 0.43225431 0.003638163         1    0.52   0.07      0.41
938  0.03125000 0.43225431 0.003638163         1    0.52   0.07      0.41
939  0.00000000 0.43225431 0.003638163         1    0.52   0.07      0.41
940  0.00390625 0.43225431 0.003638163         1    0.52   0.07      0.41
941  0.00390625 0.43225431 0.003638163         1    0.52   0.07      0.41
942  0.00781250 0.43225431 0.003638163         1    0.52   0.07      0.41
943  0.00781250 0.43225431 0.003638163         1    0.52   0.07      0.41
944  1.00000000 0.43225431 0.003638163         1    0.52   0.07      0.41
945  1.00000000 0.43225431 0.003638163         1    0.52   0.07      0.41
946  0.00390625 0.43225431 0.003638163         1    0.52   0.07      0.41
947  0.01562500 0.43225431 0.003638163         1    0.52   0.07      0.41
948  0.01562500 0.43225431 0.003638163         1    0.52   0.07      0.41
949  0.03906250 0.43225431 0.003638163         1    0.52   0.07      0.41
950  0.00781250 0.43225431 0.003638163         1    0.52   0.07      0.41
951  0.01562500 0.43225431 0.003638163         1    0.52   0.07      0.41
952  0.01171875 0.43225431 0.003638163         1    0.52   0.07      0.41
953  0.01171875 0.43225431 0.003638163         1    0.52   0.07      0.41
954  0.00000000 0.43225431 0.003638163         1    0.52   0.07      0.41
955  1.00000000 0.43225431 0.003638163         1    0.52   0.07      0.41
956  0.03515625 0.43225431 0.003638163         1    0.52   0.07      0.41
957  0.03906250 0.43225431 0.003638163         1    0.52   0.07      0.41
958  0.07421875 0.43225431 0.003638163         1    0.52   0.07      0.41
959  1.00000000 0.43225431 0.003638163         1    0.52   0.07      0.41
960  1.00000000 0.43225431 0.003638163         1    0.52   0.07      0.41
961  0.00390625 0.43225431 0.003638163         1    0.52   0.07      0.41
962  0.01171875 0.43225431 0.003638163         1    0.52   0.07      0.41
963  0.12500000 0.43225431 0.003638163         1    0.52   0.07      0.41
964  0.00000000 0.43225431 0.003638163         1    0.52   0.07      0.41
965  1.00000000 0.43225431 0.003638163         1    0.52   0.07      0.41
966  0.00000000 0.43225431 0.003638163         1    0.52   0.07      0.41
967  1.00000000 0.43225431 0.003638163         1    0.52   0.07      0.41
968  0.00390625 0.43225431 0.003638163         1    0.52   0.07      0.41
969  1.00000000 0.43225431 0.003638163         1    0.52   0.07      0.41
970  0.01562500 0.43225431 0.003638163         1    0.52   0.07      0.41
971  0.03906250 0.43225431 0.003638163         1    0.52   0.07      0.41
972  0.50390625 0.43225431 0.003638163         1    0.52   0.07      0.41
973  1.00000000 0.43225431 0.003638163         1    0.52   0.07      0.41
974  0.01953125 0.43225431 0.003638163         1    0.52   0.07      0.41
975  0.04296875 0.43225431 0.003638163         1    0.52   0.07      0.41
976  1.00000000 0.43225431 0.003638163         1    0.52   0.07      0.41
977  1.00000000 0.43225431 0.003638163         1    0.52   0.07      0.41
978  0.05078125 0.43225431 0.003638163         1    0.52   0.07      0.41
979  1.00000000 0.43225431 0.003638163         1    0.52   0.07      0.41
980  0.00390625 0.43225431 0.003638163         1    0.52   0.07      0.41
981  0.00000000 0.43225431 0.003638163         1    0.52   0.07      0.41
982  1.00000000 0.43225431 0.003638163         1    0.52   0.07      0.41
983  0.02343750 0.43225431 0.003638163         1    0.52   0.07      0.41
984  1.00000000 0.43225431 0.003638163         1    0.52   0.07      0.41
985  1.00000000 0.43225431 0.003638163         1    0.52   0.07      0.41
986  0.00390625 0.43225431 0.003638163         1    0.52   0.07      0.41
987  0.01562500 0.43225431 0.003638163         1    0.52   0.07      0.41
988  0.00781250 0.43225431 0.003638163         1    0.52   0.07      0.41
989  1.00000000 0.43225431 0.003638163         1    0.52   0.07      0.41
990  0.00000000 0.43225431 0.003638163         1    0.52   0.07      0.41
991  0.01562500 0.43225431 0.003638163         1    0.52   0.07      0.41
992  0.00000000 0.43225431 0.003638163         1    0.52   0.07      0.41
993  0.02734375 0.43225431 0.003638163         1    0.52   0.07      0.41
994  1.00000000 0.43225431 0.003638163         1    0.52   0.07      0.41
995  0.01562500 0.43225431 0.003638163         1    0.52   0.07      0.41
996  1.00000000 0.43225431 0.003638163         1    0.52   0.07      0.41
997  1.00000000 0.43225431 0.003638163         1    0.52   0.07      0.41
998  1.00000000 0.43225431 0.003638163         1    0.52   0.07      0.41
999  0.01562500 0.43225431 0.003638163         1    0.52   0.07      0.41
1000 1.00000000 0.43225431 0.003638163         1    0.52   0.07      0.41
