      prop.aneu prob.meio    prob.mito dispersal euploid mosaic aneuploid
1    0.00000000 0.4357077 0.0027256019         1    0.61   0.04      0.35
2    0.00000000 0.4357077 0.0027256019         1    0.61   0.04      0.35
3    0.00000000 0.4357077 0.0027256019         1    0.61   0.04      0.35
4    0.00390625 0.4357077 0.0027256019         1    0.61   0.04      0.35
5    1.00000000 0.4357077 0.0027256019         1    0.61   0.04      0.35
6    0.00781250 0.4357077 0.0027256019         1    0.61   0.04      0.35
7    1.00000000 0.4357077 0.0027256019         1    0.61   0.04      0.35
8    0.00000000 0.4357077 0.0027256019         1    0.61   0.04      0.35
9    0.00390625 0.4357077 0.0027256019         1    0.61   0.04      0.35
10   0.01953125 0.4357077 0.0027256019         1    0.61   0.04      0.35
11   0.02343750 0.4357077 0.0027256019         1    0.61   0.04      0.35
12   0.00781250 0.4357077 0.0027256019         1    0.61   0.04      0.35
13   1.00000000 0.4357077 0.0027256019         1    0.61   0.04      0.35
14   1.00000000 0.4357077 0.0027256019         1    0.61   0.04      0.35
15   0.01562500 0.4357077 0.0027256019         1    0.61   0.04      0.35
16   1.00000000 0.4357077 0.0027256019         1    0.61   0.04      0.35
17   0.00390625 0.4357077 0.0027256019         1    0.61   0.04      0.35
18   0.02343750 0.4357077 0.0027256019         1    0.61   0.04      0.35
19   1.00000000 0.4357077 0.0027256019         1    0.61   0.04      0.35
20   0.07421875 0.4357077 0.0027256019         1    0.61   0.04      0.35
21   1.00000000 0.4357077 0.0027256019         1    0.61   0.04      0.35
22   1.00000000 0.4357077 0.0027256019         1    0.61   0.04      0.35
23   1.00000000 0.4357077 0.0027256019         1    0.61   0.04      0.35
24   1.00000000 0.4357077 0.0027256019         1    0.61   0.04      0.35
25   0.00000000 0.4357077 0.0027256019         1    0.61   0.04      0.35
26   0.00000000 0.4357077 0.0027256019         1    0.61   0.04      0.35
27   1.00000000 0.4357077 0.0027256019         1    0.61   0.04      0.35
28   1.00000000 0.4357077 0.0027256019         1    0.61   0.04      0.35
29   0.01171875 0.4357077 0.0027256019         1    0.61   0.04      0.35
30   0.00390625 0.4357077 0.0027256019         1    0.61   0.04      0.35
31   0.04296875 0.4357077 0.0027256019         1    0.61   0.04      0.35
32   0.00000000 0.4357077 0.0027256019         1    0.61   0.04      0.35
33   0.00000000 0.4357077 0.0027256019         1    0.61   0.04      0.35
34   0.00000000 0.4357077 0.0027256019         1    0.61   0.04      0.35
35   0.00781250 0.4357077 0.0027256019         1    0.61   0.04      0.35
36   0.01562500 0.4357077 0.0027256019         1    0.61   0.04      0.35
37   1.00000000 0.4357077 0.0027256019         1    0.61   0.04      0.35
38   0.00000000 0.4357077 0.0027256019         1    0.61   0.04      0.35
39   0.00781250 0.4357077 0.0027256019         1    0.61   0.04      0.35
40   0.03125000 0.4357077 0.0027256019         1    0.61   0.04      0.35
41   1.00000000 0.4357077 0.0027256019         1    0.61   0.04      0.35
42   1.00000000 0.4357077 0.0027256019         1    0.61   0.04      0.35
43   0.02734375 0.4357077 0.0027256019         1    0.61   0.04      0.35
44   1.00000000 0.4357077 0.0027256019         1    0.61   0.04      0.35
45   0.00390625 0.4357077 0.0027256019         1    0.61   0.04      0.35
46   0.00781250 0.4357077 0.0027256019         1    0.61   0.04      0.35
47   0.00390625 0.4357077 0.0027256019         1    0.61   0.04      0.35
48   0.00000000 0.4357077 0.0027256019         1    0.61   0.04      0.35
49   1.00000000 0.4357077 0.0027256019         1    0.61   0.04      0.35
50   0.01562500 0.4357077 0.0027256019         1    0.61   0.04      0.35
51   0.00390625 0.4357077 0.0027256019         1    0.61   0.04      0.35
52   1.00000000 0.4357077 0.0027256019         1    0.61   0.04      0.35
53   0.01171875 0.4357077 0.0027256019         1    0.61   0.04      0.35
54   0.01171875 0.4357077 0.0027256019         1    0.61   0.04      0.35
55   0.00390625 0.4357077 0.0027256019         1    0.61   0.04      0.35
56   0.01562500 0.4357077 0.0027256019         1    0.61   0.04      0.35
57   1.00000000 0.4357077 0.0027256019         1    0.61   0.04      0.35
58   1.00000000 0.4357077 0.0027256019         1    0.61   0.04      0.35
59   0.00781250 0.4357077 0.0027256019         1    0.61   0.04      0.35
60   1.00000000 0.4357077 0.0027256019         1    0.61   0.04      0.35
61   1.00000000 0.4357077 0.0027256019         1    0.61   0.04      0.35
62   0.01953125 0.4357077 0.0027256019         1    0.61   0.04      0.35
63   0.01562500 0.4357077 0.0027256019         1    0.61   0.04      0.35
64   0.00390625 0.4357077 0.0027256019         1    0.61   0.04      0.35
65   0.02343750 0.4357077 0.0027256019         1    0.61   0.04      0.35
66   1.00000000 0.4357077 0.0027256019         1    0.61   0.04      0.35
67   0.00390625 0.4357077 0.0027256019         1    0.61   0.04      0.35
68   0.00390625 0.4357077 0.0027256019         1    0.61   0.04      0.35
69   0.00000000 0.4357077 0.0027256019         1    0.61   0.04      0.35
70   0.00000000 0.4357077 0.0027256019         1    0.61   0.04      0.35
71   1.00000000 0.4357077 0.0027256019         1    0.61   0.04      0.35
72   1.00000000 0.4357077 0.0027256019         1    0.61   0.04      0.35
73   0.15234375 0.4357077 0.0027256019         1    0.61   0.04      0.35
74   0.00000000 0.4357077 0.0027256019         1    0.61   0.04      0.35
75   0.00000000 0.4357077 0.0027256019         1    0.61   0.04      0.35
76   0.02343750 0.4357077 0.0027256019         1    0.61   0.04      0.35
77   0.00390625 0.4357077 0.0027256019         1    0.61   0.04      0.35
78   1.00000000 0.4357077 0.0027256019         1    0.61   0.04      0.35
79   1.00000000 0.4357077 0.0027256019         1    0.61   0.04      0.35
80   0.12890625 0.4357077 0.0027256019         1    0.61   0.04      0.35
81   0.00000000 0.4357077 0.0027256019         1    0.61   0.04      0.35
82   0.01953125 0.4357077 0.0027256019         1    0.61   0.04      0.35
83   0.01562500 0.4357077 0.0027256019         1    0.61   0.04      0.35
84   1.00000000 0.4357077 0.0027256019         1    0.61   0.04      0.35
85   0.00781250 0.4357077 0.0027256019         1    0.61   0.04      0.35
86   0.01562500 0.4357077 0.0027256019         1    0.61   0.04      0.35
87   1.00000000 0.4357077 0.0027256019         1    0.61   0.04      0.35
88   0.05078125 0.4357077 0.0027256019         1    0.61   0.04      0.35
89   0.03125000 0.4357077 0.0027256019         1    0.61   0.04      0.35
90   1.00000000 0.4357077 0.0027256019         1    0.61   0.04      0.35
91   0.01171875 0.4357077 0.0027256019         1    0.61   0.04      0.35
92   1.00000000 0.4357077 0.0027256019         1    0.61   0.04      0.35
93   0.02734375 0.4357077 0.0027256019         1    0.61   0.04      0.35
94   0.01953125 0.4357077 0.0027256019         1    0.61   0.04      0.35
95   1.00000000 0.4357077 0.0027256019         1    0.61   0.04      0.35
96   1.00000000 0.4357077 0.0027256019         1    0.61   0.04      0.35
97   0.01171875 0.4357077 0.0027256019         1    0.61   0.04      0.35
98   0.01953125 0.4357077 0.0027256019         1    0.61   0.04      0.35
99   1.00000000 0.4357077 0.0027256019         1    0.61   0.04      0.35
100  1.00000000 0.4357077 0.0027256019         1    0.61   0.04      0.35
101  0.25390625 0.6213724 0.0355080359         1    0.09   0.34      0.57
102  1.00000000 0.6213724 0.0355080359         1    0.09   0.34      0.57
103  0.19921875 0.6213724 0.0355080359         1    0.09   0.34      0.57
104  1.00000000 0.6213724 0.0355080359         1    0.09   0.34      0.57
105  1.00000000 0.6213724 0.0355080359         1    0.09   0.34      0.57
106  1.00000000 0.6213724 0.0355080359         1    0.09   0.34      0.57
107  1.00000000 0.6213724 0.0355080359         1    0.09   0.34      0.57
108  1.00000000 0.6213724 0.0355080359         1    0.09   0.34      0.57
109  0.11718750 0.6213724 0.0355080359         1    0.09   0.34      0.57
110  0.15234375 0.6213724 0.0355080359         1    0.09   0.34      0.57
111  0.14062500 0.6213724 0.0355080359         1    0.09   0.34      0.57
112  1.00000000 0.6213724 0.0355080359         1    0.09   0.34      0.57
113  0.37890625 0.6213724 0.0355080359         1    0.09   0.34      0.57
114  1.00000000 0.6213724 0.0355080359         1    0.09   0.34      0.57
115  0.12500000 0.6213724 0.0355080359         1    0.09   0.34      0.57
116  0.32812500 0.6213724 0.0355080359         1    0.09   0.34      0.57
117  1.00000000 0.6213724 0.0355080359         1    0.09   0.34      0.57
118  1.00000000 0.6213724 0.0355080359         1    0.09   0.34      0.57
119  0.25390625 0.6213724 0.0355080359         1    0.09   0.34      0.57
120  1.00000000 0.6213724 0.0355080359         1    0.09   0.34      0.57
121  1.00000000 0.6213724 0.0355080359         1    0.09   0.34      0.57
122  0.13281250 0.6213724 0.0355080359         1    0.09   0.34      0.57
123  1.00000000 0.6213724 0.0355080359         1    0.09   0.34      0.57
124  0.16796875 0.6213724 0.0355080359         1    0.09   0.34      0.57
125  0.21875000 0.6213724 0.0355080359         1    0.09   0.34      0.57
126  1.00000000 0.6213724 0.0355080359         1    0.09   0.34      0.57
127  1.00000000 0.6213724 0.0355080359         1    0.09   0.34      0.57
128  0.17968750 0.6213724 0.0355080359         1    0.09   0.34      0.57
129  1.00000000 0.6213724 0.0355080359         1    0.09   0.34      0.57
130  1.00000000 0.6213724 0.0355080359         1    0.09   0.34      0.57
131  1.00000000 0.6213724 0.0355080359         1    0.09   0.34      0.57
132  1.00000000 0.6213724 0.0355080359         1    0.09   0.34      0.57
133  1.00000000 0.6213724 0.0355080359         1    0.09   0.34      0.57
134  1.00000000 0.6213724 0.0355080359         1    0.09   0.34      0.57
135  1.00000000 0.6213724 0.0355080359         1    0.09   0.34      0.57
136  0.11328125 0.6213724 0.0355080359         1    0.09   0.34      0.57
137  0.30468750 0.6213724 0.0355080359         1    0.09   0.34      0.57
138  1.00000000 0.6213724 0.0355080359         1    0.09   0.34      0.57
139  0.14453125 0.6213724 0.0355080359         1    0.09   0.34      0.57
140  1.00000000 0.6213724 0.0355080359         1    0.09   0.34      0.57
141  0.22265625 0.6213724 0.0355080359         1    0.09   0.34      0.57
142  0.15234375 0.6213724 0.0355080359         1    0.09   0.34      0.57
143  0.11718750 0.6213724 0.0355080359         1    0.09   0.34      0.57
144  0.07812500 0.6213724 0.0355080359         1    0.09   0.34      0.57
145  0.09765625 0.6213724 0.0355080359         1    0.09   0.34      0.57
146  1.00000000 0.6213724 0.0355080359         1    0.09   0.34      0.57
147  1.00000000 0.6213724 0.0355080359         1    0.09   0.34      0.57
148  1.00000000 0.6213724 0.0355080359         1    0.09   0.34      0.57
149  1.00000000 0.6213724 0.0355080359         1    0.09   0.34      0.57
150  1.00000000 0.6213724 0.0355080359         1    0.09   0.34      0.57
151  1.00000000 0.6213724 0.0355080359         1    0.09   0.34      0.57
152  0.03906250 0.6213724 0.0355080359         1    0.09   0.34      0.57
153  1.00000000 0.6213724 0.0355080359         1    0.09   0.34      0.57
154  1.00000000 0.6213724 0.0355080359         1    0.09   0.34      0.57
155  1.00000000 0.6213724 0.0355080359         1    0.09   0.34      0.57
156  1.00000000 0.6213724 0.0355080359         1    0.09   0.34      0.57
157  0.12890625 0.6213724 0.0355080359         1    0.09   0.34      0.57
158  1.00000000 0.6213724 0.0355080359         1    0.09   0.34      0.57
159  0.32031250 0.6213724 0.0355080359         1    0.09   0.34      0.57
160  1.00000000 0.6213724 0.0355080359         1    0.09   0.34      0.57
161  1.00000000 0.6213724 0.0355080359         1    0.09   0.34      0.57
162  1.00000000 0.6213724 0.0355080359         1    0.09   0.34      0.57
163  0.21875000 0.6213724 0.0355080359         1    0.09   0.34      0.57
164  0.36328125 0.6213724 0.0355080359         1    0.09   0.34      0.57
165  1.00000000 0.6213724 0.0355080359         1    0.09   0.34      0.57
166  0.21484375 0.6213724 0.0355080359         1    0.09   0.34      0.57
167  1.00000000 0.6213724 0.0355080359         1    0.09   0.34      0.57
168  0.23828125 0.6213724 0.0355080359         1    0.09   0.34      0.57
169  0.55078125 0.6213724 0.0355080359         1    0.09   0.34      0.57
170  0.20703125 0.6213724 0.0355080359         1    0.09   0.34      0.57
171  0.17578125 0.6213724 0.0355080359         1    0.09   0.34      0.57
172  0.28906250 0.6213724 0.0355080359         1    0.09   0.34      0.57
173  1.00000000 0.6213724 0.0355080359         1    0.09   0.34      0.57
174  1.00000000 0.6213724 0.0355080359         1    0.09   0.34      0.57
175  0.12890625 0.6213724 0.0355080359         1    0.09   0.34      0.57
176  1.00000000 0.6213724 0.0355080359         1    0.09   0.34      0.57
177  1.00000000 0.6213724 0.0355080359         1    0.09   0.34      0.57
178  1.00000000 0.6213724 0.0355080359         1    0.09   0.34      0.57
179  0.28515625 0.6213724 0.0355080359         1    0.09   0.34      0.57
180  1.00000000 0.6213724 0.0355080359         1    0.09   0.34      0.57
181  1.00000000 0.6213724 0.0355080359         1    0.09   0.34      0.57
182  1.00000000 0.6213724 0.0355080359         1    0.09   0.34      0.57
183  0.25390625 0.6213724 0.0355080359         1    0.09   0.34      0.57
184  0.33984375 0.6213724 0.0355080359         1    0.09   0.34      0.57
185  1.00000000 0.6213724 0.0355080359         1    0.09   0.34      0.57
186  0.18750000 0.6213724 0.0355080359         1    0.09   0.34      0.57
187  1.00000000 0.6213724 0.0355080359         1    0.09   0.34      0.57
188  1.00000000 0.6213724 0.0355080359         1    0.09   0.34      0.57
189  0.19531250 0.6213724 0.0355080359         1    0.09   0.34      0.57
190  0.37109375 0.6213724 0.0355080359         1    0.09   0.34      0.57
191  0.27343750 0.6213724 0.0355080359         1    0.09   0.34      0.57
192  1.00000000 0.6213724 0.0355080359         1    0.09   0.34      0.57
193  1.00000000 0.6213724 0.0355080359         1    0.09   0.34      0.57
194  1.00000000 0.6213724 0.0355080359         1    0.09   0.34      0.57
195  1.00000000 0.6213724 0.0355080359         1    0.09   0.34      0.57
196  0.44140625 0.6213724 0.0355080359         1    0.09   0.34      0.57
197  1.00000000 0.6213724 0.0355080359         1    0.09   0.34      0.57
198  0.23828125 0.6213724 0.0355080359         1    0.09   0.34      0.57
199  1.00000000 0.6213724 0.0355080359         1    0.09   0.34      0.57
200  0.30859375 0.6213724 0.0355080359         1    0.09   0.34      0.57
201  1.00000000 0.4652662 0.0121909191         1    0.37   0.16      0.47
202  0.02734375 0.4652662 0.0121909191         1    0.37   0.16      0.47
203  1.00000000 0.4652662 0.0121909191         1    0.37   0.16      0.47
204  0.04687500 0.4652662 0.0121909191         1    0.37   0.16      0.47
205  0.30859375 0.4652662 0.0121909191         1    0.37   0.16      0.47
206  1.00000000 0.4652662 0.0121909191         1    0.37   0.16      0.47
207  1.00000000 0.4652662 0.0121909191         1    0.37   0.16      0.47
208  1.00000000 0.4652662 0.0121909191         1    0.37   0.16      0.47
209  1.00000000 0.4652662 0.0121909191         1    0.37   0.16      0.47
210  1.00000000 0.4652662 0.0121909191         1    0.37   0.16      0.47
211  0.02734375 0.4652662 0.0121909191         1    0.37   0.16      0.47
212  0.09765625 0.4652662 0.0121909191         1    0.37   0.16      0.47
213  1.00000000 0.4652662 0.0121909191         1    0.37   0.16      0.47
214  0.03125000 0.4652662 0.0121909191         1    0.37   0.16      0.47
215  0.26953125 0.4652662 0.0121909191         1    0.37   0.16      0.47
216  1.00000000 0.4652662 0.0121909191         1    0.37   0.16      0.47
217  0.14062500 0.4652662 0.0121909191         1    0.37   0.16      0.47
218  0.08593750 0.4652662 0.0121909191         1    0.37   0.16      0.47
219  0.09375000 0.4652662 0.0121909191         1    0.37   0.16      0.47
220  1.00000000 0.4652662 0.0121909191         1    0.37   0.16      0.47
221  0.08593750 0.4652662 0.0121909191         1    0.37   0.16      0.47
222  1.00000000 0.4652662 0.0121909191         1    0.37   0.16      0.47
223  0.01953125 0.4652662 0.0121909191         1    0.37   0.16      0.47
224  1.00000000 0.4652662 0.0121909191         1    0.37   0.16      0.47
225  0.04296875 0.4652662 0.0121909191         1    0.37   0.16      0.47
226  0.08984375 0.4652662 0.0121909191         1    0.37   0.16      0.47
227  1.00000000 0.4652662 0.0121909191         1    0.37   0.16      0.47
228  0.03906250 0.4652662 0.0121909191         1    0.37   0.16      0.47
229  1.00000000 0.4652662 0.0121909191         1    0.37   0.16      0.47
230  1.00000000 0.4652662 0.0121909191         1    0.37   0.16      0.47
231  1.00000000 0.4652662 0.0121909191         1    0.37   0.16      0.47
232  0.03906250 0.4652662 0.0121909191         1    0.37   0.16      0.47
233  0.07031250 0.4652662 0.0121909191         1    0.37   0.16      0.47
234  1.00000000 0.4652662 0.0121909191         1    0.37   0.16      0.47
235  1.00000000 0.4652662 0.0121909191         1    0.37   0.16      0.47
236  0.08984375 0.4652662 0.0121909191         1    0.37   0.16      0.47
237  0.03125000 0.4652662 0.0121909191         1    0.37   0.16      0.47
238  1.00000000 0.4652662 0.0121909191         1    0.37   0.16      0.47
239  1.00000000 0.4652662 0.0121909191         1    0.37   0.16      0.47
240  0.02734375 0.4652662 0.0121909191         1    0.37   0.16      0.47
241  0.03125000 0.4652662 0.0121909191         1    0.37   0.16      0.47
242  1.00000000 0.4652662 0.0121909191         1    0.37   0.16      0.47
243  0.06250000 0.4652662 0.0121909191         1    0.37   0.16      0.47
244  1.00000000 0.4652662 0.0121909191         1    0.37   0.16      0.47
245  0.04296875 0.4652662 0.0121909191         1    0.37   0.16      0.47
246  0.20703125 0.4652662 0.0121909191         1    0.37   0.16      0.47
247  0.14843750 0.4652662 0.0121909191         1    0.37   0.16      0.47
248  0.01953125 0.4652662 0.0121909191         1    0.37   0.16      0.47
249  1.00000000 0.4652662 0.0121909191         1    0.37   0.16      0.47
250  0.07031250 0.4652662 0.0121909191         1    0.37   0.16      0.47
251  0.03125000 0.4652662 0.0121909191         1    0.37   0.16      0.47
252  0.07421875 0.4652662 0.0121909191         1    0.37   0.16      0.47
253  0.01171875 0.4652662 0.0121909191         1    0.37   0.16      0.47
254  1.00000000 0.4652662 0.0121909191         1    0.37   0.16      0.47
255  1.00000000 0.4652662 0.0121909191         1    0.37   0.16      0.47
256  0.03906250 0.4652662 0.0121909191         1    0.37   0.16      0.47
257  0.13671875 0.4652662 0.0121909191         1    0.37   0.16      0.47
258  0.07031250 0.4652662 0.0121909191         1    0.37   0.16      0.47
259  1.00000000 0.4652662 0.0121909191         1    0.37   0.16      0.47
260  0.16015625 0.4652662 0.0121909191         1    0.37   0.16      0.47
261  1.00000000 0.4652662 0.0121909191         1    0.37   0.16      0.47
262  0.03906250 0.4652662 0.0121909191         1    0.37   0.16      0.47
263  1.00000000 0.4652662 0.0121909191         1    0.37   0.16      0.47
264  1.00000000 0.4652662 0.0121909191         1    0.37   0.16      0.47
265  0.03125000 0.4652662 0.0121909191         1    0.37   0.16      0.47
266  1.00000000 0.4652662 0.0121909191         1    0.37   0.16      0.47
267  0.19921875 0.4652662 0.0121909191         1    0.37   0.16      0.47
268  1.00000000 0.4652662 0.0121909191         1    0.37   0.16      0.47
269  1.00000000 0.4652662 0.0121909191         1    0.37   0.16      0.47
270  0.06250000 0.4652662 0.0121909191         1    0.37   0.16      0.47
271  0.06640625 0.4652662 0.0121909191         1    0.37   0.16      0.47
272  0.56640625 0.4652662 0.0121909191         1    0.37   0.16      0.47
273  1.00000000 0.4652662 0.0121909191         1    0.37   0.16      0.47
274  0.03515625 0.4652662 0.0121909191         1    0.37   0.16      0.47
275  0.16796875 0.4652662 0.0121909191         1    0.37   0.16      0.47
276  1.00000000 0.4652662 0.0121909191         1    0.37   0.16      0.47
277  0.10546875 0.4652662 0.0121909191         1    0.37   0.16      0.47
278  1.00000000 0.4652662 0.0121909191         1    0.37   0.16      0.47
279  0.11328125 0.4652662 0.0121909191         1    0.37   0.16      0.47
280  0.14062500 0.4652662 0.0121909191         1    0.37   0.16      0.47
281  1.00000000 0.4652662 0.0121909191         1    0.37   0.16      0.47
282  1.00000000 0.4652662 0.0121909191         1    0.37   0.16      0.47
283  0.05859375 0.4652662 0.0121909191         1    0.37   0.16      0.47
284  1.00000000 0.4652662 0.0121909191         1    0.37   0.16      0.47
285  1.00000000 0.4652662 0.0121909191         1    0.37   0.16      0.47
286  1.00000000 0.4652662 0.0121909191         1    0.37   0.16      0.47
287  0.04296875 0.4652662 0.0121909191         1    0.37   0.16      0.47
288  1.00000000 0.4652662 0.0121909191         1    0.37   0.16      0.47
289  0.07421875 0.4652662 0.0121909191         1    0.37   0.16      0.47
290  1.00000000 0.4652662 0.0121909191         1    0.37   0.16      0.47
291  0.09765625 0.4652662 0.0121909191         1    0.37   0.16      0.47
292  0.11328125 0.4652662 0.0121909191         1    0.37   0.16      0.47
293  0.09765625 0.4652662 0.0121909191         1    0.37   0.16      0.47
294  1.00000000 0.4652662 0.0121909191         1    0.37   0.16      0.47
295  1.00000000 0.4652662 0.0121909191         1    0.37   0.16      0.47
296  1.00000000 0.4652662 0.0121909191         1    0.37   0.16      0.47
297  0.12500000 0.4652662 0.0121909191         1    0.37   0.16      0.47
298  1.00000000 0.4652662 0.0121909191         1    0.37   0.16      0.47
299  1.00000000 0.4652662 0.0121909191         1    0.37   0.16      0.47
300  0.08984375 0.4652662 0.0121909191         1    0.37   0.16      0.47
301  0.00000000 0.4654792 0.0005463953         1    0.48   0.00      0.52
302  1.00000000 0.4654792 0.0005463953         1    0.48   0.00      0.52
303  1.00000000 0.4654792 0.0005463953         1    0.48   0.00      0.52
304  0.00000000 0.4654792 0.0005463953         1    0.48   0.00      0.52
305  0.00000000 0.4654792 0.0005463953         1    0.48   0.00      0.52
306  0.00000000 0.4654792 0.0005463953         1    0.48   0.00      0.52
307  0.00000000 0.4654792 0.0005463953         1    0.48   0.00      0.52
308  0.00000000 0.4654792 0.0005463953         1    0.48   0.00      0.52
309  1.00000000 0.4654792 0.0005463953         1    0.48   0.00      0.52
310  1.00000000 0.4654792 0.0005463953         1    0.48   0.00      0.52
311  1.00000000 0.4654792 0.0005463953         1    0.48   0.00      0.52
312  1.00000000 0.4654792 0.0005463953         1    0.48   0.00      0.52
313  0.00781250 0.4654792 0.0005463953         1    0.48   0.00      0.52
314  0.00781250 0.4654792 0.0005463953         1    0.48   0.00      0.52
315  1.00000000 0.4654792 0.0005463953         1    0.48   0.00      0.52
316  1.00000000 0.4654792 0.0005463953         1    0.48   0.00      0.52
317  0.00000000 0.4654792 0.0005463953         1    0.48   0.00      0.52
318  0.00000000 0.4654792 0.0005463953         1    0.48   0.00      0.52
319  1.00000000 0.4654792 0.0005463953         1    0.48   0.00      0.52
320  1.00000000 0.4654792 0.0005463953         1    0.48   0.00      0.52
321  0.00000000 0.4654792 0.0005463953         1    0.48   0.00      0.52
322  0.00000000 0.4654792 0.0005463953         1    0.48   0.00      0.52
323  0.00000000 0.4654792 0.0005463953         1    0.48   0.00      0.52
324  0.00000000 0.4654792 0.0005463953         1    0.48   0.00      0.52
325  1.00000000 0.4654792 0.0005463953         1    0.48   0.00      0.52
326  1.00000000 0.4654792 0.0005463953         1    0.48   0.00      0.52
327  1.00000000 0.4654792 0.0005463953         1    0.48   0.00      0.52
328  1.00000000 0.4654792 0.0005463953         1    0.48   0.00      0.52
329  0.06640625 0.4654792 0.0005463953         1    0.48   0.00      0.52
330  0.00000000 0.4654792 0.0005463953         1    0.48   0.00      0.52
331  1.00000000 0.4654792 0.0005463953         1    0.48   0.00      0.52
332  1.00000000 0.4654792 0.0005463953         1    0.48   0.00      0.52
333  0.00000000 0.4654792 0.0005463953         1    0.48   0.00      0.52
334  1.00000000 0.4654792 0.0005463953         1    0.48   0.00      0.52
335  0.00000000 0.4654792 0.0005463953         1    0.48   0.00      0.52
336  0.00000000 0.4654792 0.0005463953         1    0.48   0.00      0.52
337  0.00000000 0.4654792 0.0005463953         1    0.48   0.00      0.52
338  0.01562500 0.4654792 0.0005463953         1    0.48   0.00      0.52
339  0.00000000 0.4654792 0.0005463953         1    0.48   0.00      0.52
340  1.00000000 0.4654792 0.0005463953         1    0.48   0.00      0.52
341  1.00000000 0.4654792 0.0005463953         1    0.48   0.00      0.52
342  0.00000000 0.4654792 0.0005463953         1    0.48   0.00      0.52
343  1.00000000 0.4654792 0.0005463953         1    0.48   0.00      0.52
344  0.00000000 0.4654792 0.0005463953         1    0.48   0.00      0.52
345  1.00000000 0.4654792 0.0005463953         1    0.48   0.00      0.52
346  0.00000000 0.4654792 0.0005463953         1    0.48   0.00      0.52
347  1.00000000 0.4654792 0.0005463953         1    0.48   0.00      0.52
348  0.00000000 0.4654792 0.0005463953         1    0.48   0.00      0.52
349  1.00000000 0.4654792 0.0005463953         1    0.48   0.00      0.52
350  0.00000000 0.4654792 0.0005463953         1    0.48   0.00      0.52
351  0.00390625 0.4654792 0.0005463953         1    0.48   0.00      0.52
352  1.00000000 0.4654792 0.0005463953         1    0.48   0.00      0.52
353  0.00390625 0.4654792 0.0005463953         1    0.48   0.00      0.52
354  0.00000000 0.4654792 0.0005463953         1    0.48   0.00      0.52
355  1.00000000 0.4654792 0.0005463953         1    0.48   0.00      0.52
356  1.00000000 0.4654792 0.0005463953         1    0.48   0.00      0.52
357  1.00000000 0.4654792 0.0005463953         1    0.48   0.00      0.52
358  0.00000000 0.4654792 0.0005463953         1    0.48   0.00      0.52
359  1.00000000 0.4654792 0.0005463953         1    0.48   0.00      0.52
360  0.00390625 0.4654792 0.0005463953         1    0.48   0.00      0.52
361  1.00000000 0.4654792 0.0005463953         1    0.48   0.00      0.52
362  1.00000000 0.4654792 0.0005463953         1    0.48   0.00      0.52
363  1.00000000 0.4654792 0.0005463953         1    0.48   0.00      0.52
364  1.00000000 0.4654792 0.0005463953         1    0.48   0.00      0.52
365  1.00000000 0.4654792 0.0005463953         1    0.48   0.00      0.52
366  1.00000000 0.4654792 0.0005463953         1    0.48   0.00      0.52
367  1.00000000 0.4654792 0.0005463953         1    0.48   0.00      0.52
368  1.00000000 0.4654792 0.0005463953         1    0.48   0.00      0.52
369  1.00000000 0.4654792 0.0005463953         1    0.48   0.00      0.52
370  0.00000000 0.4654792 0.0005463953         1    0.48   0.00      0.52
371  1.00000000 0.4654792 0.0005463953         1    0.48   0.00      0.52
372  1.00000000 0.4654792 0.0005463953         1    0.48   0.00      0.52
373  0.00781250 0.4654792 0.0005463953         1    0.48   0.00      0.52
374  1.00000000 0.4654792 0.0005463953         1    0.48   0.00      0.52
375  1.00000000 0.4654792 0.0005463953         1    0.48   0.00      0.52
376  1.00000000 0.4654792 0.0005463953         1    0.48   0.00      0.52
377  0.00000000 0.4654792 0.0005463953         1    0.48   0.00      0.52
378  1.00000000 0.4654792 0.0005463953         1    0.48   0.00      0.52
379  0.00000000 0.4654792 0.0005463953         1    0.48   0.00      0.52
380  0.00000000 0.4654792 0.0005463953         1    0.48   0.00      0.52
381  1.00000000 0.4654792 0.0005463953         1    0.48   0.00      0.52
382  1.00000000 0.4654792 0.0005463953         1    0.48   0.00      0.52
383  1.00000000 0.4654792 0.0005463953         1    0.48   0.00      0.52
384  0.00000000 0.4654792 0.0005463953         1    0.48   0.00      0.52
385  0.00000000 0.4654792 0.0005463953         1    0.48   0.00      0.52
386  0.00781250 0.4654792 0.0005463953         1    0.48   0.00      0.52
387  1.00000000 0.4654792 0.0005463953         1    0.48   0.00      0.52
388  1.00000000 0.4654792 0.0005463953         1    0.48   0.00      0.52
389  0.00000000 0.4654792 0.0005463953         1    0.48   0.00      0.52
390  0.00000000 0.4654792 0.0005463953         1    0.48   0.00      0.52
391  0.00390625 0.4654792 0.0005463953         1    0.48   0.00      0.52
392  0.01562500 0.4654792 0.0005463953         1    0.48   0.00      0.52
393  0.00000000 0.4654792 0.0005463953         1    0.48   0.00      0.52
394  0.00781250 0.4654792 0.0005463953         1    0.48   0.00      0.52
395  0.00000000 0.4654792 0.0005463953         1    0.48   0.00      0.52
396  1.00000000 0.4654792 0.0005463953         1    0.48   0.00      0.52
397  1.00000000 0.4654792 0.0005463953         1    0.48   0.00      0.52
398  1.00000000 0.4654792 0.0005463953         1    0.48   0.00      0.52
399  0.00390625 0.4654792 0.0005463953         1    0.48   0.00      0.52
400  1.00000000 0.4654792 0.0005463953         1    0.48   0.00      0.52
401  1.00000000 0.5794601 0.0383709280         1    0.08   0.34      0.58
402  1.00000000 0.5794601 0.0383709280         1    0.08   0.34      0.58
403  1.00000000 0.5794601 0.0383709280         1    0.08   0.34      0.58
404  0.05468750 0.5794601 0.0383709280         1    0.08   0.34      0.58
405  1.00000000 0.5794601 0.0383709280         1    0.08   0.34      0.58
406  1.00000000 0.5794601 0.0383709280         1    0.08   0.34      0.58
407  0.13671875 0.5794601 0.0383709280         1    0.08   0.34      0.58
408  1.00000000 0.5794601 0.0383709280         1    0.08   0.34      0.58
409  1.00000000 0.5794601 0.0383709280         1    0.08   0.34      0.58
410  1.00000000 0.5794601 0.0383709280         1    0.08   0.34      0.58
411  0.19531250 0.5794601 0.0383709280         1    0.08   0.34      0.58
412  0.29687500 0.5794601 0.0383709280         1    0.08   0.34      0.58
413  1.00000000 0.5794601 0.0383709280         1    0.08   0.34      0.58
414  1.00000000 0.5794601 0.0383709280         1    0.08   0.34      0.58
415  1.00000000 0.5794601 0.0383709280         1    0.08   0.34      0.58
416  1.00000000 0.5794601 0.0383709280         1    0.08   0.34      0.58
417  1.00000000 0.5794601 0.0383709280         1    0.08   0.34      0.58
418  0.16406250 0.5794601 0.0383709280         1    0.08   0.34      0.58
419  1.00000000 0.5794601 0.0383709280         1    0.08   0.34      0.58
420  1.00000000 0.5794601 0.0383709280         1    0.08   0.34      0.58
421  1.00000000 0.5794601 0.0383709280         1    0.08   0.34      0.58
422  0.40234375 0.5794601 0.0383709280         1    0.08   0.34      0.58
423  0.21093750 0.5794601 0.0383709280         1    0.08   0.34      0.58
424  1.00000000 0.5794601 0.0383709280         1    0.08   0.34      0.58
425  1.00000000 0.5794601 0.0383709280         1    0.08   0.34      0.58
426  1.00000000 0.5794601 0.0383709280         1    0.08   0.34      0.58
427  0.21875000 0.5794601 0.0383709280         1    0.08   0.34      0.58
428  0.37890625 0.5794601 0.0383709280         1    0.08   0.34      0.58
429  1.00000000 0.5794601 0.0383709280         1    0.08   0.34      0.58
430  1.00000000 0.5794601 0.0383709280         1    0.08   0.34      0.58
431  0.21875000 0.5794601 0.0383709280         1    0.08   0.34      0.58
432  1.00000000 0.5794601 0.0383709280         1    0.08   0.34      0.58
433  0.20703125 0.5794601 0.0383709280         1    0.08   0.34      0.58
434  1.00000000 0.5794601 0.0383709280         1    0.08   0.34      0.58
435  0.18750000 0.5794601 0.0383709280         1    0.08   0.34      0.58
436  0.13281250 0.5794601 0.0383709280         1    0.08   0.34      0.58
437  1.00000000 0.5794601 0.0383709280         1    0.08   0.34      0.58
438  0.25781250 0.5794601 0.0383709280         1    0.08   0.34      0.58
439  0.28125000 0.5794601 0.0383709280         1    0.08   0.34      0.58
440  0.16406250 0.5794601 0.0383709280         1    0.08   0.34      0.58
441  0.16796875 0.5794601 0.0383709280         1    0.08   0.34      0.58
442  1.00000000 0.5794601 0.0383709280         1    0.08   0.34      0.58
443  0.15625000 0.5794601 0.0383709280         1    0.08   0.34      0.58
444  0.36328125 0.5794601 0.0383709280         1    0.08   0.34      0.58
445  1.00000000 0.5794601 0.0383709280         1    0.08   0.34      0.58
446  0.61718750 0.5794601 0.0383709280         1    0.08   0.34      0.58
447  0.11328125 0.5794601 0.0383709280         1    0.08   0.34      0.58
448  1.00000000 0.5794601 0.0383709280         1    0.08   0.34      0.58
449  1.00000000 0.5794601 0.0383709280         1    0.08   0.34      0.58
450  1.00000000 0.5794601 0.0383709280         1    0.08   0.34      0.58
451  1.00000000 0.5794601 0.0383709280         1    0.08   0.34      0.58
452  0.35546875 0.5794601 0.0383709280         1    0.08   0.34      0.58
453  0.39453125 0.5794601 0.0383709280         1    0.08   0.34      0.58
454  0.13671875 0.5794601 0.0383709280         1    0.08   0.34      0.58
455  1.00000000 0.5794601 0.0383709280         1    0.08   0.34      0.58
456  0.27343750 0.5794601 0.0383709280         1    0.08   0.34      0.58
457  1.00000000 0.5794601 0.0383709280         1    0.08   0.34      0.58
458  1.00000000 0.5794601 0.0383709280         1    0.08   0.34      0.58
459  1.00000000 0.5794601 0.0383709280         1    0.08   0.34      0.58
460  1.00000000 0.5794601 0.0383709280         1    0.08   0.34      0.58
461  0.16406250 0.5794601 0.0383709280         1    0.08   0.34      0.58
462  1.00000000 0.5794601 0.0383709280         1    0.08   0.34      0.58
463  1.00000000 0.5794601 0.0383709280         1    0.08   0.34      0.58
464  0.30078125 0.5794601 0.0383709280         1    0.08   0.34      0.58
465  1.00000000 0.5794601 0.0383709280         1    0.08   0.34      0.58
466  0.19140625 0.5794601 0.0383709280         1    0.08   0.34      0.58
467  0.16406250 0.5794601 0.0383709280         1    0.08   0.34      0.58
468  0.30859375 0.5794601 0.0383709280         1    0.08   0.34      0.58
469  1.00000000 0.5794601 0.0383709280         1    0.08   0.34      0.58
470  1.00000000 0.5794601 0.0383709280         1    0.08   0.34      0.58
471  1.00000000 0.5794601 0.0383709280         1    0.08   0.34      0.58
472  1.00000000 0.5794601 0.0383709280         1    0.08   0.34      0.58
473  0.42578125 0.5794601 0.0383709280         1    0.08   0.34      0.58
474  0.12890625 0.5794601 0.0383709280         1    0.08   0.34      0.58
475  1.00000000 0.5794601 0.0383709280         1    0.08   0.34      0.58
476  0.21875000 0.5794601 0.0383709280         1    0.08   0.34      0.58
477  0.21875000 0.5794601 0.0383709280         1    0.08   0.34      0.58
478  1.00000000 0.5794601 0.0383709280         1    0.08   0.34      0.58
479  1.00000000 0.5794601 0.0383709280         1    0.08   0.34      0.58
480  1.00000000 0.5794601 0.0383709280         1    0.08   0.34      0.58
481  1.00000000 0.5794601 0.0383709280         1    0.08   0.34      0.58
482  0.17968750 0.5794601 0.0383709280         1    0.08   0.34      0.58
483  1.00000000 0.5794601 0.0383709280         1    0.08   0.34      0.58
484  0.22656250 0.5794601 0.0383709280         1    0.08   0.34      0.58
485  0.17968750 0.5794601 0.0383709280         1    0.08   0.34      0.58
486  1.00000000 0.5794601 0.0383709280         1    0.08   0.34      0.58
487  1.00000000 0.5794601 0.0383709280         1    0.08   0.34      0.58
488  0.17187500 0.5794601 0.0383709280         1    0.08   0.34      0.58
489  0.38671875 0.5794601 0.0383709280         1    0.08   0.34      0.58
490  1.00000000 0.5794601 0.0383709280         1    0.08   0.34      0.58
491  1.00000000 0.5794601 0.0383709280         1    0.08   0.34      0.58
492  0.35546875 0.5794601 0.0383709280         1    0.08   0.34      0.58
493  0.17578125 0.5794601 0.0383709280         1    0.08   0.34      0.58
494  1.00000000 0.5794601 0.0383709280         1    0.08   0.34      0.58
495  0.25390625 0.5794601 0.0383709280         1    0.08   0.34      0.58
496  1.00000000 0.5794601 0.0383709280         1    0.08   0.34      0.58
497  1.00000000 0.5794601 0.0383709280         1    0.08   0.34      0.58
498  1.00000000 0.5794601 0.0383709280         1    0.08   0.34      0.58
499  1.00000000 0.5794601 0.0383709280         1    0.08   0.34      0.58
500  1.00000000 0.5794601 0.0383709280         1    0.08   0.34      0.58
501  0.28515625 0.5245057 0.0188787037         1    0.19   0.28      0.53
502  0.05859375 0.5245057 0.0188787037         1    0.19   0.28      0.53
503  0.08203125 0.5245057 0.0188787037         1    0.19   0.28      0.53
504  1.00000000 0.5245057 0.0188787037         1    0.19   0.28      0.53
505  0.07812500 0.5245057 0.0188787037         1    0.19   0.28      0.53
506  0.05078125 0.5245057 0.0188787037         1    0.19   0.28      0.53
507  0.14843750 0.5245057 0.0188787037         1    0.19   0.28      0.53
508  1.00000000 0.5245057 0.0188787037         1    0.19   0.28      0.53
509  1.00000000 0.5245057 0.0188787037         1    0.19   0.28      0.53
510  0.19921875 0.5245057 0.0188787037         1    0.19   0.28      0.53
511  1.00000000 0.5245057 0.0188787037         1    0.19   0.28      0.53
512  1.00000000 0.5245057 0.0188787037         1    0.19   0.28      0.53
513  0.11328125 0.5245057 0.0188787037         1    0.19   0.28      0.53
514  1.00000000 0.5245057 0.0188787037         1    0.19   0.28      0.53
515  1.00000000 0.5245057 0.0188787037         1    0.19   0.28      0.53
516  0.13671875 0.5245057 0.0188787037         1    0.19   0.28      0.53
517  0.41015625 0.5245057 0.0188787037         1    0.19   0.28      0.53
518  0.32812500 0.5245057 0.0188787037         1    0.19   0.28      0.53
519  0.12109375 0.5245057 0.0188787037         1    0.19   0.28      0.53
520  0.15234375 0.5245057 0.0188787037         1    0.19   0.28      0.53
521  0.14453125 0.5245057 0.0188787037         1    0.19   0.28      0.53
522  1.00000000 0.5245057 0.0188787037         1    0.19   0.28      0.53
523  0.07812500 0.5245057 0.0188787037         1    0.19   0.28      0.53
524  1.00000000 0.5245057 0.0188787037         1    0.19   0.28      0.53
525  0.52343750 0.5245057 0.0188787037         1    0.19   0.28      0.53
526  1.00000000 0.5245057 0.0188787037         1    0.19   0.28      0.53
527  1.00000000 0.5245057 0.0188787037         1    0.19   0.28      0.53
528  1.00000000 0.5245057 0.0188787037         1    0.19   0.28      0.53
529  1.00000000 0.5245057 0.0188787037         1    0.19   0.28      0.53
530  0.31640625 0.5245057 0.0188787037         1    0.19   0.28      0.53
531  0.01562500 0.5245057 0.0188787037         1    0.19   0.28      0.53
532  0.04687500 0.5245057 0.0188787037         1    0.19   0.28      0.53
533  1.00000000 0.5245057 0.0188787037         1    0.19   0.28      0.53
534  1.00000000 0.5245057 0.0188787037         1    0.19   0.28      0.53
535  1.00000000 0.5245057 0.0188787037         1    0.19   0.28      0.53
536  1.00000000 0.5245057 0.0188787037         1    0.19   0.28      0.53
537  1.00000000 0.5245057 0.0188787037         1    0.19   0.28      0.53
538  0.07812500 0.5245057 0.0188787037         1    0.19   0.28      0.53
539  0.19531250 0.5245057 0.0188787037         1    0.19   0.28      0.53
540  1.00000000 0.5245057 0.0188787037         1    0.19   0.28      0.53
541  1.00000000 0.5245057 0.0188787037         1    0.19   0.28      0.53
542  0.08984375 0.5245057 0.0188787037         1    0.19   0.28      0.53
543  0.13281250 0.5245057 0.0188787037         1    0.19   0.28      0.53
544  0.12500000 0.5245057 0.0188787037         1    0.19   0.28      0.53
545  0.10546875 0.5245057 0.0188787037         1    0.19   0.28      0.53
546  0.15625000 0.5245057 0.0188787037         1    0.19   0.28      0.53
547  1.00000000 0.5245057 0.0188787037         1    0.19   0.28      0.53
548  0.20703125 0.5245057 0.0188787037         1    0.19   0.28      0.53
549  0.07031250 0.5245057 0.0188787037         1    0.19   0.28      0.53
550  0.03515625 0.5245057 0.0188787037         1    0.19   0.28      0.53
551  1.00000000 0.5245057 0.0188787037         1    0.19   0.28      0.53
552  1.00000000 0.5245057 0.0188787037         1    0.19   0.28      0.53
553  1.00000000 0.5245057 0.0188787037         1    0.19   0.28      0.53
554  0.03125000 0.5245057 0.0188787037         1    0.19   0.28      0.53
555  1.00000000 0.5245057 0.0188787037         1    0.19   0.28      0.53
556  0.05468750 0.5245057 0.0188787037         1    0.19   0.28      0.53
557  1.00000000 0.5245057 0.0188787037         1    0.19   0.28      0.53
558  0.17968750 0.5245057 0.0188787037         1    0.19   0.28      0.53
559  1.00000000 0.5245057 0.0188787037         1    0.19   0.28      0.53
560  0.26171875 0.5245057 0.0188787037         1    0.19   0.28      0.53
561  1.00000000 0.5245057 0.0188787037         1    0.19   0.28      0.53
562  1.00000000 0.5245057 0.0188787037         1    0.19   0.28      0.53
563  1.00000000 0.5245057 0.0188787037         1    0.19   0.28      0.53
564  1.00000000 0.5245057 0.0188787037         1    0.19   0.28      0.53
565  1.00000000 0.5245057 0.0188787037         1    0.19   0.28      0.53
566  1.00000000 0.5245057 0.0188787037         1    0.19   0.28      0.53
567  0.06640625 0.5245057 0.0188787037         1    0.19   0.28      0.53
568  0.10156250 0.5245057 0.0188787037         1    0.19   0.28      0.53
569  0.13281250 0.5245057 0.0188787037         1    0.19   0.28      0.53
570  0.10156250 0.5245057 0.0188787037         1    0.19   0.28      0.53
571  0.17578125 0.5245057 0.0188787037         1    0.19   0.28      0.53
572  1.00000000 0.5245057 0.0188787037         1    0.19   0.28      0.53
573  1.00000000 0.5245057 0.0188787037         1    0.19   0.28      0.53
574  0.08984375 0.5245057 0.0188787037         1    0.19   0.28      0.53
575  0.04687500 0.5245057 0.0188787037         1    0.19   0.28      0.53
576  1.00000000 0.5245057 0.0188787037         1    0.19   0.28      0.53
577  0.24218750 0.5245057 0.0188787037         1    0.19   0.28      0.53
578  1.00000000 0.5245057 0.0188787037         1    0.19   0.28      0.53
579  1.00000000 0.5245057 0.0188787037         1    0.19   0.28      0.53
580  1.00000000 0.5245057 0.0188787037         1    0.19   0.28      0.53
581  0.08593750 0.5245057 0.0188787037         1    0.19   0.28      0.53
582  1.00000000 0.5245057 0.0188787037         1    0.19   0.28      0.53
583  1.00000000 0.5245057 0.0188787037         1    0.19   0.28      0.53
584  0.05859375 0.5245057 0.0188787037         1    0.19   0.28      0.53
585  1.00000000 0.5245057 0.0188787037         1    0.19   0.28      0.53
586  1.00000000 0.5245057 0.0188787037         1    0.19   0.28      0.53
587  1.00000000 0.5245057 0.0188787037         1    0.19   0.28      0.53
588  0.03515625 0.5245057 0.0188787037         1    0.19   0.28      0.53
589  1.00000000 0.5245057 0.0188787037         1    0.19   0.28      0.53
590  1.00000000 0.5245057 0.0188787037         1    0.19   0.28      0.53
591  1.00000000 0.5245057 0.0188787037         1    0.19   0.28      0.53
592  1.00000000 0.5245057 0.0188787037         1    0.19   0.28      0.53
593  1.00000000 0.5245057 0.0188787037         1    0.19   0.28      0.53
594  0.15234375 0.5245057 0.0188787037         1    0.19   0.28      0.53
595  1.00000000 0.5245057 0.0188787037         1    0.19   0.28      0.53
596  0.03515625 0.5245057 0.0188787037         1    0.19   0.28      0.53
597  1.00000000 0.5245057 0.0188787037         1    0.19   0.28      0.53
598  0.05859375 0.5245057 0.0188787037         1    0.19   0.28      0.53
599  1.00000000 0.5245057 0.0188787037         1    0.19   0.28      0.53
600  1.00000000 0.5245057 0.0188787037         1    0.19   0.28      0.53
601  0.07031250 0.3001976 0.0090512868         1    0.50   0.17      0.33
602  1.00000000 0.3001976 0.0090512868         1    0.50   0.17      0.33
603  0.03515625 0.3001976 0.0090512868         1    0.50   0.17      0.33
604  0.01171875 0.3001976 0.0090512868         1    0.50   0.17      0.33
605  1.00000000 0.3001976 0.0090512868         1    0.50   0.17      0.33
606  0.09375000 0.3001976 0.0090512868         1    0.50   0.17      0.33
607  0.01171875 0.3001976 0.0090512868         1    0.50   0.17      0.33
608  1.00000000 0.3001976 0.0090512868         1    0.50   0.17      0.33
609  1.00000000 0.3001976 0.0090512868         1    0.50   0.17      0.33
610  1.00000000 0.3001976 0.0090512868         1    0.50   0.17      0.33
611  0.08203125 0.3001976 0.0090512868         1    0.50   0.17      0.33
612  0.05859375 0.3001976 0.0090512868         1    0.50   0.17      0.33
613  0.16796875 0.3001976 0.0090512868         1    0.50   0.17      0.33
614  1.00000000 0.3001976 0.0090512868         1    0.50   0.17      0.33
615  1.00000000 0.3001976 0.0090512868         1    0.50   0.17      0.33
616  0.03906250 0.3001976 0.0090512868         1    0.50   0.17      0.33
617  0.06250000 0.3001976 0.0090512868         1    0.50   0.17      0.33
618  0.01171875 0.3001976 0.0090512868         1    0.50   0.17      0.33
619  0.04296875 0.3001976 0.0090512868         1    0.50   0.17      0.33
620  0.03515625 0.3001976 0.0090512868         1    0.50   0.17      0.33
621  1.00000000 0.3001976 0.0090512868         1    0.50   0.17      0.33
622  0.07421875 0.3001976 0.0090512868         1    0.50   0.17      0.33
623  0.06640625 0.3001976 0.0090512868         1    0.50   0.17      0.33
624  0.18750000 0.3001976 0.0090512868         1    0.50   0.17      0.33
625  0.03906250 0.3001976 0.0090512868         1    0.50   0.17      0.33
626  0.01562500 0.3001976 0.0090512868         1    0.50   0.17      0.33
627  0.15234375 0.3001976 0.0090512868         1    0.50   0.17      0.33
628  0.00390625 0.3001976 0.0090512868         1    0.50   0.17      0.33
629  1.00000000 0.3001976 0.0090512868         1    0.50   0.17      0.33
630  0.02343750 0.3001976 0.0090512868         1    0.50   0.17      0.33
631  0.04296875 0.3001976 0.0090512868         1    0.50   0.17      0.33
632  0.06640625 0.3001976 0.0090512868         1    0.50   0.17      0.33
633  1.00000000 0.3001976 0.0090512868         1    0.50   0.17      0.33
634  0.01953125 0.3001976 0.0090512868         1    0.50   0.17      0.33
635  1.00000000 0.3001976 0.0090512868         1    0.50   0.17      0.33
636  0.15625000 0.3001976 0.0090512868         1    0.50   0.17      0.33
637  1.00000000 0.3001976 0.0090512868         1    0.50   0.17      0.33
638  0.04687500 0.3001976 0.0090512868         1    0.50   0.17      0.33
639  0.02343750 0.3001976 0.0090512868         1    0.50   0.17      0.33
640  1.00000000 0.3001976 0.0090512868         1    0.50   0.17      0.33
641  0.11328125 0.3001976 0.0090512868         1    0.50   0.17      0.33
642  1.00000000 0.3001976 0.0090512868         1    0.50   0.17      0.33
643  0.13281250 0.3001976 0.0090512868         1    0.50   0.17      0.33
644  1.00000000 0.3001976 0.0090512868         1    0.50   0.17      0.33
645  0.11718750 0.3001976 0.0090512868         1    0.50   0.17      0.33
646  1.00000000 0.3001976 0.0090512868         1    0.50   0.17      0.33
647  0.07421875 0.3001976 0.0090512868         1    0.50   0.17      0.33
648  1.00000000 0.3001976 0.0090512868         1    0.50   0.17      0.33
649  0.07031250 0.3001976 0.0090512868         1    0.50   0.17      0.33
650  1.00000000 0.3001976 0.0090512868         1    0.50   0.17      0.33
651  0.05468750 0.3001976 0.0090512868         1    0.50   0.17      0.33
652  0.06250000 0.3001976 0.0090512868         1    0.50   0.17      0.33
653  1.00000000 0.3001976 0.0090512868         1    0.50   0.17      0.33
654  0.03125000 0.3001976 0.0090512868         1    0.50   0.17      0.33
655  0.02734375 0.3001976 0.0090512868         1    0.50   0.17      0.33
656  1.00000000 0.3001976 0.0090512868         1    0.50   0.17      0.33
657  0.01562500 0.3001976 0.0090512868         1    0.50   0.17      0.33
658  1.00000000 0.3001976 0.0090512868         1    0.50   0.17      0.33
659  0.01171875 0.3001976 0.0090512868         1    0.50   0.17      0.33
660  1.00000000 0.3001976 0.0090512868         1    0.50   0.17      0.33
661  0.03515625 0.3001976 0.0090512868         1    0.50   0.17      0.33
662  1.00000000 0.3001976 0.0090512868         1    0.50   0.17      0.33
663  0.01171875 0.3001976 0.0090512868         1    0.50   0.17      0.33
664  0.05078125 0.3001976 0.0090512868         1    0.50   0.17      0.33
665  0.01562500 0.3001976 0.0090512868         1    0.50   0.17      0.33
666  1.00000000 0.3001976 0.0090512868         1    0.50   0.17      0.33
667  0.01953125 0.3001976 0.0090512868         1    0.50   0.17      0.33
668  0.02734375 0.3001976 0.0090512868         1    0.50   0.17      0.33
669  0.01953125 0.3001976 0.0090512868         1    0.50   0.17      0.33
670  0.13281250 0.3001976 0.0090512868         1    0.50   0.17      0.33
671  0.01953125 0.3001976 0.0090512868         1    0.50   0.17      0.33
672  1.00000000 0.3001976 0.0090512868         1    0.50   0.17      0.33
673  1.00000000 0.3001976 0.0090512868         1    0.50   0.17      0.33
674  0.01953125 0.3001976 0.0090512868         1    0.50   0.17      0.33
675  1.00000000 0.3001976 0.0090512868         1    0.50   0.17      0.33
676  0.01171875 0.3001976 0.0090512868         1    0.50   0.17      0.33
677  0.02734375 0.3001976 0.0090512868         1    0.50   0.17      0.33
678  0.02343750 0.3001976 0.0090512868         1    0.50   0.17      0.33
679  0.01953125 0.3001976 0.0090512868         1    0.50   0.17      0.33
680  0.04687500 0.3001976 0.0090512868         1    0.50   0.17      0.33
681  1.00000000 0.3001976 0.0090512868         1    0.50   0.17      0.33
682  0.05859375 0.3001976 0.0090512868         1    0.50   0.17      0.33
683  0.01171875 0.3001976 0.0090512868         1    0.50   0.17      0.33
684  0.01171875 0.3001976 0.0090512868         1    0.50   0.17      0.33
685  1.00000000 0.3001976 0.0090512868         1    0.50   0.17      0.33
686  0.09375000 0.3001976 0.0090512868         1    0.50   0.17      0.33
687  0.01562500 0.3001976 0.0090512868         1    0.50   0.17      0.33
688  1.00000000 0.3001976 0.0090512868         1    0.50   0.17      0.33
689  0.07812500 0.3001976 0.0090512868         1    0.50   0.17      0.33
690  0.00390625 0.3001976 0.0090512868         1    0.50   0.17      0.33
691  1.00000000 0.3001976 0.0090512868         1    0.50   0.17      0.33
692  0.07812500 0.3001976 0.0090512868         1    0.50   0.17      0.33
693  1.00000000 0.3001976 0.0090512868         1    0.50   0.17      0.33
694  0.08984375 0.3001976 0.0090512868         1    0.50   0.17      0.33
695  0.01171875 0.3001976 0.0090512868         1    0.50   0.17      0.33
696  0.01171875 0.3001976 0.0090512868         1    0.50   0.17      0.33
697  0.03515625 0.3001976 0.0090512868         1    0.50   0.17      0.33
698  0.09765625 0.3001976 0.0090512868         1    0.50   0.17      0.33
699  1.00000000 0.3001976 0.0090512868         1    0.50   0.17      0.33
700  0.04687500 0.3001976 0.0090512868         1    0.50   0.17      0.33
701  0.14062500 0.2738045 0.0024778238         1    0.68   0.04      0.28
702  0.00000000 0.2738045 0.0024778238         1    0.68   0.04      0.28
703  0.01171875 0.2738045 0.0024778238         1    0.68   0.04      0.28
704  1.00000000 0.2738045 0.0024778238         1    0.68   0.04      0.28
705  0.03906250 0.2738045 0.0024778238         1    0.68   0.04      0.28
706  0.03125000 0.2738045 0.0024778238         1    0.68   0.04      0.28
707  0.00000000 0.2738045 0.0024778238         1    0.68   0.04      0.28
708  0.00781250 0.2738045 0.0024778238         1    0.68   0.04      0.28
709  0.05468750 0.2738045 0.0024778238         1    0.68   0.04      0.28
710  1.00000000 0.2738045 0.0024778238         1    0.68   0.04      0.28
711  0.01171875 0.2738045 0.0024778238         1    0.68   0.04      0.28
712  0.00000000 0.2738045 0.0024778238         1    0.68   0.04      0.28
713  0.01953125 0.2738045 0.0024778238         1    0.68   0.04      0.28
714  1.00000000 0.2738045 0.0024778238         1    0.68   0.04      0.28
715  0.12500000 0.2738045 0.0024778238         1    0.68   0.04      0.28
716  0.01171875 0.2738045 0.0024778238         1    0.68   0.04      0.28
717  0.01562500 0.2738045 0.0024778238         1    0.68   0.04      0.28
718  1.00000000 0.2738045 0.0024778238         1    0.68   0.04      0.28
719  0.00781250 0.2738045 0.0024778238         1    0.68   0.04      0.28
720  0.01953125 0.2738045 0.0024778238         1    0.68   0.04      0.28
721  1.00000000 0.2738045 0.0024778238         1    0.68   0.04      0.28
722  0.00000000 0.2738045 0.0024778238         1    0.68   0.04      0.28
723  0.00781250 0.2738045 0.0024778238         1    0.68   0.04      0.28
724  0.00781250 0.2738045 0.0024778238         1    0.68   0.04      0.28
725  0.00390625 0.2738045 0.0024778238         1    0.68   0.04      0.28
726  0.03125000 0.2738045 0.0024778238         1    0.68   0.04      0.28
727  1.00000000 0.2738045 0.0024778238         1    0.68   0.04      0.28
728  0.04296875 0.2738045 0.0024778238         1    0.68   0.04      0.28
729  0.03515625 0.2738045 0.0024778238         1    0.68   0.04      0.28
730  0.01953125 0.2738045 0.0024778238         1    0.68   0.04      0.28
731  0.00000000 0.2738045 0.0024778238         1    0.68   0.04      0.28
732  0.00781250 0.2738045 0.0024778238         1    0.68   0.04      0.28
733  1.00000000 0.2738045 0.0024778238         1    0.68   0.04      0.28
734  0.00781250 0.2738045 0.0024778238         1    0.68   0.04      0.28
735  1.00000000 0.2738045 0.0024778238         1    0.68   0.04      0.28
736  0.01562500 0.2738045 0.0024778238         1    0.68   0.04      0.28
737  1.00000000 0.2738045 0.0024778238         1    0.68   0.04      0.28
738  0.02734375 0.2738045 0.0024778238         1    0.68   0.04      0.28
739  1.00000000 0.2738045 0.0024778238         1    0.68   0.04      0.28
740  0.00000000 0.2738045 0.0024778238         1    0.68   0.04      0.28
741  1.00000000 0.2738045 0.0024778238         1    0.68   0.04      0.28
742  1.00000000 0.2738045 0.0024778238         1    0.68   0.04      0.28
743  0.03515625 0.2738045 0.0024778238         1    0.68   0.04      0.28
744  0.00781250 0.2738045 0.0024778238         1    0.68   0.04      0.28
745  1.00000000 0.2738045 0.0024778238         1    0.68   0.04      0.28
746  1.00000000 0.2738045 0.0024778238         1    0.68   0.04      0.28
747  0.01562500 0.2738045 0.0024778238         1    0.68   0.04      0.28
748  0.00781250 0.2738045 0.0024778238         1    0.68   0.04      0.28
749  1.00000000 0.2738045 0.0024778238         1    0.68   0.04      0.28
750  1.00000000 0.2738045 0.0024778238         1    0.68   0.04      0.28
751  1.00000000 0.2738045 0.0024778238         1    0.68   0.04      0.28
752  1.00000000 0.2738045 0.0024778238         1    0.68   0.04      0.28
753  0.00390625 0.2738045 0.0024778238         1    0.68   0.04      0.28
754  1.00000000 0.2738045 0.0024778238         1    0.68   0.04      0.28
755  0.00000000 0.2738045 0.0024778238         1    0.68   0.04      0.28
756  1.00000000 0.2738045 0.0024778238         1    0.68   0.04      0.28
757  0.00390625 0.2738045 0.0024778238         1    0.68   0.04      0.28
758  0.00781250 0.2738045 0.0024778238         1    0.68   0.04      0.28
759  1.00000000 0.2738045 0.0024778238         1    0.68   0.04      0.28
760  0.00000000 0.2738045 0.0024778238         1    0.68   0.04      0.28
761  0.00000000 0.2738045 0.0024778238         1    0.68   0.04      0.28
762  0.00000000 0.2738045 0.0024778238         1    0.68   0.04      0.28
763  0.00390625 0.2738045 0.0024778238         1    0.68   0.04      0.28
764  1.00000000 0.2738045 0.0024778238         1    0.68   0.04      0.28
765  0.01171875 0.2738045 0.0024778238         1    0.68   0.04      0.28
766  0.00000000 0.2738045 0.0024778238         1    0.68   0.04      0.28
767  0.00390625 0.2738045 0.0024778238         1    0.68   0.04      0.28
768  0.00390625 0.2738045 0.0024778238         1    0.68   0.04      0.28
769  0.00000000 0.2738045 0.0024778238         1    0.68   0.04      0.28
770  1.00000000 0.2738045 0.0024778238         1    0.68   0.04      0.28
771  0.08984375 0.2738045 0.0024778238         1    0.68   0.04      0.28
772  0.00390625 0.2738045 0.0024778238         1    0.68   0.04      0.28
773  1.00000000 0.2738045 0.0024778238         1    0.68   0.04      0.28
774  0.00390625 0.2738045 0.0024778238         1    0.68   0.04      0.28
775  0.01562500 0.2738045 0.0024778238         1    0.68   0.04      0.28
776  1.00000000 0.2738045 0.0024778238         1    0.68   0.04      0.28
777  0.03125000 0.2738045 0.0024778238         1    0.68   0.04      0.28
778  0.01171875 0.2738045 0.0024778238         1    0.68   0.04      0.28
779  1.00000000 0.2738045 0.0024778238         1    0.68   0.04      0.28
780  0.00781250 0.2738045 0.0024778238         1    0.68   0.04      0.28
781  0.13281250 0.2738045 0.0024778238         1    0.68   0.04      0.28
782  0.00390625 0.2738045 0.0024778238         1    0.68   0.04      0.28
783  0.00390625 0.2738045 0.0024778238         1    0.68   0.04      0.28
784  0.00000000 0.2738045 0.0024778238         1    0.68   0.04      0.28
785  0.01953125 0.2738045 0.0024778238         1    0.68   0.04      0.28
786  0.01171875 0.2738045 0.0024778238         1    0.68   0.04      0.28
787  0.01562500 0.2738045 0.0024778238         1    0.68   0.04      0.28
788  0.00781250 0.2738045 0.0024778238         1    0.68   0.04      0.28
789  0.00000000 0.2738045 0.0024778238         1    0.68   0.04      0.28
790  0.00000000 0.2738045 0.0024778238         1    0.68   0.04      0.28
791  0.01562500 0.2738045 0.0024778238         1    0.68   0.04      0.28
792  0.00000000 0.2738045 0.0024778238         1    0.68   0.04      0.28
793  0.00781250 0.2738045 0.0024778238         1    0.68   0.04      0.28
794  1.00000000 0.2738045 0.0024778238         1    0.68   0.04      0.28
795  0.00000000 0.2738045 0.0024778238         1    0.68   0.04      0.28
796  0.00000000 0.2738045 0.0024778238         1    0.68   0.04      0.28
797  1.00000000 0.2738045 0.0024778238         1    0.68   0.04      0.28
798  0.00000000 0.2738045 0.0024778238         1    0.68   0.04      0.28
799  0.00000000 0.2738045 0.0024778238         1    0.68   0.04      0.28
800  0.01171875 0.2738045 0.0024778238         1    0.68   0.04      0.28
801  0.16015625 0.4225487 0.0246330032         1    0.23   0.33      0.44
802  1.00000000 0.4225487 0.0246330032         1    0.23   0.33      0.44
803  0.10937500 0.4225487 0.0246330032         1    0.23   0.33      0.44
804  0.15625000 0.4225487 0.0246330032         1    0.23   0.33      0.44
805  0.15625000 0.4225487 0.0246330032         1    0.23   0.33      0.44
806  0.12500000 0.4225487 0.0246330032         1    0.23   0.33      0.44
807  1.00000000 0.4225487 0.0246330032         1    0.23   0.33      0.44
808  1.00000000 0.4225487 0.0246330032         1    0.23   0.33      0.44
809  1.00000000 0.4225487 0.0246330032         1    0.23   0.33      0.44
810  1.00000000 0.4225487 0.0246330032         1    0.23   0.33      0.44
811  1.00000000 0.4225487 0.0246330032         1    0.23   0.33      0.44
812  1.00000000 0.4225487 0.0246330032         1    0.23   0.33      0.44
813  1.00000000 0.4225487 0.0246330032         1    0.23   0.33      0.44
814  0.14062500 0.4225487 0.0246330032         1    0.23   0.33      0.44
815  1.00000000 0.4225487 0.0246330032         1    0.23   0.33      0.44
816  1.00000000 0.4225487 0.0246330032         1    0.23   0.33      0.44
817  0.11328125 0.4225487 0.0246330032         1    0.23   0.33      0.44
818  1.00000000 0.4225487 0.0246330032         1    0.23   0.33      0.44
819  1.00000000 0.4225487 0.0246330032         1    0.23   0.33      0.44
820  0.10156250 0.4225487 0.0246330032         1    0.23   0.33      0.44
821  0.54296875 0.4225487 0.0246330032         1    0.23   0.33      0.44
822  0.12890625 0.4225487 0.0246330032         1    0.23   0.33      0.44
823  1.00000000 0.4225487 0.0246330032         1    0.23   0.33      0.44
824  1.00000000 0.4225487 0.0246330032         1    0.23   0.33      0.44
825  1.00000000 0.4225487 0.0246330032         1    0.23   0.33      0.44
826  0.17187500 0.4225487 0.0246330032         1    0.23   0.33      0.44
827  0.14843750 0.4225487 0.0246330032         1    0.23   0.33      0.44
828  1.00000000 0.4225487 0.0246330032         1    0.23   0.33      0.44
829  0.17968750 0.4225487 0.0246330032         1    0.23   0.33      0.44
830  0.28906250 0.4225487 0.0246330032         1    0.23   0.33      0.44
831  0.04296875 0.4225487 0.0246330032         1    0.23   0.33      0.44
832  1.00000000 0.4225487 0.0246330032         1    0.23   0.33      0.44
833  1.00000000 0.4225487 0.0246330032         1    0.23   0.33      0.44
834  1.00000000 0.4225487 0.0246330032         1    0.23   0.33      0.44
835  1.00000000 0.4225487 0.0246330032         1    0.23   0.33      0.44
836  1.00000000 0.4225487 0.0246330032         1    0.23   0.33      0.44
837  1.00000000 0.4225487 0.0246330032         1    0.23   0.33      0.44
838  1.00000000 0.4225487 0.0246330032         1    0.23   0.33      0.44
839  0.11718750 0.4225487 0.0246330032         1    0.23   0.33      0.44
840  0.18359375 0.4225487 0.0246330032         1    0.23   0.33      0.44
841  0.17578125 0.4225487 0.0246330032         1    0.23   0.33      0.44
842  0.34375000 0.4225487 0.0246330032         1    0.23   0.33      0.44
843  0.22265625 0.4225487 0.0246330032         1    0.23   0.33      0.44
844  0.30859375 0.4225487 0.0246330032         1    0.23   0.33      0.44
845  1.00000000 0.4225487 0.0246330032         1    0.23   0.33      0.44
846  1.00000000 0.4225487 0.0246330032         1    0.23   0.33      0.44
847  0.10546875 0.4225487 0.0246330032         1    0.23   0.33      0.44
848  0.08984375 0.4225487 0.0246330032         1    0.23   0.33      0.44
849  1.00000000 0.4225487 0.0246330032         1    0.23   0.33      0.44
850  1.00000000 0.4225487 0.0246330032         1    0.23   0.33      0.44
851  1.00000000 0.4225487 0.0246330032         1    0.23   0.33      0.44
852  0.12109375 0.4225487 0.0246330032         1    0.23   0.33      0.44
853  0.20703125 0.4225487 0.0246330032         1    0.23   0.33      0.44
854  0.12500000 0.4225487 0.0246330032         1    0.23   0.33      0.44
855  1.00000000 0.4225487 0.0246330032         1    0.23   0.33      0.44
856  0.05859375 0.4225487 0.0246330032         1    0.23   0.33      0.44
857  0.18750000 0.4225487 0.0246330032         1    0.23   0.33      0.44
858  0.08203125 0.4225487 0.0246330032         1    0.23   0.33      0.44
859  0.10546875 0.4225487 0.0246330032         1    0.23   0.33      0.44
860  0.06250000 0.4225487 0.0246330032         1    0.23   0.33      0.44
861  0.10546875 0.4225487 0.0246330032         1    0.23   0.33      0.44
862  1.00000000 0.4225487 0.0246330032         1    0.23   0.33      0.44
863  0.12500000 0.4225487 0.0246330032         1    0.23   0.33      0.44
864  0.12109375 0.4225487 0.0246330032         1    0.23   0.33      0.44
865  0.05468750 0.4225487 0.0246330032         1    0.23   0.33      0.44
866  0.07812500 0.4225487 0.0246330032         1    0.23   0.33      0.44
867  1.00000000 0.4225487 0.0246330032         1    0.23   0.33      0.44
868  1.00000000 0.4225487 0.0246330032         1    0.23   0.33      0.44
869  0.11328125 0.4225487 0.0246330032         1    0.23   0.33      0.44
870  0.10937500 0.4225487 0.0246330032         1    0.23   0.33      0.44
871  0.26953125 0.4225487 0.0246330032         1    0.23   0.33      0.44
872  1.00000000 0.4225487 0.0246330032         1    0.23   0.33      0.44
873  0.11328125 0.4225487 0.0246330032         1    0.23   0.33      0.44
874  1.00000000 0.4225487 0.0246330032         1    0.23   0.33      0.44
875  1.00000000 0.4225487 0.0246330032         1    0.23   0.33      0.44
876  0.25390625 0.4225487 0.0246330032         1    0.23   0.33      0.44
877  0.06250000 0.4225487 0.0246330032         1    0.23   0.33      0.44
878  0.14453125 0.4225487 0.0246330032         1    0.23   0.33      0.44
879  1.00000000 0.4225487 0.0246330032         1    0.23   0.33      0.44
880  0.18750000 0.4225487 0.0246330032         1    0.23   0.33      0.44
881  0.12890625 0.4225487 0.0246330032         1    0.23   0.33      0.44
882  1.00000000 0.4225487 0.0246330032         1    0.23   0.33      0.44
883  0.12890625 0.4225487 0.0246330032         1    0.23   0.33      0.44
884  1.00000000 0.4225487 0.0246330032         1    0.23   0.33      0.44
885  1.00000000 0.4225487 0.0246330032         1    0.23   0.33      0.44
886  0.54296875 0.4225487 0.0246330032         1    0.23   0.33      0.44
887  0.02343750 0.4225487 0.0246330032         1    0.23   0.33      0.44
888  0.26953125 0.4225487 0.0246330032         1    0.23   0.33      0.44
889  0.03125000 0.4225487 0.0246330032         1    0.23   0.33      0.44
890  1.00000000 0.4225487 0.0246330032         1    0.23   0.33      0.44
891  1.00000000 0.4225487 0.0246330032         1    0.23   0.33      0.44
892  0.04687500 0.4225487 0.0246330032         1    0.23   0.33      0.44
893  0.30468750 0.4225487 0.0246330032         1    0.23   0.33      0.44
894  0.51953125 0.4225487 0.0246330032         1    0.23   0.33      0.44
895  0.07031250 0.4225487 0.0246330032         1    0.23   0.33      0.44
896  0.14062500 0.4225487 0.0246330032         1    0.23   0.33      0.44
897  1.00000000 0.4225487 0.0246330032         1    0.23   0.33      0.44
898  0.14062500 0.4225487 0.0246330032         1    0.23   0.33      0.44
899  1.00000000 0.4225487 0.0246330032         1    0.23   0.33      0.44
900  1.00000000 0.4225487 0.0246330032         1    0.23   0.33      0.44
901  0.23437500 0.4950936 0.0211905385         1    0.20   0.26      0.54
902  1.00000000 0.4950936 0.0211905385         1    0.20   0.26      0.54
903  0.28515625 0.4950936 0.0211905385         1    0.20   0.26      0.54
904  1.00000000 0.4950936 0.0211905385         1    0.20   0.26      0.54
905  0.06250000 0.4950936 0.0211905385         1    0.20   0.26      0.54
906  1.00000000 0.4950936 0.0211905385         1    0.20   0.26      0.54
907  0.15234375 0.4950936 0.0211905385         1    0.20   0.26      0.54
908  1.00000000 0.4950936 0.0211905385         1    0.20   0.26      0.54
909  1.00000000 0.4950936 0.0211905385         1    0.20   0.26      0.54
910  1.00000000 0.4950936 0.0211905385         1    0.20   0.26      0.54
911  0.10156250 0.4950936 0.0211905385         1    0.20   0.26      0.54
912  1.00000000 0.4950936 0.0211905385         1    0.20   0.26      0.54
913  0.29687500 0.4950936 0.0211905385         1    0.20   0.26      0.54
914  1.00000000 0.4950936 0.0211905385         1    0.20   0.26      0.54
915  1.00000000 0.4950936 0.0211905385         1    0.20   0.26      0.54
916  1.00000000 0.4950936 0.0211905385         1    0.20   0.26      0.54
917  1.00000000 0.4950936 0.0211905385         1    0.20   0.26      0.54
918  0.08984375 0.4950936 0.0211905385         1    0.20   0.26      0.54
919  0.13671875 0.4950936 0.0211905385         1    0.20   0.26      0.54
920  1.00000000 0.4950936 0.0211905385         1    0.20   0.26      0.54
921  1.00000000 0.4950936 0.0211905385         1    0.20   0.26      0.54
922  1.00000000 0.4950936 0.0211905385         1    0.20   0.26      0.54
923  1.00000000 0.4950936 0.0211905385         1    0.20   0.26      0.54
924  0.52734375 0.4950936 0.0211905385         1    0.20   0.26      0.54
925  1.00000000 0.4950936 0.0211905385         1    0.20   0.26      0.54
926  0.12500000 0.4950936 0.0211905385         1    0.20   0.26      0.54
927  0.23046875 0.4950936 0.0211905385         1    0.20   0.26      0.54
928  0.10937500 0.4950936 0.0211905385         1    0.20   0.26      0.54
929  0.19921875 0.4950936 0.0211905385         1    0.20   0.26      0.54
930  1.00000000 0.4950936 0.0211905385         1    0.20   0.26      0.54
931  0.07812500 0.4950936 0.0211905385         1    0.20   0.26      0.54
932  0.21093750 0.4950936 0.0211905385         1    0.20   0.26      0.54
933  0.09375000 0.4950936 0.0211905385         1    0.20   0.26      0.54
934  1.00000000 0.4950936 0.0211905385         1    0.20   0.26      0.54
935  0.02734375 0.4950936 0.0211905385         1    0.20   0.26      0.54
936  1.00000000 0.4950936 0.0211905385         1    0.20   0.26      0.54
937  0.03906250 0.4950936 0.0211905385         1    0.20   0.26      0.54
938  1.00000000 0.4950936 0.0211905385         1    0.20   0.26      0.54
939  0.14843750 0.4950936 0.0211905385         1    0.20   0.26      0.54
940  1.00000000 0.4950936 0.0211905385         1    0.20   0.26      0.54
941  0.11328125 0.4950936 0.0211905385         1    0.20   0.26      0.54
942  1.00000000 0.4950936 0.0211905385         1    0.20   0.26      0.54
943  0.19921875 0.4950936 0.0211905385         1    0.20   0.26      0.54
944  0.11718750 0.4950936 0.0211905385         1    0.20   0.26      0.54
945  0.21093750 0.4950936 0.0211905385         1    0.20   0.26      0.54
946  0.11328125 0.4950936 0.0211905385         1    0.20   0.26      0.54
947  0.06640625 0.4950936 0.0211905385         1    0.20   0.26      0.54
948  1.00000000 0.4950936 0.0211905385         1    0.20   0.26      0.54
949  1.00000000 0.4950936 0.0211905385         1    0.20   0.26      0.54
950  0.09375000 0.4950936 0.0211905385         1    0.20   0.26      0.54
951  0.03906250 0.4950936 0.0211905385         1    0.20   0.26      0.54
952  1.00000000 0.4950936 0.0211905385         1    0.20   0.26      0.54
953  0.33203125 0.4950936 0.0211905385         1    0.20   0.26      0.54
954  1.00000000 0.4950936 0.0211905385         1    0.20   0.26      0.54
955  1.00000000 0.4950936 0.0211905385         1    0.20   0.26      0.54
956  1.00000000 0.4950936 0.0211905385         1    0.20   0.26      0.54
957  1.00000000 0.4950936 0.0211905385         1    0.20   0.26      0.54
958  1.00000000 0.4950936 0.0211905385         1    0.20   0.26      0.54
959  1.00000000 0.4950936 0.0211905385         1    0.20   0.26      0.54
960  1.00000000 0.4950936 0.0211905385         1    0.20   0.26      0.54
961  0.12890625 0.4950936 0.0211905385         1    0.20   0.26      0.54
962  1.00000000 0.4950936 0.0211905385         1    0.20   0.26      0.54
963  0.28125000 0.4950936 0.0211905385         1    0.20   0.26      0.54
964  1.00000000 0.4950936 0.0211905385         1    0.20   0.26      0.54
965  1.00000000 0.4950936 0.0211905385         1    0.20   0.26      0.54
966  1.00000000 0.4950936 0.0211905385         1    0.20   0.26      0.54
967  1.00000000 0.4950936 0.0211905385         1    0.20   0.26      0.54
968  0.12500000 0.4950936 0.0211905385         1    0.20   0.26      0.54
969  0.12109375 0.4950936 0.0211905385         1    0.20   0.26      0.54
970  0.10546875 0.4950936 0.0211905385         1    0.20   0.26      0.54
971  1.00000000 0.4950936 0.0211905385         1    0.20   0.26      0.54
972  1.00000000 0.4950936 0.0211905385         1    0.20   0.26      0.54
973  0.11718750 0.4950936 0.0211905385         1    0.20   0.26      0.54
974  1.00000000 0.4950936 0.0211905385         1    0.20   0.26      0.54
975  0.17968750 0.4950936 0.0211905385         1    0.20   0.26      0.54
976  1.00000000 0.4950936 0.0211905385         1    0.20   0.26      0.54
977  1.00000000 0.4950936 0.0211905385         1    0.20   0.26      0.54
978  0.10546875 0.4950936 0.0211905385         1    0.20   0.26      0.54
979  1.00000000 0.4950936 0.0211905385         1    0.20   0.26      0.54
980  1.00000000 0.4950936 0.0211905385         1    0.20   0.26      0.54
981  0.07812500 0.4950936 0.0211905385         1    0.20   0.26      0.54
982  0.09765625 0.4950936 0.0211905385         1    0.20   0.26      0.54
983  1.00000000 0.4950936 0.0211905385         1    0.20   0.26      0.54
984  0.28906250 0.4950936 0.0211905385         1    0.20   0.26      0.54
985  1.00000000 0.4950936 0.0211905385         1    0.20   0.26      0.54
986  1.00000000 0.4950936 0.0211905385         1    0.20   0.26      0.54
987  0.11718750 0.4950936 0.0211905385         1    0.20   0.26      0.54
988  1.00000000 0.4950936 0.0211905385         1    0.20   0.26      0.54
989  0.13281250 0.4950936 0.0211905385         1    0.20   0.26      0.54
990  0.08984375 0.4950936 0.0211905385         1    0.20   0.26      0.54
991  1.00000000 0.4950936 0.0211905385         1    0.20   0.26      0.54
992  0.14843750 0.4950936 0.0211905385         1    0.20   0.26      0.54
993  1.00000000 0.4950936 0.0211905385         1    0.20   0.26      0.54
994  1.00000000 0.4950936 0.0211905385         1    0.20   0.26      0.54
995  1.00000000 0.4950936 0.0211905385         1    0.20   0.26      0.54
996  0.15234375 0.4950936 0.0211905385         1    0.20   0.26      0.54
997  1.00000000 0.4950936 0.0211905385         1    0.20   0.26      0.54
998  0.16796875 0.4950936 0.0211905385         1    0.20   0.26      0.54
999  0.09765625 0.4950936 0.0211905385         1    0.20   0.26      0.54
1000 1.00000000 0.4950936 0.0211905385         1    0.20   0.26      0.54
