      prop.aneu prob.meio    prob.mito dispersal euploid mosaic aneuploid
1    0.08593750 0.4821651 0.0113092838         1    0.32   0.15      0.53
2    0.05468750 0.4821651 0.0113092838         1    0.32   0.15      0.53
3    0.07031250 0.4821651 0.0113092838         1    0.32   0.15      0.53
4    0.02343750 0.4821651 0.0113092838         1    0.32   0.15      0.53
5    0.08593750 0.4821651 0.0113092838         1    0.32   0.15      0.53
6    1.00000000 0.4821651 0.0113092838         1    0.32   0.15      0.53
7    0.09765625 0.4821651 0.0113092838         1    0.32   0.15      0.53
8    1.00000000 0.4821651 0.0113092838         1    0.32   0.15      0.53
9    1.00000000 0.4821651 0.0113092838         1    0.32   0.15      0.53
10   0.14453125 0.4821651 0.0113092838         1    0.32   0.15      0.53
11   1.00000000 0.4821651 0.0113092838         1    0.32   0.15      0.53
12   0.02343750 0.4821651 0.0113092838         1    0.32   0.15      0.53
13   1.00000000 0.4821651 0.0113092838         1    0.32   0.15      0.53
14   1.00000000 0.4821651 0.0113092838         1    0.32   0.15      0.53
15   1.00000000 0.4821651 0.0113092838         1    0.32   0.15      0.53
16   0.02734375 0.4821651 0.0113092838         1    0.32   0.15      0.53
17   1.00000000 0.4821651 0.0113092838         1    0.32   0.15      0.53
18   1.00000000 0.4821651 0.0113092838         1    0.32   0.15      0.53
19   1.00000000 0.4821651 0.0113092838         1    0.32   0.15      0.53
20   1.00000000 0.4821651 0.0113092838         1    0.32   0.15      0.53
21   0.11328125 0.4821651 0.0113092838         1    0.32   0.15      0.53
22   0.00000000 0.4821651 0.0113092838         1    0.32   0.15      0.53
23   1.00000000 0.4821651 0.0113092838         1    0.32   0.15      0.53
24   0.10546875 0.4821651 0.0113092838         1    0.32   0.15      0.53
25   0.06250000 0.4821651 0.0113092838         1    0.32   0.15      0.53
26   1.00000000 0.4821651 0.0113092838         1    0.32   0.15      0.53
27   1.00000000 0.4821651 0.0113092838         1    0.32   0.15      0.53
28   0.03906250 0.4821651 0.0113092838         1    0.32   0.15      0.53
29   1.00000000 0.4821651 0.0113092838         1    0.32   0.15      0.53
30   1.00000000 0.4821651 0.0113092838         1    0.32   0.15      0.53
31   1.00000000 0.4821651 0.0113092838         1    0.32   0.15      0.53
32   0.05078125 0.4821651 0.0113092838         1    0.32   0.15      0.53
33   1.00000000 0.4821651 0.0113092838         1    0.32   0.15      0.53
34   0.13671875 0.4821651 0.0113092838         1    0.32   0.15      0.53
35   0.02343750 0.4821651 0.0113092838         1    0.32   0.15      0.53
36   1.00000000 0.4821651 0.0113092838         1    0.32   0.15      0.53
37   1.00000000 0.4821651 0.0113092838         1    0.32   0.15      0.53
38   0.01562500 0.4821651 0.0113092838         1    0.32   0.15      0.53
39   0.17968750 0.4821651 0.0113092838         1    0.32   0.15      0.53
40   0.08593750 0.4821651 0.0113092838         1    0.32   0.15      0.53
41   1.00000000 0.4821651 0.0113092838         1    0.32   0.15      0.53
42   1.00000000 0.4821651 0.0113092838         1    0.32   0.15      0.53
43   0.03515625 0.4821651 0.0113092838         1    0.32   0.15      0.53
44   0.01171875 0.4821651 0.0113092838         1    0.32   0.15      0.53
45   0.05859375 0.4821651 0.0113092838         1    0.32   0.15      0.53
46   1.00000000 0.4821651 0.0113092838         1    0.32   0.15      0.53
47   0.02734375 0.4821651 0.0113092838         1    0.32   0.15      0.53
48   0.02734375 0.4821651 0.0113092838         1    0.32   0.15      0.53
49   0.09765625 0.4821651 0.0113092838         1    0.32   0.15      0.53
50   0.09765625 0.4821651 0.0113092838         1    0.32   0.15      0.53
51   0.02734375 0.4821651 0.0113092838         1    0.32   0.15      0.53
52   0.05859375 0.4821651 0.0113092838         1    0.32   0.15      0.53
53   1.00000000 0.4821651 0.0113092838         1    0.32   0.15      0.53
54   0.04296875 0.4821651 0.0113092838         1    0.32   0.15      0.53
55   0.02734375 0.4821651 0.0113092838         1    0.32   0.15      0.53
56   1.00000000 0.4821651 0.0113092838         1    0.32   0.15      0.53
57   1.00000000 0.4821651 0.0113092838         1    0.32   0.15      0.53
58   1.00000000 0.4821651 0.0113092838         1    0.32   0.15      0.53
59   0.18359375 0.4821651 0.0113092838         1    0.32   0.15      0.53
60   1.00000000 0.4821651 0.0113092838         1    0.32   0.15      0.53
61   1.00000000 0.4821651 0.0113092838         1    0.32   0.15      0.53
62   1.00000000 0.4821651 0.0113092838         1    0.32   0.15      0.53
63   1.00000000 0.4821651 0.0113092838         1    0.32   0.15      0.53
64   1.00000000 0.4821651 0.0113092838         1    0.32   0.15      0.53
65   1.00000000 0.4821651 0.0113092838         1    0.32   0.15      0.53
66   0.05078125 0.4821651 0.0113092838         1    0.32   0.15      0.53
67   1.00000000 0.4821651 0.0113092838         1    0.32   0.15      0.53
68   1.00000000 0.4821651 0.0113092838         1    0.32   0.15      0.53
69   0.08203125 0.4821651 0.0113092838         1    0.32   0.15      0.53
70   1.00000000 0.4821651 0.0113092838         1    0.32   0.15      0.53
71   0.07031250 0.4821651 0.0113092838         1    0.32   0.15      0.53
72   1.00000000 0.4821651 0.0113092838         1    0.32   0.15      0.53
73   0.02734375 0.4821651 0.0113092838         1    0.32   0.15      0.53
74   1.00000000 0.4821651 0.0113092838         1    0.32   0.15      0.53
75   0.02734375 0.4821651 0.0113092838         1    0.32   0.15      0.53
76   0.08984375 0.4821651 0.0113092838         1    0.32   0.15      0.53
77   0.03906250 0.4821651 0.0113092838         1    0.32   0.15      0.53
78   0.57031250 0.4821651 0.0113092838         1    0.32   0.15      0.53
79   1.00000000 0.4821651 0.0113092838         1    0.32   0.15      0.53
80   1.00000000 0.4821651 0.0113092838         1    0.32   0.15      0.53
81   1.00000000 0.4821651 0.0113092838         1    0.32   0.15      0.53
82   1.00000000 0.4821651 0.0113092838         1    0.32   0.15      0.53
83   1.00000000 0.4821651 0.0113092838         1    0.32   0.15      0.53
84   1.00000000 0.4821651 0.0113092838         1    0.32   0.15      0.53
85   0.05078125 0.4821651 0.0113092838         1    0.32   0.15      0.53
86   1.00000000 0.4821651 0.0113092838         1    0.32   0.15      0.53
87   1.00000000 0.4821651 0.0113092838         1    0.32   0.15      0.53
88   0.04296875 0.4821651 0.0113092838         1    0.32   0.15      0.53
89   0.09375000 0.4821651 0.0113092838         1    0.32   0.15      0.53
90   0.53906250 0.4821651 0.0113092838         1    0.32   0.15      0.53
91   1.00000000 0.4821651 0.0113092838         1    0.32   0.15      0.53
92   1.00000000 0.4821651 0.0113092838         1    0.32   0.15      0.53
93   1.00000000 0.4821651 0.0113092838         1    0.32   0.15      0.53
94   1.00000000 0.4821651 0.0113092838         1    0.32   0.15      0.53
95   0.07031250 0.4821651 0.0113092838         1    0.32   0.15      0.53
96   1.00000000 0.4821651 0.0113092838         1    0.32   0.15      0.53
97   0.04687500 0.4821651 0.0113092838         1    0.32   0.15      0.53
98   1.00000000 0.4821651 0.0113092838         1    0.32   0.15      0.53
99   0.04296875 0.4821651 0.0113092838         1    0.32   0.15      0.53
100  1.00000000 0.4821651 0.0113092838         1    0.32   0.15      0.53
101  0.00000000 0.2355552 0.0044565771         1    0.64   0.12      0.24
102  0.00781250 0.2355552 0.0044565771         1    0.64   0.12      0.24
103  0.02343750 0.2355552 0.0044565771         1    0.64   0.12      0.24
104  1.00000000 0.2355552 0.0044565771         1    0.64   0.12      0.24
105  0.02734375 0.2355552 0.0044565771         1    0.64   0.12      0.24
106  0.00000000 0.2355552 0.0044565771         1    0.64   0.12      0.24
107  1.00000000 0.2355552 0.0044565771         1    0.64   0.12      0.24
108  0.03906250 0.2355552 0.0044565771         1    0.64   0.12      0.24
109  0.03125000 0.2355552 0.0044565771         1    0.64   0.12      0.24
110  1.00000000 0.2355552 0.0044565771         1    0.64   0.12      0.24
111  0.04687500 0.2355552 0.0044565771         1    0.64   0.12      0.24
112  1.00000000 0.2355552 0.0044565771         1    0.64   0.12      0.24
113  0.05468750 0.2355552 0.0044565771         1    0.64   0.12      0.24
114  1.00000000 0.2355552 0.0044565771         1    0.64   0.12      0.24
115  0.00390625 0.2355552 0.0044565771         1    0.64   0.12      0.24
116  0.00390625 0.2355552 0.0044565771         1    0.64   0.12      0.24
117  0.00781250 0.2355552 0.0044565771         1    0.64   0.12      0.24
118  1.00000000 0.2355552 0.0044565771         1    0.64   0.12      0.24
119  0.01953125 0.2355552 0.0044565771         1    0.64   0.12      0.24
120  0.04296875 0.2355552 0.0044565771         1    0.64   0.12      0.24
121  0.07421875 0.2355552 0.0044565771         1    0.64   0.12      0.24
122  0.02343750 0.2355552 0.0044565771         1    0.64   0.12      0.24
123  0.01953125 0.2355552 0.0044565771         1    0.64   0.12      0.24
124  0.04687500 0.2355552 0.0044565771         1    0.64   0.12      0.24
125  0.01171875 0.2355552 0.0044565771         1    0.64   0.12      0.24
126  0.00390625 0.2355552 0.0044565771         1    0.64   0.12      0.24
127  1.00000000 0.2355552 0.0044565771         1    0.64   0.12      0.24
128  0.00390625 0.2355552 0.0044565771         1    0.64   0.12      0.24
129  0.00390625 0.2355552 0.0044565771         1    0.64   0.12      0.24
130  0.00781250 0.2355552 0.0044565771         1    0.64   0.12      0.24
131  1.00000000 0.2355552 0.0044565771         1    0.64   0.12      0.24
132  0.00390625 0.2355552 0.0044565771         1    0.64   0.12      0.24
133  0.00390625 0.2355552 0.0044565771         1    0.64   0.12      0.24
134  0.01171875 0.2355552 0.0044565771         1    0.64   0.12      0.24
135  0.02343750 0.2355552 0.0044565771         1    0.64   0.12      0.24
136  1.00000000 0.2355552 0.0044565771         1    0.64   0.12      0.24
137  0.01562500 0.2355552 0.0044565771         1    0.64   0.12      0.24
138  1.00000000 0.2355552 0.0044565771         1    0.64   0.12      0.24
139  0.00781250 0.2355552 0.0044565771         1    0.64   0.12      0.24
140  0.00781250 0.2355552 0.0044565771         1    0.64   0.12      0.24
141  0.00390625 0.2355552 0.0044565771         1    0.64   0.12      0.24
142  0.07812500 0.2355552 0.0044565771         1    0.64   0.12      0.24
143  0.03906250 0.2355552 0.0044565771         1    0.64   0.12      0.24
144  0.03125000 0.2355552 0.0044565771         1    0.64   0.12      0.24
145  0.25390625 0.2355552 0.0044565771         1    0.64   0.12      0.24
146  1.00000000 0.2355552 0.0044565771         1    0.64   0.12      0.24
147  0.01562500 0.2355552 0.0044565771         1    0.64   0.12      0.24
148  0.02734375 0.2355552 0.0044565771         1    0.64   0.12      0.24
149  0.00390625 0.2355552 0.0044565771         1    0.64   0.12      0.24
150  0.00000000 0.2355552 0.0044565771         1    0.64   0.12      0.24
151  0.00390625 0.2355552 0.0044565771         1    0.64   0.12      0.24
152  0.01953125 0.2355552 0.0044565771         1    0.64   0.12      0.24
153  0.00390625 0.2355552 0.0044565771         1    0.64   0.12      0.24
154  0.00781250 0.2355552 0.0044565771         1    0.64   0.12      0.24
155  0.04687500 0.2355552 0.0044565771         1    0.64   0.12      0.24
156  0.03515625 0.2355552 0.0044565771         1    0.64   0.12      0.24
157  0.01562500 0.2355552 0.0044565771         1    0.64   0.12      0.24
158  0.12500000 0.2355552 0.0044565771         1    0.64   0.12      0.24
159  0.05078125 0.2355552 0.0044565771         1    0.64   0.12      0.24
160  1.00000000 0.2355552 0.0044565771         1    0.64   0.12      0.24
161  0.00390625 0.2355552 0.0044565771         1    0.64   0.12      0.24
162  0.00390625 0.2355552 0.0044565771         1    0.64   0.12      0.24
163  0.00000000 0.2355552 0.0044565771         1    0.64   0.12      0.24
164  0.00000000 0.2355552 0.0044565771         1    0.64   0.12      0.24
165  0.03125000 0.2355552 0.0044565771         1    0.64   0.12      0.24
166  0.05859375 0.2355552 0.0044565771         1    0.64   0.12      0.24
167  0.01171875 0.2355552 0.0044565771         1    0.64   0.12      0.24
168  0.04296875 0.2355552 0.0044565771         1    0.64   0.12      0.24
169  1.00000000 0.2355552 0.0044565771         1    0.64   0.12      0.24
170  0.02734375 0.2355552 0.0044565771         1    0.64   0.12      0.24
171  1.00000000 0.2355552 0.0044565771         1    0.64   0.12      0.24
172  0.01953125 0.2355552 0.0044565771         1    0.64   0.12      0.24
173  0.00000000 0.2355552 0.0044565771         1    0.64   0.12      0.24
174  0.00781250 0.2355552 0.0044565771         1    0.64   0.12      0.24
175  1.00000000 0.2355552 0.0044565771         1    0.64   0.12      0.24
176  1.00000000 0.2355552 0.0044565771         1    0.64   0.12      0.24
177  0.01171875 0.2355552 0.0044565771         1    0.64   0.12      0.24
178  1.00000000 0.2355552 0.0044565771         1    0.64   0.12      0.24
179  1.00000000 0.2355552 0.0044565771         1    0.64   0.12      0.24
180  1.00000000 0.2355552 0.0044565771         1    0.64   0.12      0.24
181  0.00390625 0.2355552 0.0044565771         1    0.64   0.12      0.24
182  1.00000000 0.2355552 0.0044565771         1    0.64   0.12      0.24
183  0.03906250 0.2355552 0.0044565771         1    0.64   0.12      0.24
184  0.01953125 0.2355552 0.0044565771         1    0.64   0.12      0.24
185  1.00000000 0.2355552 0.0044565771         1    0.64   0.12      0.24
186  0.02734375 0.2355552 0.0044565771         1    0.64   0.12      0.24
187  0.03515625 0.2355552 0.0044565771         1    0.64   0.12      0.24
188  0.03906250 0.2355552 0.0044565771         1    0.64   0.12      0.24
189  1.00000000 0.2355552 0.0044565771         1    0.64   0.12      0.24
190  0.13671875 0.2355552 0.0044565771         1    0.64   0.12      0.24
191  0.00390625 0.2355552 0.0044565771         1    0.64   0.12      0.24
192  0.03515625 0.2355552 0.0044565771         1    0.64   0.12      0.24
193  0.00000000 0.2355552 0.0044565771         1    0.64   0.12      0.24
194  0.09765625 0.2355552 0.0044565771         1    0.64   0.12      0.24
195  1.00000000 0.2355552 0.0044565771         1    0.64   0.12      0.24
196  0.00390625 0.2355552 0.0044565771         1    0.64   0.12      0.24
197  1.00000000 0.2355552 0.0044565771         1    0.64   0.12      0.24
198  0.14062500 0.2355552 0.0044565771         1    0.64   0.12      0.24
199  0.07031250 0.2355552 0.0044565771         1    0.64   0.12      0.24
200  0.03515625 0.2355552 0.0044565771         1    0.64   0.12      0.24
201  0.07812500 0.3660826 0.0170418057         1    0.33   0.36      0.31
202  1.00000000 0.3660826 0.0170418057         1    0.33   0.36      0.31
203  1.00000000 0.3660826 0.0170418057         1    0.33   0.36      0.31
204  1.00000000 0.3660826 0.0170418057         1    0.33   0.36      0.31
205  1.00000000 0.3660826 0.0170418057         1    0.33   0.36      0.31
206  0.07812500 0.3660826 0.0170418057         1    0.33   0.36      0.31
207  0.03515625 0.3660826 0.0170418057         1    0.33   0.36      0.31
208  0.20703125 0.3660826 0.0170418057         1    0.33   0.36      0.31
209  0.10937500 0.3660826 0.0170418057         1    0.33   0.36      0.31
210  0.02343750 0.3660826 0.0170418057         1    0.33   0.36      0.31
211  0.04687500 0.3660826 0.0170418057         1    0.33   0.36      0.31
212  0.04687500 0.3660826 0.0170418057         1    0.33   0.36      0.31
213  0.17968750 0.3660826 0.0170418057         1    0.33   0.36      0.31
214  0.51953125 0.3660826 0.0170418057         1    0.33   0.36      0.31
215  0.09375000 0.3660826 0.0170418057         1    0.33   0.36      0.31
216  1.00000000 0.3660826 0.0170418057         1    0.33   0.36      0.31
217  0.06640625 0.3660826 0.0170418057         1    0.33   0.36      0.31
218  1.00000000 0.3660826 0.0170418057         1    0.33   0.36      0.31
219  0.11328125 0.3660826 0.0170418057         1    0.33   0.36      0.31
220  0.14843750 0.3660826 0.0170418057         1    0.33   0.36      0.31
221  1.00000000 0.3660826 0.0170418057         1    0.33   0.36      0.31
222  0.08593750 0.3660826 0.0170418057         1    0.33   0.36      0.31
223  0.11718750 0.3660826 0.0170418057         1    0.33   0.36      0.31
224  1.00000000 0.3660826 0.0170418057         1    0.33   0.36      0.31
225  0.16015625 0.3660826 0.0170418057         1    0.33   0.36      0.31
226  0.13671875 0.3660826 0.0170418057         1    0.33   0.36      0.31
227  1.00000000 0.3660826 0.0170418057         1    0.33   0.36      0.31
228  0.07421875 0.3660826 0.0170418057         1    0.33   0.36      0.31
229  0.06640625 0.3660826 0.0170418057         1    0.33   0.36      0.31
230  0.07812500 0.3660826 0.0170418057         1    0.33   0.36      0.31
231  1.00000000 0.3660826 0.0170418057         1    0.33   0.36      0.31
232  1.00000000 0.3660826 0.0170418057         1    0.33   0.36      0.31
233  0.08984375 0.3660826 0.0170418057         1    0.33   0.36      0.31
234  0.07812500 0.3660826 0.0170418057         1    0.33   0.36      0.31
235  0.03906250 0.3660826 0.0170418057         1    0.33   0.36      0.31
236  0.07031250 0.3660826 0.0170418057         1    0.33   0.36      0.31
237  0.21875000 0.3660826 0.0170418057         1    0.33   0.36      0.31
238  0.07812500 0.3660826 0.0170418057         1    0.33   0.36      0.31
239  0.08984375 0.3660826 0.0170418057         1    0.33   0.36      0.31
240  0.20703125 0.3660826 0.0170418057         1    0.33   0.36      0.31
241  1.00000000 0.3660826 0.0170418057         1    0.33   0.36      0.31
242  0.04296875 0.3660826 0.0170418057         1    0.33   0.36      0.31
243  0.15234375 0.3660826 0.0170418057         1    0.33   0.36      0.31
244  0.04687500 0.3660826 0.0170418057         1    0.33   0.36      0.31
245  0.12890625 0.3660826 0.0170418057         1    0.33   0.36      0.31
246  0.52734375 0.3660826 0.0170418057         1    0.33   0.36      0.31
247  0.08984375 0.3660826 0.0170418057         1    0.33   0.36      0.31
248  1.00000000 0.3660826 0.0170418057         1    0.33   0.36      0.31
249  1.00000000 0.3660826 0.0170418057         1    0.33   0.36      0.31
250  0.05078125 0.3660826 0.0170418057         1    0.33   0.36      0.31
251  1.00000000 0.3660826 0.0170418057         1    0.33   0.36      0.31
252  1.00000000 0.3660826 0.0170418057         1    0.33   0.36      0.31
253  0.09375000 0.3660826 0.0170418057         1    0.33   0.36      0.31
254  0.15625000 0.3660826 0.0170418057         1    0.33   0.36      0.31
255  0.06250000 0.3660826 0.0170418057         1    0.33   0.36      0.31
256  0.20312500 0.3660826 0.0170418057         1    0.33   0.36      0.31
257  0.04296875 0.3660826 0.0170418057         1    0.33   0.36      0.31
258  0.05859375 0.3660826 0.0170418057         1    0.33   0.36      0.31
259  0.05078125 0.3660826 0.0170418057         1    0.33   0.36      0.31
260  1.00000000 0.3660826 0.0170418057         1    0.33   0.36      0.31
261  0.15625000 0.3660826 0.0170418057         1    0.33   0.36      0.31
262  0.20703125 0.3660826 0.0170418057         1    0.33   0.36      0.31
263  1.00000000 0.3660826 0.0170418057         1    0.33   0.36      0.31
264  0.07031250 0.3660826 0.0170418057         1    0.33   0.36      0.31
265  1.00000000 0.3660826 0.0170418057         1    0.33   0.36      0.31
266  0.08593750 0.3660826 0.0170418057         1    0.33   0.36      0.31
267  0.14453125 0.3660826 0.0170418057         1    0.33   0.36      0.31
268  0.10937500 0.3660826 0.0170418057         1    0.33   0.36      0.31
269  0.56250000 0.3660826 0.0170418057         1    0.33   0.36      0.31
270  1.00000000 0.3660826 0.0170418057         1    0.33   0.36      0.31
271  0.12890625 0.3660826 0.0170418057         1    0.33   0.36      0.31
272  0.12890625 0.3660826 0.0170418057         1    0.33   0.36      0.31
273  0.17578125 0.3660826 0.0170418057         1    0.33   0.36      0.31
274  0.09765625 0.3660826 0.0170418057         1    0.33   0.36      0.31
275  0.07812500 0.3660826 0.0170418057         1    0.33   0.36      0.31
276  1.00000000 0.3660826 0.0170418057         1    0.33   0.36      0.31
277  1.00000000 0.3660826 0.0170418057         1    0.33   0.36      0.31
278  1.00000000 0.3660826 0.0170418057         1    0.33   0.36      0.31
279  1.00000000 0.3660826 0.0170418057         1    0.33   0.36      0.31
280  1.00000000 0.3660826 0.0170418057         1    0.33   0.36      0.31
281  0.14843750 0.3660826 0.0170418057         1    0.33   0.36      0.31
282  1.00000000 0.3660826 0.0170418057         1    0.33   0.36      0.31
283  0.01562500 0.3660826 0.0170418057         1    0.33   0.36      0.31
284  1.00000000 0.3660826 0.0170418057         1    0.33   0.36      0.31
285  0.10546875 0.3660826 0.0170418057         1    0.33   0.36      0.31
286  0.09765625 0.3660826 0.0170418057         1    0.33   0.36      0.31
287  0.02343750 0.3660826 0.0170418057         1    0.33   0.36      0.31
288  0.20312500 0.3660826 0.0170418057         1    0.33   0.36      0.31
289  0.07812500 0.3660826 0.0170418057         1    0.33   0.36      0.31
290  0.11718750 0.3660826 0.0170418057         1    0.33   0.36      0.31
291  1.00000000 0.3660826 0.0170418057         1    0.33   0.36      0.31
292  1.00000000 0.3660826 0.0170418057         1    0.33   0.36      0.31
293  0.30859375 0.3660826 0.0170418057         1    0.33   0.36      0.31
294  0.28125000 0.3660826 0.0170418057         1    0.33   0.36      0.31
295  1.00000000 0.3660826 0.0170418057         1    0.33   0.36      0.31
296  0.04296875 0.3660826 0.0170418057         1    0.33   0.36      0.31
297  1.00000000 0.3660826 0.0170418057         1    0.33   0.36      0.31
298  0.05859375 0.3660826 0.0170418057         1    0.33   0.36      0.31
299  0.06640625 0.3660826 0.0170418057         1    0.33   0.36      0.31
300  0.14453125 0.3660826 0.0170418057         1    0.33   0.36      0.31
301  1.00000000 0.3784173 0.0292983756         1    0.15   0.39      0.46
302  0.17187500 0.3784173 0.0292983756         1    0.15   0.39      0.46
303  1.00000000 0.3784173 0.0292983756         1    0.15   0.39      0.46
304  1.00000000 0.3784173 0.0292983756         1    0.15   0.39      0.46
305  0.09765625 0.3784173 0.0292983756         1    0.15   0.39      0.46
306  0.46093750 0.3784173 0.0292983756         1    0.15   0.39      0.46
307  1.00000000 0.3784173 0.0292983756         1    0.15   0.39      0.46
308  0.26171875 0.3784173 0.0292983756         1    0.15   0.39      0.46
309  1.00000000 0.3784173 0.0292983756         1    0.15   0.39      0.46
310  0.12109375 0.3784173 0.0292983756         1    0.15   0.39      0.46
311  1.00000000 0.3784173 0.0292983756         1    0.15   0.39      0.46
312  0.19921875 0.3784173 0.0292983756         1    0.15   0.39      0.46
313  0.23437500 0.3784173 0.0292983756         1    0.15   0.39      0.46
314  1.00000000 0.3784173 0.0292983756         1    0.15   0.39      0.46
315  0.12500000 0.3784173 0.0292983756         1    0.15   0.39      0.46
316  1.00000000 0.3784173 0.0292983756         1    0.15   0.39      0.46
317  1.00000000 0.3784173 0.0292983756         1    0.15   0.39      0.46
318  1.00000000 0.3784173 0.0292983756         1    0.15   0.39      0.46
319  0.17968750 0.3784173 0.0292983756         1    0.15   0.39      0.46
320  0.10546875 0.3784173 0.0292983756         1    0.15   0.39      0.46
321  0.10156250 0.3784173 0.0292983756         1    0.15   0.39      0.46
322  0.10546875 0.3784173 0.0292983756         1    0.15   0.39      0.46
323  0.07812500 0.3784173 0.0292983756         1    0.15   0.39      0.46
324  0.17968750 0.3784173 0.0292983756         1    0.15   0.39      0.46
325  1.00000000 0.3784173 0.0292983756         1    0.15   0.39      0.46
326  1.00000000 0.3784173 0.0292983756         1    0.15   0.39      0.46
327  0.37500000 0.3784173 0.0292983756         1    0.15   0.39      0.46
328  1.00000000 0.3784173 0.0292983756         1    0.15   0.39      0.46
329  1.00000000 0.3784173 0.0292983756         1    0.15   0.39      0.46
330  1.00000000 0.3784173 0.0292983756         1    0.15   0.39      0.46
331  0.23828125 0.3784173 0.0292983756         1    0.15   0.39      0.46
332  0.12500000 0.3784173 0.0292983756         1    0.15   0.39      0.46
333  1.00000000 0.3784173 0.0292983756         1    0.15   0.39      0.46
334  1.00000000 0.3784173 0.0292983756         1    0.15   0.39      0.46
335  0.53515625 0.3784173 0.0292983756         1    0.15   0.39      0.46
336  0.16015625 0.3784173 0.0292983756         1    0.15   0.39      0.46
337  0.02734375 0.3784173 0.0292983756         1    0.15   0.39      0.46
338  0.04687500 0.3784173 0.0292983756         1    0.15   0.39      0.46
339  0.05078125 0.3784173 0.0292983756         1    0.15   0.39      0.46
340  0.19531250 0.3784173 0.0292983756         1    0.15   0.39      0.46
341  0.11718750 0.3784173 0.0292983756         1    0.15   0.39      0.46
342  0.15234375 0.3784173 0.0292983756         1    0.15   0.39      0.46
343  0.28125000 0.3784173 0.0292983756         1    0.15   0.39      0.46
344  1.00000000 0.3784173 0.0292983756         1    0.15   0.39      0.46
345  1.00000000 0.3784173 0.0292983756         1    0.15   0.39      0.46
346  0.28125000 0.3784173 0.0292983756         1    0.15   0.39      0.46
347  1.00000000 0.3784173 0.0292983756         1    0.15   0.39      0.46
348  1.00000000 0.3784173 0.0292983756         1    0.15   0.39      0.46
349  1.00000000 0.3784173 0.0292983756         1    0.15   0.39      0.46
350  0.38281250 0.3784173 0.0292983756         1    0.15   0.39      0.46
351  1.00000000 0.3784173 0.0292983756         1    0.15   0.39      0.46
352  0.11328125 0.3784173 0.0292983756         1    0.15   0.39      0.46
353  1.00000000 0.3784173 0.0292983756         1    0.15   0.39      0.46
354  1.00000000 0.3784173 0.0292983756         1    0.15   0.39      0.46
355  1.00000000 0.3784173 0.0292983756         1    0.15   0.39      0.46
356  0.25390625 0.3784173 0.0292983756         1    0.15   0.39      0.46
357  0.28515625 0.3784173 0.0292983756         1    0.15   0.39      0.46
358  0.41015625 0.3784173 0.0292983756         1    0.15   0.39      0.46
359  0.10156250 0.3784173 0.0292983756         1    0.15   0.39      0.46
360  0.15234375 0.3784173 0.0292983756         1    0.15   0.39      0.46
361  1.00000000 0.3784173 0.0292983756         1    0.15   0.39      0.46
362  1.00000000 0.3784173 0.0292983756         1    0.15   0.39      0.46
363  0.16406250 0.3784173 0.0292983756         1    0.15   0.39      0.46
364  0.41015625 0.3784173 0.0292983756         1    0.15   0.39      0.46
365  0.31250000 0.3784173 0.0292983756         1    0.15   0.39      0.46
366  1.00000000 0.3784173 0.0292983756         1    0.15   0.39      0.46
367  1.00000000 0.3784173 0.0292983756         1    0.15   0.39      0.46
368  0.37500000 0.3784173 0.0292983756         1    0.15   0.39      0.46
369  1.00000000 0.3784173 0.0292983756         1    0.15   0.39      0.46
370  0.12890625 0.3784173 0.0292983756         1    0.15   0.39      0.46
371  0.10156250 0.3784173 0.0292983756         1    0.15   0.39      0.46
372  0.16796875 0.3784173 0.0292983756         1    0.15   0.39      0.46
373  1.00000000 0.3784173 0.0292983756         1    0.15   0.39      0.46
374  0.08203125 0.3784173 0.0292983756         1    0.15   0.39      0.46
375  0.53515625 0.3784173 0.0292983756         1    0.15   0.39      0.46
376  1.00000000 0.3784173 0.0292983756         1    0.15   0.39      0.46
377  1.00000000 0.3784173 0.0292983756         1    0.15   0.39      0.46
378  0.14453125 0.3784173 0.0292983756         1    0.15   0.39      0.46
379  1.00000000 0.3784173 0.0292983756         1    0.15   0.39      0.46
380  0.18750000 0.3784173 0.0292983756         1    0.15   0.39      0.46
381  1.00000000 0.3784173 0.0292983756         1    0.15   0.39      0.46
382  0.12500000 0.3784173 0.0292983756         1    0.15   0.39      0.46
383  1.00000000 0.3784173 0.0292983756         1    0.15   0.39      0.46
384  1.00000000 0.3784173 0.0292983756         1    0.15   0.39      0.46
385  1.00000000 0.3784173 0.0292983756         1    0.15   0.39      0.46
386  0.44921875 0.3784173 0.0292983756         1    0.15   0.39      0.46
387  1.00000000 0.3784173 0.0292983756         1    0.15   0.39      0.46
388  1.00000000 0.3784173 0.0292983756         1    0.15   0.39      0.46
389  0.14062500 0.3784173 0.0292983756         1    0.15   0.39      0.46
390  1.00000000 0.3784173 0.0292983756         1    0.15   0.39      0.46
391  0.14843750 0.3784173 0.0292983756         1    0.15   0.39      0.46
392  1.00000000 0.3784173 0.0292983756         1    0.15   0.39      0.46
393  1.00000000 0.3784173 0.0292983756         1    0.15   0.39      0.46
394  1.00000000 0.3784173 0.0292983756         1    0.15   0.39      0.46
395  0.12500000 0.3784173 0.0292983756         1    0.15   0.39      0.46
396  0.31250000 0.3784173 0.0292983756         1    0.15   0.39      0.46
397  0.55859375 0.3784173 0.0292983756         1    0.15   0.39      0.46
398  0.14062500 0.3784173 0.0292983756         1    0.15   0.39      0.46
399  0.27734375 0.3784173 0.0292983756         1    0.15   0.39      0.46
400  0.25781250 0.3784173 0.0292983756         1    0.15   0.39      0.46
401  1.00000000 0.5930581 0.0333130523         1    0.13   0.34      0.53
402  0.16406250 0.5930581 0.0333130523         1    0.13   0.34      0.53
403  1.00000000 0.5930581 0.0333130523         1    0.13   0.34      0.53
404  0.14453125 0.5930581 0.0333130523         1    0.13   0.34      0.53
405  0.19140625 0.5930581 0.0333130523         1    0.13   0.34      0.53
406  1.00000000 0.5930581 0.0333130523         1    0.13   0.34      0.53
407  1.00000000 0.5930581 0.0333130523         1    0.13   0.34      0.53
408  1.00000000 0.5930581 0.0333130523         1    0.13   0.34      0.53
409  0.47265625 0.5930581 0.0333130523         1    0.13   0.34      0.53
410  1.00000000 0.5930581 0.0333130523         1    0.13   0.34      0.53
411  1.00000000 0.5930581 0.0333130523         1    0.13   0.34      0.53
412  0.14453125 0.5930581 0.0333130523         1    0.13   0.34      0.53
413  0.05078125 0.5930581 0.0333130523         1    0.13   0.34      0.53
414  1.00000000 0.5930581 0.0333130523         1    0.13   0.34      0.53
415  0.24218750 0.5930581 0.0333130523         1    0.13   0.34      0.53
416  1.00000000 0.5930581 0.0333130523         1    0.13   0.34      0.53
417  1.00000000 0.5930581 0.0333130523         1    0.13   0.34      0.53
418  0.14062500 0.5930581 0.0333130523         1    0.13   0.34      0.53
419  1.00000000 0.5930581 0.0333130523         1    0.13   0.34      0.53
420  1.00000000 0.5930581 0.0333130523         1    0.13   0.34      0.53
421  0.19531250 0.5930581 0.0333130523         1    0.13   0.34      0.53
422  0.23046875 0.5930581 0.0333130523         1    0.13   0.34      0.53
423  0.56250000 0.5930581 0.0333130523         1    0.13   0.34      0.53
424  1.00000000 0.5930581 0.0333130523         1    0.13   0.34      0.53
425  0.21093750 0.5930581 0.0333130523         1    0.13   0.34      0.53
426  1.00000000 0.5930581 0.0333130523         1    0.13   0.34      0.53
427  0.25390625 0.5930581 0.0333130523         1    0.13   0.34      0.53
428  1.00000000 0.5930581 0.0333130523         1    0.13   0.34      0.53
429  0.11718750 0.5930581 0.0333130523         1    0.13   0.34      0.53
430  0.30078125 0.5930581 0.0333130523         1    0.13   0.34      0.53
431  0.18750000 0.5930581 0.0333130523         1    0.13   0.34      0.53
432  1.00000000 0.5930581 0.0333130523         1    0.13   0.34      0.53
433  0.41015625 0.5930581 0.0333130523         1    0.13   0.34      0.53
434  1.00000000 0.5930581 0.0333130523         1    0.13   0.34      0.53
435  0.19531250 0.5930581 0.0333130523         1    0.13   0.34      0.53
436  1.00000000 0.5930581 0.0333130523         1    0.13   0.34      0.53
437  1.00000000 0.5930581 0.0333130523         1    0.13   0.34      0.53
438  1.00000000 0.5930581 0.0333130523         1    0.13   0.34      0.53
439  1.00000000 0.5930581 0.0333130523         1    0.13   0.34      0.53
440  1.00000000 0.5930581 0.0333130523         1    0.13   0.34      0.53
441  1.00000000 0.5930581 0.0333130523         1    0.13   0.34      0.53
442  1.00000000 0.5930581 0.0333130523         1    0.13   0.34      0.53
443  0.16015625 0.5930581 0.0333130523         1    0.13   0.34      0.53
444  0.11718750 0.5930581 0.0333130523         1    0.13   0.34      0.53
445  1.00000000 0.5930581 0.0333130523         1    0.13   0.34      0.53
446  1.00000000 0.5930581 0.0333130523         1    0.13   0.34      0.53
447  1.00000000 0.5930581 0.0333130523         1    0.13   0.34      0.53
448  1.00000000 0.5930581 0.0333130523         1    0.13   0.34      0.53
449  0.23046875 0.5930581 0.0333130523         1    0.13   0.34      0.53
450  1.00000000 0.5930581 0.0333130523         1    0.13   0.34      0.53
451  1.00000000 0.5930581 0.0333130523         1    0.13   0.34      0.53
452  0.23437500 0.5930581 0.0333130523         1    0.13   0.34      0.53
453  0.22656250 0.5930581 0.0333130523         1    0.13   0.34      0.53
454  1.00000000 0.5930581 0.0333130523         1    0.13   0.34      0.53
455  1.00000000 0.5930581 0.0333130523         1    0.13   0.34      0.53
456  0.22656250 0.5930581 0.0333130523         1    0.13   0.34      0.53
457  1.00000000 0.5930581 0.0333130523         1    0.13   0.34      0.53
458  0.41796875 0.5930581 0.0333130523         1    0.13   0.34      0.53
459  0.19140625 0.5930581 0.0333130523         1    0.13   0.34      0.53
460  1.00000000 0.5930581 0.0333130523         1    0.13   0.34      0.53
461  1.00000000 0.5930581 0.0333130523         1    0.13   0.34      0.53
462  1.00000000 0.5930581 0.0333130523         1    0.13   0.34      0.53
463  1.00000000 0.5930581 0.0333130523         1    0.13   0.34      0.53
464  1.00000000 0.5930581 0.0333130523         1    0.13   0.34      0.53
465  0.33593750 0.5930581 0.0333130523         1    0.13   0.34      0.53
466  1.00000000 0.5930581 0.0333130523         1    0.13   0.34      0.53
467  0.20703125 0.5930581 0.0333130523         1    0.13   0.34      0.53
468  0.34375000 0.5930581 0.0333130523         1    0.13   0.34      0.53
469  0.17968750 0.5930581 0.0333130523         1    0.13   0.34      0.53
470  0.07031250 0.5930581 0.0333130523         1    0.13   0.34      0.53
471  1.00000000 0.5930581 0.0333130523         1    0.13   0.34      0.53
472  0.09375000 0.5930581 0.0333130523         1    0.13   0.34      0.53
473  0.28515625 0.5930581 0.0333130523         1    0.13   0.34      0.53
474  1.00000000 0.5930581 0.0333130523         1    0.13   0.34      0.53
475  1.00000000 0.5930581 0.0333130523         1    0.13   0.34      0.53
476  1.00000000 0.5930581 0.0333130523         1    0.13   0.34      0.53
477  0.14062500 0.5930581 0.0333130523         1    0.13   0.34      0.53
478  1.00000000 0.5930581 0.0333130523         1    0.13   0.34      0.53
479  1.00000000 0.5930581 0.0333130523         1    0.13   0.34      0.53
480  1.00000000 0.5930581 0.0333130523         1    0.13   0.34      0.53
481  1.00000000 0.5930581 0.0333130523         1    0.13   0.34      0.53
482  0.12109375 0.5930581 0.0333130523         1    0.13   0.34      0.53
483  1.00000000 0.5930581 0.0333130523         1    0.13   0.34      0.53
484  0.17187500 0.5930581 0.0333130523         1    0.13   0.34      0.53
485  0.14062500 0.5930581 0.0333130523         1    0.13   0.34      0.53
486  1.00000000 0.5930581 0.0333130523         1    0.13   0.34      0.53
487  0.29687500 0.5930581 0.0333130523         1    0.13   0.34      0.53
488  1.00000000 0.5930581 0.0333130523         1    0.13   0.34      0.53
489  0.48437500 0.5930581 0.0333130523         1    0.13   0.34      0.53
490  1.00000000 0.5930581 0.0333130523         1    0.13   0.34      0.53
491  1.00000000 0.5930581 0.0333130523         1    0.13   0.34      0.53
492  0.16796875 0.5930581 0.0333130523         1    0.13   0.34      0.53
493  1.00000000 0.5930581 0.0333130523         1    0.13   0.34      0.53
494  0.06640625 0.5930581 0.0333130523         1    0.13   0.34      0.53
495  0.38671875 0.5930581 0.0333130523         1    0.13   0.34      0.53
496  0.43750000 0.5930581 0.0333130523         1    0.13   0.34      0.53
497  0.58203125 0.5930581 0.0333130523         1    0.13   0.34      0.53
498  0.24609375 0.5930581 0.0333130523         1    0.13   0.34      0.53
499  0.20312500 0.5930581 0.0333130523         1    0.13   0.34      0.53
500  0.19531250 0.5930581 0.0333130523         1    0.13   0.34      0.53
501  0.00000000 0.4187551 0.0003016486         1    0.52   0.00      0.48
502  0.00000000 0.4187551 0.0003016486         1    0.52   0.00      0.48
503  0.00000000 0.4187551 0.0003016486         1    0.52   0.00      0.48
504  0.00000000 0.4187551 0.0003016486         1    0.52   0.00      0.48
505  1.00000000 0.4187551 0.0003016486         1    0.52   0.00      0.48
506  1.00000000 0.4187551 0.0003016486         1    0.52   0.00      0.48
507  1.00000000 0.4187551 0.0003016486         1    0.52   0.00      0.48
508  0.00000000 0.4187551 0.0003016486         1    0.52   0.00      0.48
509  0.00000000 0.4187551 0.0003016486         1    0.52   0.00      0.48
510  0.00000000 0.4187551 0.0003016486         1    0.52   0.00      0.48
511  1.00000000 0.4187551 0.0003016486         1    0.52   0.00      0.48
512  1.00000000 0.4187551 0.0003016486         1    0.52   0.00      0.48
513  0.00000000 0.4187551 0.0003016486         1    0.52   0.00      0.48
514  0.00000000 0.4187551 0.0003016486         1    0.52   0.00      0.48
515  0.00000000 0.4187551 0.0003016486         1    0.52   0.00      0.48
516  1.00000000 0.4187551 0.0003016486         1    0.52   0.00      0.48
517  0.00000000 0.4187551 0.0003016486         1    0.52   0.00      0.48
518  0.00000000 0.4187551 0.0003016486         1    0.52   0.00      0.48
519  1.00000000 0.4187551 0.0003016486         1    0.52   0.00      0.48
520  1.00000000 0.4187551 0.0003016486         1    0.52   0.00      0.48
521  1.00000000 0.4187551 0.0003016486         1    0.52   0.00      0.48
522  0.00000000 0.4187551 0.0003016486         1    0.52   0.00      0.48
523  1.00000000 0.4187551 0.0003016486         1    0.52   0.00      0.48
524  0.00000000 0.4187551 0.0003016486         1    0.52   0.00      0.48
525  0.00000000 0.4187551 0.0003016486         1    0.52   0.00      0.48
526  0.00000000 0.4187551 0.0003016486         1    0.52   0.00      0.48
527  0.00781250 0.4187551 0.0003016486         1    0.52   0.00      0.48
528  1.00000000 0.4187551 0.0003016486         1    0.52   0.00      0.48
529  0.00000000 0.4187551 0.0003016486         1    0.52   0.00      0.48
530  0.00000000 0.4187551 0.0003016486         1    0.52   0.00      0.48
531  0.00000000 0.4187551 0.0003016486         1    0.52   0.00      0.48
532  0.00000000 0.4187551 0.0003016486         1    0.52   0.00      0.48
533  0.00000000 0.4187551 0.0003016486         1    0.52   0.00      0.48
534  1.00000000 0.4187551 0.0003016486         1    0.52   0.00      0.48
535  1.00000000 0.4187551 0.0003016486         1    0.52   0.00      0.48
536  1.00000000 0.4187551 0.0003016486         1    0.52   0.00      0.48
537  1.00000000 0.4187551 0.0003016486         1    0.52   0.00      0.48
538  0.00000000 0.4187551 0.0003016486         1    0.52   0.00      0.48
539  0.00000000 0.4187551 0.0003016486         1    0.52   0.00      0.48
540  1.00000000 0.4187551 0.0003016486         1    0.52   0.00      0.48
541  1.00000000 0.4187551 0.0003016486         1    0.52   0.00      0.48
542  1.00000000 0.4187551 0.0003016486         1    0.52   0.00      0.48
543  0.00000000 0.4187551 0.0003016486         1    0.52   0.00      0.48
544  0.00000000 0.4187551 0.0003016486         1    0.52   0.00      0.48
545  1.00000000 0.4187551 0.0003016486         1    0.52   0.00      0.48
546  0.00000000 0.4187551 0.0003016486         1    0.52   0.00      0.48
547  1.00000000 0.4187551 0.0003016486         1    0.52   0.00      0.48
548  0.00000000 0.4187551 0.0003016486         1    0.52   0.00      0.48
549  1.00000000 0.4187551 0.0003016486         1    0.52   0.00      0.48
550  1.00000000 0.4187551 0.0003016486         1    0.52   0.00      0.48
551  0.00000000 0.4187551 0.0003016486         1    0.52   0.00      0.48
552  1.00000000 0.4187551 0.0003016486         1    0.52   0.00      0.48
553  1.00000000 0.4187551 0.0003016486         1    0.52   0.00      0.48
554  1.00000000 0.4187551 0.0003016486         1    0.52   0.00      0.48
555  0.00000000 0.4187551 0.0003016486         1    0.52   0.00      0.48
556  0.00000000 0.4187551 0.0003016486         1    0.52   0.00      0.48
557  0.00000000 0.4187551 0.0003016486         1    0.52   0.00      0.48
558  1.00000000 0.4187551 0.0003016486         1    0.52   0.00      0.48
559  0.00000000 0.4187551 0.0003016486         1    0.52   0.00      0.48
560  0.00781250 0.4187551 0.0003016486         1    0.52   0.00      0.48
561  1.00000000 0.4187551 0.0003016486         1    0.52   0.00      0.48
562  1.00000000 0.4187551 0.0003016486         1    0.52   0.00      0.48
563  0.00390625 0.4187551 0.0003016486         1    0.52   0.00      0.48
564  1.00000000 0.4187551 0.0003016486         1    0.52   0.00      0.48
565  0.00000000 0.4187551 0.0003016486         1    0.52   0.00      0.48
566  1.00000000 0.4187551 0.0003016486         1    0.52   0.00      0.48
567  1.00000000 0.4187551 0.0003016486         1    0.52   0.00      0.48
568  0.00000000 0.4187551 0.0003016486         1    0.52   0.00      0.48
569  1.00000000 0.4187551 0.0003016486         1    0.52   0.00      0.48
570  0.00000000 0.4187551 0.0003016486         1    0.52   0.00      0.48
571  1.00000000 0.4187551 0.0003016486         1    0.52   0.00      0.48
572  1.00000000 0.4187551 0.0003016486         1    0.52   0.00      0.48
573  0.01562500 0.4187551 0.0003016486         1    0.52   0.00      0.48
574  1.00000000 0.4187551 0.0003016486         1    0.52   0.00      0.48
575  0.00000000 0.4187551 0.0003016486         1    0.52   0.00      0.48
576  1.00000000 0.4187551 0.0003016486         1    0.52   0.00      0.48
577  0.00000000 0.4187551 0.0003016486         1    0.52   0.00      0.48
578  0.00000000 0.4187551 0.0003016486         1    0.52   0.00      0.48
579  0.00000000 0.4187551 0.0003016486         1    0.52   0.00      0.48
580  0.03125000 0.4187551 0.0003016486         1    0.52   0.00      0.48
581  0.00000000 0.4187551 0.0003016486         1    0.52   0.00      0.48
582  1.00000000 0.4187551 0.0003016486         1    0.52   0.00      0.48
583  1.00000000 0.4187551 0.0003016486         1    0.52   0.00      0.48
584  1.00000000 0.4187551 0.0003016486         1    0.52   0.00      0.48
585  1.00000000 0.4187551 0.0003016486         1    0.52   0.00      0.48
586  0.00000000 0.4187551 0.0003016486         1    0.52   0.00      0.48
587  0.01562500 0.4187551 0.0003016486         1    0.52   0.00      0.48
588  1.00000000 0.4187551 0.0003016486         1    0.52   0.00      0.48
589  0.00000000 0.4187551 0.0003016486         1    0.52   0.00      0.48
590  0.00000000 0.4187551 0.0003016486         1    0.52   0.00      0.48
591  1.00000000 0.4187551 0.0003016486         1    0.52   0.00      0.48
592  1.00000000 0.4187551 0.0003016486         1    0.52   0.00      0.48
593  1.00000000 0.4187551 0.0003016486         1    0.52   0.00      0.48
594  1.00000000 0.4187551 0.0003016486         1    0.52   0.00      0.48
595  0.01562500 0.4187551 0.0003016486         1    0.52   0.00      0.48
596  1.00000000 0.4187551 0.0003016486         1    0.52   0.00      0.48
597  0.00000000 0.4187551 0.0003016486         1    0.52   0.00      0.48
598  1.00000000 0.4187551 0.0003016486         1    0.52   0.00      0.48
599  1.00000000 0.4187551 0.0003016486         1    0.52   0.00      0.48
600  0.00000000 0.4187551 0.0003016486         1    0.52   0.00      0.48
601  1.00000000 0.5218259 0.0169847496         1    0.15   0.30      0.55
602  1.00000000 0.5218259 0.0169847496         1    0.15   0.30      0.55
603  0.06640625 0.5218259 0.0169847496         1    0.15   0.30      0.55
604  1.00000000 0.5218259 0.0169847496         1    0.15   0.30      0.55
605  1.00000000 0.5218259 0.0169847496         1    0.15   0.30      0.55
606  1.00000000 0.5218259 0.0169847496         1    0.15   0.30      0.55
607  0.34375000 0.5218259 0.0169847496         1    0.15   0.30      0.55
608  0.05859375 0.5218259 0.0169847496         1    0.15   0.30      0.55
609  1.00000000 0.5218259 0.0169847496         1    0.15   0.30      0.55
610  0.12890625 0.5218259 0.0169847496         1    0.15   0.30      0.55
611  1.00000000 0.5218259 0.0169847496         1    0.15   0.30      0.55
612  0.06640625 0.5218259 0.0169847496         1    0.15   0.30      0.55
613  1.00000000 0.5218259 0.0169847496         1    0.15   0.30      0.55
614  1.00000000 0.5218259 0.0169847496         1    0.15   0.30      0.55
615  1.00000000 0.5218259 0.0169847496         1    0.15   0.30      0.55
616  1.00000000 0.5218259 0.0169847496         1    0.15   0.30      0.55
617  1.00000000 0.5218259 0.0169847496         1    0.15   0.30      0.55
618  1.00000000 0.5218259 0.0169847496         1    0.15   0.30      0.55
619  1.00000000 0.5218259 0.0169847496         1    0.15   0.30      0.55
620  1.00000000 0.5218259 0.0169847496         1    0.15   0.30      0.55
621  1.00000000 0.5218259 0.0169847496         1    0.15   0.30      0.55
622  1.00000000 0.5218259 0.0169847496         1    0.15   0.30      0.55
623  1.00000000 0.5218259 0.0169847496         1    0.15   0.30      0.55
624  0.05859375 0.5218259 0.0169847496         1    0.15   0.30      0.55
625  0.52343750 0.5218259 0.0169847496         1    0.15   0.30      0.55
626  0.03515625 0.5218259 0.0169847496         1    0.15   0.30      0.55
627  0.18750000 0.5218259 0.0169847496         1    0.15   0.30      0.55
628  1.00000000 0.5218259 0.0169847496         1    0.15   0.30      0.55
629  0.07421875 0.5218259 0.0169847496         1    0.15   0.30      0.55
630  0.10156250 0.5218259 0.0169847496         1    0.15   0.30      0.55
631  0.05859375 0.5218259 0.0169847496         1    0.15   0.30      0.55
632  1.00000000 0.5218259 0.0169847496         1    0.15   0.30      0.55
633  1.00000000 0.5218259 0.0169847496         1    0.15   0.30      0.55
634  1.00000000 0.5218259 0.0169847496         1    0.15   0.30      0.55
635  0.51171875 0.5218259 0.0169847496         1    0.15   0.30      0.55
636  1.00000000 0.5218259 0.0169847496         1    0.15   0.30      0.55
637  1.00000000 0.5218259 0.0169847496         1    0.15   0.30      0.55
638  0.08203125 0.5218259 0.0169847496         1    0.15   0.30      0.55
639  0.52343750 0.5218259 0.0169847496         1    0.15   0.30      0.55
640  1.00000000 0.5218259 0.0169847496         1    0.15   0.30      0.55
641  1.00000000 0.5218259 0.0169847496         1    0.15   0.30      0.55
642  1.00000000 0.5218259 0.0169847496         1    0.15   0.30      0.55
643  1.00000000 0.5218259 0.0169847496         1    0.15   0.30      0.55
644  0.06250000 0.5218259 0.0169847496         1    0.15   0.30      0.55
645  1.00000000 0.5218259 0.0169847496         1    0.15   0.30      0.55
646  0.19140625 0.5218259 0.0169847496         1    0.15   0.30      0.55
647  1.00000000 0.5218259 0.0169847496         1    0.15   0.30      0.55
648  0.14843750 0.5218259 0.0169847496         1    0.15   0.30      0.55
649  1.00000000 0.5218259 0.0169847496         1    0.15   0.30      0.55
650  1.00000000 0.5218259 0.0169847496         1    0.15   0.30      0.55
651  0.10937500 0.5218259 0.0169847496         1    0.15   0.30      0.55
652  0.06250000 0.5218259 0.0169847496         1    0.15   0.30      0.55
653  1.00000000 0.5218259 0.0169847496         1    0.15   0.30      0.55
654  1.00000000 0.5218259 0.0169847496         1    0.15   0.30      0.55
655  0.01953125 0.5218259 0.0169847496         1    0.15   0.30      0.55
656  1.00000000 0.5218259 0.0169847496         1    0.15   0.30      0.55
657  0.03515625 0.5218259 0.0169847496         1    0.15   0.30      0.55
658  1.00000000 0.5218259 0.0169847496         1    0.15   0.30      0.55
659  0.51171875 0.5218259 0.0169847496         1    0.15   0.30      0.55
660  1.00000000 0.5218259 0.0169847496         1    0.15   0.30      0.55
661  1.00000000 0.5218259 0.0169847496         1    0.15   0.30      0.55
662  0.05468750 0.5218259 0.0169847496         1    0.15   0.30      0.55
663  0.02343750 0.5218259 0.0169847496         1    0.15   0.30      0.55
664  1.00000000 0.5218259 0.0169847496         1    0.15   0.30      0.55
665  0.27734375 0.5218259 0.0169847496         1    0.15   0.30      0.55
666  0.18359375 0.5218259 0.0169847496         1    0.15   0.30      0.55
667  1.00000000 0.5218259 0.0169847496         1    0.15   0.30      0.55
668  1.00000000 0.5218259 0.0169847496         1    0.15   0.30      0.55
669  0.32421875 0.5218259 0.0169847496         1    0.15   0.30      0.55
670  0.01953125 0.5218259 0.0169847496         1    0.15   0.30      0.55
671  1.00000000 0.5218259 0.0169847496         1    0.15   0.30      0.55
672  1.00000000 0.5218259 0.0169847496         1    0.15   0.30      0.55
673  0.05078125 0.5218259 0.0169847496         1    0.15   0.30      0.55
674  1.00000000 0.5218259 0.0169847496         1    0.15   0.30      0.55
675  1.00000000 0.5218259 0.0169847496         1    0.15   0.30      0.55
676  0.01953125 0.5218259 0.0169847496         1    0.15   0.30      0.55
677  1.00000000 0.5218259 0.0169847496         1    0.15   0.30      0.55
678  0.35156250 0.5218259 0.0169847496         1    0.15   0.30      0.55
679  0.04296875 0.5218259 0.0169847496         1    0.15   0.30      0.55
680  1.00000000 0.5218259 0.0169847496         1    0.15   0.30      0.55
681  0.21875000 0.5218259 0.0169847496         1    0.15   0.30      0.55
682  0.04687500 0.5218259 0.0169847496         1    0.15   0.30      0.55
683  0.06640625 0.5218259 0.0169847496         1    0.15   0.30      0.55
684  1.00000000 0.5218259 0.0169847496         1    0.15   0.30      0.55
685  1.00000000 0.5218259 0.0169847496         1    0.15   0.30      0.55
686  0.08593750 0.5218259 0.0169847496         1    0.15   0.30      0.55
687  0.27343750 0.5218259 0.0169847496         1    0.15   0.30      0.55
688  0.13281250 0.5218259 0.0169847496         1    0.15   0.30      0.55
689  0.07421875 0.5218259 0.0169847496         1    0.15   0.30      0.55
690  0.50781250 0.5218259 0.0169847496         1    0.15   0.30      0.55
691  0.11718750 0.5218259 0.0169847496         1    0.15   0.30      0.55
692  0.05859375 0.5218259 0.0169847496         1    0.15   0.30      0.55
693  1.00000000 0.5218259 0.0169847496         1    0.15   0.30      0.55
694  0.08984375 0.5218259 0.0169847496         1    0.15   0.30      0.55
695  1.00000000 0.5218259 0.0169847496         1    0.15   0.30      0.55
696  0.06640625 0.5218259 0.0169847496         1    0.15   0.30      0.55
697  1.00000000 0.5218259 0.0169847496         1    0.15   0.30      0.55
698  1.00000000 0.5218259 0.0169847496         1    0.15   0.30      0.55
699  1.00000000 0.5218259 0.0169847496         1    0.15   0.30      0.55
700  1.00000000 0.5218259 0.0169847496         1    0.15   0.30      0.55
701  1.00000000 0.5048134 0.0035138763         1    0.39   0.06      0.55
702  1.00000000 0.5048134 0.0035138763         1    0.39   0.06      0.55
703  0.25390625 0.5048134 0.0035138763         1    0.39   0.06      0.55
704  1.00000000 0.5048134 0.0035138763         1    0.39   0.06      0.55
705  0.00781250 0.5048134 0.0035138763         1    0.39   0.06      0.55
706  0.06640625 0.5048134 0.0035138763         1    0.39   0.06      0.55
707  1.00000000 0.5048134 0.0035138763         1    0.39   0.06      0.55
708  1.00000000 0.5048134 0.0035138763         1    0.39   0.06      0.55
709  0.00781250 0.5048134 0.0035138763         1    0.39   0.06      0.55
710  0.00000000 0.5048134 0.0035138763         1    0.39   0.06      0.55
711  1.00000000 0.5048134 0.0035138763         1    0.39   0.06      0.55
712  1.00000000 0.5048134 0.0035138763         1    0.39   0.06      0.55
713  0.00390625 0.5048134 0.0035138763         1    0.39   0.06      0.55
714  0.01171875 0.5048134 0.0035138763         1    0.39   0.06      0.55
715  0.02343750 0.5048134 0.0035138763         1    0.39   0.06      0.55
716  1.00000000 0.5048134 0.0035138763         1    0.39   0.06      0.55
717  1.00000000 0.5048134 0.0035138763         1    0.39   0.06      0.55
718  0.00390625 0.5048134 0.0035138763         1    0.39   0.06      0.55
719  1.00000000 0.5048134 0.0035138763         1    0.39   0.06      0.55
720  0.00781250 0.5048134 0.0035138763         1    0.39   0.06      0.55
721  1.00000000 0.5048134 0.0035138763         1    0.39   0.06      0.55
722  0.00390625 0.5048134 0.0035138763         1    0.39   0.06      0.55
723  1.00000000 0.5048134 0.0035138763         1    0.39   0.06      0.55
724  1.00000000 0.5048134 0.0035138763         1    0.39   0.06      0.55
725  0.28906250 0.5048134 0.0035138763         1    0.39   0.06      0.55
726  0.00781250 0.5048134 0.0035138763         1    0.39   0.06      0.55
727  0.00390625 0.5048134 0.0035138763         1    0.39   0.06      0.55
728  1.00000000 0.5048134 0.0035138763         1    0.39   0.06      0.55
729  1.00000000 0.5048134 0.0035138763         1    0.39   0.06      0.55
730  1.00000000 0.5048134 0.0035138763         1    0.39   0.06      0.55
731  1.00000000 0.5048134 0.0035138763         1    0.39   0.06      0.55
732  1.00000000 0.5048134 0.0035138763         1    0.39   0.06      0.55
733  0.03125000 0.5048134 0.0035138763         1    0.39   0.06      0.55
734  1.00000000 0.5048134 0.0035138763         1    0.39   0.06      0.55
735  1.00000000 0.5048134 0.0035138763         1    0.39   0.06      0.55
736  1.00000000 0.5048134 0.0035138763         1    0.39   0.06      0.55
737  0.00390625 0.5048134 0.0035138763         1    0.39   0.06      0.55
738  1.00000000 0.5048134 0.0035138763         1    0.39   0.06      0.55
739  1.00000000 0.5048134 0.0035138763         1    0.39   0.06      0.55
740  0.01171875 0.5048134 0.0035138763         1    0.39   0.06      0.55
741  0.03906250 0.5048134 0.0035138763         1    0.39   0.06      0.55
742  1.00000000 0.5048134 0.0035138763         1    0.39   0.06      0.55
743  0.00781250 0.5048134 0.0035138763         1    0.39   0.06      0.55
744  0.00390625 0.5048134 0.0035138763         1    0.39   0.06      0.55
745  0.01562500 0.5048134 0.0035138763         1    0.39   0.06      0.55
746  1.00000000 0.5048134 0.0035138763         1    0.39   0.06      0.55
747  1.00000000 0.5048134 0.0035138763         1    0.39   0.06      0.55
748  1.00000000 0.5048134 0.0035138763         1    0.39   0.06      0.55
749  0.06250000 0.5048134 0.0035138763         1    0.39   0.06      0.55
750  0.01953125 0.5048134 0.0035138763         1    0.39   0.06      0.55
751  1.00000000 0.5048134 0.0035138763         1    0.39   0.06      0.55
752  1.00000000 0.5048134 0.0035138763         1    0.39   0.06      0.55
753  0.00781250 0.5048134 0.0035138763         1    0.39   0.06      0.55
754  0.00781250 0.5048134 0.0035138763         1    0.39   0.06      0.55
755  1.00000000 0.5048134 0.0035138763         1    0.39   0.06      0.55
756  1.00000000 0.5048134 0.0035138763         1    0.39   0.06      0.55
757  0.04687500 0.5048134 0.0035138763         1    0.39   0.06      0.55
758  1.00000000 0.5048134 0.0035138763         1    0.39   0.06      0.55
759  1.00000000 0.5048134 0.0035138763         1    0.39   0.06      0.55
760  1.00000000 0.5048134 0.0035138763         1    0.39   0.06      0.55
761  0.01562500 0.5048134 0.0035138763         1    0.39   0.06      0.55
762  1.00000000 0.5048134 0.0035138763         1    0.39   0.06      0.55
763  1.00000000 0.5048134 0.0035138763         1    0.39   0.06      0.55
764  1.00000000 0.5048134 0.0035138763         1    0.39   0.06      0.55
765  1.00000000 0.5048134 0.0035138763         1    0.39   0.06      0.55
766  0.00781250 0.5048134 0.0035138763         1    0.39   0.06      0.55
767  1.00000000 0.5048134 0.0035138763         1    0.39   0.06      0.55
768  1.00000000 0.5048134 0.0035138763         1    0.39   0.06      0.55
769  0.00000000 0.5048134 0.0035138763         1    0.39   0.06      0.55
770  1.00000000 0.5048134 0.0035138763         1    0.39   0.06      0.55
771  1.00000000 0.5048134 0.0035138763         1    0.39   0.06      0.55
772  0.00000000 0.5048134 0.0035138763         1    0.39   0.06      0.55
773  1.00000000 0.5048134 0.0035138763         1    0.39   0.06      0.55
774  0.00390625 0.5048134 0.0035138763         1    0.39   0.06      0.55
775  0.04687500 0.5048134 0.0035138763         1    0.39   0.06      0.55
776  1.00000000 0.5048134 0.0035138763         1    0.39   0.06      0.55
777  0.01953125 0.5048134 0.0035138763         1    0.39   0.06      0.55
778  0.01562500 0.5048134 0.0035138763         1    0.39   0.06      0.55
779  1.00000000 0.5048134 0.0035138763         1    0.39   0.06      0.55
780  0.00390625 0.5048134 0.0035138763         1    0.39   0.06      0.55
781  1.00000000 0.5048134 0.0035138763         1    0.39   0.06      0.55
782  1.00000000 0.5048134 0.0035138763         1    0.39   0.06      0.55
783  1.00000000 0.5048134 0.0035138763         1    0.39   0.06      0.55
784  1.00000000 0.5048134 0.0035138763         1    0.39   0.06      0.55
785  1.00000000 0.5048134 0.0035138763         1    0.39   0.06      0.55
786  0.00781250 0.5048134 0.0035138763         1    0.39   0.06      0.55
787  0.01562500 0.5048134 0.0035138763         1    0.39   0.06      0.55
788  0.01171875 0.5048134 0.0035138763         1    0.39   0.06      0.55
789  0.02734375 0.5048134 0.0035138763         1    0.39   0.06      0.55
790  0.01171875 0.5048134 0.0035138763         1    0.39   0.06      0.55
791  0.00390625 0.5048134 0.0035138763         1    0.39   0.06      0.55
792  1.00000000 0.5048134 0.0035138763         1    0.39   0.06      0.55
793  1.00000000 0.5048134 0.0035138763         1    0.39   0.06      0.55
794  0.00390625 0.5048134 0.0035138763         1    0.39   0.06      0.55
795  1.00000000 0.5048134 0.0035138763         1    0.39   0.06      0.55
796  1.00000000 0.5048134 0.0035138763         1    0.39   0.06      0.55
797  0.00000000 0.5048134 0.0035138763         1    0.39   0.06      0.55
798  0.00390625 0.5048134 0.0035138763         1    0.39   0.06      0.55
799  1.00000000 0.5048134 0.0035138763         1    0.39   0.06      0.55
800  0.00000000 0.5048134 0.0035138763         1    0.39   0.06      0.55
801  0.02343750 0.2775633 0.0044519145         1    0.62   0.09      0.29
802  1.00000000 0.2775633 0.0044519145         1    0.62   0.09      0.29
803  0.01171875 0.2775633 0.0044519145         1    0.62   0.09      0.29
804  0.00781250 0.2775633 0.0044519145         1    0.62   0.09      0.29
805  0.50000000 0.2775633 0.0044519145         1    0.62   0.09      0.29
806  1.00000000 0.2775633 0.0044519145         1    0.62   0.09      0.29
807  1.00000000 0.2775633 0.0044519145         1    0.62   0.09      0.29
808  1.00000000 0.2775633 0.0044519145         1    0.62   0.09      0.29
809  1.00000000 0.2775633 0.0044519145         1    0.62   0.09      0.29
810  1.00000000 0.2775633 0.0044519145         1    0.62   0.09      0.29
811  0.00390625 0.2775633 0.0044519145         1    0.62   0.09      0.29
812  0.00781250 0.2775633 0.0044519145         1    0.62   0.09      0.29
813  0.00781250 0.2775633 0.0044519145         1    0.62   0.09      0.29
814  0.02343750 0.2775633 0.0044519145         1    0.62   0.09      0.29
815  0.00000000 0.2775633 0.0044519145         1    0.62   0.09      0.29
816  0.00000000 0.2775633 0.0044519145         1    0.62   0.09      0.29
817  1.00000000 0.2775633 0.0044519145         1    0.62   0.09      0.29
818  1.00000000 0.2775633 0.0044519145         1    0.62   0.09      0.29
819  1.00000000 0.2775633 0.0044519145         1    0.62   0.09      0.29
820  0.00781250 0.2775633 0.0044519145         1    0.62   0.09      0.29
821  0.00781250 0.2775633 0.0044519145         1    0.62   0.09      0.29
822  1.00000000 0.2775633 0.0044519145         1    0.62   0.09      0.29
823  0.00000000 0.2775633 0.0044519145         1    0.62   0.09      0.29
824  0.04296875 0.2775633 0.0044519145         1    0.62   0.09      0.29
825  0.01562500 0.2775633 0.0044519145         1    0.62   0.09      0.29
826  1.00000000 0.2775633 0.0044519145         1    0.62   0.09      0.29
827  0.05859375 0.2775633 0.0044519145         1    0.62   0.09      0.29
828  1.00000000 0.2775633 0.0044519145         1    0.62   0.09      0.29
829  0.01562500 0.2775633 0.0044519145         1    0.62   0.09      0.29
830  0.00000000 0.2775633 0.0044519145         1    0.62   0.09      0.29
831  0.01171875 0.2775633 0.0044519145         1    0.62   0.09      0.29
832  0.01562500 0.2775633 0.0044519145         1    0.62   0.09      0.29
833  1.00000000 0.2775633 0.0044519145         1    0.62   0.09      0.29
834  1.00000000 0.2775633 0.0044519145         1    0.62   0.09      0.29
835  1.00000000 0.2775633 0.0044519145         1    0.62   0.09      0.29
836  1.00000000 0.2775633 0.0044519145         1    0.62   0.09      0.29
837  1.00000000 0.2775633 0.0044519145         1    0.62   0.09      0.29
838  0.00390625 0.2775633 0.0044519145         1    0.62   0.09      0.29
839  0.01953125 0.2775633 0.0044519145         1    0.62   0.09      0.29
840  0.01171875 0.2775633 0.0044519145         1    0.62   0.09      0.29
841  1.00000000 0.2775633 0.0044519145         1    0.62   0.09      0.29
842  0.25390625 0.2775633 0.0044519145         1    0.62   0.09      0.29
843  1.00000000 0.2775633 0.0044519145         1    0.62   0.09      0.29
844  0.00390625 0.2775633 0.0044519145         1    0.62   0.09      0.29
845  1.00000000 0.2775633 0.0044519145         1    0.62   0.09      0.29
846  0.01562500 0.2775633 0.0044519145         1    0.62   0.09      0.29
847  1.00000000 0.2775633 0.0044519145         1    0.62   0.09      0.29
848  0.12500000 0.2775633 0.0044519145         1    0.62   0.09      0.29
849  0.00000000 0.2775633 0.0044519145         1    0.62   0.09      0.29
850  0.00390625 0.2775633 0.0044519145         1    0.62   0.09      0.29
851  0.02343750 0.2775633 0.0044519145         1    0.62   0.09      0.29
852  1.00000000 0.2775633 0.0044519145         1    0.62   0.09      0.29
853  0.07031250 0.2775633 0.0044519145         1    0.62   0.09      0.29
854  0.00781250 0.2775633 0.0044519145         1    0.62   0.09      0.29
855  0.08203125 0.2775633 0.0044519145         1    0.62   0.09      0.29
856  0.03906250 0.2775633 0.0044519145         1    0.62   0.09      0.29
857  0.00781250 0.2775633 0.0044519145         1    0.62   0.09      0.29
858  1.00000000 0.2775633 0.0044519145         1    0.62   0.09      0.29
859  0.02734375 0.2775633 0.0044519145         1    0.62   0.09      0.29
860  0.00781250 0.2775633 0.0044519145         1    0.62   0.09      0.29
861  0.10156250 0.2775633 0.0044519145         1    0.62   0.09      0.29
862  0.00781250 0.2775633 0.0044519145         1    0.62   0.09      0.29
863  1.00000000 0.2775633 0.0044519145         1    0.62   0.09      0.29
864  0.01171875 0.2775633 0.0044519145         1    0.62   0.09      0.29
865  1.00000000 0.2775633 0.0044519145         1    0.62   0.09      0.29
866  0.01171875 0.2775633 0.0044519145         1    0.62   0.09      0.29
867  0.03125000 0.2775633 0.0044519145         1    0.62   0.09      0.29
868  0.02734375 0.2775633 0.0044519145         1    0.62   0.09      0.29
869  0.01562500 0.2775633 0.0044519145         1    0.62   0.09      0.29
870  0.16015625 0.2775633 0.0044519145         1    0.62   0.09      0.29
871  0.01171875 0.2775633 0.0044519145         1    0.62   0.09      0.29
872  0.01562500 0.2775633 0.0044519145         1    0.62   0.09      0.29
873  0.02343750 0.2775633 0.0044519145         1    0.62   0.09      0.29
874  0.06640625 0.2775633 0.0044519145         1    0.62   0.09      0.29
875  0.02734375 0.2775633 0.0044519145         1    0.62   0.09      0.29
876  0.20312500 0.2775633 0.0044519145         1    0.62   0.09      0.29
877  0.00390625 0.2775633 0.0044519145         1    0.62   0.09      0.29
878  1.00000000 0.2775633 0.0044519145         1    0.62   0.09      0.29
879  0.00000000 0.2775633 0.0044519145         1    0.62   0.09      0.29
880  0.01171875 0.2775633 0.0044519145         1    0.62   0.09      0.29
881  0.00390625 0.2775633 0.0044519145         1    0.62   0.09      0.29
882  0.01562500 0.2775633 0.0044519145         1    0.62   0.09      0.29
883  0.00781250 0.2775633 0.0044519145         1    0.62   0.09      0.29
884  0.00781250 0.2775633 0.0044519145         1    0.62   0.09      0.29
885  0.01562500 0.2775633 0.0044519145         1    0.62   0.09      0.29
886  0.02734375 0.2775633 0.0044519145         1    0.62   0.09      0.29
887  1.00000000 0.2775633 0.0044519145         1    0.62   0.09      0.29
888  0.01953125 0.2775633 0.0044519145         1    0.62   0.09      0.29
889  0.00000000 0.2775633 0.0044519145         1    0.62   0.09      0.29
890  0.00390625 0.2775633 0.0044519145         1    0.62   0.09      0.29
891  0.00390625 0.2775633 0.0044519145         1    0.62   0.09      0.29
892  0.01562500 0.2775633 0.0044519145         1    0.62   0.09      0.29
893  0.01953125 0.2775633 0.0044519145         1    0.62   0.09      0.29
894  0.07031250 0.2775633 0.0044519145         1    0.62   0.09      0.29
895  1.00000000 0.2775633 0.0044519145         1    0.62   0.09      0.29
896  0.01562500 0.2775633 0.0044519145         1    0.62   0.09      0.29
897  0.01171875 0.2775633 0.0044519145         1    0.62   0.09      0.29
898  1.00000000 0.2775633 0.0044519145         1    0.62   0.09      0.29
899  0.01171875 0.2775633 0.0044519145         1    0.62   0.09      0.29
900  0.00000000 0.2775633 0.0044519145         1    0.62   0.09      0.29
901  1.00000000 0.4373428 0.0069627282         1    0.41   0.12      0.47
902  1.00000000 0.4373428 0.0069627282         1    0.41   0.12      0.47
903  0.01171875 0.4373428 0.0069627282         1    0.41   0.12      0.47
904  0.01562500 0.4373428 0.0069627282         1    0.41   0.12      0.47
905  1.00000000 0.4373428 0.0069627282         1    0.41   0.12      0.47
906  0.01953125 0.4373428 0.0069627282         1    0.41   0.12      0.47
907  0.05078125 0.4373428 0.0069627282         1    0.41   0.12      0.47
908  1.00000000 0.4373428 0.0069627282         1    0.41   0.12      0.47
909  0.00390625 0.4373428 0.0069627282         1    0.41   0.12      0.47
910  0.00781250 0.4373428 0.0069627282         1    0.41   0.12      0.47
911  0.06250000 0.4373428 0.0069627282         1    0.41   0.12      0.47
912  0.06250000 0.4373428 0.0069627282         1    0.41   0.12      0.47
913  1.00000000 0.4373428 0.0069627282         1    0.41   0.12      0.47
914  0.17968750 0.4373428 0.0069627282         1    0.41   0.12      0.47
915  0.02343750 0.4373428 0.0069627282         1    0.41   0.12      0.47
916  0.01953125 0.4373428 0.0069627282         1    0.41   0.12      0.47
917  0.01562500 0.4373428 0.0069627282         1    0.41   0.12      0.47
918  1.00000000 0.4373428 0.0069627282         1    0.41   0.12      0.47
919  1.00000000 0.4373428 0.0069627282         1    0.41   0.12      0.47
920  1.00000000 0.4373428 0.0069627282         1    0.41   0.12      0.47
921  0.00781250 0.4373428 0.0069627282         1    0.41   0.12      0.47
922  0.07421875 0.4373428 0.0069627282         1    0.41   0.12      0.47
923  1.00000000 0.4373428 0.0069627282         1    0.41   0.12      0.47
924  1.00000000 0.4373428 0.0069627282         1    0.41   0.12      0.47
925  1.00000000 0.4373428 0.0069627282         1    0.41   0.12      0.47
926  1.00000000 0.4373428 0.0069627282         1    0.41   0.12      0.47
927  0.03906250 0.4373428 0.0069627282         1    0.41   0.12      0.47
928  1.00000000 0.4373428 0.0069627282         1    0.41   0.12      0.47
929  0.01562500 0.4373428 0.0069627282         1    0.41   0.12      0.47
930  0.07812500 0.4373428 0.0069627282         1    0.41   0.12      0.47
931  1.00000000 0.4373428 0.0069627282         1    0.41   0.12      0.47
932  1.00000000 0.4373428 0.0069627282         1    0.41   0.12      0.47
933  1.00000000 0.4373428 0.0069627282         1    0.41   0.12      0.47
934  1.00000000 0.4373428 0.0069627282         1    0.41   0.12      0.47
935  1.00000000 0.4373428 0.0069627282         1    0.41   0.12      0.47
936  0.00390625 0.4373428 0.0069627282         1    0.41   0.12      0.47
937  1.00000000 0.4373428 0.0069627282         1    0.41   0.12      0.47
938  1.00000000 0.4373428 0.0069627282         1    0.41   0.12      0.47
939  0.03515625 0.4373428 0.0069627282         1    0.41   0.12      0.47
940  0.01171875 0.4373428 0.0069627282         1    0.41   0.12      0.47
941  0.00390625 0.4373428 0.0069627282         1    0.41   0.12      0.47
942  0.06640625 0.4373428 0.0069627282         1    0.41   0.12      0.47
943  1.00000000 0.4373428 0.0069627282         1    0.41   0.12      0.47
944  0.14843750 0.4373428 0.0069627282         1    0.41   0.12      0.47
945  1.00000000 0.4373428 0.0069627282         1    0.41   0.12      0.47
946  0.01171875 0.4373428 0.0069627282         1    0.41   0.12      0.47
947  1.00000000 0.4373428 0.0069627282         1    0.41   0.12      0.47
948  1.00000000 0.4373428 0.0069627282         1    0.41   0.12      0.47
949  0.04687500 0.4373428 0.0069627282         1    0.41   0.12      0.47
950  0.04687500 0.4373428 0.0069627282         1    0.41   0.12      0.47
951  0.01171875 0.4373428 0.0069627282         1    0.41   0.12      0.47
952  1.00000000 0.4373428 0.0069627282         1    0.41   0.12      0.47
953  0.05078125 0.4373428 0.0069627282         1    0.41   0.12      0.47
954  0.53515625 0.4373428 0.0069627282         1    0.41   0.12      0.47
955  1.00000000 0.4373428 0.0069627282         1    0.41   0.12      0.47
956  0.07812500 0.4373428 0.0069627282         1    0.41   0.12      0.47
957  1.00000000 0.4373428 0.0069627282         1    0.41   0.12      0.47
958  0.02734375 0.4373428 0.0069627282         1    0.41   0.12      0.47
959  1.00000000 0.4373428 0.0069627282         1    0.41   0.12      0.47
960  0.03906250 0.4373428 0.0069627282         1    0.41   0.12      0.47
961  0.05078125 0.4373428 0.0069627282         1    0.41   0.12      0.47
962  1.00000000 0.4373428 0.0069627282         1    0.41   0.12      0.47
963  1.00000000 0.4373428 0.0069627282         1    0.41   0.12      0.47
964  0.02343750 0.4373428 0.0069627282         1    0.41   0.12      0.47
965  1.00000000 0.4373428 0.0069627282         1    0.41   0.12      0.47
966  0.08984375 0.4373428 0.0069627282         1    0.41   0.12      0.47
967  0.17578125 0.4373428 0.0069627282         1    0.41   0.12      0.47
968  1.00000000 0.4373428 0.0069627282         1    0.41   0.12      0.47
969  0.00390625 0.4373428 0.0069627282         1    0.41   0.12      0.47
970  1.00000000 0.4373428 0.0069627282         1    0.41   0.12      0.47
971  0.02734375 0.4373428 0.0069627282         1    0.41   0.12      0.47
972  0.04296875 0.4373428 0.0069627282         1    0.41   0.12      0.47
973  1.00000000 0.4373428 0.0069627282         1    0.41   0.12      0.47
974  0.03125000 0.4373428 0.0069627282         1    0.41   0.12      0.47
975  1.00000000 0.4373428 0.0069627282         1    0.41   0.12      0.47
976  1.00000000 0.4373428 0.0069627282         1    0.41   0.12      0.47
977  0.00000000 0.4373428 0.0069627282         1    0.41   0.12      0.47
978  0.07421875 0.4373428 0.0069627282         1    0.41   0.12      0.47
979  0.16015625 0.4373428 0.0069627282         1    0.41   0.12      0.47
980  1.00000000 0.4373428 0.0069627282         1    0.41   0.12      0.47
981  0.00000000 0.4373428 0.0069627282         1    0.41   0.12      0.47
982  0.00390625 0.4373428 0.0069627282         1    0.41   0.12      0.47
983  1.00000000 0.4373428 0.0069627282         1    0.41   0.12      0.47
984  1.00000000 0.4373428 0.0069627282         1    0.41   0.12      0.47
985  1.00000000 0.4373428 0.0069627282         1    0.41   0.12      0.47
986  0.01953125 0.4373428 0.0069627282         1    0.41   0.12      0.47
987  0.01953125 0.4373428 0.0069627282         1    0.41   0.12      0.47
988  0.01562500 0.4373428 0.0069627282         1    0.41   0.12      0.47
989  0.03515625 0.4373428 0.0069627282         1    0.41   0.12      0.47
990  1.00000000 0.4373428 0.0069627282         1    0.41   0.12      0.47
991  1.00000000 0.4373428 0.0069627282         1    0.41   0.12      0.47
992  1.00000000 0.4373428 0.0069627282         1    0.41   0.12      0.47
993  1.00000000 0.4373428 0.0069627282         1    0.41   0.12      0.47
994  0.00781250 0.4373428 0.0069627282         1    0.41   0.12      0.47
995  0.02734375 0.4373428 0.0069627282         1    0.41   0.12      0.47
996  1.00000000 0.4373428 0.0069627282         1    0.41   0.12      0.47
997  0.00390625 0.4373428 0.0069627282         1    0.41   0.12      0.47
998  0.00781250 0.4373428 0.0069627282         1    0.41   0.12      0.47
999  1.00000000 0.4373428 0.0069627282         1    0.41   0.12      0.47
1000 1.00000000 0.4373428 0.0069627282         1    0.41   0.12      0.47
