      prop.aneu prob.meio   prob.mito dispersal euploid mosaic aneuploid
1    0.23437500 0.4983203 0.045799188         1    0.10   0.38      0.52
2    0.19921875 0.4983203 0.045799188         1    0.10   0.38      0.52
3    1.00000000 0.4983203 0.045799188         1    0.10   0.38      0.52
4    1.00000000 0.4983203 0.045799188         1    0.10   0.38      0.52
5    0.30078125 0.4983203 0.045799188         1    0.10   0.38      0.52
6    1.00000000 0.4983203 0.045799188         1    0.10   0.38      0.52
7    1.00000000 0.4983203 0.045799188         1    0.10   0.38      0.52
8    0.15234375 0.4983203 0.045799188         1    0.10   0.38      0.52
9    1.00000000 0.4983203 0.045799188         1    0.10   0.38      0.52
10   0.35937500 0.4983203 0.045799188         1    0.10   0.38      0.52
11   1.00000000 0.4983203 0.045799188         1    0.10   0.38      0.52
12   1.00000000 0.4983203 0.045799188         1    0.10   0.38      0.52
13   1.00000000 0.4983203 0.045799188         1    0.10   0.38      0.52
14   1.00000000 0.4983203 0.045799188         1    0.10   0.38      0.52
15   0.24218750 0.4983203 0.045799188         1    0.10   0.38      0.52
16   1.00000000 0.4983203 0.045799188         1    0.10   0.38      0.52
17   0.20703125 0.4983203 0.045799188         1    0.10   0.38      0.52
18   0.21484375 0.4983203 0.045799188         1    0.10   0.38      0.52
19   0.28515625 0.4983203 0.045799188         1    0.10   0.38      0.52
20   1.00000000 0.4983203 0.045799188         1    0.10   0.38      0.52
21   1.00000000 0.4983203 0.045799188         1    0.10   0.38      0.52
22   0.17578125 0.4983203 0.045799188         1    0.10   0.38      0.52
23   1.00000000 0.4983203 0.045799188         1    0.10   0.38      0.52
24   0.33593750 0.4983203 0.045799188         1    0.10   0.38      0.52
25   1.00000000 0.4983203 0.045799188         1    0.10   0.38      0.52
26   1.00000000 0.4983203 0.045799188         1    0.10   0.38      0.52
27   1.00000000 0.4983203 0.045799188         1    0.10   0.38      0.52
28   1.00000000 0.4983203 0.045799188         1    0.10   0.38      0.52
29   0.21093750 0.4983203 0.045799188         1    0.10   0.38      0.52
30   0.37500000 0.4983203 0.045799188         1    0.10   0.38      0.52
31   1.00000000 0.4983203 0.045799188         1    0.10   0.38      0.52
32   1.00000000 0.4983203 0.045799188         1    0.10   0.38      0.52
33   1.00000000 0.4983203 0.045799188         1    0.10   0.38      0.52
34   0.35546875 0.4983203 0.045799188         1    0.10   0.38      0.52
35   0.11718750 0.4983203 0.045799188         1    0.10   0.38      0.52
36   0.58593750 0.4983203 0.045799188         1    0.10   0.38      0.52
37   0.48046875 0.4983203 0.045799188         1    0.10   0.38      0.52
38   1.00000000 0.4983203 0.045799188         1    0.10   0.38      0.52
39   0.33203125 0.4983203 0.045799188         1    0.10   0.38      0.52
40   0.27734375 0.4983203 0.045799188         1    0.10   0.38      0.52
41   1.00000000 0.4983203 0.045799188         1    0.10   0.38      0.52
42   0.35156250 0.4983203 0.045799188         1    0.10   0.38      0.52
43   1.00000000 0.4983203 0.045799188         1    0.10   0.38      0.52
44   0.36718750 0.4983203 0.045799188         1    0.10   0.38      0.52
45   0.28515625 0.4983203 0.045799188         1    0.10   0.38      0.52
46   1.00000000 0.4983203 0.045799188         1    0.10   0.38      0.52
47   1.00000000 0.4983203 0.045799188         1    0.10   0.38      0.52
48   1.00000000 0.4983203 0.045799188         1    0.10   0.38      0.52
49   1.00000000 0.4983203 0.045799188         1    0.10   0.38      0.52
50   0.23437500 0.4983203 0.045799188         1    0.10   0.38      0.52
51   1.00000000 0.4983203 0.045799188         1    0.10   0.38      0.52
52   0.13281250 0.4983203 0.045799188         1    0.10   0.38      0.52
53   0.14062500 0.4983203 0.045799188         1    0.10   0.38      0.52
54   1.00000000 0.4983203 0.045799188         1    0.10   0.38      0.52
55   1.00000000 0.4983203 0.045799188         1    0.10   0.38      0.52
56   0.10546875 0.4983203 0.045799188         1    0.10   0.38      0.52
57   1.00000000 0.4983203 0.045799188         1    0.10   0.38      0.52
58   1.00000000 0.4983203 0.045799188         1    0.10   0.38      0.52
59   0.14062500 0.4983203 0.045799188         1    0.10   0.38      0.52
60   1.00000000 0.4983203 0.045799188         1    0.10   0.38      0.52
61   1.00000000 0.4983203 0.045799188         1    0.10   0.38      0.52
62   1.00000000 0.4983203 0.045799188         1    0.10   0.38      0.52
63   1.00000000 0.4983203 0.045799188         1    0.10   0.38      0.52
64   1.00000000 0.4983203 0.045799188         1    0.10   0.38      0.52
65   1.00000000 0.4983203 0.045799188         1    0.10   0.38      0.52
66   1.00000000 0.4983203 0.045799188         1    0.10   0.38      0.52
67   0.13281250 0.4983203 0.045799188         1    0.10   0.38      0.52
68   1.00000000 0.4983203 0.045799188         1    0.10   0.38      0.52
69   1.00000000 0.4983203 0.045799188         1    0.10   0.38      0.52
70   1.00000000 0.4983203 0.045799188         1    0.10   0.38      0.52
71   0.43750000 0.4983203 0.045799188         1    0.10   0.38      0.52
72   1.00000000 0.4983203 0.045799188         1    0.10   0.38      0.52
73   0.13671875 0.4983203 0.045799188         1    0.10   0.38      0.52
74   0.61328125 0.4983203 0.045799188         1    0.10   0.38      0.52
75   0.13671875 0.4983203 0.045799188         1    0.10   0.38      0.52
76   0.38281250 0.4983203 0.045799188         1    0.10   0.38      0.52
77   0.24609375 0.4983203 0.045799188         1    0.10   0.38      0.52
78   0.27734375 0.4983203 0.045799188         1    0.10   0.38      0.52
79   1.00000000 0.4983203 0.045799188         1    0.10   0.38      0.52
80   0.16796875 0.4983203 0.045799188         1    0.10   0.38      0.52
81   1.00000000 0.4983203 0.045799188         1    0.10   0.38      0.52
82   0.25781250 0.4983203 0.045799188         1    0.10   0.38      0.52
83   0.23046875 0.4983203 0.045799188         1    0.10   0.38      0.52
84   0.77343750 0.4983203 0.045799188         1    0.10   0.38      0.52
85   0.31250000 0.4983203 0.045799188         1    0.10   0.38      0.52
86   0.21093750 0.4983203 0.045799188         1    0.10   0.38      0.52
87   0.12500000 0.4983203 0.045799188         1    0.10   0.38      0.52
88   0.45703125 0.4983203 0.045799188         1    0.10   0.38      0.52
89   1.00000000 0.4983203 0.045799188         1    0.10   0.38      0.52
90   1.00000000 0.4983203 0.045799188         1    0.10   0.38      0.52
91   1.00000000 0.4983203 0.045799188         1    0.10   0.38      0.52
92   1.00000000 0.4983203 0.045799188         1    0.10   0.38      0.52
93   0.57421875 0.4983203 0.045799188         1    0.10   0.38      0.52
94   1.00000000 0.4983203 0.045799188         1    0.10   0.38      0.52
95   1.00000000 0.4983203 0.045799188         1    0.10   0.38      0.52
96   1.00000000 0.4983203 0.045799188         1    0.10   0.38      0.52
97   0.17968750 0.4983203 0.045799188         1    0.10   0.38      0.52
98   0.26953125 0.4983203 0.045799188         1    0.10   0.38      0.52
99   0.61718750 0.4983203 0.045799188         1    0.10   0.38      0.52
100  0.26562500 0.4983203 0.045799188         1    0.10   0.38      0.52
101  1.00000000 0.3375955 0.001990506         1    0.51   0.09      0.40
102  0.00390625 0.3375955 0.001990506         1    0.51   0.09      0.40
103  1.00000000 0.3375955 0.001990506         1    0.51   0.09      0.40
104  0.00000000 0.3375955 0.001990506         1    0.51   0.09      0.40
105  0.12500000 0.3375955 0.001990506         1    0.51   0.09      0.40
106  0.00781250 0.3375955 0.001990506         1    0.51   0.09      0.40
107  1.00000000 0.3375955 0.001990506         1    0.51   0.09      0.40
108  0.01562500 0.3375955 0.001990506         1    0.51   0.09      0.40
109  0.00000000 0.3375955 0.001990506         1    0.51   0.09      0.40
110  1.00000000 0.3375955 0.001990506         1    0.51   0.09      0.40
111  1.00000000 0.3375955 0.001990506         1    0.51   0.09      0.40
112  0.25390625 0.3375955 0.001990506         1    0.51   0.09      0.40
113  0.00390625 0.3375955 0.001990506         1    0.51   0.09      0.40
114  0.50000000 0.3375955 0.001990506         1    0.51   0.09      0.40
115  0.00781250 0.3375955 0.001990506         1    0.51   0.09      0.40
116  1.00000000 0.3375955 0.001990506         1    0.51   0.09      0.40
117  1.00000000 0.3375955 0.001990506         1    0.51   0.09      0.40
118  1.00000000 0.3375955 0.001990506         1    0.51   0.09      0.40
119  1.00000000 0.3375955 0.001990506         1    0.51   0.09      0.40
120  1.00000000 0.3375955 0.001990506         1    0.51   0.09      0.40
121  0.00000000 0.3375955 0.001990506         1    0.51   0.09      0.40
122  0.00781250 0.3375955 0.001990506         1    0.51   0.09      0.40
123  1.00000000 0.3375955 0.001990506         1    0.51   0.09      0.40
124  0.01562500 0.3375955 0.001990506         1    0.51   0.09      0.40
125  0.00000000 0.3375955 0.001990506         1    0.51   0.09      0.40
126  0.00000000 0.3375955 0.001990506         1    0.51   0.09      0.40
127  0.00000000 0.3375955 0.001990506         1    0.51   0.09      0.40
128  0.01171875 0.3375955 0.001990506         1    0.51   0.09      0.40
129  1.00000000 0.3375955 0.001990506         1    0.51   0.09      0.40
130  1.00000000 0.3375955 0.001990506         1    0.51   0.09      0.40
131  0.00000000 0.3375955 0.001990506         1    0.51   0.09      0.40
132  1.00000000 0.3375955 0.001990506         1    0.51   0.09      0.40
133  0.00000000 0.3375955 0.001990506         1    0.51   0.09      0.40
134  1.00000000 0.3375955 0.001990506         1    0.51   0.09      0.40
135  0.00000000 0.3375955 0.001990506         1    0.51   0.09      0.40
136  1.00000000 0.3375955 0.001990506         1    0.51   0.09      0.40
137  0.00000000 0.3375955 0.001990506         1    0.51   0.09      0.40
138  0.12500000 0.3375955 0.001990506         1    0.51   0.09      0.40
139  1.00000000 0.3375955 0.001990506         1    0.51   0.09      0.40
140  0.00000000 0.3375955 0.001990506         1    0.51   0.09      0.40
141  0.00390625 0.3375955 0.001990506         1    0.51   0.09      0.40
142  1.00000000 0.3375955 0.001990506         1    0.51   0.09      0.40
143  1.00000000 0.3375955 0.001990506         1    0.51   0.09      0.40
144  0.00781250 0.3375955 0.001990506         1    0.51   0.09      0.40
145  1.00000000 0.3375955 0.001990506         1    0.51   0.09      0.40
146  1.00000000 0.3375955 0.001990506         1    0.51   0.09      0.40
147  0.00390625 0.3375955 0.001990506         1    0.51   0.09      0.40
148  0.00000000 0.3375955 0.001990506         1    0.51   0.09      0.40
149  0.00000000 0.3375955 0.001990506         1    0.51   0.09      0.40
150  0.00000000 0.3375955 0.001990506         1    0.51   0.09      0.40
151  0.01562500 0.3375955 0.001990506         1    0.51   0.09      0.40
152  1.00000000 0.3375955 0.001990506         1    0.51   0.09      0.40
153  1.00000000 0.3375955 0.001990506         1    0.51   0.09      0.40
154  1.00000000 0.3375955 0.001990506         1    0.51   0.09      0.40
155  0.01562500 0.3375955 0.001990506         1    0.51   0.09      0.40
156  0.00000000 0.3375955 0.001990506         1    0.51   0.09      0.40
157  0.16406250 0.3375955 0.001990506         1    0.51   0.09      0.40
158  0.00000000 0.3375955 0.001990506         1    0.51   0.09      0.40
159  1.00000000 0.3375955 0.001990506         1    0.51   0.09      0.40
160  0.18750000 0.3375955 0.001990506         1    0.51   0.09      0.40
161  1.00000000 0.3375955 0.001990506         1    0.51   0.09      0.40
162  1.00000000 0.3375955 0.001990506         1    0.51   0.09      0.40
163  1.00000000 0.3375955 0.001990506         1    0.51   0.09      0.40
164  0.00000000 0.3375955 0.001990506         1    0.51   0.09      0.40
165  0.03125000 0.3375955 0.001990506         1    0.51   0.09      0.40
166  1.00000000 0.3375955 0.001990506         1    0.51   0.09      0.40
167  1.00000000 0.3375955 0.001990506         1    0.51   0.09      0.40
168  0.00000000 0.3375955 0.001990506         1    0.51   0.09      0.40
169  0.00000000 0.3375955 0.001990506         1    0.51   0.09      0.40
170  0.00390625 0.3375955 0.001990506         1    0.51   0.09      0.40
171  0.00781250 0.3375955 0.001990506         1    0.51   0.09      0.40
172  0.00000000 0.3375955 0.001990506         1    0.51   0.09      0.40
173  0.01171875 0.3375955 0.001990506         1    0.51   0.09      0.40
174  0.00000000 0.3375955 0.001990506         1    0.51   0.09      0.40
175  0.00000000 0.3375955 0.001990506         1    0.51   0.09      0.40
176  0.07031250 0.3375955 0.001990506         1    0.51   0.09      0.40
177  1.00000000 0.3375955 0.001990506         1    0.51   0.09      0.40
178  0.03515625 0.3375955 0.001990506         1    0.51   0.09      0.40
179  0.00000000 0.3375955 0.001990506         1    0.51   0.09      0.40
180  0.01562500 0.3375955 0.001990506         1    0.51   0.09      0.40
181  0.00000000 0.3375955 0.001990506         1    0.51   0.09      0.40
182  1.00000000 0.3375955 0.001990506         1    0.51   0.09      0.40
183  1.00000000 0.3375955 0.001990506         1    0.51   0.09      0.40
184  0.00000000 0.3375955 0.001990506         1    0.51   0.09      0.40
185  1.00000000 0.3375955 0.001990506         1    0.51   0.09      0.40
186  0.06640625 0.3375955 0.001990506         1    0.51   0.09      0.40
187  0.00390625 0.3375955 0.001990506         1    0.51   0.09      0.40
188  0.00781250 0.3375955 0.001990506         1    0.51   0.09      0.40
189  0.01953125 0.3375955 0.001990506         1    0.51   0.09      0.40
190  1.00000000 0.3375955 0.001990506         1    0.51   0.09      0.40
191  0.00000000 0.3375955 0.001990506         1    0.51   0.09      0.40
192  0.00390625 0.3375955 0.001990506         1    0.51   0.09      0.40
193  1.00000000 0.3375955 0.001990506         1    0.51   0.09      0.40
194  0.00390625 0.3375955 0.001990506         1    0.51   0.09      0.40
195  0.00000000 0.3375955 0.001990506         1    0.51   0.09      0.40
196  1.00000000 0.3375955 0.001990506         1    0.51   0.09      0.40
197  1.00000000 0.3375955 0.001990506         1    0.51   0.09      0.40
198  1.00000000 0.3375955 0.001990506         1    0.51   0.09      0.40
199  0.00000000 0.3375955 0.001990506         1    0.51   0.09      0.40
200  1.00000000 0.3375955 0.001990506         1    0.51   0.09      0.40
201  1.00000000 0.6220447 0.027624282         1    0.15   0.31      0.54
202  1.00000000 0.6220447 0.027624282         1    0.15   0.31      0.54
203  1.00000000 0.6220447 0.027624282         1    0.15   0.31      0.54
204  0.61328125 0.6220447 0.027624282         1    0.15   0.31      0.54
205  1.00000000 0.6220447 0.027624282         1    0.15   0.31      0.54
206  1.00000000 0.6220447 0.027624282         1    0.15   0.31      0.54
207  1.00000000 0.6220447 0.027624282         1    0.15   0.31      0.54
208  0.38281250 0.6220447 0.027624282         1    0.15   0.31      0.54
209  1.00000000 0.6220447 0.027624282         1    0.15   0.31      0.54
210  1.00000000 0.6220447 0.027624282         1    0.15   0.31      0.54
211  1.00000000 0.6220447 0.027624282         1    0.15   0.31      0.54
212  0.16406250 0.6220447 0.027624282         1    0.15   0.31      0.54
213  0.04296875 0.6220447 0.027624282         1    0.15   0.31      0.54
214  0.17968750 0.6220447 0.027624282         1    0.15   0.31      0.54
215  0.22265625 0.6220447 0.027624282         1    0.15   0.31      0.54
216  0.10546875 0.6220447 0.027624282         1    0.15   0.31      0.54
217  1.00000000 0.6220447 0.027624282         1    0.15   0.31      0.54
218  1.00000000 0.6220447 0.027624282         1    0.15   0.31      0.54
219  1.00000000 0.6220447 0.027624282         1    0.15   0.31      0.54
220  1.00000000 0.6220447 0.027624282         1    0.15   0.31      0.54
221  1.00000000 0.6220447 0.027624282         1    0.15   0.31      0.54
222  0.12500000 0.6220447 0.027624282         1    0.15   0.31      0.54
223  1.00000000 0.6220447 0.027624282         1    0.15   0.31      0.54
224  1.00000000 0.6220447 0.027624282         1    0.15   0.31      0.54
225  1.00000000 0.6220447 0.027624282         1    0.15   0.31      0.54
226  0.13671875 0.6220447 0.027624282         1    0.15   0.31      0.54
227  0.08984375 0.6220447 0.027624282         1    0.15   0.31      0.54
228  0.13281250 0.6220447 0.027624282         1    0.15   0.31      0.54
229  0.05859375 0.6220447 0.027624282         1    0.15   0.31      0.54
230  0.12890625 0.6220447 0.027624282         1    0.15   0.31      0.54
231  1.00000000 0.6220447 0.027624282         1    0.15   0.31      0.54
232  1.00000000 0.6220447 0.027624282         1    0.15   0.31      0.54
233  1.00000000 0.6220447 0.027624282         1    0.15   0.31      0.54
234  0.53515625 0.6220447 0.027624282         1    0.15   0.31      0.54
235  1.00000000 0.6220447 0.027624282         1    0.15   0.31      0.54
236  0.04687500 0.6220447 0.027624282         1    0.15   0.31      0.54
237  1.00000000 0.6220447 0.027624282         1    0.15   0.31      0.54
238  1.00000000 0.6220447 0.027624282         1    0.15   0.31      0.54
239  0.09375000 0.6220447 0.027624282         1    0.15   0.31      0.54
240  1.00000000 0.6220447 0.027624282         1    0.15   0.31      0.54
241  0.13671875 0.6220447 0.027624282         1    0.15   0.31      0.54
242  1.00000000 0.6220447 0.027624282         1    0.15   0.31      0.54
243  0.21093750 0.6220447 0.027624282         1    0.15   0.31      0.54
244  1.00000000 0.6220447 0.027624282         1    0.15   0.31      0.54
245  0.14062500 0.6220447 0.027624282         1    0.15   0.31      0.54
246  0.08593750 0.6220447 0.027624282         1    0.15   0.31      0.54
247  0.12890625 0.6220447 0.027624282         1    0.15   0.31      0.54
248  1.00000000 0.6220447 0.027624282         1    0.15   0.31      0.54
249  1.00000000 0.6220447 0.027624282         1    0.15   0.31      0.54
250  1.00000000 0.6220447 0.027624282         1    0.15   0.31      0.54
251  0.15234375 0.6220447 0.027624282         1    0.15   0.31      0.54
252  1.00000000 0.6220447 0.027624282         1    0.15   0.31      0.54
253  1.00000000 0.6220447 0.027624282         1    0.15   0.31      0.54
254  1.00000000 0.6220447 0.027624282         1    0.15   0.31      0.54
255  1.00000000 0.6220447 0.027624282         1    0.15   0.31      0.54
256  1.00000000 0.6220447 0.027624282         1    0.15   0.31      0.54
257  0.21875000 0.6220447 0.027624282         1    0.15   0.31      0.54
258  0.38281250 0.6220447 0.027624282         1    0.15   0.31      0.54
259  0.10156250 0.6220447 0.027624282         1    0.15   0.31      0.54
260  0.05468750 0.6220447 0.027624282         1    0.15   0.31      0.54
261  0.30078125 0.6220447 0.027624282         1    0.15   0.31      0.54
262  0.57031250 0.6220447 0.027624282         1    0.15   0.31      0.54
263  1.00000000 0.6220447 0.027624282         1    0.15   0.31      0.54
264  0.12500000 0.6220447 0.027624282         1    0.15   0.31      0.54
265  1.00000000 0.6220447 0.027624282         1    0.15   0.31      0.54
266  0.19921875 0.6220447 0.027624282         1    0.15   0.31      0.54
267  1.00000000 0.6220447 0.027624282         1    0.15   0.31      0.54
268  0.12109375 0.6220447 0.027624282         1    0.15   0.31      0.54
269  0.16406250 0.6220447 0.027624282         1    0.15   0.31      0.54
270  1.00000000 0.6220447 0.027624282         1    0.15   0.31      0.54
271  0.23828125 0.6220447 0.027624282         1    0.15   0.31      0.54
272  1.00000000 0.6220447 0.027624282         1    0.15   0.31      0.54
273  1.00000000 0.6220447 0.027624282         1    0.15   0.31      0.54
274  0.11718750 0.6220447 0.027624282         1    0.15   0.31      0.54
275  0.33593750 0.6220447 0.027624282         1    0.15   0.31      0.54
276  1.00000000 0.6220447 0.027624282         1    0.15   0.31      0.54
277  1.00000000 0.6220447 0.027624282         1    0.15   0.31      0.54
278  0.40625000 0.6220447 0.027624282         1    0.15   0.31      0.54
279  1.00000000 0.6220447 0.027624282         1    0.15   0.31      0.54
280  1.00000000 0.6220447 0.027624282         1    0.15   0.31      0.54
281  1.00000000 0.6220447 0.027624282         1    0.15   0.31      0.54
282  1.00000000 0.6220447 0.027624282         1    0.15   0.31      0.54
283  0.14453125 0.6220447 0.027624282         1    0.15   0.31      0.54
284  1.00000000 0.6220447 0.027624282         1    0.15   0.31      0.54
285  0.18750000 0.6220447 0.027624282         1    0.15   0.31      0.54
286  1.00000000 0.6220447 0.027624282         1    0.15   0.31      0.54
287  1.00000000 0.6220447 0.027624282         1    0.15   0.31      0.54
288  1.00000000 0.6220447 0.027624282         1    0.15   0.31      0.54
289  1.00000000 0.6220447 0.027624282         1    0.15   0.31      0.54
290  1.00000000 0.6220447 0.027624282         1    0.15   0.31      0.54
291  0.24218750 0.6220447 0.027624282         1    0.15   0.31      0.54
292  0.09765625 0.6220447 0.027624282         1    0.15   0.31      0.54
293  1.00000000 0.6220447 0.027624282         1    0.15   0.31      0.54
294  0.52343750 0.6220447 0.027624282         1    0.15   0.31      0.54
295  0.39062500 0.6220447 0.027624282         1    0.15   0.31      0.54
296  0.16406250 0.6220447 0.027624282         1    0.15   0.31      0.54
297  0.05468750 0.6220447 0.027624282         1    0.15   0.31      0.54
298  1.00000000 0.6220447 0.027624282         1    0.15   0.31      0.54
299  0.18750000 0.6220447 0.027624282         1    0.15   0.31      0.54
300  0.10937500 0.6220447 0.027624282         1    0.15   0.31      0.54
301  1.00000000 0.4445483 0.020348820         1    0.23   0.28      0.49
302  0.05468750 0.4445483 0.020348820         1    0.23   0.28      0.49
303  0.07421875 0.4445483 0.020348820         1    0.23   0.28      0.49
304  1.00000000 0.4445483 0.020348820         1    0.23   0.28      0.49
305  1.00000000 0.4445483 0.020348820         1    0.23   0.28      0.49
306  0.07812500 0.4445483 0.020348820         1    0.23   0.28      0.49
307  1.00000000 0.4445483 0.020348820         1    0.23   0.28      0.49
308  0.63281250 0.4445483 0.020348820         1    0.23   0.28      0.49
309  1.00000000 0.4445483 0.020348820         1    0.23   0.28      0.49
310  1.00000000 0.4445483 0.020348820         1    0.23   0.28      0.49
311  0.11328125 0.4445483 0.020348820         1    0.23   0.28      0.49
312  0.37109375 0.4445483 0.020348820         1    0.23   0.28      0.49
313  1.00000000 0.4445483 0.020348820         1    0.23   0.28      0.49
314  0.58593750 0.4445483 0.020348820         1    0.23   0.28      0.49
315  0.04296875 0.4445483 0.020348820         1    0.23   0.28      0.49
316  1.00000000 0.4445483 0.020348820         1    0.23   0.28      0.49
317  1.00000000 0.4445483 0.020348820         1    0.23   0.28      0.49
318  0.18750000 0.4445483 0.020348820         1    0.23   0.28      0.49
319  0.16406250 0.4445483 0.020348820         1    0.23   0.28      0.49
320  1.00000000 0.4445483 0.020348820         1    0.23   0.28      0.49
321  1.00000000 0.4445483 0.020348820         1    0.23   0.28      0.49
322  0.04296875 0.4445483 0.020348820         1    0.23   0.28      0.49
323  0.36718750 0.4445483 0.020348820         1    0.23   0.28      0.49
324  0.16406250 0.4445483 0.020348820         1    0.23   0.28      0.49
325  0.05859375 0.4445483 0.020348820         1    0.23   0.28      0.49
326  1.00000000 0.4445483 0.020348820         1    0.23   0.28      0.49
327  0.07812500 0.4445483 0.020348820         1    0.23   0.28      0.49
328  1.00000000 0.4445483 0.020348820         1    0.23   0.28      0.49
329  1.00000000 0.4445483 0.020348820         1    0.23   0.28      0.49
330  1.00000000 0.4445483 0.020348820         1    0.23   0.28      0.49
331  1.00000000 0.4445483 0.020348820         1    0.23   0.28      0.49
332  1.00000000 0.4445483 0.020348820         1    0.23   0.28      0.49
333  1.00000000 0.4445483 0.020348820         1    0.23   0.28      0.49
334  1.00000000 0.4445483 0.020348820         1    0.23   0.28      0.49
335  0.38281250 0.4445483 0.020348820         1    0.23   0.28      0.49
336  0.07421875 0.4445483 0.020348820         1    0.23   0.28      0.49
337  0.33984375 0.4445483 0.020348820         1    0.23   0.28      0.49
338  1.00000000 0.4445483 0.020348820         1    0.23   0.28      0.49
339  1.00000000 0.4445483 0.020348820         1    0.23   0.28      0.49
340  0.05078125 0.4445483 0.020348820         1    0.23   0.28      0.49
341  1.00000000 0.4445483 0.020348820         1    0.23   0.28      0.49
342  0.39843750 0.4445483 0.020348820         1    0.23   0.28      0.49
343  0.09375000 0.4445483 0.020348820         1    0.23   0.28      0.49
344  1.00000000 0.4445483 0.020348820         1    0.23   0.28      0.49
345  0.07812500 0.4445483 0.020348820         1    0.23   0.28      0.49
346  0.17968750 0.4445483 0.020348820         1    0.23   0.28      0.49
347  0.17187500 0.4445483 0.020348820         1    0.23   0.28      0.49
348  1.00000000 0.4445483 0.020348820         1    0.23   0.28      0.49
349  1.00000000 0.4445483 0.020348820         1    0.23   0.28      0.49
350  0.09765625 0.4445483 0.020348820         1    0.23   0.28      0.49
351  1.00000000 0.4445483 0.020348820         1    0.23   0.28      0.49
352  0.11718750 0.4445483 0.020348820         1    0.23   0.28      0.49
353  1.00000000 0.4445483 0.020348820         1    0.23   0.28      0.49
354  1.00000000 0.4445483 0.020348820         1    0.23   0.28      0.49
355  1.00000000 0.4445483 0.020348820         1    0.23   0.28      0.49
356  0.10546875 0.4445483 0.020348820         1    0.23   0.28      0.49
357  1.00000000 0.4445483 0.020348820         1    0.23   0.28      0.49
358  1.00000000 0.4445483 0.020348820         1    0.23   0.28      0.49
359  1.00000000 0.4445483 0.020348820         1    0.23   0.28      0.49
360  0.11718750 0.4445483 0.020348820         1    0.23   0.28      0.49
361  0.15234375 0.4445483 0.020348820         1    0.23   0.28      0.49
362  0.10546875 0.4445483 0.020348820         1    0.23   0.28      0.49
363  0.19140625 0.4445483 0.020348820         1    0.23   0.28      0.49
364  0.13281250 0.4445483 0.020348820         1    0.23   0.28      0.49
365  0.13671875 0.4445483 0.020348820         1    0.23   0.28      0.49
366  1.00000000 0.4445483 0.020348820         1    0.23   0.28      0.49
367  0.08984375 0.4445483 0.020348820         1    0.23   0.28      0.49
368  0.05078125 0.4445483 0.020348820         1    0.23   0.28      0.49
369  0.16796875 0.4445483 0.020348820         1    0.23   0.28      0.49
370  1.00000000 0.4445483 0.020348820         1    0.23   0.28      0.49
371  1.00000000 0.4445483 0.020348820         1    0.23   0.28      0.49
372  0.13671875 0.4445483 0.020348820         1    0.23   0.28      0.49
373  1.00000000 0.4445483 0.020348820         1    0.23   0.28      0.49
374  1.00000000 0.4445483 0.020348820         1    0.23   0.28      0.49
375  1.00000000 0.4445483 0.020348820         1    0.23   0.28      0.49
376  0.11328125 0.4445483 0.020348820         1    0.23   0.28      0.49
377  0.09375000 0.4445483 0.020348820         1    0.23   0.28      0.49
378  0.39062500 0.4445483 0.020348820         1    0.23   0.28      0.49
379  0.10546875 0.4445483 0.020348820         1    0.23   0.28      0.49
380  0.07812500 0.4445483 0.020348820         1    0.23   0.28      0.49
381  1.00000000 0.4445483 0.020348820         1    0.23   0.28      0.49
382  1.00000000 0.4445483 0.020348820         1    0.23   0.28      0.49
383  1.00000000 0.4445483 0.020348820         1    0.23   0.28      0.49
384  0.19921875 0.4445483 0.020348820         1    0.23   0.28      0.49
385  1.00000000 0.4445483 0.020348820         1    0.23   0.28      0.49
386  0.10156250 0.4445483 0.020348820         1    0.23   0.28      0.49
387  1.00000000 0.4445483 0.020348820         1    0.23   0.28      0.49
388  0.33593750 0.4445483 0.020348820         1    0.23   0.28      0.49
389  1.00000000 0.4445483 0.020348820         1    0.23   0.28      0.49
390  0.02343750 0.4445483 0.020348820         1    0.23   0.28      0.49
391  0.18750000 0.4445483 0.020348820         1    0.23   0.28      0.49
392  1.00000000 0.4445483 0.020348820         1    0.23   0.28      0.49
393  1.00000000 0.4445483 0.020348820         1    0.23   0.28      0.49
394  0.37890625 0.4445483 0.020348820         1    0.23   0.28      0.49
395  1.00000000 0.4445483 0.020348820         1    0.23   0.28      0.49
396  0.34375000 0.4445483 0.020348820         1    0.23   0.28      0.49
397  0.10937500 0.4445483 0.020348820         1    0.23   0.28      0.49
398  0.10156250 0.4445483 0.020348820         1    0.23   0.28      0.49
399  1.00000000 0.4445483 0.020348820         1    0.23   0.28      0.49
400  1.00000000 0.4445483 0.020348820         1    0.23   0.28      0.49
401  1.00000000 0.7278146 0.009800004         1    0.27   0.10      0.63
402  1.00000000 0.7278146 0.009800004         1    0.27   0.10      0.63
403  1.00000000 0.7278146 0.009800004         1    0.27   0.10      0.63
404  1.00000000 0.7278146 0.009800004         1    0.27   0.10      0.63
405  0.02734375 0.7278146 0.009800004         1    0.27   0.10      0.63
406  1.00000000 0.7278146 0.009800004         1    0.27   0.10      0.63
407  1.00000000 0.7278146 0.009800004         1    0.27   0.10      0.63
408  0.12500000 0.7278146 0.009800004         1    0.27   0.10      0.63
409  1.00000000 0.7278146 0.009800004         1    0.27   0.10      0.63
410  1.00000000 0.7278146 0.009800004         1    0.27   0.10      0.63
411  1.00000000 0.7278146 0.009800004         1    0.27   0.10      0.63
412  1.00000000 0.7278146 0.009800004         1    0.27   0.10      0.63
413  1.00000000 0.7278146 0.009800004         1    0.27   0.10      0.63
414  1.00000000 0.7278146 0.009800004         1    0.27   0.10      0.63
415  1.00000000 0.7278146 0.009800004         1    0.27   0.10      0.63
416  1.00000000 0.7278146 0.009800004         1    0.27   0.10      0.63
417  1.00000000 0.7278146 0.009800004         1    0.27   0.10      0.63
418  0.00781250 0.7278146 0.009800004         1    0.27   0.10      0.63
419  1.00000000 0.7278146 0.009800004         1    0.27   0.10      0.63
420  1.00000000 0.7278146 0.009800004         1    0.27   0.10      0.63
421  1.00000000 0.7278146 0.009800004         1    0.27   0.10      0.63
422  1.00000000 0.7278146 0.009800004         1    0.27   0.10      0.63
423  1.00000000 0.7278146 0.009800004         1    0.27   0.10      0.63
424  0.08203125 0.7278146 0.009800004         1    0.27   0.10      0.63
425  0.03125000 0.7278146 0.009800004         1    0.27   0.10      0.63
426  1.00000000 0.7278146 0.009800004         1    0.27   0.10      0.63
427  1.00000000 0.7278146 0.009800004         1    0.27   0.10      0.63
428  1.00000000 0.7278146 0.009800004         1    0.27   0.10      0.63
429  1.00000000 0.7278146 0.009800004         1    0.27   0.10      0.63
430  1.00000000 0.7278146 0.009800004         1    0.27   0.10      0.63
431  0.13671875 0.7278146 0.009800004         1    0.27   0.10      0.63
432  1.00000000 0.7278146 0.009800004         1    0.27   0.10      0.63
433  0.06640625 0.7278146 0.009800004         1    0.27   0.10      0.63
434  1.00000000 0.7278146 0.009800004         1    0.27   0.10      0.63
435  0.07421875 0.7278146 0.009800004         1    0.27   0.10      0.63
436  1.00000000 0.7278146 0.009800004         1    0.27   0.10      0.63
437  1.00000000 0.7278146 0.009800004         1    0.27   0.10      0.63
438  1.00000000 0.7278146 0.009800004         1    0.27   0.10      0.63
439  0.05468750 0.7278146 0.009800004         1    0.27   0.10      0.63
440  1.00000000 0.7278146 0.009800004         1    0.27   0.10      0.63
441  1.00000000 0.7278146 0.009800004         1    0.27   0.10      0.63
442  0.03515625 0.7278146 0.009800004         1    0.27   0.10      0.63
443  0.05078125 0.7278146 0.009800004         1    0.27   0.10      0.63
444  1.00000000 0.7278146 0.009800004         1    0.27   0.10      0.63
445  1.00000000 0.7278146 0.009800004         1    0.27   0.10      0.63
446  1.00000000 0.7278146 0.009800004         1    0.27   0.10      0.63
447  1.00000000 0.7278146 0.009800004         1    0.27   0.10      0.63
448  1.00000000 0.7278146 0.009800004         1    0.27   0.10      0.63
449  0.13281250 0.7278146 0.009800004         1    0.27   0.10      0.63
450  1.00000000 0.7278146 0.009800004         1    0.27   0.10      0.63
451  1.00000000 0.7278146 0.009800004         1    0.27   0.10      0.63
452  1.00000000 0.7278146 0.009800004         1    0.27   0.10      0.63
453  0.09375000 0.7278146 0.009800004         1    0.27   0.10      0.63
454  1.00000000 0.7278146 0.009800004         1    0.27   0.10      0.63
455  1.00000000 0.7278146 0.009800004         1    0.27   0.10      0.63
456  0.08593750 0.7278146 0.009800004         1    0.27   0.10      0.63
457  1.00000000 0.7278146 0.009800004         1    0.27   0.10      0.63
458  1.00000000 0.7278146 0.009800004         1    0.27   0.10      0.63
459  0.06250000 0.7278146 0.009800004         1    0.27   0.10      0.63
460  1.00000000 0.7278146 0.009800004         1    0.27   0.10      0.63
461  0.02343750 0.7278146 0.009800004         1    0.27   0.10      0.63
462  0.02343750 0.7278146 0.009800004         1    0.27   0.10      0.63
463  1.00000000 0.7278146 0.009800004         1    0.27   0.10      0.63
464  0.02734375 0.7278146 0.009800004         1    0.27   0.10      0.63
465  0.04687500 0.7278146 0.009800004         1    0.27   0.10      0.63
466  0.03125000 0.7278146 0.009800004         1    0.27   0.10      0.63
467  1.00000000 0.7278146 0.009800004         1    0.27   0.10      0.63
468  0.04296875 0.7278146 0.009800004         1    0.27   0.10      0.63
469  1.00000000 0.7278146 0.009800004         1    0.27   0.10      0.63
470  0.04687500 0.7278146 0.009800004         1    0.27   0.10      0.63
471  1.00000000 0.7278146 0.009800004         1    0.27   0.10      0.63
472  1.00000000 0.7278146 0.009800004         1    0.27   0.10      0.63
473  0.05468750 0.7278146 0.009800004         1    0.27   0.10      0.63
474  0.28125000 0.7278146 0.009800004         1    0.27   0.10      0.63
475  1.00000000 0.7278146 0.009800004         1    0.27   0.10      0.63
476  0.26171875 0.7278146 0.009800004         1    0.27   0.10      0.63
477  1.00000000 0.7278146 0.009800004         1    0.27   0.10      0.63
478  0.07421875 0.7278146 0.009800004         1    0.27   0.10      0.63
479  0.27343750 0.7278146 0.009800004         1    0.27   0.10      0.63
480  0.26562500 0.7278146 0.009800004         1    0.27   0.10      0.63
481  1.00000000 0.7278146 0.009800004         1    0.27   0.10      0.63
482  1.00000000 0.7278146 0.009800004         1    0.27   0.10      0.63
483  1.00000000 0.7278146 0.009800004         1    0.27   0.10      0.63
484  1.00000000 0.7278146 0.009800004         1    0.27   0.10      0.63
485  0.05468750 0.7278146 0.009800004         1    0.27   0.10      0.63
486  0.05468750 0.7278146 0.009800004         1    0.27   0.10      0.63
487  0.28125000 0.7278146 0.009800004         1    0.27   0.10      0.63
488  1.00000000 0.7278146 0.009800004         1    0.27   0.10      0.63
489  0.09765625 0.7278146 0.009800004         1    0.27   0.10      0.63
490  1.00000000 0.7278146 0.009800004         1    0.27   0.10      0.63
491  1.00000000 0.7278146 0.009800004         1    0.27   0.10      0.63
492  1.00000000 0.7278146 0.009800004         1    0.27   0.10      0.63
493  0.06250000 0.7278146 0.009800004         1    0.27   0.10      0.63
494  1.00000000 0.7278146 0.009800004         1    0.27   0.10      0.63
495  0.01953125 0.7278146 0.009800004         1    0.27   0.10      0.63
496  1.00000000 0.7278146 0.009800004         1    0.27   0.10      0.63
497  0.02734375 0.7278146 0.009800004         1    0.27   0.10      0.63
498  0.01562500 0.7278146 0.009800004         1    0.27   0.10      0.63
499  1.00000000 0.7278146 0.009800004         1    0.27   0.10      0.63
500  0.01953125 0.7278146 0.009800004         1    0.27   0.10      0.63
501  0.00000000 0.3003143 0.001051827         1    0.66   0.04      0.30
502  1.00000000 0.3003143 0.001051827         1    0.66   0.04      0.30
503  0.00390625 0.3003143 0.001051827         1    0.66   0.04      0.30
504  1.00000000 0.3003143 0.001051827         1    0.66   0.04      0.30
505  0.00000000 0.3003143 0.001051827         1    0.66   0.04      0.30
506  0.00000000 0.3003143 0.001051827         1    0.66   0.04      0.30
507  0.00781250 0.3003143 0.001051827         1    0.66   0.04      0.30
508  0.00000000 0.3003143 0.001051827         1    0.66   0.04      0.30
509  0.03125000 0.3003143 0.001051827         1    0.66   0.04      0.30
510  0.00000000 0.3003143 0.001051827         1    0.66   0.04      0.30
511  0.01562500 0.3003143 0.001051827         1    0.66   0.04      0.30
512  0.00000000 0.3003143 0.001051827         1    0.66   0.04      0.30
513  1.00000000 0.3003143 0.001051827         1    0.66   0.04      0.30
514  0.00000000 0.3003143 0.001051827         1    0.66   0.04      0.30
515  0.00000000 0.3003143 0.001051827         1    0.66   0.04      0.30
516  1.00000000 0.3003143 0.001051827         1    0.66   0.04      0.30
517  0.00000000 0.3003143 0.001051827         1    0.66   0.04      0.30
518  1.00000000 0.3003143 0.001051827         1    0.66   0.04      0.30
519  0.00000000 0.3003143 0.001051827         1    0.66   0.04      0.30
520  1.00000000 0.3003143 0.001051827         1    0.66   0.04      0.30
521  0.00000000 0.3003143 0.001051827         1    0.66   0.04      0.30
522  1.00000000 0.3003143 0.001051827         1    0.66   0.04      0.30
523  0.00000000 0.3003143 0.001051827         1    0.66   0.04      0.30
524  1.00000000 0.3003143 0.001051827         1    0.66   0.04      0.30
525  0.00000000 0.3003143 0.001051827         1    0.66   0.04      0.30
526  1.00000000 0.3003143 0.001051827         1    0.66   0.04      0.30
527  1.00000000 0.3003143 0.001051827         1    0.66   0.04      0.30
528  0.12500000 0.3003143 0.001051827         1    0.66   0.04      0.30
529  0.00781250 0.3003143 0.001051827         1    0.66   0.04      0.30
530  0.12500000 0.3003143 0.001051827         1    0.66   0.04      0.30
531  0.00000000 0.3003143 0.001051827         1    0.66   0.04      0.30
532  1.00000000 0.3003143 0.001051827         1    0.66   0.04      0.30
533  1.00000000 0.3003143 0.001051827         1    0.66   0.04      0.30
534  1.00000000 0.3003143 0.001051827         1    0.66   0.04      0.30
535  0.00781250 0.3003143 0.001051827         1    0.66   0.04      0.30
536  0.01562500 0.3003143 0.001051827         1    0.66   0.04      0.30
537  1.00000000 0.3003143 0.001051827         1    0.66   0.04      0.30
538  0.01171875 0.3003143 0.001051827         1    0.66   0.04      0.30
539  1.00000000 0.3003143 0.001051827         1    0.66   0.04      0.30
540  0.00000000 0.3003143 0.001051827         1    0.66   0.04      0.30
541  1.00000000 0.3003143 0.001051827         1    0.66   0.04      0.30
542  0.00000000 0.3003143 0.001051827         1    0.66   0.04      0.30
543  1.00000000 0.3003143 0.001051827         1    0.66   0.04      0.30
544  1.00000000 0.3003143 0.001051827         1    0.66   0.04      0.30
545  0.00390625 0.3003143 0.001051827         1    0.66   0.04      0.30
546  1.00000000 0.3003143 0.001051827         1    0.66   0.04      0.30
547  0.00781250 0.3003143 0.001051827         1    0.66   0.04      0.30
548  0.00000000 0.3003143 0.001051827         1    0.66   0.04      0.30
549  0.00000000 0.3003143 0.001051827         1    0.66   0.04      0.30
550  0.00000000 0.3003143 0.001051827         1    0.66   0.04      0.30
551  0.00781250 0.3003143 0.001051827         1    0.66   0.04      0.30
552  1.00000000 0.3003143 0.001051827         1    0.66   0.04      0.30
553  0.02343750 0.3003143 0.001051827         1    0.66   0.04      0.30
554  0.00000000 0.3003143 0.001051827         1    0.66   0.04      0.30
555  0.00390625 0.3003143 0.001051827         1    0.66   0.04      0.30
556  0.01171875 0.3003143 0.001051827         1    0.66   0.04      0.30
557  0.01562500 0.3003143 0.001051827         1    0.66   0.04      0.30
558  1.00000000 0.3003143 0.001051827         1    0.66   0.04      0.30
559  1.00000000 0.3003143 0.001051827         1    0.66   0.04      0.30
560  0.00781250 0.3003143 0.001051827         1    0.66   0.04      0.30
561  0.00000000 0.3003143 0.001051827         1    0.66   0.04      0.30
562  0.00000000 0.3003143 0.001051827         1    0.66   0.04      0.30
563  0.03515625 0.3003143 0.001051827         1    0.66   0.04      0.30
564  0.00000000 0.3003143 0.001051827         1    0.66   0.04      0.30
565  0.00781250 0.3003143 0.001051827         1    0.66   0.04      0.30
566  0.00000000 0.3003143 0.001051827         1    0.66   0.04      0.30
567  1.00000000 0.3003143 0.001051827         1    0.66   0.04      0.30
568  0.03906250 0.3003143 0.001051827         1    0.66   0.04      0.30
569  0.00390625 0.3003143 0.001051827         1    0.66   0.04      0.30
570  0.00000000 0.3003143 0.001051827         1    0.66   0.04      0.30
571  1.00000000 0.3003143 0.001051827         1    0.66   0.04      0.30
572  0.00000000 0.3003143 0.001051827         1    0.66   0.04      0.30
573  0.00000000 0.3003143 0.001051827         1    0.66   0.04      0.30
574  0.00390625 0.3003143 0.001051827         1    0.66   0.04      0.30
575  1.00000000 0.3003143 0.001051827         1    0.66   0.04      0.30
576  0.03906250 0.3003143 0.001051827         1    0.66   0.04      0.30
577  0.01953125 0.3003143 0.001051827         1    0.66   0.04      0.30
578  0.00781250 0.3003143 0.001051827         1    0.66   0.04      0.30
579  0.00000000 0.3003143 0.001051827         1    0.66   0.04      0.30
580  0.00000000 0.3003143 0.001051827         1    0.66   0.04      0.30
581  0.00000000 0.3003143 0.001051827         1    0.66   0.04      0.30
582  0.50781250 0.3003143 0.001051827         1    0.66   0.04      0.30
583  0.00000000 0.3003143 0.001051827         1    0.66   0.04      0.30
584  1.00000000 0.3003143 0.001051827         1    0.66   0.04      0.30
585  0.00000000 0.3003143 0.001051827         1    0.66   0.04      0.30
586  1.00000000 0.3003143 0.001051827         1    0.66   0.04      0.30
587  0.00000000 0.3003143 0.001051827         1    0.66   0.04      0.30
588  1.00000000 0.3003143 0.001051827         1    0.66   0.04      0.30
589  0.00000000 0.3003143 0.001051827         1    0.66   0.04      0.30
590  0.00000000 0.3003143 0.001051827         1    0.66   0.04      0.30
591  1.00000000 0.3003143 0.001051827         1    0.66   0.04      0.30
592  0.01562500 0.3003143 0.001051827         1    0.66   0.04      0.30
593  0.00000000 0.3003143 0.001051827         1    0.66   0.04      0.30
594  1.00000000 0.3003143 0.001051827         1    0.66   0.04      0.30
595  0.00000000 0.3003143 0.001051827         1    0.66   0.04      0.30
596  0.00781250 0.3003143 0.001051827         1    0.66   0.04      0.30
597  0.00000000 0.3003143 0.001051827         1    0.66   0.04      0.30
598  0.00781250 0.3003143 0.001051827         1    0.66   0.04      0.30
599  0.00000000 0.3003143 0.001051827         1    0.66   0.04      0.30
600  0.00000000 0.3003143 0.001051827         1    0.66   0.04      0.30
601  1.00000000 0.5828557 0.023650222         1    0.15   0.20      0.65
602  1.00000000 0.5828557 0.023650222         1    0.15   0.20      0.65
603  1.00000000 0.5828557 0.023650222         1    0.15   0.20      0.65
604  0.21484375 0.5828557 0.023650222         1    0.15   0.20      0.65
605  0.16015625 0.5828557 0.023650222         1    0.15   0.20      0.65
606  1.00000000 0.5828557 0.023650222         1    0.15   0.20      0.65
607  0.19921875 0.5828557 0.023650222         1    0.15   0.20      0.65
608  0.04296875 0.5828557 0.023650222         1    0.15   0.20      0.65
609  0.09375000 0.5828557 0.023650222         1    0.15   0.20      0.65
610  0.34765625 0.5828557 0.023650222         1    0.15   0.20      0.65
611  1.00000000 0.5828557 0.023650222         1    0.15   0.20      0.65
612  1.00000000 0.5828557 0.023650222         1    0.15   0.20      0.65
613  1.00000000 0.5828557 0.023650222         1    0.15   0.20      0.65
614  1.00000000 0.5828557 0.023650222         1    0.15   0.20      0.65
615  1.00000000 0.5828557 0.023650222         1    0.15   0.20      0.65
616  0.07031250 0.5828557 0.023650222         1    0.15   0.20      0.65
617  1.00000000 0.5828557 0.023650222         1    0.15   0.20      0.65
618  1.00000000 0.5828557 0.023650222         1    0.15   0.20      0.65
619  0.05468750 0.5828557 0.023650222         1    0.15   0.20      0.65
620  1.00000000 0.5828557 0.023650222         1    0.15   0.20      0.65
621  0.14062500 0.5828557 0.023650222         1    0.15   0.20      0.65
622  1.00000000 0.5828557 0.023650222         1    0.15   0.20      0.65
623  0.07812500 0.5828557 0.023650222         1    0.15   0.20      0.65
624  1.00000000 0.5828557 0.023650222         1    0.15   0.20      0.65
625  1.00000000 0.5828557 0.023650222         1    0.15   0.20      0.65
626  0.17578125 0.5828557 0.023650222         1    0.15   0.20      0.65
627  1.00000000 0.5828557 0.023650222         1    0.15   0.20      0.65
628  1.00000000 0.5828557 0.023650222         1    0.15   0.20      0.65
629  1.00000000 0.5828557 0.023650222         1    0.15   0.20      0.65
630  1.00000000 0.5828557 0.023650222         1    0.15   0.20      0.65
631  0.16796875 0.5828557 0.023650222         1    0.15   0.20      0.65
632  0.12109375 0.5828557 0.023650222         1    0.15   0.20      0.65
633  0.16015625 0.5828557 0.023650222         1    0.15   0.20      0.65
634  1.00000000 0.5828557 0.023650222         1    0.15   0.20      0.65
635  1.00000000 0.5828557 0.023650222         1    0.15   0.20      0.65
636  0.37109375 0.5828557 0.023650222         1    0.15   0.20      0.65
637  1.00000000 0.5828557 0.023650222         1    0.15   0.20      0.65
638  0.07031250 0.5828557 0.023650222         1    0.15   0.20      0.65
639  1.00000000 0.5828557 0.023650222         1    0.15   0.20      0.65
640  1.00000000 0.5828557 0.023650222         1    0.15   0.20      0.65
641  0.14062500 0.5828557 0.023650222         1    0.15   0.20      0.65
642  1.00000000 0.5828557 0.023650222         1    0.15   0.20      0.65
643  1.00000000 0.5828557 0.023650222         1    0.15   0.20      0.65
644  1.00000000 0.5828557 0.023650222         1    0.15   0.20      0.65
645  1.00000000 0.5828557 0.023650222         1    0.15   0.20      0.65
646  0.17578125 0.5828557 0.023650222         1    0.15   0.20      0.65
647  1.00000000 0.5828557 0.023650222         1    0.15   0.20      0.65
648  0.17578125 0.5828557 0.023650222         1    0.15   0.20      0.65
649  1.00000000 0.5828557 0.023650222         1    0.15   0.20      0.65
650  0.07421875 0.5828557 0.023650222         1    0.15   0.20      0.65
651  1.00000000 0.5828557 0.023650222         1    0.15   0.20      0.65
652  1.00000000 0.5828557 0.023650222         1    0.15   0.20      0.65
653  0.28125000 0.5828557 0.023650222         1    0.15   0.20      0.65
654  1.00000000 0.5828557 0.023650222         1    0.15   0.20      0.65
655  1.00000000 0.5828557 0.023650222         1    0.15   0.20      0.65
656  1.00000000 0.5828557 0.023650222         1    0.15   0.20      0.65
657  0.51953125 0.5828557 0.023650222         1    0.15   0.20      0.65
658  0.09765625 0.5828557 0.023650222         1    0.15   0.20      0.65
659  1.00000000 0.5828557 0.023650222         1    0.15   0.20      0.65
660  0.14843750 0.5828557 0.023650222         1    0.15   0.20      0.65
661  1.00000000 0.5828557 0.023650222         1    0.15   0.20      0.65
662  1.00000000 0.5828557 0.023650222         1    0.15   0.20      0.65
663  1.00000000 0.5828557 0.023650222         1    0.15   0.20      0.65
664  0.03125000 0.5828557 0.023650222         1    0.15   0.20      0.65
665  1.00000000 0.5828557 0.023650222         1    0.15   0.20      0.65
666  1.00000000 0.5828557 0.023650222         1    0.15   0.20      0.65
667  1.00000000 0.5828557 0.023650222         1    0.15   0.20      0.65
668  1.00000000 0.5828557 0.023650222         1    0.15   0.20      0.65
669  1.00000000 0.5828557 0.023650222         1    0.15   0.20      0.65
670  1.00000000 0.5828557 0.023650222         1    0.15   0.20      0.65
671  1.00000000 0.5828557 0.023650222         1    0.15   0.20      0.65
672  0.10156250 0.5828557 0.023650222         1    0.15   0.20      0.65
673  0.22656250 0.5828557 0.023650222         1    0.15   0.20      0.65
674  0.26953125 0.5828557 0.023650222         1    0.15   0.20      0.65
675  1.00000000 0.5828557 0.023650222         1    0.15   0.20      0.65
676  0.12500000 0.5828557 0.023650222         1    0.15   0.20      0.65
677  1.00000000 0.5828557 0.023650222         1    0.15   0.20      0.65
678  0.03515625 0.5828557 0.023650222         1    0.15   0.20      0.65
679  1.00000000 0.5828557 0.023650222         1    0.15   0.20      0.65
680  1.00000000 0.5828557 0.023650222         1    0.15   0.20      0.65
681  1.00000000 0.5828557 0.023650222         1    0.15   0.20      0.65
682  1.00000000 0.5828557 0.023650222         1    0.15   0.20      0.65
683  0.55078125 0.5828557 0.023650222         1    0.15   0.20      0.65
684  0.02734375 0.5828557 0.023650222         1    0.15   0.20      0.65
685  1.00000000 0.5828557 0.023650222         1    0.15   0.20      0.65
686  1.00000000 0.5828557 0.023650222         1    0.15   0.20      0.65
687  1.00000000 0.5828557 0.023650222         1    0.15   0.20      0.65
688  0.05078125 0.5828557 0.023650222         1    0.15   0.20      0.65
689  1.00000000 0.5828557 0.023650222         1    0.15   0.20      0.65
690  1.00000000 0.5828557 0.023650222         1    0.15   0.20      0.65
691  1.00000000 0.5828557 0.023650222         1    0.15   0.20      0.65
692  1.00000000 0.5828557 0.023650222         1    0.15   0.20      0.65
693  1.00000000 0.5828557 0.023650222         1    0.15   0.20      0.65
694  1.00000000 0.5828557 0.023650222         1    0.15   0.20      0.65
695  1.00000000 0.5828557 0.023650222         1    0.15   0.20      0.65
696  0.14062500 0.5828557 0.023650222         1    0.15   0.20      0.65
697  1.00000000 0.5828557 0.023650222         1    0.15   0.20      0.65
698  0.17187500 0.5828557 0.023650222         1    0.15   0.20      0.65
699  1.00000000 0.5828557 0.023650222         1    0.15   0.20      0.65
700  1.00000000 0.5828557 0.023650222         1    0.15   0.20      0.65
701  0.02343750 0.3339092 0.015073057         1    0.34   0.25      0.41
702  1.00000000 0.3339092 0.015073057         1    0.34   0.25      0.41
703  0.09765625 0.3339092 0.015073057         1    0.34   0.25      0.41
704  1.00000000 0.3339092 0.015073057         1    0.34   0.25      0.41
705  0.01562500 0.3339092 0.015073057         1    0.34   0.25      0.41
706  0.21484375 0.3339092 0.015073057         1    0.34   0.25      0.41
707  1.00000000 0.3339092 0.015073057         1    0.34   0.25      0.41
708  1.00000000 0.3339092 0.015073057         1    0.34   0.25      0.41
709  0.11328125 0.3339092 0.015073057         1    0.34   0.25      0.41
710  0.08984375 0.3339092 0.015073057         1    0.34   0.25      0.41
711  0.06640625 0.3339092 0.015073057         1    0.34   0.25      0.41
712  0.16015625 0.3339092 0.015073057         1    0.34   0.25      0.41
713  1.00000000 0.3339092 0.015073057         1    0.34   0.25      0.41
714  0.08203125 0.3339092 0.015073057         1    0.34   0.25      0.41
715  1.00000000 0.3339092 0.015073057         1    0.34   0.25      0.41
716  1.00000000 0.3339092 0.015073057         1    0.34   0.25      0.41
717  0.17968750 0.3339092 0.015073057         1    0.34   0.25      0.41
718  0.22656250 0.3339092 0.015073057         1    0.34   0.25      0.41
719  0.10546875 0.3339092 0.015073057         1    0.34   0.25      0.41
720  0.02343750 0.3339092 0.015073057         1    0.34   0.25      0.41
721  0.60156250 0.3339092 0.015073057         1    0.34   0.25      0.41
722  1.00000000 0.3339092 0.015073057         1    0.34   0.25      0.41
723  1.00000000 0.3339092 0.015073057         1    0.34   0.25      0.41
724  1.00000000 0.3339092 0.015073057         1    0.34   0.25      0.41
725  0.26953125 0.3339092 0.015073057         1    0.34   0.25      0.41
726  1.00000000 0.3339092 0.015073057         1    0.34   0.25      0.41
727  0.17578125 0.3339092 0.015073057         1    0.34   0.25      0.41
728  0.07031250 0.3339092 0.015073057         1    0.34   0.25      0.41
729  0.04296875 0.3339092 0.015073057         1    0.34   0.25      0.41
730  1.00000000 0.3339092 0.015073057         1    0.34   0.25      0.41
731  1.00000000 0.3339092 0.015073057         1    0.34   0.25      0.41
732  1.00000000 0.3339092 0.015073057         1    0.34   0.25      0.41
733  0.19140625 0.3339092 0.015073057         1    0.34   0.25      0.41
734  0.07812500 0.3339092 0.015073057         1    0.34   0.25      0.41
735  0.02734375 0.3339092 0.015073057         1    0.34   0.25      0.41
736  0.14062500 0.3339092 0.015073057         1    0.34   0.25      0.41
737  0.09375000 0.3339092 0.015073057         1    0.34   0.25      0.41
738  1.00000000 0.3339092 0.015073057         1    0.34   0.25      0.41
739  1.00000000 0.3339092 0.015073057         1    0.34   0.25      0.41
740  0.01171875 0.3339092 0.015073057         1    0.34   0.25      0.41
741  0.07812500 0.3339092 0.015073057         1    0.34   0.25      0.41
742  0.12890625 0.3339092 0.015073057         1    0.34   0.25      0.41
743  0.03515625 0.3339092 0.015073057         1    0.34   0.25      0.41
744  0.50781250 0.3339092 0.015073057         1    0.34   0.25      0.41
745  1.00000000 0.3339092 0.015073057         1    0.34   0.25      0.41
746  0.06640625 0.3339092 0.015073057         1    0.34   0.25      0.41
747  0.03515625 0.3339092 0.015073057         1    0.34   0.25      0.41
748  0.02343750 0.3339092 0.015073057         1    0.34   0.25      0.41
749  0.07421875 0.3339092 0.015073057         1    0.34   0.25      0.41
750  0.01171875 0.3339092 0.015073057         1    0.34   0.25      0.41
751  0.07421875 0.3339092 0.015073057         1    0.34   0.25      0.41
752  0.05078125 0.3339092 0.015073057         1    0.34   0.25      0.41
753  0.06250000 0.3339092 0.015073057         1    0.34   0.25      0.41
754  1.00000000 0.3339092 0.015073057         1    0.34   0.25      0.41
755  1.00000000 0.3339092 0.015073057         1    0.34   0.25      0.41
756  0.12890625 0.3339092 0.015073057         1    0.34   0.25      0.41
757  0.07421875 0.3339092 0.015073057         1    0.34   0.25      0.41
758  1.00000000 0.3339092 0.015073057         1    0.34   0.25      0.41
759  1.00000000 0.3339092 0.015073057         1    0.34   0.25      0.41
760  1.00000000 0.3339092 0.015073057         1    0.34   0.25      0.41
761  1.00000000 0.3339092 0.015073057         1    0.34   0.25      0.41
762  0.15625000 0.3339092 0.015073057         1    0.34   0.25      0.41
763  1.00000000 0.3339092 0.015073057         1    0.34   0.25      0.41
764  0.03125000 0.3339092 0.015073057         1    0.34   0.25      0.41
765  0.05468750 0.3339092 0.015073057         1    0.34   0.25      0.41
766  0.02343750 0.3339092 0.015073057         1    0.34   0.25      0.41
767  1.00000000 0.3339092 0.015073057         1    0.34   0.25      0.41
768  0.01562500 0.3339092 0.015073057         1    0.34   0.25      0.41
769  1.00000000 0.3339092 0.015073057         1    0.34   0.25      0.41
770  1.00000000 0.3339092 0.015073057         1    0.34   0.25      0.41
771  1.00000000 0.3339092 0.015073057         1    0.34   0.25      0.41
772  1.00000000 0.3339092 0.015073057         1    0.34   0.25      0.41
773  0.03906250 0.3339092 0.015073057         1    0.34   0.25      0.41
774  1.00000000 0.3339092 0.015073057         1    0.34   0.25      0.41
775  1.00000000 0.3339092 0.015073057         1    0.34   0.25      0.41
776  0.10546875 0.3339092 0.015073057         1    0.34   0.25      0.41
777  0.16796875 0.3339092 0.015073057         1    0.34   0.25      0.41
778  0.07031250 0.3339092 0.015073057         1    0.34   0.25      0.41
779  1.00000000 0.3339092 0.015073057         1    0.34   0.25      0.41
780  1.00000000 0.3339092 0.015073057         1    0.34   0.25      0.41
781  1.00000000 0.3339092 0.015073057         1    0.34   0.25      0.41
782  0.03906250 0.3339092 0.015073057         1    0.34   0.25      0.41
783  1.00000000 0.3339092 0.015073057         1    0.34   0.25      0.41
784  1.00000000 0.3339092 0.015073057         1    0.34   0.25      0.41
785  0.54687500 0.3339092 0.015073057         1    0.34   0.25      0.41
786  0.00390625 0.3339092 0.015073057         1    0.34   0.25      0.41
787  0.06640625 0.3339092 0.015073057         1    0.34   0.25      0.41
788  0.06640625 0.3339092 0.015073057         1    0.34   0.25      0.41
789  0.08203125 0.3339092 0.015073057         1    0.34   0.25      0.41
790  0.05078125 0.3339092 0.015073057         1    0.34   0.25      0.41
791  1.00000000 0.3339092 0.015073057         1    0.34   0.25      0.41
792  0.57421875 0.3339092 0.015073057         1    0.34   0.25      0.41
793  1.00000000 0.3339092 0.015073057         1    0.34   0.25      0.41
794  1.00000000 0.3339092 0.015073057         1    0.34   0.25      0.41
795  0.27343750 0.3339092 0.015073057         1    0.34   0.25      0.41
796  1.00000000 0.3339092 0.015073057         1    0.34   0.25      0.41
797  1.00000000 0.3339092 0.015073057         1    0.34   0.25      0.41
798  0.18359375 0.3339092 0.015073057         1    0.34   0.25      0.41
799  0.13671875 0.3339092 0.015073057         1    0.34   0.25      0.41
800  0.32812500 0.3339092 0.015073057         1    0.34   0.25      0.41
801  0.06640625 0.3069884 0.008684234         1    0.50   0.20      0.30
802  1.00000000 0.3069884 0.008684234         1    0.50   0.20      0.30
803  0.02343750 0.3069884 0.008684234         1    0.50   0.20      0.30
804  1.00000000 0.3069884 0.008684234         1    0.50   0.20      0.30
805  1.00000000 0.3069884 0.008684234         1    0.50   0.20      0.30
806  1.00000000 0.3069884 0.008684234         1    0.50   0.20      0.30
807  0.08203125 0.3069884 0.008684234         1    0.50   0.20      0.30
808  0.00781250 0.3069884 0.008684234         1    0.50   0.20      0.30
809  0.01953125 0.3069884 0.008684234         1    0.50   0.20      0.30
810  0.01953125 0.3069884 0.008684234         1    0.50   0.20      0.30
811  1.00000000 0.3069884 0.008684234         1    0.50   0.20      0.30
812  0.05859375 0.3069884 0.008684234         1    0.50   0.20      0.30
813  0.02343750 0.3069884 0.008684234         1    0.50   0.20      0.30
814  1.00000000 0.3069884 0.008684234         1    0.50   0.20      0.30
815  0.01953125 0.3069884 0.008684234         1    0.50   0.20      0.30
816  0.05468750 0.3069884 0.008684234         1    0.50   0.20      0.30
817  0.04296875 0.3069884 0.008684234         1    0.50   0.20      0.30
818  1.00000000 0.3069884 0.008684234         1    0.50   0.20      0.30
819  1.00000000 0.3069884 0.008684234         1    0.50   0.20      0.30
820  0.06640625 0.3069884 0.008684234         1    0.50   0.20      0.30
821  1.00000000 0.3069884 0.008684234         1    0.50   0.20      0.30
822  1.00000000 0.3069884 0.008684234         1    0.50   0.20      0.30
823  1.00000000 0.3069884 0.008684234         1    0.50   0.20      0.30
824  1.00000000 0.3069884 0.008684234         1    0.50   0.20      0.30
825  1.00000000 0.3069884 0.008684234         1    0.50   0.20      0.30
826  0.01953125 0.3069884 0.008684234         1    0.50   0.20      0.30
827  0.04687500 0.3069884 0.008684234         1    0.50   0.20      0.30
828  0.04687500 0.3069884 0.008684234         1    0.50   0.20      0.30
829  1.00000000 0.3069884 0.008684234         1    0.50   0.20      0.30
830  1.00000000 0.3069884 0.008684234         1    0.50   0.20      0.30
831  0.10546875 0.3069884 0.008684234         1    0.50   0.20      0.30
832  0.04296875 0.3069884 0.008684234         1    0.50   0.20      0.30
833  1.00000000 0.3069884 0.008684234         1    0.50   0.20      0.30
834  0.02734375 0.3069884 0.008684234         1    0.50   0.20      0.30
835  0.02343750 0.3069884 0.008684234         1    0.50   0.20      0.30
836  1.00000000 0.3069884 0.008684234         1    0.50   0.20      0.30
837  0.07812500 0.3069884 0.008684234         1    0.50   0.20      0.30
838  0.02343750 0.3069884 0.008684234         1    0.50   0.20      0.30
839  0.08984375 0.3069884 0.008684234         1    0.50   0.20      0.30
840  0.32812500 0.3069884 0.008684234         1    0.50   0.20      0.30
841  0.01562500 0.3069884 0.008684234         1    0.50   0.20      0.30
842  0.01562500 0.3069884 0.008684234         1    0.50   0.20      0.30
843  1.00000000 0.3069884 0.008684234         1    0.50   0.20      0.30
844  1.00000000 0.3069884 0.008684234         1    0.50   0.20      0.30
845  0.03906250 0.3069884 0.008684234         1    0.50   0.20      0.30
846  0.00390625 0.3069884 0.008684234         1    0.50   0.20      0.30
847  0.03515625 0.3069884 0.008684234         1    0.50   0.20      0.30
848  0.04687500 0.3069884 0.008684234         1    0.50   0.20      0.30
849  1.00000000 0.3069884 0.008684234         1    0.50   0.20      0.30
850  0.01171875 0.3069884 0.008684234         1    0.50   0.20      0.30
851  1.00000000 0.3069884 0.008684234         1    0.50   0.20      0.30
852  0.17187500 0.3069884 0.008684234         1    0.50   0.20      0.30
853  0.01562500 0.3069884 0.008684234         1    0.50   0.20      0.30
854  0.28515625 0.3069884 0.008684234         1    0.50   0.20      0.30
855  0.01171875 0.3069884 0.008684234         1    0.50   0.20      0.30
856  0.03125000 0.3069884 0.008684234         1    0.50   0.20      0.30
857  0.03125000 0.3069884 0.008684234         1    0.50   0.20      0.30
858  0.02734375 0.3069884 0.008684234         1    0.50   0.20      0.30
859  1.00000000 0.3069884 0.008684234         1    0.50   0.20      0.30
860  0.04687500 0.3069884 0.008684234         1    0.50   0.20      0.30
861  1.00000000 0.3069884 0.008684234         1    0.50   0.20      0.30
862  0.02343750 0.3069884 0.008684234         1    0.50   0.20      0.30
863  0.08203125 0.3069884 0.008684234         1    0.50   0.20      0.30
864  0.03515625 0.3069884 0.008684234         1    0.50   0.20      0.30
865  0.06640625 0.3069884 0.008684234         1    0.50   0.20      0.30
866  1.00000000 0.3069884 0.008684234         1    0.50   0.20      0.30
867  0.01171875 0.3069884 0.008684234         1    0.50   0.20      0.30
868  0.09375000 0.3069884 0.008684234         1    0.50   0.20      0.30
869  0.01171875 0.3069884 0.008684234         1    0.50   0.20      0.30
870  0.02343750 0.3069884 0.008684234         1    0.50   0.20      0.30
871  0.06640625 0.3069884 0.008684234         1    0.50   0.20      0.30
872  0.02343750 0.3069884 0.008684234         1    0.50   0.20      0.30
873  0.02343750 0.3069884 0.008684234         1    0.50   0.20      0.30
874  0.02343750 0.3069884 0.008684234         1    0.50   0.20      0.30
875  0.51562500 0.3069884 0.008684234         1    0.50   0.20      0.30
876  1.00000000 0.3069884 0.008684234         1    0.50   0.20      0.30
877  0.03125000 0.3069884 0.008684234         1    0.50   0.20      0.30
878  0.01171875 0.3069884 0.008684234         1    0.50   0.20      0.30
879  1.00000000 0.3069884 0.008684234         1    0.50   0.20      0.30
880  1.00000000 0.3069884 0.008684234         1    0.50   0.20      0.30
881  0.03906250 0.3069884 0.008684234         1    0.50   0.20      0.30
882  1.00000000 0.3069884 0.008684234         1    0.50   0.20      0.30
883  1.00000000 0.3069884 0.008684234         1    0.50   0.20      0.30
884  0.03906250 0.3069884 0.008684234         1    0.50   0.20      0.30
885  0.04687500 0.3069884 0.008684234         1    0.50   0.20      0.30
886  0.19531250 0.3069884 0.008684234         1    0.50   0.20      0.30
887  0.06250000 0.3069884 0.008684234         1    0.50   0.20      0.30
888  0.07031250 0.3069884 0.008684234         1    0.50   0.20      0.30
889  0.03125000 0.3069884 0.008684234         1    0.50   0.20      0.30
890  0.08593750 0.3069884 0.008684234         1    0.50   0.20      0.30
891  0.01171875 0.3069884 0.008684234         1    0.50   0.20      0.30
892  0.05078125 0.3069884 0.008684234         1    0.50   0.20      0.30
893  0.03906250 0.3069884 0.008684234         1    0.50   0.20      0.30
894  0.02343750 0.3069884 0.008684234         1    0.50   0.20      0.30
895  0.01171875 0.3069884 0.008684234         1    0.50   0.20      0.30
896  0.13281250 0.3069884 0.008684234         1    0.50   0.20      0.30
897  0.02734375 0.3069884 0.008684234         1    0.50   0.20      0.30
898  0.01953125 0.3069884 0.008684234         1    0.50   0.20      0.30
899  0.17968750 0.3069884 0.008684234         1    0.50   0.20      0.30
900  1.00000000 0.3069884 0.008684234         1    0.50   0.20      0.30
901  1.00000000 0.4377269 0.017591705         1    0.35   0.22      0.43
902  1.00000000 0.4377269 0.017591705         1    0.35   0.22      0.43
903  0.10156250 0.4377269 0.017591705         1    0.35   0.22      0.43
904  0.11328125 0.4377269 0.017591705         1    0.35   0.22      0.43
905  1.00000000 0.4377269 0.017591705         1    0.35   0.22      0.43
906  1.00000000 0.4377269 0.017591705         1    0.35   0.22      0.43
907  1.00000000 0.4377269 0.017591705         1    0.35   0.22      0.43
908  0.07031250 0.4377269 0.017591705         1    0.35   0.22      0.43
909  1.00000000 0.4377269 0.017591705         1    0.35   0.22      0.43
910  1.00000000 0.4377269 0.017591705         1    0.35   0.22      0.43
911  1.00000000 0.4377269 0.017591705         1    0.35   0.22      0.43
912  0.02734375 0.4377269 0.017591705         1    0.35   0.22      0.43
913  0.05859375 0.4377269 0.017591705         1    0.35   0.22      0.43
914  0.03906250 0.4377269 0.017591705         1    0.35   0.22      0.43
915  0.07812500 0.4377269 0.017591705         1    0.35   0.22      0.43
916  0.16015625 0.4377269 0.017591705         1    0.35   0.22      0.43
917  1.00000000 0.4377269 0.017591705         1    0.35   0.22      0.43
918  1.00000000 0.4377269 0.017591705         1    0.35   0.22      0.43
919  1.00000000 0.4377269 0.017591705         1    0.35   0.22      0.43
920  1.00000000 0.4377269 0.017591705         1    0.35   0.22      0.43
921  1.00000000 0.4377269 0.017591705         1    0.35   0.22      0.43
922  1.00000000 0.4377269 0.017591705         1    0.35   0.22      0.43
923  1.00000000 0.4377269 0.017591705         1    0.35   0.22      0.43
924  1.00000000 0.4377269 0.017591705         1    0.35   0.22      0.43
925  1.00000000 0.4377269 0.017591705         1    0.35   0.22      0.43
926  0.07031250 0.4377269 0.017591705         1    0.35   0.22      0.43
927  0.30859375 0.4377269 0.017591705         1    0.35   0.22      0.43
928  1.00000000 0.4377269 0.017591705         1    0.35   0.22      0.43
929  1.00000000 0.4377269 0.017591705         1    0.35   0.22      0.43
930  1.00000000 0.4377269 0.017591705         1    0.35   0.22      0.43
931  1.00000000 0.4377269 0.017591705         1    0.35   0.22      0.43
932  0.17968750 0.4377269 0.017591705         1    0.35   0.22      0.43
933  1.00000000 0.4377269 0.017591705         1    0.35   0.22      0.43
934  0.05468750 0.4377269 0.017591705         1    0.35   0.22      0.43
935  0.07421875 0.4377269 0.017591705         1    0.35   0.22      0.43
936  0.09375000 0.4377269 0.017591705         1    0.35   0.22      0.43
937  0.19140625 0.4377269 0.017591705         1    0.35   0.22      0.43
938  0.15625000 0.4377269 0.017591705         1    0.35   0.22      0.43
939  0.08984375 0.4377269 0.017591705         1    0.35   0.22      0.43
940  0.13281250 0.4377269 0.017591705         1    0.35   0.22      0.43
941  0.03125000 0.4377269 0.017591705         1    0.35   0.22      0.43
942  0.04687500 0.4377269 0.017591705         1    0.35   0.22      0.43
943  1.00000000 0.4377269 0.017591705         1    0.35   0.22      0.43
944  0.55859375 0.4377269 0.017591705         1    0.35   0.22      0.43
945  0.02734375 0.4377269 0.017591705         1    0.35   0.22      0.43
946  1.00000000 0.4377269 0.017591705         1    0.35   0.22      0.43
947  0.16406250 0.4377269 0.017591705         1    0.35   0.22      0.43
948  0.21484375 0.4377269 0.017591705         1    0.35   0.22      0.43
949  1.00000000 0.4377269 0.017591705         1    0.35   0.22      0.43
950  1.00000000 0.4377269 0.017591705         1    0.35   0.22      0.43
951  0.18750000 0.4377269 0.017591705         1    0.35   0.22      0.43
952  1.00000000 0.4377269 0.017591705         1    0.35   0.22      0.43
953  0.12109375 0.4377269 0.017591705         1    0.35   0.22      0.43
954  1.00000000 0.4377269 0.017591705         1    0.35   0.22      0.43
955  0.01953125 0.4377269 0.017591705         1    0.35   0.22      0.43
956  1.00000000 0.4377269 0.017591705         1    0.35   0.22      0.43
957  1.00000000 0.4377269 0.017591705         1    0.35   0.22      0.43
958  0.08203125 0.4377269 0.017591705         1    0.35   0.22      0.43
959  0.13281250 0.4377269 0.017591705         1    0.35   0.22      0.43
960  1.00000000 0.4377269 0.017591705         1    0.35   0.22      0.43
961  0.04296875 0.4377269 0.017591705         1    0.35   0.22      0.43
962  0.64453125 0.4377269 0.017591705         1    0.35   0.22      0.43
963  1.00000000 0.4377269 0.017591705         1    0.35   0.22      0.43
964  0.03515625 0.4377269 0.017591705         1    0.35   0.22      0.43
965  0.10937500 0.4377269 0.017591705         1    0.35   0.22      0.43
966  0.08984375 0.4377269 0.017591705         1    0.35   0.22      0.43
967  0.10937500 0.4377269 0.017591705         1    0.35   0.22      0.43
968  1.00000000 0.4377269 0.017591705         1    0.35   0.22      0.43
969  0.16406250 0.4377269 0.017591705         1    0.35   0.22      0.43
970  0.06250000 0.4377269 0.017591705         1    0.35   0.22      0.43
971  0.09375000 0.4377269 0.017591705         1    0.35   0.22      0.43
972  0.09765625 0.4377269 0.017591705         1    0.35   0.22      0.43
973  0.09765625 0.4377269 0.017591705         1    0.35   0.22      0.43
974  0.04687500 0.4377269 0.017591705         1    0.35   0.22      0.43
975  1.00000000 0.4377269 0.017591705         1    0.35   0.22      0.43
976  1.00000000 0.4377269 0.017591705         1    0.35   0.22      0.43
977  1.00000000 0.4377269 0.017591705         1    0.35   0.22      0.43
978  0.23046875 0.4377269 0.017591705         1    0.35   0.22      0.43
979  0.05078125 0.4377269 0.017591705         1    0.35   0.22      0.43
980  1.00000000 0.4377269 0.017591705         1    0.35   0.22      0.43
981  0.14453125 0.4377269 0.017591705         1    0.35   0.22      0.43
982  0.16796875 0.4377269 0.017591705         1    0.35   0.22      0.43
983  0.21093750 0.4377269 0.017591705         1    0.35   0.22      0.43
984  1.00000000 0.4377269 0.017591705         1    0.35   0.22      0.43
985  0.06250000 0.4377269 0.017591705         1    0.35   0.22      0.43
986  0.06640625 0.4377269 0.017591705         1    0.35   0.22      0.43
987  0.08984375 0.4377269 0.017591705         1    0.35   0.22      0.43
988  1.00000000 0.4377269 0.017591705         1    0.35   0.22      0.43
989  1.00000000 0.4377269 0.017591705         1    0.35   0.22      0.43
990  0.13671875 0.4377269 0.017591705         1    0.35   0.22      0.43
991  0.19140625 0.4377269 0.017591705         1    0.35   0.22      0.43
992  0.54687500 0.4377269 0.017591705         1    0.35   0.22      0.43
993  1.00000000 0.4377269 0.017591705         1    0.35   0.22      0.43
994  0.15625000 0.4377269 0.017591705         1    0.35   0.22      0.43
995  0.06250000 0.4377269 0.017591705         1    0.35   0.22      0.43
996  1.00000000 0.4377269 0.017591705         1    0.35   0.22      0.43
997  0.35546875 0.4377269 0.017591705         1    0.35   0.22      0.43
998  0.14453125 0.4377269 0.017591705         1    0.35   0.22      0.43
999  0.12109375 0.4377269 0.017591705         1    0.35   0.22      0.43
1000 1.00000000 0.4377269 0.017591705         1    0.35   0.22      0.43
