      prop.aneu prob.meio   prob.mito dispersal euploid mosaic aneuploid
1    1.00000000 0.2633290 0.012126141         1    0.51   0.23      0.26
2    0.02734375 0.2633290 0.012126141         1    0.51   0.23      0.26
3    0.15234375 0.2633290 0.012126141         1    0.51   0.23      0.26
4    0.07812500 0.2633290 0.012126141         1    0.51   0.23      0.26
5    0.02343750 0.2633290 0.012126141         1    0.51   0.23      0.26
6    0.05859375 0.2633290 0.012126141         1    0.51   0.23      0.26
7    0.07031250 0.2633290 0.012126141         1    0.51   0.23      0.26
8    0.11718750 0.2633290 0.012126141         1    0.51   0.23      0.26
9    1.00000000 0.2633290 0.012126141         1    0.51   0.23      0.26
10   0.00781250 0.2633290 0.012126141         1    0.51   0.23      0.26
11   0.07421875 0.2633290 0.012126141         1    0.51   0.23      0.26
12   1.00000000 0.2633290 0.012126141         1    0.51   0.23      0.26
13   1.00000000 0.2633290 0.012126141         1    0.51   0.23      0.26
14   0.06640625 0.2633290 0.012126141         1    0.51   0.23      0.26
15   0.08984375 0.2633290 0.012126141         1    0.51   0.23      0.26
16   0.25000000 0.2633290 0.012126141         1    0.51   0.23      0.26
17   0.03125000 0.2633290 0.012126141         1    0.51   0.23      0.26
18   0.18359375 0.2633290 0.012126141         1    0.51   0.23      0.26
19   0.02734375 0.2633290 0.012126141         1    0.51   0.23      0.26
20   1.00000000 0.2633290 0.012126141         1    0.51   0.23      0.26
21   0.10156250 0.2633290 0.012126141         1    0.51   0.23      0.26
22   1.00000000 0.2633290 0.012126141         1    0.51   0.23      0.26
23   1.00000000 0.2633290 0.012126141         1    0.51   0.23      0.26
24   0.01953125 0.2633290 0.012126141         1    0.51   0.23      0.26
25   0.26953125 0.2633290 0.012126141         1    0.51   0.23      0.26
26   0.05078125 0.2633290 0.012126141         1    0.51   0.23      0.26
27   0.05468750 0.2633290 0.012126141         1    0.51   0.23      0.26
28   1.00000000 0.2633290 0.012126141         1    0.51   0.23      0.26
29   0.05078125 0.2633290 0.012126141         1    0.51   0.23      0.26
30   0.04687500 0.2633290 0.012126141         1    0.51   0.23      0.26
31   0.03515625 0.2633290 0.012126141         1    0.51   0.23      0.26
32   0.00390625 0.2633290 0.012126141         1    0.51   0.23      0.26
33   0.25781250 0.2633290 0.012126141         1    0.51   0.23      0.26
34   1.00000000 0.2633290 0.012126141         1    0.51   0.23      0.26
35   0.15625000 0.2633290 0.012126141         1    0.51   0.23      0.26
36   1.00000000 0.2633290 0.012126141         1    0.51   0.23      0.26
37   1.00000000 0.2633290 0.012126141         1    0.51   0.23      0.26
38   1.00000000 0.2633290 0.012126141         1    0.51   0.23      0.26
39   1.00000000 0.2633290 0.012126141         1    0.51   0.23      0.26
40   0.01953125 0.2633290 0.012126141         1    0.51   0.23      0.26
41   0.08593750 0.2633290 0.012126141         1    0.51   0.23      0.26
42   1.00000000 0.2633290 0.012126141         1    0.51   0.23      0.26
43   0.02343750 0.2633290 0.012126141         1    0.51   0.23      0.26
44   0.04687500 0.2633290 0.012126141         1    0.51   0.23      0.26
45   0.30078125 0.2633290 0.012126141         1    0.51   0.23      0.26
46   0.10937500 0.2633290 0.012126141         1    0.51   0.23      0.26
47   1.00000000 0.2633290 0.012126141         1    0.51   0.23      0.26
48   0.02734375 0.2633290 0.012126141         1    0.51   0.23      0.26
49   1.00000000 0.2633290 0.012126141         1    0.51   0.23      0.26
50   1.00000000 0.2633290 0.012126141         1    0.51   0.23      0.26
51   0.04687500 0.2633290 0.012126141         1    0.51   0.23      0.26
52   0.07812500 0.2633290 0.012126141         1    0.51   0.23      0.26
53   0.07421875 0.2633290 0.012126141         1    0.51   0.23      0.26
54   0.05859375 0.2633290 0.012126141         1    0.51   0.23      0.26
55   0.09375000 0.2633290 0.012126141         1    0.51   0.23      0.26
56   0.06640625 0.2633290 0.012126141         1    0.51   0.23      0.26
57   1.00000000 0.2633290 0.012126141         1    0.51   0.23      0.26
58   0.02734375 0.2633290 0.012126141         1    0.51   0.23      0.26
59   0.18750000 0.2633290 0.012126141         1    0.51   0.23      0.26
60   0.03906250 0.2633290 0.012126141         1    0.51   0.23      0.26
61   0.04687500 0.2633290 0.012126141         1    0.51   0.23      0.26
62   0.05078125 0.2633290 0.012126141         1    0.51   0.23      0.26
63   0.02343750 0.2633290 0.012126141         1    0.51   0.23      0.26
64   1.00000000 0.2633290 0.012126141         1    0.51   0.23      0.26
65   0.03125000 0.2633290 0.012126141         1    0.51   0.23      0.26
66   0.06250000 0.2633290 0.012126141         1    0.51   0.23      0.26
67   1.00000000 0.2633290 0.012126141         1    0.51   0.23      0.26
68   0.28515625 0.2633290 0.012126141         1    0.51   0.23      0.26
69   0.08593750 0.2633290 0.012126141         1    0.51   0.23      0.26
70   1.00000000 0.2633290 0.012126141         1    0.51   0.23      0.26
71   0.07812500 0.2633290 0.012126141         1    0.51   0.23      0.26
72   0.09375000 0.2633290 0.012126141         1    0.51   0.23      0.26
73   1.00000000 0.2633290 0.012126141         1    0.51   0.23      0.26
74   0.08593750 0.2633290 0.012126141         1    0.51   0.23      0.26
75   0.18359375 0.2633290 0.012126141         1    0.51   0.23      0.26
76   0.04296875 0.2633290 0.012126141         1    0.51   0.23      0.26
77   0.08593750 0.2633290 0.012126141         1    0.51   0.23      0.26
78   0.02734375 0.2633290 0.012126141         1    0.51   0.23      0.26
79   0.00390625 0.2633290 0.012126141         1    0.51   0.23      0.26
80   1.00000000 0.2633290 0.012126141         1    0.51   0.23      0.26
81   0.07421875 0.2633290 0.012126141         1    0.51   0.23      0.26
82   1.00000000 0.2633290 0.012126141         1    0.51   0.23      0.26
83   1.00000000 0.2633290 0.012126141         1    0.51   0.23      0.26
84   0.05078125 0.2633290 0.012126141         1    0.51   0.23      0.26
85   0.14453125 0.2633290 0.012126141         1    0.51   0.23      0.26
86   0.02734375 0.2633290 0.012126141         1    0.51   0.23      0.26
87   0.27734375 0.2633290 0.012126141         1    0.51   0.23      0.26
88   0.03906250 0.2633290 0.012126141         1    0.51   0.23      0.26
89   0.03515625 0.2633290 0.012126141         1    0.51   0.23      0.26
90   0.07812500 0.2633290 0.012126141         1    0.51   0.23      0.26
91   0.07812500 0.2633290 0.012126141         1    0.51   0.23      0.26
92   1.00000000 0.2633290 0.012126141         1    0.51   0.23      0.26
93   0.04687500 0.2633290 0.012126141         1    0.51   0.23      0.26
94   0.09765625 0.2633290 0.012126141         1    0.51   0.23      0.26
95   0.08593750 0.2633290 0.012126141         1    0.51   0.23      0.26
96   0.07812500 0.2633290 0.012126141         1    0.51   0.23      0.26
97   0.04687500 0.2633290 0.012126141         1    0.51   0.23      0.26
98   0.03125000 0.2633290 0.012126141         1    0.51   0.23      0.26
99   0.28515625 0.2633290 0.012126141         1    0.51   0.23      0.26
100  0.01953125 0.2633290 0.012126141         1    0.51   0.23      0.26
101  0.16406250 0.4991617 0.021487338         1    0.20   0.28      0.52
102  0.07421875 0.4991617 0.021487338         1    0.20   0.28      0.52
103  0.13671875 0.4991617 0.021487338         1    0.20   0.28      0.52
104  1.00000000 0.4991617 0.021487338         1    0.20   0.28      0.52
105  0.25781250 0.4991617 0.021487338         1    0.20   0.28      0.52
106  0.25390625 0.4991617 0.021487338         1    0.20   0.28      0.52
107  1.00000000 0.4991617 0.021487338         1    0.20   0.28      0.52
108  0.24609375 0.4991617 0.021487338         1    0.20   0.28      0.52
109  1.00000000 0.4991617 0.021487338         1    0.20   0.28      0.52
110  1.00000000 0.4991617 0.021487338         1    0.20   0.28      0.52
111  0.10937500 0.4991617 0.021487338         1    0.20   0.28      0.52
112  1.00000000 0.4991617 0.021487338         1    0.20   0.28      0.52
113  1.00000000 0.4991617 0.021487338         1    0.20   0.28      0.52
114  0.13281250 0.4991617 0.021487338         1    0.20   0.28      0.52
115  0.12109375 0.4991617 0.021487338         1    0.20   0.28      0.52
116  1.00000000 0.4991617 0.021487338         1    0.20   0.28      0.52
117  1.00000000 0.4991617 0.021487338         1    0.20   0.28      0.52
118  1.00000000 0.4991617 0.021487338         1    0.20   0.28      0.52
119  1.00000000 0.4991617 0.021487338         1    0.20   0.28      0.52
120  1.00000000 0.4991617 0.021487338         1    0.20   0.28      0.52
121  1.00000000 0.4991617 0.021487338         1    0.20   0.28      0.52
122  1.00000000 0.4991617 0.021487338         1    0.20   0.28      0.52
123  1.00000000 0.4991617 0.021487338         1    0.20   0.28      0.52
124  0.20312500 0.4991617 0.021487338         1    0.20   0.28      0.52
125  0.09765625 0.4991617 0.021487338         1    0.20   0.28      0.52
126  0.15234375 0.4991617 0.021487338         1    0.20   0.28      0.52
127  0.12500000 0.4991617 0.021487338         1    0.20   0.28      0.52
128  0.08593750 0.4991617 0.021487338         1    0.20   0.28      0.52
129  1.00000000 0.4991617 0.021487338         1    0.20   0.28      0.52
130  0.22656250 0.4991617 0.021487338         1    0.20   0.28      0.52
131  1.00000000 0.4991617 0.021487338         1    0.20   0.28      0.52
132  1.00000000 0.4991617 0.021487338         1    0.20   0.28      0.52
133  0.41406250 0.4991617 0.021487338         1    0.20   0.28      0.52
134  0.25000000 0.4991617 0.021487338         1    0.20   0.28      0.52
135  1.00000000 0.4991617 0.021487338         1    0.20   0.28      0.52
136  0.13281250 0.4991617 0.021487338         1    0.20   0.28      0.52
137  0.13671875 0.4991617 0.021487338         1    0.20   0.28      0.52
138  1.00000000 0.4991617 0.021487338         1    0.20   0.28      0.52
139  0.13281250 0.4991617 0.021487338         1    0.20   0.28      0.52
140  0.12109375 0.4991617 0.021487338         1    0.20   0.28      0.52
141  1.00000000 0.4991617 0.021487338         1    0.20   0.28      0.52
142  0.05468750 0.4991617 0.021487338         1    0.20   0.28      0.52
143  0.07421875 0.4991617 0.021487338         1    0.20   0.28      0.52
144  0.07812500 0.4991617 0.021487338         1    0.20   0.28      0.52
145  1.00000000 0.4991617 0.021487338         1    0.20   0.28      0.52
146  0.02734375 0.4991617 0.021487338         1    0.20   0.28      0.52
147  1.00000000 0.4991617 0.021487338         1    0.20   0.28      0.52
148  0.11718750 0.4991617 0.021487338         1    0.20   0.28      0.52
149  1.00000000 0.4991617 0.021487338         1    0.20   0.28      0.52
150  1.00000000 0.4991617 0.021487338         1    0.20   0.28      0.52
151  0.32031250 0.4991617 0.021487338         1    0.20   0.28      0.52
152  1.00000000 0.4991617 0.021487338         1    0.20   0.28      0.52
153  0.08203125 0.4991617 0.021487338         1    0.20   0.28      0.52
154  1.00000000 0.4991617 0.021487338         1    0.20   0.28      0.52
155  1.00000000 0.4991617 0.021487338         1    0.20   0.28      0.52
156  0.08593750 0.4991617 0.021487338         1    0.20   0.28      0.52
157  0.20312500 0.4991617 0.021487338         1    0.20   0.28      0.52
158  0.18750000 0.4991617 0.021487338         1    0.20   0.28      0.52
159  1.00000000 0.4991617 0.021487338         1    0.20   0.28      0.52
160  1.00000000 0.4991617 0.021487338         1    0.20   0.28      0.52
161  0.08203125 0.4991617 0.021487338         1    0.20   0.28      0.52
162  0.26171875 0.4991617 0.021487338         1    0.20   0.28      0.52
163  1.00000000 0.4991617 0.021487338         1    0.20   0.28      0.52
164  1.00000000 0.4991617 0.021487338         1    0.20   0.28      0.52
165  1.00000000 0.4991617 0.021487338         1    0.20   0.28      0.52
166  0.10937500 0.4991617 0.021487338         1    0.20   0.28      0.52
167  1.00000000 0.4991617 0.021487338         1    0.20   0.28      0.52
168  1.00000000 0.4991617 0.021487338         1    0.20   0.28      0.52
169  0.10937500 0.4991617 0.021487338         1    0.20   0.28      0.52
170  1.00000000 0.4991617 0.021487338         1    0.20   0.28      0.52
171  1.00000000 0.4991617 0.021487338         1    0.20   0.28      0.52
172  0.17968750 0.4991617 0.021487338         1    0.20   0.28      0.52
173  1.00000000 0.4991617 0.021487338         1    0.20   0.28      0.52
174  1.00000000 0.4991617 0.021487338         1    0.20   0.28      0.52
175  1.00000000 0.4991617 0.021487338         1    0.20   0.28      0.52
176  0.09765625 0.4991617 0.021487338         1    0.20   0.28      0.52
177  0.17578125 0.4991617 0.021487338         1    0.20   0.28      0.52
178  1.00000000 0.4991617 0.021487338         1    0.20   0.28      0.52
179  1.00000000 0.4991617 0.021487338         1    0.20   0.28      0.52
180  1.00000000 0.4991617 0.021487338         1    0.20   0.28      0.52
181  0.13671875 0.4991617 0.021487338         1    0.20   0.28      0.52
182  0.16796875 0.4991617 0.021487338         1    0.20   0.28      0.52
183  0.17578125 0.4991617 0.021487338         1    0.20   0.28      0.52
184  1.00000000 0.4991617 0.021487338         1    0.20   0.28      0.52
185  1.00000000 0.4991617 0.021487338         1    0.20   0.28      0.52
186  1.00000000 0.4991617 0.021487338         1    0.20   0.28      0.52
187  1.00000000 0.4991617 0.021487338         1    0.20   0.28      0.52
188  0.20703125 0.4991617 0.021487338         1    0.20   0.28      0.52
189  1.00000000 0.4991617 0.021487338         1    0.20   0.28      0.52
190  1.00000000 0.4991617 0.021487338         1    0.20   0.28      0.52
191  0.47265625 0.4991617 0.021487338         1    0.20   0.28      0.52
192  1.00000000 0.4991617 0.021487338         1    0.20   0.28      0.52
193  1.00000000 0.4991617 0.021487338         1    0.20   0.28      0.52
194  1.00000000 0.4991617 0.021487338         1    0.20   0.28      0.52
195  0.06640625 0.4991617 0.021487338         1    0.20   0.28      0.52
196  0.21484375 0.4991617 0.021487338         1    0.20   0.28      0.52
197  0.12500000 0.4991617 0.021487338         1    0.20   0.28      0.52
198  0.06250000 0.4991617 0.021487338         1    0.20   0.28      0.52
199  0.09765625 0.4991617 0.021487338         1    0.20   0.28      0.52
200  1.00000000 0.4991617 0.021487338         1    0.20   0.28      0.52
201  0.22265625 0.4499313 0.020446861         1    0.25   0.25      0.50
202  1.00000000 0.4499313 0.020446861         1    0.25   0.25      0.50
203  1.00000000 0.4499313 0.020446861         1    0.25   0.25      0.50
204  0.06250000 0.4499313 0.020446861         1    0.25   0.25      0.50
205  1.00000000 0.4499313 0.020446861         1    0.25   0.25      0.50
206  0.09765625 0.4499313 0.020446861         1    0.25   0.25      0.50
207  1.00000000 0.4499313 0.020446861         1    0.25   0.25      0.50
208  1.00000000 0.4499313 0.020446861         1    0.25   0.25      0.50
209  1.00000000 0.4499313 0.020446861         1    0.25   0.25      0.50
210  0.05859375 0.4499313 0.020446861         1    0.25   0.25      0.50
211  0.15234375 0.4499313 0.020446861         1    0.25   0.25      0.50
212  0.10937500 0.4499313 0.020446861         1    0.25   0.25      0.50
213  1.00000000 0.4499313 0.020446861         1    0.25   0.25      0.50
214  1.00000000 0.4499313 0.020446861         1    0.25   0.25      0.50
215  0.28515625 0.4499313 0.020446861         1    0.25   0.25      0.50
216  0.21093750 0.4499313 0.020446861         1    0.25   0.25      0.50
217  0.03906250 0.4499313 0.020446861         1    0.25   0.25      0.50
218  1.00000000 0.4499313 0.020446861         1    0.25   0.25      0.50
219  0.17187500 0.4499313 0.020446861         1    0.25   0.25      0.50
220  1.00000000 0.4499313 0.020446861         1    0.25   0.25      0.50
221  0.03515625 0.4499313 0.020446861         1    0.25   0.25      0.50
222  1.00000000 0.4499313 0.020446861         1    0.25   0.25      0.50
223  0.05078125 0.4499313 0.020446861         1    0.25   0.25      0.50
224  0.10156250 0.4499313 0.020446861         1    0.25   0.25      0.50
225  0.16406250 0.4499313 0.020446861         1    0.25   0.25      0.50
226  0.07031250 0.4499313 0.020446861         1    0.25   0.25      0.50
227  0.13281250 0.4499313 0.020446861         1    0.25   0.25      0.50
228  1.00000000 0.4499313 0.020446861         1    0.25   0.25      0.50
229  1.00000000 0.4499313 0.020446861         1    0.25   0.25      0.50
230  1.00000000 0.4499313 0.020446861         1    0.25   0.25      0.50
231  0.10937500 0.4499313 0.020446861         1    0.25   0.25      0.50
232  0.28906250 0.4499313 0.020446861         1    0.25   0.25      0.50
233  1.00000000 0.4499313 0.020446861         1    0.25   0.25      0.50
234  1.00000000 0.4499313 0.020446861         1    0.25   0.25      0.50
235  1.00000000 0.4499313 0.020446861         1    0.25   0.25      0.50
236  1.00000000 0.4499313 0.020446861         1    0.25   0.25      0.50
237  1.00000000 0.4499313 0.020446861         1    0.25   0.25      0.50
238  0.07031250 0.4499313 0.020446861         1    0.25   0.25      0.50
239  1.00000000 0.4499313 0.020446861         1    0.25   0.25      0.50
240  0.07031250 0.4499313 0.020446861         1    0.25   0.25      0.50
241  1.00000000 0.4499313 0.020446861         1    0.25   0.25      0.50
242  0.07421875 0.4499313 0.020446861         1    0.25   0.25      0.50
243  0.22656250 0.4499313 0.020446861         1    0.25   0.25      0.50
244  1.00000000 0.4499313 0.020446861         1    0.25   0.25      0.50
245  0.21875000 0.4499313 0.020446861         1    0.25   0.25      0.50
246  0.21093750 0.4499313 0.020446861         1    0.25   0.25      0.50
247  0.19921875 0.4499313 0.020446861         1    0.25   0.25      0.50
248  1.00000000 0.4499313 0.020446861         1    0.25   0.25      0.50
249  0.53125000 0.4499313 0.020446861         1    0.25   0.25      0.50
250  1.00000000 0.4499313 0.020446861         1    0.25   0.25      0.50
251  1.00000000 0.4499313 0.020446861         1    0.25   0.25      0.50
252  1.00000000 0.4499313 0.020446861         1    0.25   0.25      0.50
253  1.00000000 0.4499313 0.020446861         1    0.25   0.25      0.50
254  0.16015625 0.4499313 0.020446861         1    0.25   0.25      0.50
255  0.08203125 0.4499313 0.020446861         1    0.25   0.25      0.50
256  1.00000000 0.4499313 0.020446861         1    0.25   0.25      0.50
257  0.05078125 0.4499313 0.020446861         1    0.25   0.25      0.50
258  1.00000000 0.4499313 0.020446861         1    0.25   0.25      0.50
259  1.00000000 0.4499313 0.020446861         1    0.25   0.25      0.50
260  0.05859375 0.4499313 0.020446861         1    0.25   0.25      0.50
261  0.16406250 0.4499313 0.020446861         1    0.25   0.25      0.50
262  1.00000000 0.4499313 0.020446861         1    0.25   0.25      0.50
263  0.20312500 0.4499313 0.020446861         1    0.25   0.25      0.50
264  0.14843750 0.4499313 0.020446861         1    0.25   0.25      0.50
265  1.00000000 0.4499313 0.020446861         1    0.25   0.25      0.50
266  1.00000000 0.4499313 0.020446861         1    0.25   0.25      0.50
267  0.02343750 0.4499313 0.020446861         1    0.25   0.25      0.50
268  1.00000000 0.4499313 0.020446861         1    0.25   0.25      0.50
269  0.05859375 0.4499313 0.020446861         1    0.25   0.25      0.50
270  0.31250000 0.4499313 0.020446861         1    0.25   0.25      0.50
271  0.11328125 0.4499313 0.020446861         1    0.25   0.25      0.50
272  1.00000000 0.4499313 0.020446861         1    0.25   0.25      0.50
273  1.00000000 0.4499313 0.020446861         1    0.25   0.25      0.50
274  0.12500000 0.4499313 0.020446861         1    0.25   0.25      0.50
275  0.05468750 0.4499313 0.020446861         1    0.25   0.25      0.50
276  1.00000000 0.4499313 0.020446861         1    0.25   0.25      0.50
277  0.01562500 0.4499313 0.020446861         1    0.25   0.25      0.50
278  0.15234375 0.4499313 0.020446861         1    0.25   0.25      0.50
279  1.00000000 0.4499313 0.020446861         1    0.25   0.25      0.50
280  0.09765625 0.4499313 0.020446861         1    0.25   0.25      0.50
281  0.13671875 0.4499313 0.020446861         1    0.25   0.25      0.50
282  1.00000000 0.4499313 0.020446861         1    0.25   0.25      0.50
283  1.00000000 0.4499313 0.020446861         1    0.25   0.25      0.50
284  0.09375000 0.4499313 0.020446861         1    0.25   0.25      0.50
285  1.00000000 0.4499313 0.020446861         1    0.25   0.25      0.50
286  1.00000000 0.4499313 0.020446861         1    0.25   0.25      0.50
287  1.00000000 0.4499313 0.020446861         1    0.25   0.25      0.50
288  1.00000000 0.4499313 0.020446861         1    0.25   0.25      0.50
289  0.09765625 0.4499313 0.020446861         1    0.25   0.25      0.50
290  0.10156250 0.4499313 0.020446861         1    0.25   0.25      0.50
291  1.00000000 0.4499313 0.020446861         1    0.25   0.25      0.50
292  1.00000000 0.4499313 0.020446861         1    0.25   0.25      0.50
293  1.00000000 0.4499313 0.020446861         1    0.25   0.25      0.50
294  1.00000000 0.4499313 0.020446861         1    0.25   0.25      0.50
295  0.14843750 0.4499313 0.020446861         1    0.25   0.25      0.50
296  0.08203125 0.4499313 0.020446861         1    0.25   0.25      0.50
297  1.00000000 0.4499313 0.020446861         1    0.25   0.25      0.50
298  0.03515625 0.4499313 0.020446861         1    0.25   0.25      0.50
299  0.42968750 0.4499313 0.020446861         1    0.25   0.25      0.50
300  1.00000000 0.4499313 0.020446861         1    0.25   0.25      0.50
301  1.00000000 0.5409309 0.041380256         1    0.08   0.38      0.54
302  0.50000000 0.5409309 0.041380256         1    0.08   0.38      0.54
303  0.15625000 0.5409309 0.041380256         1    0.08   0.38      0.54
304  0.17968750 0.5409309 0.041380256         1    0.08   0.38      0.54
305  0.17968750 0.5409309 0.041380256         1    0.08   0.38      0.54
306  1.00000000 0.5409309 0.041380256         1    0.08   0.38      0.54
307  0.25000000 0.5409309 0.041380256         1    0.08   0.38      0.54
308  0.19140625 0.5409309 0.041380256         1    0.08   0.38      0.54
309  1.00000000 0.5409309 0.041380256         1    0.08   0.38      0.54
310  1.00000000 0.5409309 0.041380256         1    0.08   0.38      0.54
311  1.00000000 0.5409309 0.041380256         1    0.08   0.38      0.54
312  1.00000000 0.5409309 0.041380256         1    0.08   0.38      0.54
313  1.00000000 0.5409309 0.041380256         1    0.08   0.38      0.54
314  1.00000000 0.5409309 0.041380256         1    0.08   0.38      0.54
315  0.35156250 0.5409309 0.041380256         1    0.08   0.38      0.54
316  0.40625000 0.5409309 0.041380256         1    0.08   0.38      0.54
317  0.38671875 0.5409309 0.041380256         1    0.08   0.38      0.54
318  0.52343750 0.5409309 0.041380256         1    0.08   0.38      0.54
319  1.00000000 0.5409309 0.041380256         1    0.08   0.38      0.54
320  0.79296875 0.5409309 0.041380256         1    0.08   0.38      0.54
321  1.00000000 0.5409309 0.041380256         1    0.08   0.38      0.54
322  1.00000000 0.5409309 0.041380256         1    0.08   0.38      0.54
323  0.20703125 0.5409309 0.041380256         1    0.08   0.38      0.54
324  1.00000000 0.5409309 0.041380256         1    0.08   0.38      0.54
325  1.00000000 0.5409309 0.041380256         1    0.08   0.38      0.54
326  1.00000000 0.5409309 0.041380256         1    0.08   0.38      0.54
327  0.33593750 0.5409309 0.041380256         1    0.08   0.38      0.54
328  0.27734375 0.5409309 0.041380256         1    0.08   0.38      0.54
329  1.00000000 0.5409309 0.041380256         1    0.08   0.38      0.54
330  1.00000000 0.5409309 0.041380256         1    0.08   0.38      0.54
331  1.00000000 0.5409309 0.041380256         1    0.08   0.38      0.54
332  1.00000000 0.5409309 0.041380256         1    0.08   0.38      0.54
333  0.37500000 0.5409309 0.041380256         1    0.08   0.38      0.54
334  0.32031250 0.5409309 0.041380256         1    0.08   0.38      0.54
335  0.18750000 0.5409309 0.041380256         1    0.08   0.38      0.54
336  1.00000000 0.5409309 0.041380256         1    0.08   0.38      0.54
337  1.00000000 0.5409309 0.041380256         1    0.08   0.38      0.54
338  1.00000000 0.5409309 0.041380256         1    0.08   0.38      0.54
339  0.52734375 0.5409309 0.041380256         1    0.08   0.38      0.54
340  0.55859375 0.5409309 0.041380256         1    0.08   0.38      0.54
341  1.00000000 0.5409309 0.041380256         1    0.08   0.38      0.54
342  0.21484375 0.5409309 0.041380256         1    0.08   0.38      0.54
343  0.47265625 0.5409309 0.041380256         1    0.08   0.38      0.54
344  1.00000000 0.5409309 0.041380256         1    0.08   0.38      0.54
345  1.00000000 0.5409309 0.041380256         1    0.08   0.38      0.54
346  1.00000000 0.5409309 0.041380256         1    0.08   0.38      0.54
347  0.34765625 0.5409309 0.041380256         1    0.08   0.38      0.54
348  1.00000000 0.5409309 0.041380256         1    0.08   0.38      0.54
349  1.00000000 0.5409309 0.041380256         1    0.08   0.38      0.54
350  1.00000000 0.5409309 0.041380256         1    0.08   0.38      0.54
351  0.35156250 0.5409309 0.041380256         1    0.08   0.38      0.54
352  1.00000000 0.5409309 0.041380256         1    0.08   0.38      0.54
353  1.00000000 0.5409309 0.041380256         1    0.08   0.38      0.54
354  1.00000000 0.5409309 0.041380256         1    0.08   0.38      0.54
355  0.18359375 0.5409309 0.041380256         1    0.08   0.38      0.54
356  1.00000000 0.5409309 0.041380256         1    0.08   0.38      0.54
357  1.00000000 0.5409309 0.041380256         1    0.08   0.38      0.54
358  1.00000000 0.5409309 0.041380256         1    0.08   0.38      0.54
359  0.25390625 0.5409309 0.041380256         1    0.08   0.38      0.54
360  1.00000000 0.5409309 0.041380256         1    0.08   0.38      0.54
361  1.00000000 0.5409309 0.041380256         1    0.08   0.38      0.54
362  0.17968750 0.5409309 0.041380256         1    0.08   0.38      0.54
363  0.19531250 0.5409309 0.041380256         1    0.08   0.38      0.54
364  1.00000000 0.5409309 0.041380256         1    0.08   0.38      0.54
365  0.16796875 0.5409309 0.041380256         1    0.08   0.38      0.54
366  0.18750000 0.5409309 0.041380256         1    0.08   0.38      0.54
367  0.28906250 0.5409309 0.041380256         1    0.08   0.38      0.54
368  0.17968750 0.5409309 0.041380256         1    0.08   0.38      0.54
369  1.00000000 0.5409309 0.041380256         1    0.08   0.38      0.54
370  1.00000000 0.5409309 0.041380256         1    0.08   0.38      0.54
371  1.00000000 0.5409309 0.041380256         1    0.08   0.38      0.54
372  0.20703125 0.5409309 0.041380256         1    0.08   0.38      0.54
373  1.00000000 0.5409309 0.041380256         1    0.08   0.38      0.54
374  0.46875000 0.5409309 0.041380256         1    0.08   0.38      0.54
375  1.00000000 0.5409309 0.041380256         1    0.08   0.38      0.54
376  1.00000000 0.5409309 0.041380256         1    0.08   0.38      0.54
377  1.00000000 0.5409309 0.041380256         1    0.08   0.38      0.54
378  0.33593750 0.5409309 0.041380256         1    0.08   0.38      0.54
379  1.00000000 0.5409309 0.041380256         1    0.08   0.38      0.54
380  0.22265625 0.5409309 0.041380256         1    0.08   0.38      0.54
381  1.00000000 0.5409309 0.041380256         1    0.08   0.38      0.54
382  1.00000000 0.5409309 0.041380256         1    0.08   0.38      0.54
383  0.33593750 0.5409309 0.041380256         1    0.08   0.38      0.54
384  0.44921875 0.5409309 0.041380256         1    0.08   0.38      0.54
385  1.00000000 0.5409309 0.041380256         1    0.08   0.38      0.54
386  1.00000000 0.5409309 0.041380256         1    0.08   0.38      0.54
387  0.17578125 0.5409309 0.041380256         1    0.08   0.38      0.54
388  1.00000000 0.5409309 0.041380256         1    0.08   0.38      0.54
389  0.11718750 0.5409309 0.041380256         1    0.08   0.38      0.54
390  0.14062500 0.5409309 0.041380256         1    0.08   0.38      0.54
391  1.00000000 0.5409309 0.041380256         1    0.08   0.38      0.54
392  0.25000000 0.5409309 0.041380256         1    0.08   0.38      0.54
393  0.38671875 0.5409309 0.041380256         1    0.08   0.38      0.54
394  0.17187500 0.5409309 0.041380256         1    0.08   0.38      0.54
395  0.11328125 0.5409309 0.041380256         1    0.08   0.38      0.54
396  0.20312500 0.5409309 0.041380256         1    0.08   0.38      0.54
397  1.00000000 0.5409309 0.041380256         1    0.08   0.38      0.54
398  0.17968750 0.5409309 0.041380256         1    0.08   0.38      0.54
399  1.00000000 0.5409309 0.041380256         1    0.08   0.38      0.54
400  1.00000000 0.5409309 0.041380256         1    0.08   0.38      0.54
401  0.01953125 0.1882696 0.007726779         1    0.60   0.21      0.19
402  0.09375000 0.1882696 0.007726779         1    0.60   0.21      0.19
403  0.02734375 0.1882696 0.007726779         1    0.60   0.21      0.19
404  1.00000000 0.1882696 0.007726779         1    0.60   0.21      0.19
405  1.00000000 0.1882696 0.007726779         1    0.60   0.21      0.19
406  0.00000000 0.1882696 0.007726779         1    0.60   0.21      0.19
407  0.03125000 0.1882696 0.007726779         1    0.60   0.21      0.19
408  0.05078125 0.1882696 0.007726779         1    0.60   0.21      0.19
409  1.00000000 0.1882696 0.007726779         1    0.60   0.21      0.19
410  1.00000000 0.1882696 0.007726779         1    0.60   0.21      0.19
411  0.07812500 0.1882696 0.007726779         1    0.60   0.21      0.19
412  0.06250000 0.1882696 0.007726779         1    0.60   0.21      0.19
413  0.01953125 0.1882696 0.007726779         1    0.60   0.21      0.19
414  0.01171875 0.1882696 0.007726779         1    0.60   0.21      0.19
415  0.08593750 0.1882696 0.007726779         1    0.60   0.21      0.19
416  0.03125000 0.1882696 0.007726779         1    0.60   0.21      0.19
417  0.01562500 0.1882696 0.007726779         1    0.60   0.21      0.19
418  0.14843750 0.1882696 0.007726779         1    0.60   0.21      0.19
419  0.05468750 0.1882696 0.007726779         1    0.60   0.21      0.19
420  0.04687500 0.1882696 0.007726779         1    0.60   0.21      0.19
421  0.00781250 0.1882696 0.007726779         1    0.60   0.21      0.19
422  0.56640625 0.1882696 0.007726779         1    0.60   0.21      0.19
423  0.00000000 0.1882696 0.007726779         1    0.60   0.21      0.19
424  0.00390625 0.1882696 0.007726779         1    0.60   0.21      0.19
425  0.01953125 0.1882696 0.007726779         1    0.60   0.21      0.19
426  0.12890625 0.1882696 0.007726779         1    0.60   0.21      0.19
427  0.04296875 0.1882696 0.007726779         1    0.60   0.21      0.19
428  1.00000000 0.1882696 0.007726779         1    0.60   0.21      0.19
429  0.07812500 0.1882696 0.007726779         1    0.60   0.21      0.19
430  0.00781250 0.1882696 0.007726779         1    0.60   0.21      0.19
431  1.00000000 0.1882696 0.007726779         1    0.60   0.21      0.19
432  0.02734375 0.1882696 0.007726779         1    0.60   0.21      0.19
433  1.00000000 0.1882696 0.007726779         1    0.60   0.21      0.19
434  0.03515625 0.1882696 0.007726779         1    0.60   0.21      0.19
435  1.00000000 0.1882696 0.007726779         1    0.60   0.21      0.19
436  1.00000000 0.1882696 0.007726779         1    0.60   0.21      0.19
437  0.02734375 0.1882696 0.007726779         1    0.60   0.21      0.19
438  0.03515625 0.1882696 0.007726779         1    0.60   0.21      0.19
439  0.07031250 0.1882696 0.007726779         1    0.60   0.21      0.19
440  0.04296875 0.1882696 0.007726779         1    0.60   0.21      0.19
441  0.03125000 0.1882696 0.007726779         1    0.60   0.21      0.19
442  0.04296875 0.1882696 0.007726779         1    0.60   0.21      0.19
443  0.04687500 0.1882696 0.007726779         1    0.60   0.21      0.19
444  1.00000000 0.1882696 0.007726779         1    0.60   0.21      0.19
445  0.16406250 0.1882696 0.007726779         1    0.60   0.21      0.19
446  0.03125000 0.1882696 0.007726779         1    0.60   0.21      0.19
447  0.05859375 0.1882696 0.007726779         1    0.60   0.21      0.19
448  0.50781250 0.1882696 0.007726779         1    0.60   0.21      0.19
449  0.07421875 0.1882696 0.007726779         1    0.60   0.21      0.19
450  0.07421875 0.1882696 0.007726779         1    0.60   0.21      0.19
451  0.03125000 0.1882696 0.007726779         1    0.60   0.21      0.19
452  0.01953125 0.1882696 0.007726779         1    0.60   0.21      0.19
453  0.27343750 0.1882696 0.007726779         1    0.60   0.21      0.19
454  1.00000000 0.1882696 0.007726779         1    0.60   0.21      0.19
455  0.00390625 0.1882696 0.007726779         1    0.60   0.21      0.19
456  0.00390625 0.1882696 0.007726779         1    0.60   0.21      0.19
457  1.00000000 0.1882696 0.007726779         1    0.60   0.21      0.19
458  1.00000000 0.1882696 0.007726779         1    0.60   0.21      0.19
459  0.26171875 0.1882696 0.007726779         1    0.60   0.21      0.19
460  1.00000000 0.1882696 0.007726779         1    0.60   0.21      0.19
461  1.00000000 0.1882696 0.007726779         1    0.60   0.21      0.19
462  0.07421875 0.1882696 0.007726779         1    0.60   0.21      0.19
463  0.01953125 0.1882696 0.007726779         1    0.60   0.21      0.19
464  0.00781250 0.1882696 0.007726779         1    0.60   0.21      0.19
465  0.01562500 0.1882696 0.007726779         1    0.60   0.21      0.19
466  0.01953125 0.1882696 0.007726779         1    0.60   0.21      0.19
467  0.02343750 0.1882696 0.007726779         1    0.60   0.21      0.19
468  0.02734375 0.1882696 0.007726779         1    0.60   0.21      0.19
469  0.02734375 0.1882696 0.007726779         1    0.60   0.21      0.19
470  0.01562500 0.1882696 0.007726779         1    0.60   0.21      0.19
471  0.00781250 0.1882696 0.007726779         1    0.60   0.21      0.19
472  0.08593750 0.1882696 0.007726779         1    0.60   0.21      0.19
473  0.10156250 0.1882696 0.007726779         1    0.60   0.21      0.19
474  0.00390625 0.1882696 0.007726779         1    0.60   0.21      0.19
475  0.01953125 0.1882696 0.007726779         1    0.60   0.21      0.19
476  0.07031250 0.1882696 0.007726779         1    0.60   0.21      0.19
477  1.00000000 0.1882696 0.007726779         1    0.60   0.21      0.19
478  1.00000000 0.1882696 0.007726779         1    0.60   0.21      0.19
479  0.08593750 0.1882696 0.007726779         1    0.60   0.21      0.19
480  1.00000000 0.1882696 0.007726779         1    0.60   0.21      0.19
481  0.16015625 0.1882696 0.007726779         1    0.60   0.21      0.19
482  0.04296875 0.1882696 0.007726779         1    0.60   0.21      0.19
483  1.00000000 0.1882696 0.007726779         1    0.60   0.21      0.19
484  0.03515625 0.1882696 0.007726779         1    0.60   0.21      0.19
485  0.03125000 0.1882696 0.007726779         1    0.60   0.21      0.19
486  0.01562500 0.1882696 0.007726779         1    0.60   0.21      0.19
487  0.01171875 0.1882696 0.007726779         1    0.60   0.21      0.19
488  0.03125000 0.1882696 0.007726779         1    0.60   0.21      0.19
489  0.02343750 0.1882696 0.007726779         1    0.60   0.21      0.19
490  0.03515625 0.1882696 0.007726779         1    0.60   0.21      0.19
491  0.06250000 0.1882696 0.007726779         1    0.60   0.21      0.19
492  0.01171875 0.1882696 0.007726779         1    0.60   0.21      0.19
493  0.01953125 0.1882696 0.007726779         1    0.60   0.21      0.19
494  0.00390625 0.1882696 0.007726779         1    0.60   0.21      0.19
495  0.04687500 0.1882696 0.007726779         1    0.60   0.21      0.19
496  0.01953125 0.1882696 0.007726779         1    0.60   0.21      0.19
497  0.01562500 0.1882696 0.007726779         1    0.60   0.21      0.19
498  0.17187500 0.1882696 0.007726779         1    0.60   0.21      0.19
499  0.01171875 0.1882696 0.007726779         1    0.60   0.21      0.19
500  0.03515625 0.1882696 0.007726779         1    0.60   0.21      0.19
501  0.22656250 0.6218828 0.043410098         1    0.07   0.35      0.58
502  0.46093750 0.6218828 0.043410098         1    0.07   0.35      0.58
503  1.00000000 0.6218828 0.043410098         1    0.07   0.35      0.58
504  0.37500000 0.6218828 0.043410098         1    0.07   0.35      0.58
505  1.00000000 0.6218828 0.043410098         1    0.07   0.35      0.58
506  1.00000000 0.6218828 0.043410098         1    0.07   0.35      0.58
507  0.30078125 0.6218828 0.043410098         1    0.07   0.35      0.58
508  1.00000000 0.6218828 0.043410098         1    0.07   0.35      0.58
509  0.25781250 0.6218828 0.043410098         1    0.07   0.35      0.58
510  1.00000000 0.6218828 0.043410098         1    0.07   0.35      0.58
511  0.35156250 0.6218828 0.043410098         1    0.07   0.35      0.58
512  0.26171875 0.6218828 0.043410098         1    0.07   0.35      0.58
513  1.00000000 0.6218828 0.043410098         1    0.07   0.35      0.58
514  0.20703125 0.6218828 0.043410098         1    0.07   0.35      0.58
515  0.25000000 0.6218828 0.043410098         1    0.07   0.35      0.58
516  1.00000000 0.6218828 0.043410098         1    0.07   0.35      0.58
517  1.00000000 0.6218828 0.043410098         1    0.07   0.35      0.58
518  1.00000000 0.6218828 0.043410098         1    0.07   0.35      0.58
519  1.00000000 0.6218828 0.043410098         1    0.07   0.35      0.58
520  0.18750000 0.6218828 0.043410098         1    0.07   0.35      0.58
521  0.09765625 0.6218828 0.043410098         1    0.07   0.35      0.58
522  1.00000000 0.6218828 0.043410098         1    0.07   0.35      0.58
523  1.00000000 0.6218828 0.043410098         1    0.07   0.35      0.58
524  0.28906250 0.6218828 0.043410098         1    0.07   0.35      0.58
525  1.00000000 0.6218828 0.043410098         1    0.07   0.35      0.58
526  1.00000000 0.6218828 0.043410098         1    0.07   0.35      0.58
527  1.00000000 0.6218828 0.043410098         1    0.07   0.35      0.58
528  1.00000000 0.6218828 0.043410098         1    0.07   0.35      0.58
529  1.00000000 0.6218828 0.043410098         1    0.07   0.35      0.58
530  0.26171875 0.6218828 0.043410098         1    0.07   0.35      0.58
531  0.21484375 0.6218828 0.043410098         1    0.07   0.35      0.58
532  1.00000000 0.6218828 0.043410098         1    0.07   0.35      0.58
533  1.00000000 0.6218828 0.043410098         1    0.07   0.35      0.58
534  0.51171875 0.6218828 0.043410098         1    0.07   0.35      0.58
535  1.00000000 0.6218828 0.043410098         1    0.07   0.35      0.58
536  1.00000000 0.6218828 0.043410098         1    0.07   0.35      0.58
537  1.00000000 0.6218828 0.043410098         1    0.07   0.35      0.58
538  1.00000000 0.6218828 0.043410098         1    0.07   0.35      0.58
539  0.32812500 0.6218828 0.043410098         1    0.07   0.35      0.58
540  0.14453125 0.6218828 0.043410098         1    0.07   0.35      0.58
541  0.18359375 0.6218828 0.043410098         1    0.07   0.35      0.58
542  0.24609375 0.6218828 0.043410098         1    0.07   0.35      0.58
543  1.00000000 0.6218828 0.043410098         1    0.07   0.35      0.58
544  1.00000000 0.6218828 0.043410098         1    0.07   0.35      0.58
545  0.16796875 0.6218828 0.043410098         1    0.07   0.35      0.58
546  0.38281250 0.6218828 0.043410098         1    0.07   0.35      0.58
547  0.39453125 0.6218828 0.043410098         1    0.07   0.35      0.58
548  0.08203125 0.6218828 0.043410098         1    0.07   0.35      0.58
549  1.00000000 0.6218828 0.043410098         1    0.07   0.35      0.58
550  0.11328125 0.6218828 0.043410098         1    0.07   0.35      0.58
551  0.58203125 0.6218828 0.043410098         1    0.07   0.35      0.58
552  1.00000000 0.6218828 0.043410098         1    0.07   0.35      0.58
553  1.00000000 0.6218828 0.043410098         1    0.07   0.35      0.58
554  1.00000000 0.6218828 0.043410098         1    0.07   0.35      0.58
555  1.00000000 0.6218828 0.043410098         1    0.07   0.35      0.58
556  0.28906250 0.6218828 0.043410098         1    0.07   0.35      0.58
557  1.00000000 0.6218828 0.043410098         1    0.07   0.35      0.58
558  1.00000000 0.6218828 0.043410098         1    0.07   0.35      0.58
559  0.12890625 0.6218828 0.043410098         1    0.07   0.35      0.58
560  0.12890625 0.6218828 0.043410098         1    0.07   0.35      0.58
561  1.00000000 0.6218828 0.043410098         1    0.07   0.35      0.58
562  1.00000000 0.6218828 0.043410098         1    0.07   0.35      0.58
563  1.00000000 0.6218828 0.043410098         1    0.07   0.35      0.58
564  1.00000000 0.6218828 0.043410098         1    0.07   0.35      0.58
565  1.00000000 0.6218828 0.043410098         1    0.07   0.35      0.58
566  1.00000000 0.6218828 0.043410098         1    0.07   0.35      0.58
567  0.48437500 0.6218828 0.043410098         1    0.07   0.35      0.58
568  1.00000000 0.6218828 0.043410098         1    0.07   0.35      0.58
569  0.17578125 0.6218828 0.043410098         1    0.07   0.35      0.58
570  1.00000000 0.6218828 0.043410098         1    0.07   0.35      0.58
571  0.20703125 0.6218828 0.043410098         1    0.07   0.35      0.58
572  0.25781250 0.6218828 0.043410098         1    0.07   0.35      0.58
573  0.19921875 0.6218828 0.043410098         1    0.07   0.35      0.58
574  1.00000000 0.6218828 0.043410098         1    0.07   0.35      0.58
575  0.19921875 0.6218828 0.043410098         1    0.07   0.35      0.58
576  1.00000000 0.6218828 0.043410098         1    0.07   0.35      0.58
577  1.00000000 0.6218828 0.043410098         1    0.07   0.35      0.58
578  1.00000000 0.6218828 0.043410098         1    0.07   0.35      0.58
579  1.00000000 0.6218828 0.043410098         1    0.07   0.35      0.58
580  0.21484375 0.6218828 0.043410098         1    0.07   0.35      0.58
581  0.29687500 0.6218828 0.043410098         1    0.07   0.35      0.58
582  0.14843750 0.6218828 0.043410098         1    0.07   0.35      0.58
583  1.00000000 0.6218828 0.043410098         1    0.07   0.35      0.58
584  0.26953125 0.6218828 0.043410098         1    0.07   0.35      0.58
585  0.19921875 0.6218828 0.043410098         1    0.07   0.35      0.58
586  0.19921875 0.6218828 0.043410098         1    0.07   0.35      0.58
587  1.00000000 0.6218828 0.043410098         1    0.07   0.35      0.58
588  1.00000000 0.6218828 0.043410098         1    0.07   0.35      0.58
589  1.00000000 0.6218828 0.043410098         1    0.07   0.35      0.58
590  1.00000000 0.6218828 0.043410098         1    0.07   0.35      0.58
591  0.52734375 0.6218828 0.043410098         1    0.07   0.35      0.58
592  1.00000000 0.6218828 0.043410098         1    0.07   0.35      0.58
593  1.00000000 0.6218828 0.043410098         1    0.07   0.35      0.58
594  1.00000000 0.6218828 0.043410098         1    0.07   0.35      0.58
595  1.00000000 0.6218828 0.043410098         1    0.07   0.35      0.58
596  1.00000000 0.6218828 0.043410098         1    0.07   0.35      0.58
597  1.00000000 0.6218828 0.043410098         1    0.07   0.35      0.58
598  0.14062500 0.6218828 0.043410098         1    0.07   0.35      0.58
599  0.35937500 0.6218828 0.043410098         1    0.07   0.35      0.58
600  1.00000000 0.6218828 0.043410098         1    0.07   0.35      0.58
601  1.00000000 0.4812458 0.004235889         1    0.42   0.08      0.50
602  1.00000000 0.4812458 0.004235889         1    0.42   0.08      0.50
603  1.00000000 0.4812458 0.004235889         1    0.42   0.08      0.50
604  0.50000000 0.4812458 0.004235889         1    0.42   0.08      0.50
605  0.01171875 0.4812458 0.004235889         1    0.42   0.08      0.50
606  0.00390625 0.4812458 0.004235889         1    0.42   0.08      0.50
607  1.00000000 0.4812458 0.004235889         1    0.42   0.08      0.50
608  1.00000000 0.4812458 0.004235889         1    0.42   0.08      0.50
609  1.00000000 0.4812458 0.004235889         1    0.42   0.08      0.50
610  0.03906250 0.4812458 0.004235889         1    0.42   0.08      0.50
611  1.00000000 0.4812458 0.004235889         1    0.42   0.08      0.50
612  0.00000000 0.4812458 0.004235889         1    0.42   0.08      0.50
613  0.00390625 0.4812458 0.004235889         1    0.42   0.08      0.50
614  1.00000000 0.4812458 0.004235889         1    0.42   0.08      0.50
615  1.00000000 0.4812458 0.004235889         1    0.42   0.08      0.50
616  1.00000000 0.4812458 0.004235889         1    0.42   0.08      0.50
617  0.00390625 0.4812458 0.004235889         1    0.42   0.08      0.50
618  1.00000000 0.4812458 0.004235889         1    0.42   0.08      0.50
619  0.09375000 0.4812458 0.004235889         1    0.42   0.08      0.50
620  1.00000000 0.4812458 0.004235889         1    0.42   0.08      0.50
621  1.00000000 0.4812458 0.004235889         1    0.42   0.08      0.50
622  0.06640625 0.4812458 0.004235889         1    0.42   0.08      0.50
623  1.00000000 0.4812458 0.004235889         1    0.42   0.08      0.50
624  0.02734375 0.4812458 0.004235889         1    0.42   0.08      0.50
625  0.00781250 0.4812458 0.004235889         1    0.42   0.08      0.50
626  0.00000000 0.4812458 0.004235889         1    0.42   0.08      0.50
627  0.00781250 0.4812458 0.004235889         1    0.42   0.08      0.50
628  1.00000000 0.4812458 0.004235889         1    0.42   0.08      0.50
629  1.00000000 0.4812458 0.004235889         1    0.42   0.08      0.50
630  0.01171875 0.4812458 0.004235889         1    0.42   0.08      0.50
631  0.01953125 0.4812458 0.004235889         1    0.42   0.08      0.50
632  0.00000000 0.4812458 0.004235889         1    0.42   0.08      0.50
633  0.09765625 0.4812458 0.004235889         1    0.42   0.08      0.50
634  0.00781250 0.4812458 0.004235889         1    0.42   0.08      0.50
635  0.07031250 0.4812458 0.004235889         1    0.42   0.08      0.50
636  1.00000000 0.4812458 0.004235889         1    0.42   0.08      0.50
637  0.04296875 0.4812458 0.004235889         1    0.42   0.08      0.50
638  1.00000000 0.4812458 0.004235889         1    0.42   0.08      0.50
639  0.00781250 0.4812458 0.004235889         1    0.42   0.08      0.50
640  1.00000000 0.4812458 0.004235889         1    0.42   0.08      0.50
641  0.02734375 0.4812458 0.004235889         1    0.42   0.08      0.50
642  1.00000000 0.4812458 0.004235889         1    0.42   0.08      0.50
643  1.00000000 0.4812458 0.004235889         1    0.42   0.08      0.50
644  0.09375000 0.4812458 0.004235889         1    0.42   0.08      0.50
645  0.03125000 0.4812458 0.004235889         1    0.42   0.08      0.50
646  0.04687500 0.4812458 0.004235889         1    0.42   0.08      0.50
647  1.00000000 0.4812458 0.004235889         1    0.42   0.08      0.50
648  1.00000000 0.4812458 0.004235889         1    0.42   0.08      0.50
649  1.00000000 0.4812458 0.004235889         1    0.42   0.08      0.50
650  0.00390625 0.4812458 0.004235889         1    0.42   0.08      0.50
651  1.00000000 0.4812458 0.004235889         1    0.42   0.08      0.50
652  1.00000000 0.4812458 0.004235889         1    0.42   0.08      0.50
653  0.01171875 0.4812458 0.004235889         1    0.42   0.08      0.50
654  1.00000000 0.4812458 0.004235889         1    0.42   0.08      0.50
655  1.00000000 0.4812458 0.004235889         1    0.42   0.08      0.50
656  1.00000000 0.4812458 0.004235889         1    0.42   0.08      0.50
657  1.00000000 0.4812458 0.004235889         1    0.42   0.08      0.50
658  0.03906250 0.4812458 0.004235889         1    0.42   0.08      0.50
659  1.00000000 0.4812458 0.004235889         1    0.42   0.08      0.50
660  0.01562500 0.4812458 0.004235889         1    0.42   0.08      0.50
661  1.00000000 0.4812458 0.004235889         1    0.42   0.08      0.50
662  1.00000000 0.4812458 0.004235889         1    0.42   0.08      0.50
663  0.08593750 0.4812458 0.004235889         1    0.42   0.08      0.50
664  0.01171875 0.4812458 0.004235889         1    0.42   0.08      0.50
665  0.02343750 0.4812458 0.004235889         1    0.42   0.08      0.50
666  1.00000000 0.4812458 0.004235889         1    0.42   0.08      0.50
667  0.03125000 0.4812458 0.004235889         1    0.42   0.08      0.50
668  1.00000000 0.4812458 0.004235889         1    0.42   0.08      0.50
669  1.00000000 0.4812458 0.004235889         1    0.42   0.08      0.50
670  1.00000000 0.4812458 0.004235889         1    0.42   0.08      0.50
671  1.00000000 0.4812458 0.004235889         1    0.42   0.08      0.50
672  0.00000000 0.4812458 0.004235889         1    0.42   0.08      0.50
673  1.00000000 0.4812458 0.004235889         1    0.42   0.08      0.50
674  1.00000000 0.4812458 0.004235889         1    0.42   0.08      0.50
675  0.01953125 0.4812458 0.004235889         1    0.42   0.08      0.50
676  0.07031250 0.4812458 0.004235889         1    0.42   0.08      0.50
677  1.00000000 0.4812458 0.004235889         1    0.42   0.08      0.50
678  1.00000000 0.4812458 0.004235889         1    0.42   0.08      0.50
679  0.03125000 0.4812458 0.004235889         1    0.42   0.08      0.50
680  0.03906250 0.4812458 0.004235889         1    0.42   0.08      0.50
681  0.01562500 0.4812458 0.004235889         1    0.42   0.08      0.50
682  0.03906250 0.4812458 0.004235889         1    0.42   0.08      0.50
683  1.00000000 0.4812458 0.004235889         1    0.42   0.08      0.50
684  1.00000000 0.4812458 0.004235889         1    0.42   0.08      0.50
685  0.03515625 0.4812458 0.004235889         1    0.42   0.08      0.50
686  1.00000000 0.4812458 0.004235889         1    0.42   0.08      0.50
687  1.00000000 0.4812458 0.004235889         1    0.42   0.08      0.50
688  1.00000000 0.4812458 0.004235889         1    0.42   0.08      0.50
689  0.00000000 0.4812458 0.004235889         1    0.42   0.08      0.50
690  0.00781250 0.4812458 0.004235889         1    0.42   0.08      0.50
691  0.01171875 0.4812458 0.004235889         1    0.42   0.08      0.50
692  1.00000000 0.4812458 0.004235889         1    0.42   0.08      0.50
693  1.00000000 0.4812458 0.004235889         1    0.42   0.08      0.50
694  1.00000000 0.4812458 0.004235889         1    0.42   0.08      0.50
695  0.00390625 0.4812458 0.004235889         1    0.42   0.08      0.50
696  0.27343750 0.4812458 0.004235889         1    0.42   0.08      0.50
697  0.01562500 0.4812458 0.004235889         1    0.42   0.08      0.50
698  0.01171875 0.4812458 0.004235889         1    0.42   0.08      0.50
699  0.00390625 0.4812458 0.004235889         1    0.42   0.08      0.50
700  0.00781250 0.4812458 0.004235889         1    0.42   0.08      0.50
701  0.03125000 0.2351418 0.010649551         1    0.58   0.21      0.21
702  1.00000000 0.2351418 0.010649551         1    0.58   0.21      0.21
703  0.02734375 0.2351418 0.010649551         1    0.58   0.21      0.21
704  0.03515625 0.2351418 0.010649551         1    0.58   0.21      0.21
705  1.00000000 0.2351418 0.010649551         1    0.58   0.21      0.21
706  0.07812500 0.2351418 0.010649551         1    0.58   0.21      0.21
707  0.02734375 0.2351418 0.010649551         1    0.58   0.21      0.21
708  1.00000000 0.2351418 0.010649551         1    0.58   0.21      0.21
709  0.19140625 0.2351418 0.010649551         1    0.58   0.21      0.21
710  0.09375000 0.2351418 0.010649551         1    0.58   0.21      0.21
711  0.03906250 0.2351418 0.010649551         1    0.58   0.21      0.21
712  0.07031250 0.2351418 0.010649551         1    0.58   0.21      0.21
713  0.03515625 0.2351418 0.010649551         1    0.58   0.21      0.21
714  1.00000000 0.2351418 0.010649551         1    0.58   0.21      0.21
715  0.13281250 0.2351418 0.010649551         1    0.58   0.21      0.21
716  0.02734375 0.2351418 0.010649551         1    0.58   0.21      0.21
717  0.02734375 0.2351418 0.010649551         1    0.58   0.21      0.21
718  0.08984375 0.2351418 0.010649551         1    0.58   0.21      0.21
719  0.03906250 0.2351418 0.010649551         1    0.58   0.21      0.21
720  0.11718750 0.2351418 0.010649551         1    0.58   0.21      0.21
721  0.07812500 0.2351418 0.010649551         1    0.58   0.21      0.21
722  0.07421875 0.2351418 0.010649551         1    0.58   0.21      0.21
723  0.00390625 0.2351418 0.010649551         1    0.58   0.21      0.21
724  0.31250000 0.2351418 0.010649551         1    0.58   0.21      0.21
725  1.00000000 0.2351418 0.010649551         1    0.58   0.21      0.21
726  0.05468750 0.2351418 0.010649551         1    0.58   0.21      0.21
727  0.07421875 0.2351418 0.010649551         1    0.58   0.21      0.21
728  0.05468750 0.2351418 0.010649551         1    0.58   0.21      0.21
729  0.02734375 0.2351418 0.010649551         1    0.58   0.21      0.21
730  1.00000000 0.2351418 0.010649551         1    0.58   0.21      0.21
731  0.04296875 0.2351418 0.010649551         1    0.58   0.21      0.21
732  1.00000000 0.2351418 0.010649551         1    0.58   0.21      0.21
733  0.01171875 0.2351418 0.010649551         1    0.58   0.21      0.21
734  1.00000000 0.2351418 0.010649551         1    0.58   0.21      0.21
735  0.00000000 0.2351418 0.010649551         1    0.58   0.21      0.21
736  0.13281250 0.2351418 0.010649551         1    0.58   0.21      0.21
737  0.05078125 0.2351418 0.010649551         1    0.58   0.21      0.21
738  0.02734375 0.2351418 0.010649551         1    0.58   0.21      0.21
739  0.19921875 0.2351418 0.010649551         1    0.58   0.21      0.21
740  0.06640625 0.2351418 0.010649551         1    0.58   0.21      0.21
741  0.26953125 0.2351418 0.010649551         1    0.58   0.21      0.21
742  1.00000000 0.2351418 0.010649551         1    0.58   0.21      0.21
743  0.01953125 0.2351418 0.010649551         1    0.58   0.21      0.21
744  0.23828125 0.2351418 0.010649551         1    0.58   0.21      0.21
745  0.06640625 0.2351418 0.010649551         1    0.58   0.21      0.21
746  0.26562500 0.2351418 0.010649551         1    0.58   0.21      0.21
747  0.05078125 0.2351418 0.010649551         1    0.58   0.21      0.21
748  1.00000000 0.2351418 0.010649551         1    0.58   0.21      0.21
749  0.02734375 0.2351418 0.010649551         1    0.58   0.21      0.21
750  0.08593750 0.2351418 0.010649551         1    0.58   0.21      0.21
751  0.10546875 0.2351418 0.010649551         1    0.58   0.21      0.21
752  1.00000000 0.2351418 0.010649551         1    0.58   0.21      0.21
753  1.00000000 0.2351418 0.010649551         1    0.58   0.21      0.21
754  0.07812500 0.2351418 0.010649551         1    0.58   0.21      0.21
755  0.04296875 0.2351418 0.010649551         1    0.58   0.21      0.21
756  1.00000000 0.2351418 0.010649551         1    0.58   0.21      0.21
757  0.01562500 0.2351418 0.010649551         1    0.58   0.21      0.21
758  0.11328125 0.2351418 0.010649551         1    0.58   0.21      0.21
759  0.00000000 0.2351418 0.010649551         1    0.58   0.21      0.21
760  0.09765625 0.2351418 0.010649551         1    0.58   0.21      0.21
761  0.07812500 0.2351418 0.010649551         1    0.58   0.21      0.21
762  1.00000000 0.2351418 0.010649551         1    0.58   0.21      0.21
763  0.01171875 0.2351418 0.010649551         1    0.58   0.21      0.21
764  0.03125000 0.2351418 0.010649551         1    0.58   0.21      0.21
765  0.06640625 0.2351418 0.010649551         1    0.58   0.21      0.21
766  0.02734375 0.2351418 0.010649551         1    0.58   0.21      0.21
767  0.08593750 0.2351418 0.010649551         1    0.58   0.21      0.21
768  0.01953125 0.2351418 0.010649551         1    0.58   0.21      0.21
769  0.01171875 0.2351418 0.010649551         1    0.58   0.21      0.21
770  0.03125000 0.2351418 0.010649551         1    0.58   0.21      0.21
771  1.00000000 0.2351418 0.010649551         1    0.58   0.21      0.21
772  0.01953125 0.2351418 0.010649551         1    0.58   0.21      0.21
773  0.00781250 0.2351418 0.010649551         1    0.58   0.21      0.21
774  0.02343750 0.2351418 0.010649551         1    0.58   0.21      0.21
775  0.03125000 0.2351418 0.010649551         1    0.58   0.21      0.21
776  0.07031250 0.2351418 0.010649551         1    0.58   0.21      0.21
777  1.00000000 0.2351418 0.010649551         1    0.58   0.21      0.21
778  0.04687500 0.2351418 0.010649551         1    0.58   0.21      0.21
779  1.00000000 0.2351418 0.010649551         1    0.58   0.21      0.21
780  0.03515625 0.2351418 0.010649551         1    0.58   0.21      0.21
781  1.00000000 0.2351418 0.010649551         1    0.58   0.21      0.21
782  0.07812500 0.2351418 0.010649551         1    0.58   0.21      0.21
783  0.04296875 0.2351418 0.010649551         1    0.58   0.21      0.21
784  1.00000000 0.2351418 0.010649551         1    0.58   0.21      0.21
785  0.03125000 0.2351418 0.010649551         1    0.58   0.21      0.21
786  0.01953125 0.2351418 0.010649551         1    0.58   0.21      0.21
787  0.09375000 0.2351418 0.010649551         1    0.58   0.21      0.21
788  0.04296875 0.2351418 0.010649551         1    0.58   0.21      0.21
789  1.00000000 0.2351418 0.010649551         1    0.58   0.21      0.21
790  0.14062500 0.2351418 0.010649551         1    0.58   0.21      0.21
791  0.05468750 0.2351418 0.010649551         1    0.58   0.21      0.21
792  0.06640625 0.2351418 0.010649551         1    0.58   0.21      0.21
793  0.07812500 0.2351418 0.010649551         1    0.58   0.21      0.21
794  1.00000000 0.2351418 0.010649551         1    0.58   0.21      0.21
795  0.05468750 0.2351418 0.010649551         1    0.58   0.21      0.21
796  0.31250000 0.2351418 0.010649551         1    0.58   0.21      0.21
797  0.16015625 0.2351418 0.010649551         1    0.58   0.21      0.21
798  0.28125000 0.2351418 0.010649551         1    0.58   0.21      0.21
799  0.14843750 0.2351418 0.010649551         1    0.58   0.21      0.21
800  0.03906250 0.2351418 0.010649551         1    0.58   0.21      0.21
801  0.00781250 0.2101655 0.009976561         1    0.53   0.23      0.24
802  1.00000000 0.2101655 0.009976561         1    0.53   0.23      0.24
803  1.00000000 0.2101655 0.009976561         1    0.53   0.23      0.24
804  0.02734375 0.2101655 0.009976561         1    0.53   0.23      0.24
805  0.01171875 0.2101655 0.009976561         1    0.53   0.23      0.24
806  0.10156250 0.2101655 0.009976561         1    0.53   0.23      0.24
807  0.05859375 0.2101655 0.009976561         1    0.53   0.23      0.24
808  0.02343750 0.2101655 0.009976561         1    0.53   0.23      0.24
809  1.00000000 0.2101655 0.009976561         1    0.53   0.23      0.24
810  0.03125000 0.2101655 0.009976561         1    0.53   0.23      0.24
811  1.00000000 0.2101655 0.009976561         1    0.53   0.23      0.24
812  0.17578125 0.2101655 0.009976561         1    0.53   0.23      0.24
813  1.00000000 0.2101655 0.009976561         1    0.53   0.23      0.24
814  0.02734375 0.2101655 0.009976561         1    0.53   0.23      0.24
815  0.00000000 0.2101655 0.009976561         1    0.53   0.23      0.24
816  0.07812500 0.2101655 0.009976561         1    0.53   0.23      0.24
817  1.00000000 0.2101655 0.009976561         1    0.53   0.23      0.24
818  0.02734375 0.2101655 0.009976561         1    0.53   0.23      0.24
819  0.10156250 0.2101655 0.009976561         1    0.53   0.23      0.24
820  0.05078125 0.2101655 0.009976561         1    0.53   0.23      0.24
821  0.13671875 0.2101655 0.009976561         1    0.53   0.23      0.24
822  0.17187500 0.2101655 0.009976561         1    0.53   0.23      0.24
823  0.27343750 0.2101655 0.009976561         1    0.53   0.23      0.24
824  0.03515625 0.2101655 0.009976561         1    0.53   0.23      0.24
825  0.08203125 0.2101655 0.009976561         1    0.53   0.23      0.24
826  1.00000000 0.2101655 0.009976561         1    0.53   0.23      0.24
827  1.00000000 0.2101655 0.009976561         1    0.53   0.23      0.24
828  0.02343750 0.2101655 0.009976561         1    0.53   0.23      0.24
829  0.03515625 0.2101655 0.009976561         1    0.53   0.23      0.24
830  1.00000000 0.2101655 0.009976561         1    0.53   0.23      0.24
831  1.00000000 0.2101655 0.009976561         1    0.53   0.23      0.24
832  0.12890625 0.2101655 0.009976561         1    0.53   0.23      0.24
833  0.02343750 0.2101655 0.009976561         1    0.53   0.23      0.24
834  0.20312500 0.2101655 0.009976561         1    0.53   0.23      0.24
835  0.04687500 0.2101655 0.009976561         1    0.53   0.23      0.24
836  1.00000000 0.2101655 0.009976561         1    0.53   0.23      0.24
837  0.01953125 0.2101655 0.009976561         1    0.53   0.23      0.24
838  0.16796875 0.2101655 0.009976561         1    0.53   0.23      0.24
839  0.01171875 0.2101655 0.009976561         1    0.53   0.23      0.24
840  0.01562500 0.2101655 0.009976561         1    0.53   0.23      0.24
841  1.00000000 0.2101655 0.009976561         1    0.53   0.23      0.24
842  0.03515625 0.2101655 0.009976561         1    0.53   0.23      0.24
843  0.08984375 0.2101655 0.009976561         1    0.53   0.23      0.24
844  0.04296875 0.2101655 0.009976561         1    0.53   0.23      0.24
845  0.03515625 0.2101655 0.009976561         1    0.53   0.23      0.24
846  0.07031250 0.2101655 0.009976561         1    0.53   0.23      0.24
847  0.01562500 0.2101655 0.009976561         1    0.53   0.23      0.24
848  0.01171875 0.2101655 0.009976561         1    0.53   0.23      0.24
849  0.03906250 0.2101655 0.009976561         1    0.53   0.23      0.24
850  0.04687500 0.2101655 0.009976561         1    0.53   0.23      0.24
851  0.03515625 0.2101655 0.009976561         1    0.53   0.23      0.24
852  0.39843750 0.2101655 0.009976561         1    0.53   0.23      0.24
853  1.00000000 0.2101655 0.009976561         1    0.53   0.23      0.24
854  0.08593750 0.2101655 0.009976561         1    0.53   0.23      0.24
855  0.05078125 0.2101655 0.009976561         1    0.53   0.23      0.24
856  1.00000000 0.2101655 0.009976561         1    0.53   0.23      0.24
857  1.00000000 0.2101655 0.009976561         1    0.53   0.23      0.24
858  1.00000000 0.2101655 0.009976561         1    0.53   0.23      0.24
859  1.00000000 0.2101655 0.009976561         1    0.53   0.23      0.24
860  0.15625000 0.2101655 0.009976561         1    0.53   0.23      0.24
861  0.16015625 0.2101655 0.009976561         1    0.53   0.23      0.24
862  0.03906250 0.2101655 0.009976561         1    0.53   0.23      0.24
863  0.01562500 0.2101655 0.009976561         1    0.53   0.23      0.24
864  0.01171875 0.2101655 0.009976561         1    0.53   0.23      0.24
865  0.25000000 0.2101655 0.009976561         1    0.53   0.23      0.24
866  0.03125000 0.2101655 0.009976561         1    0.53   0.23      0.24
867  0.26953125 0.2101655 0.009976561         1    0.53   0.23      0.24
868  0.03515625 0.2101655 0.009976561         1    0.53   0.23      0.24
869  0.02734375 0.2101655 0.009976561         1    0.53   0.23      0.24
870  0.05468750 0.2101655 0.009976561         1    0.53   0.23      0.24
871  0.00781250 0.2101655 0.009976561         1    0.53   0.23      0.24
872  0.03515625 0.2101655 0.009976561         1    0.53   0.23      0.24
873  0.07421875 0.2101655 0.009976561         1    0.53   0.23      0.24
874  1.00000000 0.2101655 0.009976561         1    0.53   0.23      0.24
875  0.06640625 0.2101655 0.009976561         1    0.53   0.23      0.24
876  0.03515625 0.2101655 0.009976561         1    0.53   0.23      0.24
877  0.15234375 0.2101655 0.009976561         1    0.53   0.23      0.24
878  0.05078125 0.2101655 0.009976561         1    0.53   0.23      0.24
879  0.08593750 0.2101655 0.009976561         1    0.53   0.23      0.24
880  0.06640625 0.2101655 0.009976561         1    0.53   0.23      0.24
881  1.00000000 0.2101655 0.009976561         1    0.53   0.23      0.24
882  0.05859375 0.2101655 0.009976561         1    0.53   0.23      0.24
883  0.00390625 0.2101655 0.009976561         1    0.53   0.23      0.24
884  1.00000000 0.2101655 0.009976561         1    0.53   0.23      0.24
885  0.03125000 0.2101655 0.009976561         1    0.53   0.23      0.24
886  0.09765625 0.2101655 0.009976561         1    0.53   0.23      0.24
887  1.00000000 0.2101655 0.009976561         1    0.53   0.23      0.24
888  0.02343750 0.2101655 0.009976561         1    0.53   0.23      0.24
889  0.01953125 0.2101655 0.009976561         1    0.53   0.23      0.24
890  0.10156250 0.2101655 0.009976561         1    0.53   0.23      0.24
891  0.05859375 0.2101655 0.009976561         1    0.53   0.23      0.24
892  0.08203125 0.2101655 0.009976561         1    0.53   0.23      0.24
893  1.00000000 0.2101655 0.009976561         1    0.53   0.23      0.24
894  0.29296875 0.2101655 0.009976561         1    0.53   0.23      0.24
895  1.00000000 0.2101655 0.009976561         1    0.53   0.23      0.24
896  0.05078125 0.2101655 0.009976561         1    0.53   0.23      0.24
897  0.02734375 0.2101655 0.009976561         1    0.53   0.23      0.24
898  0.25390625 0.2101655 0.009976561         1    0.53   0.23      0.24
899  1.00000000 0.2101655 0.009976561         1    0.53   0.23      0.24
900  0.01171875 0.2101655 0.009976561         1    0.53   0.23      0.24
901  0.16015625 0.5166564 0.031398732         1    0.15   0.30      0.55
902  1.00000000 0.5166564 0.031398732         1    0.15   0.30      0.55
903  1.00000000 0.5166564 0.031398732         1    0.15   0.30      0.55
904  1.00000000 0.5166564 0.031398732         1    0.15   0.30      0.55
905  1.00000000 0.5166564 0.031398732         1    0.15   0.30      0.55
906  0.16406250 0.5166564 0.031398732         1    0.15   0.30      0.55
907  1.00000000 0.5166564 0.031398732         1    0.15   0.30      0.55
908  1.00000000 0.5166564 0.031398732         1    0.15   0.30      0.55
909  0.23437500 0.5166564 0.031398732         1    0.15   0.30      0.55
910  1.00000000 0.5166564 0.031398732         1    0.15   0.30      0.55
911  1.00000000 0.5166564 0.031398732         1    0.15   0.30      0.55
912  1.00000000 0.5166564 0.031398732         1    0.15   0.30      0.55
913  1.00000000 0.5166564 0.031398732         1    0.15   0.30      0.55
914  0.17187500 0.5166564 0.031398732         1    0.15   0.30      0.55
915  0.18750000 0.5166564 0.031398732         1    0.15   0.30      0.55
916  1.00000000 0.5166564 0.031398732         1    0.15   0.30      0.55
917  0.38671875 0.5166564 0.031398732         1    0.15   0.30      0.55
918  1.00000000 0.5166564 0.031398732         1    0.15   0.30      0.55
919  1.00000000 0.5166564 0.031398732         1    0.15   0.30      0.55
920  1.00000000 0.5166564 0.031398732         1    0.15   0.30      0.55
921  1.00000000 0.5166564 0.031398732         1    0.15   0.30      0.55
922  1.00000000 0.5166564 0.031398732         1    0.15   0.30      0.55
923  0.43359375 0.5166564 0.031398732         1    0.15   0.30      0.55
924  0.17578125 0.5166564 0.031398732         1    0.15   0.30      0.55
925  1.00000000 0.5166564 0.031398732         1    0.15   0.30      0.55
926  1.00000000 0.5166564 0.031398732         1    0.15   0.30      0.55
927  1.00000000 0.5166564 0.031398732         1    0.15   0.30      0.55
928  1.00000000 0.5166564 0.031398732         1    0.15   0.30      0.55
929  0.13281250 0.5166564 0.031398732         1    0.15   0.30      0.55
930  1.00000000 0.5166564 0.031398732         1    0.15   0.30      0.55
931  1.00000000 0.5166564 0.031398732         1    0.15   0.30      0.55
932  0.20703125 0.5166564 0.031398732         1    0.15   0.30      0.55
933  0.11718750 0.5166564 0.031398732         1    0.15   0.30      0.55
934  1.00000000 0.5166564 0.031398732         1    0.15   0.30      0.55
935  0.20703125 0.5166564 0.031398732         1    0.15   0.30      0.55
936  1.00000000 0.5166564 0.031398732         1    0.15   0.30      0.55
937  1.00000000 0.5166564 0.031398732         1    0.15   0.30      0.55
938  1.00000000 0.5166564 0.031398732         1    0.15   0.30      0.55
939  1.00000000 0.5166564 0.031398732         1    0.15   0.30      0.55
940  0.35156250 0.5166564 0.031398732         1    0.15   0.30      0.55
941  0.24218750 0.5166564 0.031398732         1    0.15   0.30      0.55
942  1.00000000 0.5166564 0.031398732         1    0.15   0.30      0.55
943  1.00000000 0.5166564 0.031398732         1    0.15   0.30      0.55
944  0.12890625 0.5166564 0.031398732         1    0.15   0.30      0.55
945  0.37890625 0.5166564 0.031398732         1    0.15   0.30      0.55
946  0.25781250 0.5166564 0.031398732         1    0.15   0.30      0.55
947  0.12890625 0.5166564 0.031398732         1    0.15   0.30      0.55
948  0.22656250 0.5166564 0.031398732         1    0.15   0.30      0.55
949  1.00000000 0.5166564 0.031398732         1    0.15   0.30      0.55
950  1.00000000 0.5166564 0.031398732         1    0.15   0.30      0.55
951  1.00000000 0.5166564 0.031398732         1    0.15   0.30      0.55
952  1.00000000 0.5166564 0.031398732         1    0.15   0.30      0.55
953  0.13671875 0.5166564 0.031398732         1    0.15   0.30      0.55
954  0.11328125 0.5166564 0.031398732         1    0.15   0.30      0.55
955  1.00000000 0.5166564 0.031398732         1    0.15   0.30      0.55
956  1.00000000 0.5166564 0.031398732         1    0.15   0.30      0.55
957  1.00000000 0.5166564 0.031398732         1    0.15   0.30      0.55
958  1.00000000 0.5166564 0.031398732         1    0.15   0.30      0.55
959  0.13281250 0.5166564 0.031398732         1    0.15   0.30      0.55
960  0.49609375 0.5166564 0.031398732         1    0.15   0.30      0.55
961  0.31250000 0.5166564 0.031398732         1    0.15   0.30      0.55
962  0.22656250 0.5166564 0.031398732         1    0.15   0.30      0.55
963  0.23046875 0.5166564 0.031398732         1    0.15   0.30      0.55
964  0.21093750 0.5166564 0.031398732         1    0.15   0.30      0.55
965  1.00000000 0.5166564 0.031398732         1    0.15   0.30      0.55
966  0.05468750 0.5166564 0.031398732         1    0.15   0.30      0.55
967  1.00000000 0.5166564 0.031398732         1    0.15   0.30      0.55
968  0.25781250 0.5166564 0.031398732         1    0.15   0.30      0.55
969  0.12500000 0.5166564 0.031398732         1    0.15   0.30      0.55
970  1.00000000 0.5166564 0.031398732         1    0.15   0.30      0.55
971  1.00000000 0.5166564 0.031398732         1    0.15   0.30      0.55
972  0.21093750 0.5166564 0.031398732         1    0.15   0.30      0.55
973  0.14453125 0.5166564 0.031398732         1    0.15   0.30      0.55
974  1.00000000 0.5166564 0.031398732         1    0.15   0.30      0.55
975  0.25390625 0.5166564 0.031398732         1    0.15   0.30      0.55
976  0.15625000 0.5166564 0.031398732         1    0.15   0.30      0.55
977  1.00000000 0.5166564 0.031398732         1    0.15   0.30      0.55
978  0.15234375 0.5166564 0.031398732         1    0.15   0.30      0.55
979  1.00000000 0.5166564 0.031398732         1    0.15   0.30      0.55
980  1.00000000 0.5166564 0.031398732         1    0.15   0.30      0.55
981  0.06640625 0.5166564 0.031398732         1    0.15   0.30      0.55
982  0.14062500 0.5166564 0.031398732         1    0.15   0.30      0.55
983  1.00000000 0.5166564 0.031398732         1    0.15   0.30      0.55
984  1.00000000 0.5166564 0.031398732         1    0.15   0.30      0.55
985  1.00000000 0.5166564 0.031398732         1    0.15   0.30      0.55
986  0.15234375 0.5166564 0.031398732         1    0.15   0.30      0.55
987  0.07421875 0.5166564 0.031398732         1    0.15   0.30      0.55
988  1.00000000 0.5166564 0.031398732         1    0.15   0.30      0.55
989  1.00000000 0.5166564 0.031398732         1    0.15   0.30      0.55
990  0.14453125 0.5166564 0.031398732         1    0.15   0.30      0.55
991  0.27343750 0.5166564 0.031398732         1    0.15   0.30      0.55
992  1.00000000 0.5166564 0.031398732         1    0.15   0.30      0.55
993  0.23828125 0.5166564 0.031398732         1    0.15   0.30      0.55
994  0.28515625 0.5166564 0.031398732         1    0.15   0.30      0.55
995  1.00000000 0.5166564 0.031398732         1    0.15   0.30      0.55
996  1.00000000 0.5166564 0.031398732         1    0.15   0.30      0.55
997  0.18359375 0.5166564 0.031398732         1    0.15   0.30      0.55
998  0.14843750 0.5166564 0.031398732         1    0.15   0.30      0.55
999  1.00000000 0.5166564 0.031398732         1    0.15   0.30      0.55
1000 1.00000000 0.5166564 0.031398732         1    0.15   0.30      0.55
