      prop.aneu prob.meio   prob.mito dispersal euploid mosaic aneuploid
1    1.00000000 0.3460446 0.014256948       0.5    0.44   0.19      0.37
2    1.00000000 0.3460446 0.014256948       0.5    0.44   0.19      0.37
3    0.19531250 0.3460446 0.014256948       0.5    0.44   0.19      0.37
4    0.03906250 0.3460446 0.014256948       0.5    0.44   0.19      0.37
5    1.00000000 0.3460446 0.014256948       0.5    0.44   0.19      0.37
6    0.05468750 0.3460446 0.014256948       0.5    0.44   0.19      0.37
7    1.00000000 0.3460446 0.014256948       0.5    0.44   0.19      0.37
8    0.13281250 0.3460446 0.014256948       0.5    0.44   0.19      0.37
9    1.00000000 0.3460446 0.014256948       0.5    0.44   0.19      0.37
10   0.09765625 0.3460446 0.014256948       0.5    0.44   0.19      0.37
11   0.09375000 0.3460446 0.014256948       0.5    0.44   0.19      0.37
12   0.42578125 0.3460446 0.014256948       0.5    0.44   0.19      0.37
13   0.08984375 0.3460446 0.014256948       0.5    0.44   0.19      0.37
14   0.03515625 0.3460446 0.014256948       0.5    0.44   0.19      0.37
15   1.00000000 0.3460446 0.014256948       0.5    0.44   0.19      0.37
16   0.03125000 0.3460446 0.014256948       0.5    0.44   0.19      0.37
17   1.00000000 0.3460446 0.014256948       0.5    0.44   0.19      0.37
18   1.00000000 0.3460446 0.014256948       0.5    0.44   0.19      0.37
19   0.05859375 0.3460446 0.014256948       0.5    0.44   0.19      0.37
20   0.09765625 0.3460446 0.014256948       0.5    0.44   0.19      0.37
21   1.00000000 0.3460446 0.014256948       0.5    0.44   0.19      0.37
22   1.00000000 0.3460446 0.014256948       0.5    0.44   0.19      0.37
23   0.08203125 0.3460446 0.014256948       0.5    0.44   0.19      0.37
24   1.00000000 0.3460446 0.014256948       0.5    0.44   0.19      0.37
25   0.10156250 0.3460446 0.014256948       0.5    0.44   0.19      0.37
26   1.00000000 0.3460446 0.014256948       0.5    0.44   0.19      0.37
27   0.04687500 0.3460446 0.014256948       0.5    0.44   0.19      0.37
28   0.05078125 0.3460446 0.014256948       0.5    0.44   0.19      0.37
29   0.23437500 0.3460446 0.014256948       0.5    0.44   0.19      0.37
30   0.06640625 0.3460446 0.014256948       0.5    0.44   0.19      0.37
31   1.00000000 0.3460446 0.014256948       0.5    0.44   0.19      0.37
32   1.00000000 0.3460446 0.014256948       0.5    0.44   0.19      0.37
33   0.02734375 0.3460446 0.014256948       0.5    0.44   0.19      0.37
34   0.03515625 0.3460446 0.014256948       0.5    0.44   0.19      0.37
35   0.04296875 0.3460446 0.014256948       0.5    0.44   0.19      0.37
36   1.00000000 0.3460446 0.014256948       0.5    0.44   0.19      0.37
37   1.00000000 0.3460446 0.014256948       0.5    0.44   0.19      0.37
38   1.00000000 0.3460446 0.014256948       0.5    0.44   0.19      0.37
39   1.00000000 0.3460446 0.014256948       0.5    0.44   0.19      0.37
40   0.08593750 0.3460446 0.014256948       0.5    0.44   0.19      0.37
41   0.03515625 0.3460446 0.014256948       0.5    0.44   0.19      0.37
42   1.00000000 0.3460446 0.014256948       0.5    0.44   0.19      0.37
43   1.00000000 0.3460446 0.014256948       0.5    0.44   0.19      0.37
44   1.00000000 0.3460446 0.014256948       0.5    0.44   0.19      0.37
45   0.03515625 0.3460446 0.014256948       0.5    0.44   0.19      0.37
46   0.05859375 0.3460446 0.014256948       0.5    0.44   0.19      0.37
47   0.53515625 0.3460446 0.014256948       0.5    0.44   0.19      0.37
48   0.07812500 0.3460446 0.014256948       0.5    0.44   0.19      0.37
49   0.03515625 0.3460446 0.014256948       0.5    0.44   0.19      0.37
50   0.03515625 0.3460446 0.014256948       0.5    0.44   0.19      0.37
51   1.00000000 0.3460446 0.014256948       0.5    0.44   0.19      0.37
52   1.00000000 0.3460446 0.014256948       0.5    0.44   0.19      0.37
53   0.04687500 0.3460446 0.014256948       0.5    0.44   0.19      0.37
54   0.05859375 0.3460446 0.014256948       0.5    0.44   0.19      0.37
55   0.08203125 0.3460446 0.014256948       0.5    0.44   0.19      0.37
56   0.07421875 0.3460446 0.014256948       0.5    0.44   0.19      0.37
57   0.04687500 0.3460446 0.014256948       0.5    0.44   0.19      0.37
58   0.06640625 0.3460446 0.014256948       0.5    0.44   0.19      0.37
59   0.17187500 0.3460446 0.014256948       0.5    0.44   0.19      0.37
60   1.00000000 0.3460446 0.014256948       0.5    0.44   0.19      0.37
61   0.16406250 0.3460446 0.014256948       0.5    0.44   0.19      0.37
62   0.02343750 0.3460446 0.014256948       0.5    0.44   0.19      0.37
63   1.00000000 0.3460446 0.014256948       0.5    0.44   0.19      0.37
64   1.00000000 0.3460446 0.014256948       0.5    0.44   0.19      0.37
65   0.04687500 0.3460446 0.014256948       0.5    0.44   0.19      0.37
66   0.11718750 0.3460446 0.014256948       0.5    0.44   0.19      0.37
67   1.00000000 0.3460446 0.014256948       0.5    0.44   0.19      0.37
68   1.00000000 0.3460446 0.014256948       0.5    0.44   0.19      0.37
69   1.00000000 0.3460446 0.014256948       0.5    0.44   0.19      0.37
70   1.00000000 0.3460446 0.014256948       0.5    0.44   0.19      0.37
71   0.05859375 0.3460446 0.014256948       0.5    0.44   0.19      0.37
72   1.00000000 0.3460446 0.014256948       0.5    0.44   0.19      0.37
73   0.07031250 0.3460446 0.014256948       0.5    0.44   0.19      0.37
74   0.05078125 0.3460446 0.014256948       0.5    0.44   0.19      0.37
75   0.00390625 0.3460446 0.014256948       0.5    0.44   0.19      0.37
76   0.03906250 0.3460446 0.014256948       0.5    0.44   0.19      0.37
77   1.00000000 0.3460446 0.014256948       0.5    0.44   0.19      0.37
78   0.03125000 0.3460446 0.014256948       0.5    0.44   0.19      0.37
79   0.23046875 0.3460446 0.014256948       0.5    0.44   0.19      0.37
80   0.07812500 0.3460446 0.014256948       0.5    0.44   0.19      0.37
81   0.10546875 0.3460446 0.014256948       0.5    0.44   0.19      0.37
82   0.05859375 0.3460446 0.014256948       0.5    0.44   0.19      0.37
83   0.10156250 0.3460446 0.014256948       0.5    0.44   0.19      0.37
84   0.08203125 0.3460446 0.014256948       0.5    0.44   0.19      0.37
85   0.05078125 0.3460446 0.014256948       0.5    0.44   0.19      0.37
86   1.00000000 0.3460446 0.014256948       0.5    0.44   0.19      0.37
87   1.00000000 0.3460446 0.014256948       0.5    0.44   0.19      0.37
88   0.16796875 0.3460446 0.014256948       0.5    0.44   0.19      0.37
89   0.33593750 0.3460446 0.014256948       0.5    0.44   0.19      0.37
90   1.00000000 0.3460446 0.014256948       0.5    0.44   0.19      0.37
91   0.04687500 0.3460446 0.014256948       0.5    0.44   0.19      0.37
92   0.07421875 0.3460446 0.014256948       0.5    0.44   0.19      0.37
93   1.00000000 0.3460446 0.014256948       0.5    0.44   0.19      0.37
94   0.06250000 0.3460446 0.014256948       0.5    0.44   0.19      0.37
95   0.03906250 0.3460446 0.014256948       0.5    0.44   0.19      0.37
96   0.18359375 0.3460446 0.014256948       0.5    0.44   0.19      0.37
97   0.13281250 0.3460446 0.014256948       0.5    0.44   0.19      0.37
98   1.00000000 0.3460446 0.014256948       0.5    0.44   0.19      0.37
99   0.19921875 0.3460446 0.014256948       0.5    0.44   0.19      0.37
100  0.07812500 0.3460446 0.014256948       0.5    0.44   0.19      0.37
101  0.15625000 0.2508097 0.007979191       0.5    0.54   0.19      0.27
102  0.01171875 0.2508097 0.007979191       0.5    0.54   0.19      0.27
103  1.00000000 0.2508097 0.007979191       0.5    0.54   0.19      0.27
104  0.01171875 0.2508097 0.007979191       0.5    0.54   0.19      0.27
105  0.01171875 0.2508097 0.007979191       0.5    0.54   0.19      0.27
106  0.01171875 0.2508097 0.007979191       0.5    0.54   0.19      0.27
107  1.00000000 0.2508097 0.007979191       0.5    0.54   0.19      0.27
108  0.00781250 0.2508097 0.007979191       0.5    0.54   0.19      0.27
109  0.06250000 0.2508097 0.007979191       0.5    0.54   0.19      0.27
110  1.00000000 0.2508097 0.007979191       0.5    0.54   0.19      0.27
111  1.00000000 0.2508097 0.007979191       0.5    0.54   0.19      0.27
112  1.00000000 0.2508097 0.007979191       0.5    0.54   0.19      0.27
113  1.00000000 0.2508097 0.007979191       0.5    0.54   0.19      0.27
114  0.05078125 0.2508097 0.007979191       0.5    0.54   0.19      0.27
115  0.01562500 0.2508097 0.007979191       0.5    0.54   0.19      0.27
116  0.26953125 0.2508097 0.007979191       0.5    0.54   0.19      0.27
117  0.00390625 0.2508097 0.007979191       0.5    0.54   0.19      0.27
118  0.09375000 0.2508097 0.007979191       0.5    0.54   0.19      0.27
119  0.02734375 0.2508097 0.007979191       0.5    0.54   0.19      0.27
120  1.00000000 0.2508097 0.007979191       0.5    0.54   0.19      0.27
121  1.00000000 0.2508097 0.007979191       0.5    0.54   0.19      0.27
122  0.03906250 0.2508097 0.007979191       0.5    0.54   0.19      0.27
123  1.00000000 0.2508097 0.007979191       0.5    0.54   0.19      0.27
124  0.01953125 0.2508097 0.007979191       0.5    0.54   0.19      0.27
125  0.03906250 0.2508097 0.007979191       0.5    0.54   0.19      0.27
126  0.01562500 0.2508097 0.007979191       0.5    0.54   0.19      0.27
127  0.17578125 0.2508097 0.007979191       0.5    0.54   0.19      0.27
128  1.00000000 0.2508097 0.007979191       0.5    0.54   0.19      0.27
129  0.06250000 0.2508097 0.007979191       0.5    0.54   0.19      0.27
130  0.04296875 0.2508097 0.007979191       0.5    0.54   0.19      0.27
131  0.00781250 0.2508097 0.007979191       0.5    0.54   0.19      0.27
132  0.01171875 0.2508097 0.007979191       0.5    0.54   0.19      0.27
133  0.02734375 0.2508097 0.007979191       0.5    0.54   0.19      0.27
134  0.01171875 0.2508097 0.007979191       0.5    0.54   0.19      0.27
135  0.07421875 0.2508097 0.007979191       0.5    0.54   0.19      0.27
136  0.05078125 0.2508097 0.007979191       0.5    0.54   0.19      0.27
137  0.01171875 0.2508097 0.007979191       0.5    0.54   0.19      0.27
138  0.00781250 0.2508097 0.007979191       0.5    0.54   0.19      0.27
139  0.02343750 0.2508097 0.007979191       0.5    0.54   0.19      0.27
140  1.00000000 0.2508097 0.007979191       0.5    0.54   0.19      0.27
141  1.00000000 0.2508097 0.007979191       0.5    0.54   0.19      0.27
142  0.00390625 0.2508097 0.007979191       0.5    0.54   0.19      0.27
143  0.09765625 0.2508097 0.007979191       0.5    0.54   0.19      0.27
144  1.00000000 0.2508097 0.007979191       0.5    0.54   0.19      0.27
145  1.00000000 0.2508097 0.007979191       0.5    0.54   0.19      0.27
146  0.03515625 0.2508097 0.007979191       0.5    0.54   0.19      0.27
147  1.00000000 0.2508097 0.007979191       0.5    0.54   0.19      0.27
148  1.00000000 0.2508097 0.007979191       0.5    0.54   0.19      0.27
149  0.03515625 0.2508097 0.007979191       0.5    0.54   0.19      0.27
150  0.04687500 0.2508097 0.007979191       0.5    0.54   0.19      0.27
151  0.10546875 0.2508097 0.007979191       0.5    0.54   0.19      0.27
152  1.00000000 0.2508097 0.007979191       0.5    0.54   0.19      0.27
153  1.00000000 0.2508097 0.007979191       0.5    0.54   0.19      0.27
154  0.50000000 0.2508097 0.007979191       0.5    0.54   0.19      0.27
155  0.20703125 0.2508097 0.007979191       0.5    0.54   0.19      0.27
156  1.00000000 0.2508097 0.007979191       0.5    0.54   0.19      0.27
157  0.07812500 0.2508097 0.007979191       0.5    0.54   0.19      0.27
158  0.06250000 0.2508097 0.007979191       0.5    0.54   0.19      0.27
159  0.14843750 0.2508097 0.007979191       0.5    0.54   0.19      0.27
160  1.00000000 0.2508097 0.007979191       0.5    0.54   0.19      0.27
161  0.06250000 0.2508097 0.007979191       0.5    0.54   0.19      0.27
162  0.01953125 0.2508097 0.007979191       0.5    0.54   0.19      0.27
163  0.04296875 0.2508097 0.007979191       0.5    0.54   0.19      0.27
164  1.00000000 0.2508097 0.007979191       0.5    0.54   0.19      0.27
165  0.02734375 0.2508097 0.007979191       0.5    0.54   0.19      0.27
166  0.09375000 0.2508097 0.007979191       0.5    0.54   0.19      0.27
167  0.05078125 0.2508097 0.007979191       0.5    0.54   0.19      0.27
168  1.00000000 0.2508097 0.007979191       0.5    0.54   0.19      0.27
169  0.07421875 0.2508097 0.007979191       0.5    0.54   0.19      0.27
170  0.01562500 0.2508097 0.007979191       0.5    0.54   0.19      0.27
171  0.03515625 0.2508097 0.007979191       0.5    0.54   0.19      0.27
172  1.00000000 0.2508097 0.007979191       0.5    0.54   0.19      0.27
173  1.00000000 0.2508097 0.007979191       0.5    0.54   0.19      0.27
174  0.05078125 0.2508097 0.007979191       0.5    0.54   0.19      0.27
175  1.00000000 0.2508097 0.007979191       0.5    0.54   0.19      0.27
176  0.52734375 0.2508097 0.007979191       0.5    0.54   0.19      0.27
177  0.02734375 0.2508097 0.007979191       0.5    0.54   0.19      0.27
178  0.03906250 0.2508097 0.007979191       0.5    0.54   0.19      0.27
179  1.00000000 0.2508097 0.007979191       0.5    0.54   0.19      0.27
180  0.50390625 0.2508097 0.007979191       0.5    0.54   0.19      0.27
181  0.01953125 0.2508097 0.007979191       0.5    0.54   0.19      0.27
182  0.04687500 0.2508097 0.007979191       0.5    0.54   0.19      0.27
183  0.05468750 0.2508097 0.007979191       0.5    0.54   0.19      0.27
184  0.27343750 0.2508097 0.007979191       0.5    0.54   0.19      0.27
185  0.03125000 0.2508097 0.007979191       0.5    0.54   0.19      0.27
186  0.00390625 0.2508097 0.007979191       0.5    0.54   0.19      0.27
187  0.03125000 0.2508097 0.007979191       0.5    0.54   0.19      0.27
188  0.12109375 0.2508097 0.007979191       0.5    0.54   0.19      0.27
189  0.03906250 0.2508097 0.007979191       0.5    0.54   0.19      0.27
190  0.03125000 0.2508097 0.007979191       0.5    0.54   0.19      0.27
191  0.00781250 0.2508097 0.007979191       0.5    0.54   0.19      0.27
192  1.00000000 0.2508097 0.007979191       0.5    0.54   0.19      0.27
193  0.00781250 0.2508097 0.007979191       0.5    0.54   0.19      0.27
194  0.05078125 0.2508097 0.007979191       0.5    0.54   0.19      0.27
195  0.51171875 0.2508097 0.007979191       0.5    0.54   0.19      0.27
196  0.03515625 0.2508097 0.007979191       0.5    0.54   0.19      0.27
197  0.01953125 0.2508097 0.007979191       0.5    0.54   0.19      0.27
198  0.03515625 0.2508097 0.007979191       0.5    0.54   0.19      0.27
199  0.01953125 0.2508097 0.007979191       0.5    0.54   0.19      0.27
200  0.01171875 0.2508097 0.007979191       0.5    0.54   0.19      0.27
201  0.22656250 0.4324562 0.011195426       0.5    0.41   0.18      0.41
202  0.03906250 0.4324562 0.011195426       0.5    0.41   0.18      0.41
203  1.00000000 0.4324562 0.011195426       0.5    0.41   0.18      0.41
204  0.02343750 0.4324562 0.011195426       0.5    0.41   0.18      0.41
205  0.57421875 0.4324562 0.011195426       0.5    0.41   0.18      0.41
206  0.02343750 0.4324562 0.011195426       0.5    0.41   0.18      0.41
207  1.00000000 0.4324562 0.011195426       0.5    0.41   0.18      0.41
208  1.00000000 0.4324562 0.011195426       0.5    0.41   0.18      0.41
209  0.03515625 0.4324562 0.011195426       0.5    0.41   0.18      0.41
210  1.00000000 0.4324562 0.011195426       0.5    0.41   0.18      0.41
211  0.02734375 0.4324562 0.011195426       0.5    0.41   0.18      0.41
212  0.00781250 0.4324562 0.011195426       0.5    0.41   0.18      0.41
213  1.00000000 0.4324562 0.011195426       0.5    0.41   0.18      0.41
214  1.00000000 0.4324562 0.011195426       0.5    0.41   0.18      0.41
215  0.01171875 0.4324562 0.011195426       0.5    0.41   0.18      0.41
216  1.00000000 0.4324562 0.011195426       0.5    0.41   0.18      0.41
217  0.03906250 0.4324562 0.011195426       0.5    0.41   0.18      0.41
218  0.08984375 0.4324562 0.011195426       0.5    0.41   0.18      0.41
219  0.38671875 0.4324562 0.011195426       0.5    0.41   0.18      0.41
220  0.03515625 0.4324562 0.011195426       0.5    0.41   0.18      0.41
221  1.00000000 0.4324562 0.011195426       0.5    0.41   0.18      0.41
222  1.00000000 0.4324562 0.011195426       0.5    0.41   0.18      0.41
223  0.04296875 0.4324562 0.011195426       0.5    0.41   0.18      0.41
224  0.01562500 0.4324562 0.011195426       0.5    0.41   0.18      0.41
225  0.08984375 0.4324562 0.011195426       0.5    0.41   0.18      0.41
226  0.11328125 0.4324562 0.011195426       0.5    0.41   0.18      0.41
227  0.04687500 0.4324562 0.011195426       0.5    0.41   0.18      0.41
228  0.03515625 0.4324562 0.011195426       0.5    0.41   0.18      0.41
229  1.00000000 0.4324562 0.011195426       0.5    0.41   0.18      0.41
230  0.02343750 0.4324562 0.011195426       0.5    0.41   0.18      0.41
231  0.14062500 0.4324562 0.011195426       0.5    0.41   0.18      0.41
232  0.03125000 0.4324562 0.011195426       0.5    0.41   0.18      0.41
233  0.04296875 0.4324562 0.011195426       0.5    0.41   0.18      0.41
234  1.00000000 0.4324562 0.011195426       0.5    0.41   0.18      0.41
235  0.12500000 0.4324562 0.011195426       0.5    0.41   0.18      0.41
236  0.19140625 0.4324562 0.011195426       0.5    0.41   0.18      0.41
237  0.26953125 0.4324562 0.011195426       0.5    0.41   0.18      0.41
238  0.01562500 0.4324562 0.011195426       0.5    0.41   0.18      0.41
239  1.00000000 0.4324562 0.011195426       0.5    0.41   0.18      0.41
240  1.00000000 0.4324562 0.011195426       0.5    0.41   0.18      0.41
241  1.00000000 0.4324562 0.011195426       0.5    0.41   0.18      0.41
242  1.00000000 0.4324562 0.011195426       0.5    0.41   0.18      0.41
243  1.00000000 0.4324562 0.011195426       0.5    0.41   0.18      0.41
244  0.13671875 0.4324562 0.011195426       0.5    0.41   0.18      0.41
245  0.04687500 0.4324562 0.011195426       0.5    0.41   0.18      0.41
246  1.00000000 0.4324562 0.011195426       0.5    0.41   0.18      0.41
247  0.11718750 0.4324562 0.011195426       0.5    0.41   0.18      0.41
248  0.10937500 0.4324562 0.011195426       0.5    0.41   0.18      0.41
249  0.01171875 0.4324562 0.011195426       0.5    0.41   0.18      0.41
250  1.00000000 0.4324562 0.011195426       0.5    0.41   0.18      0.41
251  1.00000000 0.4324562 0.011195426       0.5    0.41   0.18      0.41
252  1.00000000 0.4324562 0.011195426       0.5    0.41   0.18      0.41
253  1.00000000 0.4324562 0.011195426       0.5    0.41   0.18      0.41
254  1.00000000 0.4324562 0.011195426       0.5    0.41   0.18      0.41
255  0.01171875 0.4324562 0.011195426       0.5    0.41   0.18      0.41
256  1.00000000 0.4324562 0.011195426       0.5    0.41   0.18      0.41
257  1.00000000 0.4324562 0.011195426       0.5    0.41   0.18      0.41
258  1.00000000 0.4324562 0.011195426       0.5    0.41   0.18      0.41
259  1.00000000 0.4324562 0.011195426       0.5    0.41   0.18      0.41
260  0.51953125 0.4324562 0.011195426       0.5    0.41   0.18      0.41
261  0.03125000 0.4324562 0.011195426       0.5    0.41   0.18      0.41
262  0.07031250 0.4324562 0.011195426       0.5    0.41   0.18      0.41
263  1.00000000 0.4324562 0.011195426       0.5    0.41   0.18      0.41
264  0.00781250 0.4324562 0.011195426       0.5    0.41   0.18      0.41
265  0.28906250 0.4324562 0.011195426       0.5    0.41   0.18      0.41
266  1.00000000 0.4324562 0.011195426       0.5    0.41   0.18      0.41
267  0.00781250 0.4324562 0.011195426       0.5    0.41   0.18      0.41
268  0.04296875 0.4324562 0.011195426       0.5    0.41   0.18      0.41
269  0.29687500 0.4324562 0.011195426       0.5    0.41   0.18      0.41
270  1.00000000 0.4324562 0.011195426       0.5    0.41   0.18      0.41
271  0.14843750 0.4324562 0.011195426       0.5    0.41   0.18      0.41
272  0.07812500 0.4324562 0.011195426       0.5    0.41   0.18      0.41
273  1.00000000 0.4324562 0.011195426       0.5    0.41   0.18      0.41
274  1.00000000 0.4324562 0.011195426       0.5    0.41   0.18      0.41
275  1.00000000 0.4324562 0.011195426       0.5    0.41   0.18      0.41
276  1.00000000 0.4324562 0.011195426       0.5    0.41   0.18      0.41
277  0.06640625 0.4324562 0.011195426       0.5    0.41   0.18      0.41
278  1.00000000 0.4324562 0.011195426       0.5    0.41   0.18      0.41
279  0.20703125 0.4324562 0.011195426       0.5    0.41   0.18      0.41
280  0.00781250 0.4324562 0.011195426       0.5    0.41   0.18      0.41
281  1.00000000 0.4324562 0.011195426       0.5    0.41   0.18      0.41
282  1.00000000 0.4324562 0.011195426       0.5    0.41   0.18      0.41
283  0.10546875 0.4324562 0.011195426       0.5    0.41   0.18      0.41
284  0.07421875 0.4324562 0.011195426       0.5    0.41   0.18      0.41
285  1.00000000 0.4324562 0.011195426       0.5    0.41   0.18      0.41
286  0.01562500 0.4324562 0.011195426       0.5    0.41   0.18      0.41
287  0.14843750 0.4324562 0.011195426       0.5    0.41   0.18      0.41
288  0.01562500 0.4324562 0.011195426       0.5    0.41   0.18      0.41
289  0.22656250 0.4324562 0.011195426       0.5    0.41   0.18      0.41
290  0.17187500 0.4324562 0.011195426       0.5    0.41   0.18      0.41
291  0.03125000 0.4324562 0.011195426       0.5    0.41   0.18      0.41
292  0.01562500 0.4324562 0.011195426       0.5    0.41   0.18      0.41
293  1.00000000 0.4324562 0.011195426       0.5    0.41   0.18      0.41
294  0.04296875 0.4324562 0.011195426       0.5    0.41   0.18      0.41
295  0.02734375 0.4324562 0.011195426       0.5    0.41   0.18      0.41
296  1.00000000 0.4324562 0.011195426       0.5    0.41   0.18      0.41
297  0.14843750 0.4324562 0.011195426       0.5    0.41   0.18      0.41
298  1.00000000 0.4324562 0.011195426       0.5    0.41   0.18      0.41
299  0.06250000 0.4324562 0.011195426       0.5    0.41   0.18      0.41
300  1.00000000 0.4324562 0.011195426       0.5    0.41   0.18      0.41
301  0.65625000 0.4776355 0.019546752       0.5    0.35   0.20      0.45
302  0.20312500 0.4776355 0.019546752       0.5    0.35   0.20      0.45
303  1.00000000 0.4776355 0.019546752       0.5    0.35   0.20      0.45
304  0.17968750 0.4776355 0.019546752       0.5    0.35   0.20      0.45
305  0.76171875 0.4776355 0.019546752       0.5    0.35   0.20      0.45
306  0.03906250 0.4776355 0.019546752       0.5    0.35   0.20      0.45
307  0.12890625 0.4776355 0.019546752       0.5    0.35   0.20      0.45
308  0.28906250 0.4776355 0.019546752       0.5    0.35   0.20      0.45
309  0.13671875 0.4776355 0.019546752       0.5    0.35   0.20      0.45
310  0.05468750 0.4776355 0.019546752       0.5    0.35   0.20      0.45
311  1.00000000 0.4776355 0.019546752       0.5    0.35   0.20      0.45
312  0.05859375 0.4776355 0.019546752       0.5    0.35   0.20      0.45
313  1.00000000 0.4776355 0.019546752       0.5    0.35   0.20      0.45
314  0.08984375 0.4776355 0.019546752       0.5    0.35   0.20      0.45
315  1.00000000 0.4776355 0.019546752       0.5    0.35   0.20      0.45
316  1.00000000 0.4776355 0.019546752       0.5    0.35   0.20      0.45
317  1.00000000 0.4776355 0.019546752       0.5    0.35   0.20      0.45
318  0.08203125 0.4776355 0.019546752       0.5    0.35   0.20      0.45
319  1.00000000 0.4776355 0.019546752       0.5    0.35   0.20      0.45
320  0.10156250 0.4776355 0.019546752       0.5    0.35   0.20      0.45
321  1.00000000 0.4776355 0.019546752       0.5    0.35   0.20      0.45
322  0.09375000 0.4776355 0.019546752       0.5    0.35   0.20      0.45
323  0.04296875 0.4776355 0.019546752       0.5    0.35   0.20      0.45
324  0.05859375 0.4776355 0.019546752       0.5    0.35   0.20      0.45
325  1.00000000 0.4776355 0.019546752       0.5    0.35   0.20      0.45
326  1.00000000 0.4776355 0.019546752       0.5    0.35   0.20      0.45
327  0.07812500 0.4776355 0.019546752       0.5    0.35   0.20      0.45
328  1.00000000 0.4776355 0.019546752       0.5    0.35   0.20      0.45
329  0.55468750 0.4776355 0.019546752       0.5    0.35   0.20      0.45
330  1.00000000 0.4776355 0.019546752       0.5    0.35   0.20      0.45
331  1.00000000 0.4776355 0.019546752       0.5    0.35   0.20      0.45
332  1.00000000 0.4776355 0.019546752       0.5    0.35   0.20      0.45
333  0.07031250 0.4776355 0.019546752       0.5    0.35   0.20      0.45
334  1.00000000 0.4776355 0.019546752       0.5    0.35   0.20      0.45
335  0.07031250 0.4776355 0.019546752       0.5    0.35   0.20      0.45
336  1.00000000 0.4776355 0.019546752       0.5    0.35   0.20      0.45
337  1.00000000 0.4776355 0.019546752       0.5    0.35   0.20      0.45
338  0.24218750 0.4776355 0.019546752       0.5    0.35   0.20      0.45
339  0.12109375 0.4776355 0.019546752       0.5    0.35   0.20      0.45
340  1.00000000 0.4776355 0.019546752       0.5    0.35   0.20      0.45
341  1.00000000 0.4776355 0.019546752       0.5    0.35   0.20      0.45
342  1.00000000 0.4776355 0.019546752       0.5    0.35   0.20      0.45
343  1.00000000 0.4776355 0.019546752       0.5    0.35   0.20      0.45
344  0.22656250 0.4776355 0.019546752       0.5    0.35   0.20      0.45
345  0.09765625 0.4776355 0.019546752       0.5    0.35   0.20      0.45
346  1.00000000 0.4776355 0.019546752       0.5    0.35   0.20      0.45
347  0.01953125 0.4776355 0.019546752       0.5    0.35   0.20      0.45
348  1.00000000 0.4776355 0.019546752       0.5    0.35   0.20      0.45
349  1.00000000 0.4776355 0.019546752       0.5    0.35   0.20      0.45
350  1.00000000 0.4776355 0.019546752       0.5    0.35   0.20      0.45
351  1.00000000 0.4776355 0.019546752       0.5    0.35   0.20      0.45
352  0.56640625 0.4776355 0.019546752       0.5    0.35   0.20      0.45
353  0.09375000 0.4776355 0.019546752       0.5    0.35   0.20      0.45
354  0.08203125 0.4776355 0.019546752       0.5    0.35   0.20      0.45
355  0.05859375 0.4776355 0.019546752       0.5    0.35   0.20      0.45
356  0.19140625 0.4776355 0.019546752       0.5    0.35   0.20      0.45
357  1.00000000 0.4776355 0.019546752       0.5    0.35   0.20      0.45
358  0.02343750 0.4776355 0.019546752       0.5    0.35   0.20      0.45
359  0.13671875 0.4776355 0.019546752       0.5    0.35   0.20      0.45
360  0.07812500 0.4776355 0.019546752       0.5    0.35   0.20      0.45
361  1.00000000 0.4776355 0.019546752       0.5    0.35   0.20      0.45
362  0.19140625 0.4776355 0.019546752       0.5    0.35   0.20      0.45
363  0.06640625 0.4776355 0.019546752       0.5    0.35   0.20      0.45
364  0.13281250 0.4776355 0.019546752       0.5    0.35   0.20      0.45
365  0.32421875 0.4776355 0.019546752       0.5    0.35   0.20      0.45
366  1.00000000 0.4776355 0.019546752       0.5    0.35   0.20      0.45
367  0.07421875 0.4776355 0.019546752       0.5    0.35   0.20      0.45
368  0.12109375 0.4776355 0.019546752       0.5    0.35   0.20      0.45
369  1.00000000 0.4776355 0.019546752       0.5    0.35   0.20      0.45
370  1.00000000 0.4776355 0.019546752       0.5    0.35   0.20      0.45
371  0.06250000 0.4776355 0.019546752       0.5    0.35   0.20      0.45
372  1.00000000 0.4776355 0.019546752       0.5    0.35   0.20      0.45
373  1.00000000 0.4776355 0.019546752       0.5    0.35   0.20      0.45
374  0.50781250 0.4776355 0.019546752       0.5    0.35   0.20      0.45
375  0.11328125 0.4776355 0.019546752       0.5    0.35   0.20      0.45
376  1.00000000 0.4776355 0.019546752       0.5    0.35   0.20      0.45
377  0.14843750 0.4776355 0.019546752       0.5    0.35   0.20      0.45
378  0.07031250 0.4776355 0.019546752       0.5    0.35   0.20      0.45
379  0.16015625 0.4776355 0.019546752       0.5    0.35   0.20      0.45
380  1.00000000 0.4776355 0.019546752       0.5    0.35   0.20      0.45
381  1.00000000 0.4776355 0.019546752       0.5    0.35   0.20      0.45
382  1.00000000 0.4776355 0.019546752       0.5    0.35   0.20      0.45
383  0.17578125 0.4776355 0.019546752       0.5    0.35   0.20      0.45
384  0.15625000 0.4776355 0.019546752       0.5    0.35   0.20      0.45
385  0.15234375 0.4776355 0.019546752       0.5    0.35   0.20      0.45
386  1.00000000 0.4776355 0.019546752       0.5    0.35   0.20      0.45
387  1.00000000 0.4776355 0.019546752       0.5    0.35   0.20      0.45
388  1.00000000 0.4776355 0.019546752       0.5    0.35   0.20      0.45
389  0.10937500 0.4776355 0.019546752       0.5    0.35   0.20      0.45
390  1.00000000 0.4776355 0.019546752       0.5    0.35   0.20      0.45
391  0.13671875 0.4776355 0.019546752       0.5    0.35   0.20      0.45
392  0.01562500 0.4776355 0.019546752       0.5    0.35   0.20      0.45
393  1.00000000 0.4776355 0.019546752       0.5    0.35   0.20      0.45
394  1.00000000 0.4776355 0.019546752       0.5    0.35   0.20      0.45
395  0.05859375 0.4776355 0.019546752       0.5    0.35   0.20      0.45
396  0.02734375 0.4776355 0.019546752       0.5    0.35   0.20      0.45
397  0.22265625 0.4776355 0.019546752       0.5    0.35   0.20      0.45
398  1.00000000 0.4776355 0.019546752       0.5    0.35   0.20      0.45
399  0.05859375 0.4776355 0.019546752       0.5    0.35   0.20      0.45
400  0.51171875 0.4776355 0.019546752       0.5    0.35   0.20      0.45
401  0.22656250 0.4375377 0.026818664       0.5    0.19   0.38      0.43
402  0.19531250 0.4375377 0.026818664       0.5    0.19   0.38      0.43
403  1.00000000 0.4375377 0.026818664       0.5    0.19   0.38      0.43
404  0.08984375 0.4375377 0.026818664       0.5    0.19   0.38      0.43
405  0.10937500 0.4375377 0.026818664       0.5    0.19   0.38      0.43
406  1.00000000 0.4375377 0.026818664       0.5    0.19   0.38      0.43
407  0.26562500 0.4375377 0.026818664       0.5    0.19   0.38      0.43
408  0.04296875 0.4375377 0.026818664       0.5    0.19   0.38      0.43
409  1.00000000 0.4375377 0.026818664       0.5    0.19   0.38      0.43
410  0.25390625 0.4375377 0.026818664       0.5    0.19   0.38      0.43
411  0.30078125 0.4375377 0.026818664       0.5    0.19   0.38      0.43
412  0.24218750 0.4375377 0.026818664       0.5    0.19   0.38      0.43
413  1.00000000 0.4375377 0.026818664       0.5    0.19   0.38      0.43
414  1.00000000 0.4375377 0.026818664       0.5    0.19   0.38      0.43
415  1.00000000 0.4375377 0.026818664       0.5    0.19   0.38      0.43
416  0.18359375 0.4375377 0.026818664       0.5    0.19   0.38      0.43
417  0.21484375 0.4375377 0.026818664       0.5    0.19   0.38      0.43
418  1.00000000 0.4375377 0.026818664       0.5    0.19   0.38      0.43
419  0.26562500 0.4375377 0.026818664       0.5    0.19   0.38      0.43
420  0.30468750 0.4375377 0.026818664       0.5    0.19   0.38      0.43
421  0.56250000 0.4375377 0.026818664       0.5    0.19   0.38      0.43
422  1.00000000 0.4375377 0.026818664       0.5    0.19   0.38      0.43
423  1.00000000 0.4375377 0.026818664       0.5    0.19   0.38      0.43
424  1.00000000 0.4375377 0.026818664       0.5    0.19   0.38      0.43
425  1.00000000 0.4375377 0.026818664       0.5    0.19   0.38      0.43
426  0.23046875 0.4375377 0.026818664       0.5    0.19   0.38      0.43
427  1.00000000 0.4375377 0.026818664       0.5    0.19   0.38      0.43
428  0.07812500 0.4375377 0.026818664       0.5    0.19   0.38      0.43
429  0.12109375 0.4375377 0.026818664       0.5    0.19   0.38      0.43
430  0.15234375 0.4375377 0.026818664       0.5    0.19   0.38      0.43
431  0.40234375 0.4375377 0.026818664       0.5    0.19   0.38      0.43
432  1.00000000 0.4375377 0.026818664       0.5    0.19   0.38      0.43
433  0.13671875 0.4375377 0.026818664       0.5    0.19   0.38      0.43
434  0.13281250 0.4375377 0.026818664       0.5    0.19   0.38      0.43
435  1.00000000 0.4375377 0.026818664       0.5    0.19   0.38      0.43
436  0.08593750 0.4375377 0.026818664       0.5    0.19   0.38      0.43
437  1.00000000 0.4375377 0.026818664       0.5    0.19   0.38      0.43
438  0.14843750 0.4375377 0.026818664       0.5    0.19   0.38      0.43
439  1.00000000 0.4375377 0.026818664       0.5    0.19   0.38      0.43
440  1.00000000 0.4375377 0.026818664       0.5    0.19   0.38      0.43
441  0.43750000 0.4375377 0.026818664       0.5    0.19   0.38      0.43
442  1.00000000 0.4375377 0.026818664       0.5    0.19   0.38      0.43
443  1.00000000 0.4375377 0.026818664       0.5    0.19   0.38      0.43
444  0.36328125 0.4375377 0.026818664       0.5    0.19   0.38      0.43
445  1.00000000 0.4375377 0.026818664       0.5    0.19   0.38      0.43
446  0.28125000 0.4375377 0.026818664       0.5    0.19   0.38      0.43
447  0.15625000 0.4375377 0.026818664       0.5    0.19   0.38      0.43
448  1.00000000 0.4375377 0.026818664       0.5    0.19   0.38      0.43
449  0.19921875 0.4375377 0.026818664       0.5    0.19   0.38      0.43
450  0.11718750 0.4375377 0.026818664       0.5    0.19   0.38      0.43
451  0.14843750 0.4375377 0.026818664       0.5    0.19   0.38      0.43
452  0.03515625 0.4375377 0.026818664       0.5    0.19   0.38      0.43
453  1.00000000 0.4375377 0.026818664       0.5    0.19   0.38      0.43
454  1.00000000 0.4375377 0.026818664       0.5    0.19   0.38      0.43
455  1.00000000 0.4375377 0.026818664       0.5    0.19   0.38      0.43
456  0.12109375 0.4375377 0.026818664       0.5    0.19   0.38      0.43
457  1.00000000 0.4375377 0.026818664       0.5    0.19   0.38      0.43
458  0.16796875 0.4375377 0.026818664       0.5    0.19   0.38      0.43
459  0.72656250 0.4375377 0.026818664       0.5    0.19   0.38      0.43
460  1.00000000 0.4375377 0.026818664       0.5    0.19   0.38      0.43
461  0.08203125 0.4375377 0.026818664       0.5    0.19   0.38      0.43
462  1.00000000 0.4375377 0.026818664       0.5    0.19   0.38      0.43
463  1.00000000 0.4375377 0.026818664       0.5    0.19   0.38      0.43
464  1.00000000 0.4375377 0.026818664       0.5    0.19   0.38      0.43
465  1.00000000 0.4375377 0.026818664       0.5    0.19   0.38      0.43
466  0.28906250 0.4375377 0.026818664       0.5    0.19   0.38      0.43
467  1.00000000 0.4375377 0.026818664       0.5    0.19   0.38      0.43
468  0.06640625 0.4375377 0.026818664       0.5    0.19   0.38      0.43
469  1.00000000 0.4375377 0.026818664       0.5    0.19   0.38      0.43
470  0.40625000 0.4375377 0.026818664       0.5    0.19   0.38      0.43
471  1.00000000 0.4375377 0.026818664       0.5    0.19   0.38      0.43
472  0.09375000 0.4375377 0.026818664       0.5    0.19   0.38      0.43
473  1.00000000 0.4375377 0.026818664       0.5    0.19   0.38      0.43
474  0.21875000 0.4375377 0.026818664       0.5    0.19   0.38      0.43
475  0.13281250 0.4375377 0.026818664       0.5    0.19   0.38      0.43
476  0.19140625 0.4375377 0.026818664       0.5    0.19   0.38      0.43
477  0.07812500 0.4375377 0.026818664       0.5    0.19   0.38      0.43
478  0.16796875 0.4375377 0.026818664       0.5    0.19   0.38      0.43
479  0.05468750 0.4375377 0.026818664       0.5    0.19   0.38      0.43
480  0.22265625 0.4375377 0.026818664       0.5    0.19   0.38      0.43
481  1.00000000 0.4375377 0.026818664       0.5    0.19   0.38      0.43
482  1.00000000 0.4375377 0.026818664       0.5    0.19   0.38      0.43
483  0.13281250 0.4375377 0.026818664       0.5    0.19   0.38      0.43
484  0.53906250 0.4375377 0.026818664       0.5    0.19   0.38      0.43
485  1.00000000 0.4375377 0.026818664       0.5    0.19   0.38      0.43
486  0.13281250 0.4375377 0.026818664       0.5    0.19   0.38      0.43
487  1.00000000 0.4375377 0.026818664       0.5    0.19   0.38      0.43
488  0.21484375 0.4375377 0.026818664       0.5    0.19   0.38      0.43
489  1.00000000 0.4375377 0.026818664       0.5    0.19   0.38      0.43
490  0.23046875 0.4375377 0.026818664       0.5    0.19   0.38      0.43
491  1.00000000 0.4375377 0.026818664       0.5    0.19   0.38      0.43
492  1.00000000 0.4375377 0.026818664       0.5    0.19   0.38      0.43
493  0.06250000 0.4375377 0.026818664       0.5    0.19   0.38      0.43
494  0.14843750 0.4375377 0.026818664       0.5    0.19   0.38      0.43
495  1.00000000 0.4375377 0.026818664       0.5    0.19   0.38      0.43
496  1.00000000 0.4375377 0.026818664       0.5    0.19   0.38      0.43
497  0.05859375 0.4375377 0.026818664       0.5    0.19   0.38      0.43
498  0.17578125 0.4375377 0.026818664       0.5    0.19   0.38      0.43
499  0.55078125 0.4375377 0.026818664       0.5    0.19   0.38      0.43
500  0.38671875 0.4375377 0.026818664       0.5    0.19   0.38      0.43
501  0.03515625 0.1931174 0.014264573       0.5    0.52   0.25      0.23
502  0.05468750 0.1931174 0.014264573       0.5    0.52   0.25      0.23
503  1.00000000 0.1931174 0.014264573       0.5    0.52   0.25      0.23
504  1.00000000 0.1931174 0.014264573       0.5    0.52   0.25      0.23
505  0.07031250 0.1931174 0.014264573       0.5    0.52   0.25      0.23
506  0.16406250 0.1931174 0.014264573       0.5    0.52   0.25      0.23
507  0.07421875 0.1931174 0.014264573       0.5    0.52   0.25      0.23
508  0.05078125 0.1931174 0.014264573       0.5    0.52   0.25      0.23
509  1.00000000 0.1931174 0.014264573       0.5    0.52   0.25      0.23
510  0.04296875 0.1931174 0.014264573       0.5    0.52   0.25      0.23
511  1.00000000 0.1931174 0.014264573       0.5    0.52   0.25      0.23
512  0.19140625 0.1931174 0.014264573       0.5    0.52   0.25      0.23
513  0.03906250 0.1931174 0.014264573       0.5    0.52   0.25      0.23
514  0.03515625 0.1931174 0.014264573       0.5    0.52   0.25      0.23
515  0.07812500 0.1931174 0.014264573       0.5    0.52   0.25      0.23
516  1.00000000 0.1931174 0.014264573       0.5    0.52   0.25      0.23
517  0.02734375 0.1931174 0.014264573       0.5    0.52   0.25      0.23
518  0.18359375 0.1931174 0.014264573       0.5    0.52   0.25      0.23
519  0.05859375 0.1931174 0.014264573       0.5    0.52   0.25      0.23
520  1.00000000 0.1931174 0.014264573       0.5    0.52   0.25      0.23
521  0.08984375 0.1931174 0.014264573       0.5    0.52   0.25      0.23
522  0.02734375 0.1931174 0.014264573       0.5    0.52   0.25      0.23
523  0.09765625 0.1931174 0.014264573       0.5    0.52   0.25      0.23
524  1.00000000 0.1931174 0.014264573       0.5    0.52   0.25      0.23
525  0.10937500 0.1931174 0.014264573       0.5    0.52   0.25      0.23
526  0.15234375 0.1931174 0.014264573       0.5    0.52   0.25      0.23
527  0.04687500 0.1931174 0.014264573       0.5    0.52   0.25      0.23
528  0.03125000 0.1931174 0.014264573       0.5    0.52   0.25      0.23
529  0.03125000 0.1931174 0.014264573       0.5    0.52   0.25      0.23
530  0.28906250 0.1931174 0.014264573       0.5    0.52   0.25      0.23
531  1.00000000 0.1931174 0.014264573       0.5    0.52   0.25      0.23
532  0.04296875 0.1931174 0.014264573       0.5    0.52   0.25      0.23
533  0.04296875 0.1931174 0.014264573       0.5    0.52   0.25      0.23
534  0.36328125 0.1931174 0.014264573       0.5    0.52   0.25      0.23
535  0.05859375 0.1931174 0.014264573       0.5    0.52   0.25      0.23
536  0.11328125 0.1931174 0.014264573       0.5    0.52   0.25      0.23
537  0.06250000 0.1931174 0.014264573       0.5    0.52   0.25      0.23
538  1.00000000 0.1931174 0.014264573       0.5    0.52   0.25      0.23
539  1.00000000 0.1931174 0.014264573       0.5    0.52   0.25      0.23
540  0.19140625 0.1931174 0.014264573       0.5    0.52   0.25      0.23
541  0.14453125 0.1931174 0.014264573       0.5    0.52   0.25      0.23
542  0.03906250 0.1931174 0.014264573       0.5    0.52   0.25      0.23
543  0.09375000 0.1931174 0.014264573       0.5    0.52   0.25      0.23
544  1.00000000 0.1931174 0.014264573       0.5    0.52   0.25      0.23
545  1.00000000 0.1931174 0.014264573       0.5    0.52   0.25      0.23
546  0.02734375 0.1931174 0.014264573       0.5    0.52   0.25      0.23
547  0.02343750 0.1931174 0.014264573       0.5    0.52   0.25      0.23
548  0.05859375 0.1931174 0.014264573       0.5    0.52   0.25      0.23
549  0.06640625 0.1931174 0.014264573       0.5    0.52   0.25      0.23
550  0.17578125 0.1931174 0.014264573       0.5    0.52   0.25      0.23
551  1.00000000 0.1931174 0.014264573       0.5    0.52   0.25      0.23
552  0.00390625 0.1931174 0.014264573       0.5    0.52   0.25      0.23
553  0.17187500 0.1931174 0.014264573       0.5    0.52   0.25      0.23
554  1.00000000 0.1931174 0.014264573       0.5    0.52   0.25      0.23
555  1.00000000 0.1931174 0.014264573       0.5    0.52   0.25      0.23
556  0.10156250 0.1931174 0.014264573       0.5    0.52   0.25      0.23
557  0.03906250 0.1931174 0.014264573       0.5    0.52   0.25      0.23
558  1.00000000 0.1931174 0.014264573       0.5    0.52   0.25      0.23
559  0.04296875 0.1931174 0.014264573       0.5    0.52   0.25      0.23
560  0.05078125 0.1931174 0.014264573       0.5    0.52   0.25      0.23
561  0.14062500 0.1931174 0.014264573       0.5    0.52   0.25      0.23
562  0.08203125 0.1931174 0.014264573       0.5    0.52   0.25      0.23
563  0.20312500 0.1931174 0.014264573       0.5    0.52   0.25      0.23
564  0.07812500 0.1931174 0.014264573       0.5    0.52   0.25      0.23
565  0.06640625 0.1931174 0.014264573       0.5    0.52   0.25      0.23
566  0.08984375 0.1931174 0.014264573       0.5    0.52   0.25      0.23
567  0.03515625 0.1931174 0.014264573       0.5    0.52   0.25      0.23
568  0.03515625 0.1931174 0.014264573       0.5    0.52   0.25      0.23
569  0.05468750 0.1931174 0.014264573       0.5    0.52   0.25      0.23
570  0.06640625 0.1931174 0.014264573       0.5    0.52   0.25      0.23
571  0.25390625 0.1931174 0.014264573       0.5    0.52   0.25      0.23
572  1.00000000 0.1931174 0.014264573       0.5    0.52   0.25      0.23
573  0.07812500 0.1931174 0.014264573       0.5    0.52   0.25      0.23
574  0.03125000 0.1931174 0.014264573       0.5    0.52   0.25      0.23
575  1.00000000 0.1931174 0.014264573       0.5    0.52   0.25      0.23
576  0.07421875 0.1931174 0.014264573       0.5    0.52   0.25      0.23
577  0.51953125 0.1931174 0.014264573       0.5    0.52   0.25      0.23
578  0.05078125 0.1931174 0.014264573       0.5    0.52   0.25      0.23
579  0.08593750 0.1931174 0.014264573       0.5    0.52   0.25      0.23
580  0.07812500 0.1931174 0.014264573       0.5    0.52   0.25      0.23
581  0.10937500 0.1931174 0.014264573       0.5    0.52   0.25      0.23
582  0.15625000 0.1931174 0.014264573       0.5    0.52   0.25      0.23
583  0.03906250 0.1931174 0.014264573       0.5    0.52   0.25      0.23
584  0.03125000 0.1931174 0.014264573       0.5    0.52   0.25      0.23
585  1.00000000 0.1931174 0.014264573       0.5    0.52   0.25      0.23
586  1.00000000 0.1931174 0.014264573       0.5    0.52   0.25      0.23
587  0.17578125 0.1931174 0.014264573       0.5    0.52   0.25      0.23
588  0.27343750 0.1931174 0.014264573       0.5    0.52   0.25      0.23
589  0.03125000 0.1931174 0.014264573       0.5    0.52   0.25      0.23
590  0.28906250 0.1931174 0.014264573       0.5    0.52   0.25      0.23
591  0.03906250 0.1931174 0.014264573       0.5    0.52   0.25      0.23
592  0.04687500 0.1931174 0.014264573       0.5    0.52   0.25      0.23
593  1.00000000 0.1931174 0.014264573       0.5    0.52   0.25      0.23
594  1.00000000 0.1931174 0.014264573       0.5    0.52   0.25      0.23
595  0.22265625 0.1931174 0.014264573       0.5    0.52   0.25      0.23
596  1.00000000 0.1931174 0.014264573       0.5    0.52   0.25      0.23
597  0.13671875 0.1931174 0.014264573       0.5    0.52   0.25      0.23
598  0.07812500 0.1931174 0.014264573       0.5    0.52   0.25      0.23
599  0.03515625 0.1931174 0.014264573       0.5    0.52   0.25      0.23
600  0.03125000 0.1931174 0.014264573       0.5    0.52   0.25      0.23
601  1.00000000 0.4864351 0.021563799       0.5    0.34   0.26      0.40
602  1.00000000 0.4864351 0.021563799       0.5    0.34   0.26      0.40
603  0.30078125 0.4864351 0.021563799       0.5    0.34   0.26      0.40
604  0.08593750 0.4864351 0.021563799       0.5    0.34   0.26      0.40
605  0.14062500 0.4864351 0.021563799       0.5    0.34   0.26      0.40
606  0.03515625 0.4864351 0.021563799       0.5    0.34   0.26      0.40
607  0.10546875 0.4864351 0.021563799       0.5    0.34   0.26      0.40
608  0.08984375 0.4864351 0.021563799       0.5    0.34   0.26      0.40
609  1.00000000 0.4864351 0.021563799       0.5    0.34   0.26      0.40
610  0.13671875 0.4864351 0.021563799       0.5    0.34   0.26      0.40
611  1.00000000 0.4864351 0.021563799       0.5    0.34   0.26      0.40
612  0.11328125 0.4864351 0.021563799       0.5    0.34   0.26      0.40
613  1.00000000 0.4864351 0.021563799       0.5    0.34   0.26      0.40
614  1.00000000 0.4864351 0.021563799       0.5    0.34   0.26      0.40
615  1.00000000 0.4864351 0.021563799       0.5    0.34   0.26      0.40
616  1.00000000 0.4864351 0.021563799       0.5    0.34   0.26      0.40
617  0.06250000 0.4864351 0.021563799       0.5    0.34   0.26      0.40
618  0.10546875 0.4864351 0.021563799       0.5    0.34   0.26      0.40
619  1.00000000 0.4864351 0.021563799       0.5    0.34   0.26      0.40
620  0.08593750 0.4864351 0.021563799       0.5    0.34   0.26      0.40
621  1.00000000 0.4864351 0.021563799       0.5    0.34   0.26      0.40
622  1.00000000 0.4864351 0.021563799       0.5    0.34   0.26      0.40
623  1.00000000 0.4864351 0.021563799       0.5    0.34   0.26      0.40
624  0.06250000 0.4864351 0.021563799       0.5    0.34   0.26      0.40
625  1.00000000 0.4864351 0.021563799       0.5    0.34   0.26      0.40
626  0.28906250 0.4864351 0.021563799       0.5    0.34   0.26      0.40
627  1.00000000 0.4864351 0.021563799       0.5    0.34   0.26      0.40
628  0.07031250 0.4864351 0.021563799       0.5    0.34   0.26      0.40
629  0.09375000 0.4864351 0.021563799       0.5    0.34   0.26      0.40
630  1.00000000 0.4864351 0.021563799       0.5    0.34   0.26      0.40
631  1.00000000 0.4864351 0.021563799       0.5    0.34   0.26      0.40
632  0.07031250 0.4864351 0.021563799       0.5    0.34   0.26      0.40
633  1.00000000 0.4864351 0.021563799       0.5    0.34   0.26      0.40
634  1.00000000 0.4864351 0.021563799       0.5    0.34   0.26      0.40
635  1.00000000 0.4864351 0.021563799       0.5    0.34   0.26      0.40
636  0.17578125 0.4864351 0.021563799       0.5    0.34   0.26      0.40
637  0.05859375 0.4864351 0.021563799       0.5    0.34   0.26      0.40
638  0.20312500 0.4864351 0.021563799       0.5    0.34   0.26      0.40
639  0.02734375 0.4864351 0.021563799       0.5    0.34   0.26      0.40
640  0.08593750 0.4864351 0.021563799       0.5    0.34   0.26      0.40
641  0.09765625 0.4864351 0.021563799       0.5    0.34   0.26      0.40
642  1.00000000 0.4864351 0.021563799       0.5    0.34   0.26      0.40
643  0.05859375 0.4864351 0.021563799       0.5    0.34   0.26      0.40
644  0.04296875 0.4864351 0.021563799       0.5    0.34   0.26      0.40
645  1.00000000 0.4864351 0.021563799       0.5    0.34   0.26      0.40
646  0.19531250 0.4864351 0.021563799       0.5    0.34   0.26      0.40
647  0.06640625 0.4864351 0.021563799       0.5    0.34   0.26      0.40
648  1.00000000 0.4864351 0.021563799       0.5    0.34   0.26      0.40
649  1.00000000 0.4864351 0.021563799       0.5    0.34   0.26      0.40
650  0.06250000 0.4864351 0.021563799       0.5    0.34   0.26      0.40
651  1.00000000 0.4864351 0.021563799       0.5    0.34   0.26      0.40
652  0.55078125 0.4864351 0.021563799       0.5    0.34   0.26      0.40
653  0.18750000 0.4864351 0.021563799       0.5    0.34   0.26      0.40
654  1.00000000 0.4864351 0.021563799       0.5    0.34   0.26      0.40
655  1.00000000 0.4864351 0.021563799       0.5    0.34   0.26      0.40
656  1.00000000 0.4864351 0.021563799       0.5    0.34   0.26      0.40
657  1.00000000 0.4864351 0.021563799       0.5    0.34   0.26      0.40
658  0.55468750 0.4864351 0.021563799       0.5    0.34   0.26      0.40
659  1.00000000 0.4864351 0.021563799       0.5    0.34   0.26      0.40
660  0.30078125 0.4864351 0.021563799       0.5    0.34   0.26      0.40
661  1.00000000 0.4864351 0.021563799       0.5    0.34   0.26      0.40
662  0.08203125 0.4864351 0.021563799       0.5    0.34   0.26      0.40
663  0.07812500 0.4864351 0.021563799       0.5    0.34   0.26      0.40
664  0.13671875 0.4864351 0.021563799       0.5    0.34   0.26      0.40
665  1.00000000 0.4864351 0.021563799       0.5    0.34   0.26      0.40
666  1.00000000 0.4864351 0.021563799       0.5    0.34   0.26      0.40
667  0.07031250 0.4864351 0.021563799       0.5    0.34   0.26      0.40
668  0.07031250 0.4864351 0.021563799       0.5    0.34   0.26      0.40
669  0.24609375 0.4864351 0.021563799       0.5    0.34   0.26      0.40
670  0.32421875 0.4864351 0.021563799       0.5    0.34   0.26      0.40
671  0.22265625 0.4864351 0.021563799       0.5    0.34   0.26      0.40
672  0.07421875 0.4864351 0.021563799       0.5    0.34   0.26      0.40
673  0.16406250 0.4864351 0.021563799       0.5    0.34   0.26      0.40
674  0.23828125 0.4864351 0.021563799       0.5    0.34   0.26      0.40
675  0.25781250 0.4864351 0.021563799       0.5    0.34   0.26      0.40
676  1.00000000 0.4864351 0.021563799       0.5    0.34   0.26      0.40
677  0.10937500 0.4864351 0.021563799       0.5    0.34   0.26      0.40
678  0.07421875 0.4864351 0.021563799       0.5    0.34   0.26      0.40
679  0.36718750 0.4864351 0.021563799       0.5    0.34   0.26      0.40
680  0.10937500 0.4864351 0.021563799       0.5    0.34   0.26      0.40
681  0.04687500 0.4864351 0.021563799       0.5    0.34   0.26      0.40
682  1.00000000 0.4864351 0.021563799       0.5    0.34   0.26      0.40
683  1.00000000 0.4864351 0.021563799       0.5    0.34   0.26      0.40
684  1.00000000 0.4864351 0.021563799       0.5    0.34   0.26      0.40
685  0.09765625 0.4864351 0.021563799       0.5    0.34   0.26      0.40
686  0.14843750 0.4864351 0.021563799       0.5    0.34   0.26      0.40
687  1.00000000 0.4864351 0.021563799       0.5    0.34   0.26      0.40
688  0.12109375 0.4864351 0.021563799       0.5    0.34   0.26      0.40
689  0.07031250 0.4864351 0.021563799       0.5    0.34   0.26      0.40
690  0.03906250 0.4864351 0.021563799       0.5    0.34   0.26      0.40
691  0.08593750 0.4864351 0.021563799       0.5    0.34   0.26      0.40
692  0.10546875 0.4864351 0.021563799       0.5    0.34   0.26      0.40
693  0.08203125 0.4864351 0.021563799       0.5    0.34   0.26      0.40
694  1.00000000 0.4864351 0.021563799       0.5    0.34   0.26      0.40
695  0.14062500 0.4864351 0.021563799       0.5    0.34   0.26      0.40
696  0.07812500 0.4864351 0.021563799       0.5    0.34   0.26      0.40
697  1.00000000 0.4864351 0.021563799       0.5    0.34   0.26      0.40
698  0.07031250 0.4864351 0.021563799       0.5    0.34   0.26      0.40
699  0.06640625 0.4864351 0.021563799       0.5    0.34   0.26      0.40
700  1.00000000 0.4864351 0.021563799       0.5    0.34   0.26      0.40
701  0.24218750 0.3707521 0.033534836       0.5    0.21   0.38      0.41
702  0.29296875 0.3707521 0.033534836       0.5    0.21   0.38      0.41
703  0.10546875 0.3707521 0.033534836       0.5    0.21   0.38      0.41
704  0.19921875 0.3707521 0.033534836       0.5    0.21   0.38      0.41
705  1.00000000 0.3707521 0.033534836       0.5    0.21   0.38      0.41
706  0.35937500 0.3707521 0.033534836       0.5    0.21   0.38      0.41
707  1.00000000 0.3707521 0.033534836       0.5    0.21   0.38      0.41
708  0.36328125 0.3707521 0.033534836       0.5    0.21   0.38      0.41
709  1.00000000 0.3707521 0.033534836       0.5    0.21   0.38      0.41
710  0.16015625 0.3707521 0.033534836       0.5    0.21   0.38      0.41
711  0.55078125 0.3707521 0.033534836       0.5    0.21   0.38      0.41
712  1.00000000 0.3707521 0.033534836       0.5    0.21   0.38      0.41
713  0.56640625 0.3707521 0.033534836       0.5    0.21   0.38      0.41
714  0.10156250 0.3707521 0.033534836       0.5    0.21   0.38      0.41
715  0.35546875 0.3707521 0.033534836       0.5    0.21   0.38      0.41
716  0.23046875 0.3707521 0.033534836       0.5    0.21   0.38      0.41
717  0.38671875 0.3707521 0.033534836       0.5    0.21   0.38      0.41
718  1.00000000 0.3707521 0.033534836       0.5    0.21   0.38      0.41
719  1.00000000 0.3707521 0.033534836       0.5    0.21   0.38      0.41
720  1.00000000 0.3707521 0.033534836       0.5    0.21   0.38      0.41
721  1.00000000 0.3707521 0.033534836       0.5    0.21   0.38      0.41
722  1.00000000 0.3707521 0.033534836       0.5    0.21   0.38      0.41
723  0.55078125 0.3707521 0.033534836       0.5    0.21   0.38      0.41
724  0.17578125 0.3707521 0.033534836       0.5    0.21   0.38      0.41
725  1.00000000 0.3707521 0.033534836       0.5    0.21   0.38      0.41
726  1.00000000 0.3707521 0.033534836       0.5    0.21   0.38      0.41
727  1.00000000 0.3707521 0.033534836       0.5    0.21   0.38      0.41
728  1.00000000 0.3707521 0.033534836       0.5    0.21   0.38      0.41
729  0.26171875 0.3707521 0.033534836       0.5    0.21   0.38      0.41
730  1.00000000 0.3707521 0.033534836       0.5    0.21   0.38      0.41
731  0.18750000 0.3707521 0.033534836       0.5    0.21   0.38      0.41
732  0.27734375 0.3707521 0.033534836       0.5    0.21   0.38      0.41
733  0.13671875 0.3707521 0.033534836       0.5    0.21   0.38      0.41
734  0.05468750 0.3707521 0.033534836       0.5    0.21   0.38      0.41
735  1.00000000 0.3707521 0.033534836       0.5    0.21   0.38      0.41
736  1.00000000 0.3707521 0.033534836       0.5    0.21   0.38      0.41
737  0.36328125 0.3707521 0.033534836       0.5    0.21   0.38      0.41
738  1.00000000 0.3707521 0.033534836       0.5    0.21   0.38      0.41
739  1.00000000 0.3707521 0.033534836       0.5    0.21   0.38      0.41
740  0.12890625 0.3707521 0.033534836       0.5    0.21   0.38      0.41
741  1.00000000 0.3707521 0.033534836       0.5    0.21   0.38      0.41
742  0.36328125 0.3707521 0.033534836       0.5    0.21   0.38      0.41
743  1.00000000 0.3707521 0.033534836       0.5    0.21   0.38      0.41
744  0.09375000 0.3707521 0.033534836       0.5    0.21   0.38      0.41
745  1.00000000 0.3707521 0.033534836       0.5    0.21   0.38      0.41
746  0.51171875 0.3707521 0.033534836       0.5    0.21   0.38      0.41
747  1.00000000 0.3707521 0.033534836       0.5    0.21   0.38      0.41
748  1.00000000 0.3707521 0.033534836       0.5    0.21   0.38      0.41
749  0.18359375 0.3707521 0.033534836       0.5    0.21   0.38      0.41
750  0.16796875 0.3707521 0.033534836       0.5    0.21   0.38      0.41
751  0.25390625 0.3707521 0.033534836       0.5    0.21   0.38      0.41
752  0.70312500 0.3707521 0.033534836       0.5    0.21   0.38      0.41
753  1.00000000 0.3707521 0.033534836       0.5    0.21   0.38      0.41
754  1.00000000 0.3707521 0.033534836       0.5    0.21   0.38      0.41
755  0.36718750 0.3707521 0.033534836       0.5    0.21   0.38      0.41
756  0.19921875 0.3707521 0.033534836       0.5    0.21   0.38      0.41
757  0.29296875 0.3707521 0.033534836       0.5    0.21   0.38      0.41
758  1.00000000 0.3707521 0.033534836       0.5    0.21   0.38      0.41
759  0.20312500 0.3707521 0.033534836       0.5    0.21   0.38      0.41
760  0.16796875 0.3707521 0.033534836       0.5    0.21   0.38      0.41
761  1.00000000 0.3707521 0.033534836       0.5    0.21   0.38      0.41
762  1.00000000 0.3707521 0.033534836       0.5    0.21   0.38      0.41
763  0.19921875 0.3707521 0.033534836       0.5    0.21   0.38      0.41
764  1.00000000 0.3707521 0.033534836       0.5    0.21   0.38      0.41
765  1.00000000 0.3707521 0.033534836       0.5    0.21   0.38      0.41
766  0.26562500 0.3707521 0.033534836       0.5    0.21   0.38      0.41
767  0.28906250 0.3707521 0.033534836       0.5    0.21   0.38      0.41
768  1.00000000 0.3707521 0.033534836       0.5    0.21   0.38      0.41
769  0.12890625 0.3707521 0.033534836       0.5    0.21   0.38      0.41
770  0.24218750 0.3707521 0.033534836       0.5    0.21   0.38      0.41
771  0.12890625 0.3707521 0.033534836       0.5    0.21   0.38      0.41
772  0.15234375 0.3707521 0.033534836       0.5    0.21   0.38      0.41
773  0.63281250 0.3707521 0.033534836       0.5    0.21   0.38      0.41
774  0.28515625 0.3707521 0.033534836       0.5    0.21   0.38      0.41
775  0.18750000 0.3707521 0.033534836       0.5    0.21   0.38      0.41
776  0.18750000 0.3707521 0.033534836       0.5    0.21   0.38      0.41
777  0.13671875 0.3707521 0.033534836       0.5    0.21   0.38      0.41
778  0.36718750 0.3707521 0.033534836       0.5    0.21   0.38      0.41
779  0.29687500 0.3707521 0.033534836       0.5    0.21   0.38      0.41
780  1.00000000 0.3707521 0.033534836       0.5    0.21   0.38      0.41
781  0.61328125 0.3707521 0.033534836       0.5    0.21   0.38      0.41
782  1.00000000 0.3707521 0.033534836       0.5    0.21   0.38      0.41
783  1.00000000 0.3707521 0.033534836       0.5    0.21   0.38      0.41
784  1.00000000 0.3707521 0.033534836       0.5    0.21   0.38      0.41
785  0.29296875 0.3707521 0.033534836       0.5    0.21   0.38      0.41
786  0.14062500 0.3707521 0.033534836       0.5    0.21   0.38      0.41
787  1.00000000 0.3707521 0.033534836       0.5    0.21   0.38      0.41
788  1.00000000 0.3707521 0.033534836       0.5    0.21   0.38      0.41
789  0.09765625 0.3707521 0.033534836       0.5    0.21   0.38      0.41
790  0.20703125 0.3707521 0.033534836       0.5    0.21   0.38      0.41
791  0.64453125 0.3707521 0.033534836       0.5    0.21   0.38      0.41
792  0.39453125 0.3707521 0.033534836       0.5    0.21   0.38      0.41
793  0.12109375 0.3707521 0.033534836       0.5    0.21   0.38      0.41
794  0.25390625 0.3707521 0.033534836       0.5    0.21   0.38      0.41
795  1.00000000 0.3707521 0.033534836       0.5    0.21   0.38      0.41
796  0.14843750 0.3707521 0.033534836       0.5    0.21   0.38      0.41
797  0.50390625 0.3707521 0.033534836       0.5    0.21   0.38      0.41
798  1.00000000 0.3707521 0.033534836       0.5    0.21   0.38      0.41
799  0.35546875 0.3707521 0.033534836       0.5    0.21   0.38      0.41
800  1.00000000 0.3707521 0.033534836       0.5    0.21   0.38      0.41
801  0.01953125 0.5897601 0.007753461       0.5    0.36   0.10      0.54
802  0.03125000 0.5897601 0.007753461       0.5    0.36   0.10      0.54
803  0.03906250 0.5897601 0.007753461       0.5    0.36   0.10      0.54
804  0.05078125 0.5897601 0.007753461       0.5    0.36   0.10      0.54
805  1.00000000 0.5897601 0.007753461       0.5    0.36   0.10      0.54
806  0.00781250 0.5897601 0.007753461       0.5    0.36   0.10      0.54
807  1.00000000 0.5897601 0.007753461       0.5    0.36   0.10      0.54
808  0.14062500 0.5897601 0.007753461       0.5    0.36   0.10      0.54
809  1.00000000 0.5897601 0.007753461       0.5    0.36   0.10      0.54
810  1.00000000 0.5897601 0.007753461       0.5    0.36   0.10      0.54
811  0.02734375 0.5897601 0.007753461       0.5    0.36   0.10      0.54
812  1.00000000 0.5897601 0.007753461       0.5    0.36   0.10      0.54
813  1.00000000 0.5897601 0.007753461       0.5    0.36   0.10      0.54
814  0.07031250 0.5897601 0.007753461       0.5    0.36   0.10      0.54
815  1.00000000 0.5897601 0.007753461       0.5    0.36   0.10      0.54
816  1.00000000 0.5897601 0.007753461       0.5    0.36   0.10      0.54
817  1.00000000 0.5897601 0.007753461       0.5    0.36   0.10      0.54
818  1.00000000 0.5897601 0.007753461       0.5    0.36   0.10      0.54
819  0.04296875 0.5897601 0.007753461       0.5    0.36   0.10      0.54
820  0.01562500 0.5897601 0.007753461       0.5    0.36   0.10      0.54
821  1.00000000 0.5897601 0.007753461       0.5    0.36   0.10      0.54
822  1.00000000 0.5897601 0.007753461       0.5    0.36   0.10      0.54
823  1.00000000 0.5897601 0.007753461       0.5    0.36   0.10      0.54
824  1.00000000 0.5897601 0.007753461       0.5    0.36   0.10      0.54
825  0.07421875 0.5897601 0.007753461       0.5    0.36   0.10      0.54
826  0.01562500 0.5897601 0.007753461       0.5    0.36   0.10      0.54
827  0.28906250 0.5897601 0.007753461       0.5    0.36   0.10      0.54
828  0.03906250 0.5897601 0.007753461       0.5    0.36   0.10      0.54
829  0.01171875 0.5897601 0.007753461       0.5    0.36   0.10      0.54
830  0.14062500 0.5897601 0.007753461       0.5    0.36   0.10      0.54
831  0.28125000 0.5897601 0.007753461       0.5    0.36   0.10      0.54
832  1.00000000 0.5897601 0.007753461       0.5    0.36   0.10      0.54
833  0.00781250 0.5897601 0.007753461       0.5    0.36   0.10      0.54
834  1.00000000 0.5897601 0.007753461       0.5    0.36   0.10      0.54
835  1.00000000 0.5897601 0.007753461       0.5    0.36   0.10      0.54
836  1.00000000 0.5897601 0.007753461       0.5    0.36   0.10      0.54
837  1.00000000 0.5897601 0.007753461       0.5    0.36   0.10      0.54
838  1.00000000 0.5897601 0.007753461       0.5    0.36   0.10      0.54
839  0.00781250 0.5897601 0.007753461       0.5    0.36   0.10      0.54
840  1.00000000 0.5897601 0.007753461       0.5    0.36   0.10      0.54
841  0.12500000 0.5897601 0.007753461       0.5    0.36   0.10      0.54
842  0.03515625 0.5897601 0.007753461       0.5    0.36   0.10      0.54
843  0.13281250 0.5897601 0.007753461       0.5    0.36   0.10      0.54
844  1.00000000 0.5897601 0.007753461       0.5    0.36   0.10      0.54
845  0.03515625 0.5897601 0.007753461       0.5    0.36   0.10      0.54
846  0.00390625 0.5897601 0.007753461       0.5    0.36   0.10      0.54
847  0.01171875 0.5897601 0.007753461       0.5    0.36   0.10      0.54
848  1.00000000 0.5897601 0.007753461       0.5    0.36   0.10      0.54
849  0.16015625 0.5897601 0.007753461       0.5    0.36   0.10      0.54
850  1.00000000 0.5897601 0.007753461       0.5    0.36   0.10      0.54
851  1.00000000 0.5897601 0.007753461       0.5    0.36   0.10      0.54
852  1.00000000 0.5897601 0.007753461       0.5    0.36   0.10      0.54
853  0.00781250 0.5897601 0.007753461       0.5    0.36   0.10      0.54
854  1.00000000 0.5897601 0.007753461       0.5    0.36   0.10      0.54
855  1.00000000 0.5897601 0.007753461       0.5    0.36   0.10      0.54
856  0.06640625 0.5897601 0.007753461       0.5    0.36   0.10      0.54
857  1.00000000 0.5897601 0.007753461       0.5    0.36   0.10      0.54
858  1.00000000 0.5897601 0.007753461       0.5    0.36   0.10      0.54
859  1.00000000 0.5897601 0.007753461       0.5    0.36   0.10      0.54
860  1.00000000 0.5897601 0.007753461       0.5    0.36   0.10      0.54
861  0.14843750 0.5897601 0.007753461       0.5    0.36   0.10      0.54
862  1.00000000 0.5897601 0.007753461       0.5    0.36   0.10      0.54
863  0.03906250 0.5897601 0.007753461       0.5    0.36   0.10      0.54
864  1.00000000 0.5897601 0.007753461       0.5    0.36   0.10      0.54
865  0.00390625 0.5897601 0.007753461       0.5    0.36   0.10      0.54
866  1.00000000 0.5897601 0.007753461       0.5    0.36   0.10      0.54
867  1.00000000 0.5897601 0.007753461       0.5    0.36   0.10      0.54
868  0.02343750 0.5897601 0.007753461       0.5    0.36   0.10      0.54
869  0.13281250 0.5897601 0.007753461       0.5    0.36   0.10      0.54
870  1.00000000 0.5897601 0.007753461       0.5    0.36   0.10      0.54
871  0.08203125 0.5897601 0.007753461       0.5    0.36   0.10      0.54
872  1.00000000 0.5897601 0.007753461       0.5    0.36   0.10      0.54
873  0.01562500 0.5897601 0.007753461       0.5    0.36   0.10      0.54
874  0.00781250 0.5897601 0.007753461       0.5    0.36   0.10      0.54
875  0.02343750 0.5897601 0.007753461       0.5    0.36   0.10      0.54
876  1.00000000 0.5897601 0.007753461       0.5    0.36   0.10      0.54
877  1.00000000 0.5897601 0.007753461       0.5    0.36   0.10      0.54
878  0.07031250 0.5897601 0.007753461       0.5    0.36   0.10      0.54
879  1.00000000 0.5897601 0.007753461       0.5    0.36   0.10      0.54
880  1.00000000 0.5897601 0.007753461       0.5    0.36   0.10      0.54
881  0.02734375 0.5897601 0.007753461       0.5    0.36   0.10      0.54
882  0.02343750 0.5897601 0.007753461       0.5    0.36   0.10      0.54
883  1.00000000 0.5897601 0.007753461       0.5    0.36   0.10      0.54
884  1.00000000 0.5897601 0.007753461       0.5    0.36   0.10      0.54
885  1.00000000 0.5897601 0.007753461       0.5    0.36   0.10      0.54
886  0.03515625 0.5897601 0.007753461       0.5    0.36   0.10      0.54
887  1.00000000 0.5897601 0.007753461       0.5    0.36   0.10      0.54
888  0.06250000 0.5897601 0.007753461       0.5    0.36   0.10      0.54
889  0.00781250 0.5897601 0.007753461       0.5    0.36   0.10      0.54
890  0.01562500 0.5897601 0.007753461       0.5    0.36   0.10      0.54
891  1.00000000 0.5897601 0.007753461       0.5    0.36   0.10      0.54
892  1.00000000 0.5897601 0.007753461       0.5    0.36   0.10      0.54
893  1.00000000 0.5897601 0.007753461       0.5    0.36   0.10      0.54
894  1.00000000 0.5897601 0.007753461       0.5    0.36   0.10      0.54
895  1.00000000 0.5897601 0.007753461       0.5    0.36   0.10      0.54
896  0.14062500 0.5897601 0.007753461       0.5    0.36   0.10      0.54
897  1.00000000 0.5897601 0.007753461       0.5    0.36   0.10      0.54
898  1.00000000 0.5897601 0.007753461       0.5    0.36   0.10      0.54
899  0.06640625 0.5897601 0.007753461       0.5    0.36   0.10      0.54
900  1.00000000 0.5897601 0.007753461       0.5    0.36   0.10      0.54
901  1.00000000 0.4872880 0.020181441       0.5    0.23   0.29      0.48
902  1.00000000 0.4872880 0.020181441       0.5    0.23   0.29      0.48
903  1.00000000 0.4872880 0.020181441       0.5    0.23   0.29      0.48
904  1.00000000 0.4872880 0.020181441       0.5    0.23   0.29      0.48
905  1.00000000 0.4872880 0.020181441       0.5    0.23   0.29      0.48
906  0.17578125 0.4872880 0.020181441       0.5    0.23   0.29      0.48
907  0.03125000 0.4872880 0.020181441       0.5    0.23   0.29      0.48
908  0.10546875 0.4872880 0.020181441       0.5    0.23   0.29      0.48
909  0.17187500 0.4872880 0.020181441       0.5    0.23   0.29      0.48
910  0.06640625 0.4872880 0.020181441       0.5    0.23   0.29      0.48
911  1.00000000 0.4872880 0.020181441       0.5    0.23   0.29      0.48
912  0.08593750 0.4872880 0.020181441       0.5    0.23   0.29      0.48
913  1.00000000 0.4872880 0.020181441       0.5    0.23   0.29      0.48
914  1.00000000 0.4872880 0.020181441       0.5    0.23   0.29      0.48
915  1.00000000 0.4872880 0.020181441       0.5    0.23   0.29      0.48
916  0.39062500 0.4872880 0.020181441       0.5    0.23   0.29      0.48
917  0.14062500 0.4872880 0.020181441       0.5    0.23   0.29      0.48
918  0.10937500 0.4872880 0.020181441       0.5    0.23   0.29      0.48
919  1.00000000 0.4872880 0.020181441       0.5    0.23   0.29      0.48
920  1.00000000 0.4872880 0.020181441       0.5    0.23   0.29      0.48
921  1.00000000 0.4872880 0.020181441       0.5    0.23   0.29      0.48
922  0.27734375 0.4872880 0.020181441       0.5    0.23   0.29      0.48
923  0.10546875 0.4872880 0.020181441       0.5    0.23   0.29      0.48
924  1.00000000 0.4872880 0.020181441       0.5    0.23   0.29      0.48
925  0.11718750 0.4872880 0.020181441       0.5    0.23   0.29      0.48
926  1.00000000 0.4872880 0.020181441       0.5    0.23   0.29      0.48
927  0.05078125 0.4872880 0.020181441       0.5    0.23   0.29      0.48
928  1.00000000 0.4872880 0.020181441       0.5    0.23   0.29      0.48
929  0.04296875 0.4872880 0.020181441       0.5    0.23   0.29      0.48
930  0.57812500 0.4872880 0.020181441       0.5    0.23   0.29      0.48
931  0.28515625 0.4872880 0.020181441       0.5    0.23   0.29      0.48
932  0.12109375 0.4872880 0.020181441       0.5    0.23   0.29      0.48
933  0.07031250 0.4872880 0.020181441       0.5    0.23   0.29      0.48
934  0.12109375 0.4872880 0.020181441       0.5    0.23   0.29      0.48
935  1.00000000 0.4872880 0.020181441       0.5    0.23   0.29      0.48
936  0.16406250 0.4872880 0.020181441       0.5    0.23   0.29      0.48
937  0.24218750 0.4872880 0.020181441       0.5    0.23   0.29      0.48
938  0.04296875 0.4872880 0.020181441       0.5    0.23   0.29      0.48
939  1.00000000 0.4872880 0.020181441       0.5    0.23   0.29      0.48
940  0.07421875 0.4872880 0.020181441       0.5    0.23   0.29      0.48
941  0.30468750 0.4872880 0.020181441       0.5    0.23   0.29      0.48
942  0.10156250 0.4872880 0.020181441       0.5    0.23   0.29      0.48
943  0.31640625 0.4872880 0.020181441       0.5    0.23   0.29      0.48
944  0.18359375 0.4872880 0.020181441       0.5    0.23   0.29      0.48
945  1.00000000 0.4872880 0.020181441       0.5    0.23   0.29      0.48
946  1.00000000 0.4872880 0.020181441       0.5    0.23   0.29      0.48
947  1.00000000 0.4872880 0.020181441       0.5    0.23   0.29      0.48
948  1.00000000 0.4872880 0.020181441       0.5    0.23   0.29      0.48
949  0.23828125 0.4872880 0.020181441       0.5    0.23   0.29      0.48
950  0.14062500 0.4872880 0.020181441       0.5    0.23   0.29      0.48
951  0.42187500 0.4872880 0.020181441       0.5    0.23   0.29      0.48
952  0.16015625 0.4872880 0.020181441       0.5    0.23   0.29      0.48
953  1.00000000 0.4872880 0.020181441       0.5    0.23   0.29      0.48
954  0.10546875 0.4872880 0.020181441       0.5    0.23   0.29      0.48
955  1.00000000 0.4872880 0.020181441       0.5    0.23   0.29      0.48
956  1.00000000 0.4872880 0.020181441       0.5    0.23   0.29      0.48
957  0.08203125 0.4872880 0.020181441       0.5    0.23   0.29      0.48
958  0.11718750 0.4872880 0.020181441       0.5    0.23   0.29      0.48
959  1.00000000 0.4872880 0.020181441       0.5    0.23   0.29      0.48
960  1.00000000 0.4872880 0.020181441       0.5    0.23   0.29      0.48
961  1.00000000 0.4872880 0.020181441       0.5    0.23   0.29      0.48
962  0.13671875 0.4872880 0.020181441       0.5    0.23   0.29      0.48
963  0.07812500 0.4872880 0.020181441       0.5    0.23   0.29      0.48
964  0.05859375 0.4872880 0.020181441       0.5    0.23   0.29      0.48
965  0.16015625 0.4872880 0.020181441       0.5    0.23   0.29      0.48
966  1.00000000 0.4872880 0.020181441       0.5    0.23   0.29      0.48
967  0.25000000 0.4872880 0.020181441       0.5    0.23   0.29      0.48
968  1.00000000 0.4872880 0.020181441       0.5    0.23   0.29      0.48
969  0.14453125 0.4872880 0.020181441       0.5    0.23   0.29      0.48
970  0.27734375 0.4872880 0.020181441       0.5    0.23   0.29      0.48
971  1.00000000 0.4872880 0.020181441       0.5    0.23   0.29      0.48
972  0.12890625 0.4872880 0.020181441       0.5    0.23   0.29      0.48
973  1.00000000 0.4872880 0.020181441       0.5    0.23   0.29      0.48
974  1.00000000 0.4872880 0.020181441       0.5    0.23   0.29      0.48
975  1.00000000 0.4872880 0.020181441       0.5    0.23   0.29      0.48
976  1.00000000 0.4872880 0.020181441       0.5    0.23   0.29      0.48
977  1.00000000 0.4872880 0.020181441       0.5    0.23   0.29      0.48
978  1.00000000 0.4872880 0.020181441       0.5    0.23   0.29      0.48
979  1.00000000 0.4872880 0.020181441       0.5    0.23   0.29      0.48
980  1.00000000 0.4872880 0.020181441       0.5    0.23   0.29      0.48
981  0.05859375 0.4872880 0.020181441       0.5    0.23   0.29      0.48
982  1.00000000 0.4872880 0.020181441       0.5    0.23   0.29      0.48
983  0.07421875 0.4872880 0.020181441       0.5    0.23   0.29      0.48
984  0.12500000 0.4872880 0.020181441       0.5    0.23   0.29      0.48
985  1.00000000 0.4872880 0.020181441       0.5    0.23   0.29      0.48
986  1.00000000 0.4872880 0.020181441       0.5    0.23   0.29      0.48
987  0.13281250 0.4872880 0.020181441       0.5    0.23   0.29      0.48
988  1.00000000 0.4872880 0.020181441       0.5    0.23   0.29      0.48
989  1.00000000 0.4872880 0.020181441       0.5    0.23   0.29      0.48
990  0.05078125 0.4872880 0.020181441       0.5    0.23   0.29      0.48
991  0.11718750 0.4872880 0.020181441       0.5    0.23   0.29      0.48
992  0.11718750 0.4872880 0.020181441       0.5    0.23   0.29      0.48
993  0.07421875 0.4872880 0.020181441       0.5    0.23   0.29      0.48
994  1.00000000 0.4872880 0.020181441       0.5    0.23   0.29      0.48
995  0.06640625 0.4872880 0.020181441       0.5    0.23   0.29      0.48
996  1.00000000 0.4872880 0.020181441       0.5    0.23   0.29      0.48
997  1.00000000 0.4872880 0.020181441       0.5    0.23   0.29      0.48
998  1.00000000 0.4872880 0.020181441       0.5    0.23   0.29      0.48
999  0.07812500 0.4872880 0.020181441       0.5    0.23   0.29      0.48
1000 1.00000000 0.4872880 0.020181441       0.5    0.23   0.29      0.48
