      prop.aneu prob.meio   prob.mito dispersal euploid mosaic aneuploid
1    0.08203125 0.5789514 0.016733317       0.5    0.27   0.23      0.50
2    1.00000000 0.5789514 0.016733317       0.5    0.27   0.23      0.50
3    0.03515625 0.5789514 0.016733317       0.5    0.27   0.23      0.50
4    0.09765625 0.5789514 0.016733317       0.5    0.27   0.23      0.50
5    1.00000000 0.5789514 0.016733317       0.5    0.27   0.23      0.50
6    0.07812500 0.5789514 0.016733317       0.5    0.27   0.23      0.50
7    1.00000000 0.5789514 0.016733317       0.5    0.27   0.23      0.50
8    0.04296875 0.5789514 0.016733317       0.5    0.27   0.23      0.50
9    0.16015625 0.5789514 0.016733317       0.5    0.27   0.23      0.50
10   0.10156250 0.5789514 0.016733317       0.5    0.27   0.23      0.50
11   0.52734375 0.5789514 0.016733317       0.5    0.27   0.23      0.50
12   0.08984375 0.5789514 0.016733317       0.5    0.27   0.23      0.50
13   1.00000000 0.5789514 0.016733317       0.5    0.27   0.23      0.50
14   0.09765625 0.5789514 0.016733317       0.5    0.27   0.23      0.50
15   0.06640625 0.5789514 0.016733317       0.5    0.27   0.23      0.50
16   0.20703125 0.5789514 0.016733317       0.5    0.27   0.23      0.50
17   0.06640625 0.5789514 0.016733317       0.5    0.27   0.23      0.50
18   0.05078125 0.5789514 0.016733317       0.5    0.27   0.23      0.50
19   0.06250000 0.5789514 0.016733317       0.5    0.27   0.23      0.50
20   1.00000000 0.5789514 0.016733317       0.5    0.27   0.23      0.50
21   0.08984375 0.5789514 0.016733317       0.5    0.27   0.23      0.50
22   0.05859375 0.5789514 0.016733317       0.5    0.27   0.23      0.50
23   1.00000000 0.5789514 0.016733317       0.5    0.27   0.23      0.50
24   0.33593750 0.5789514 0.016733317       0.5    0.27   0.23      0.50
25   0.10546875 0.5789514 0.016733317       0.5    0.27   0.23      0.50
26   1.00000000 0.5789514 0.016733317       0.5    0.27   0.23      0.50
27   0.36718750 0.5789514 0.016733317       0.5    0.27   0.23      0.50
28   1.00000000 0.5789514 0.016733317       0.5    0.27   0.23      0.50
29   0.03515625 0.5789514 0.016733317       0.5    0.27   0.23      0.50
30   0.05468750 0.5789514 0.016733317       0.5    0.27   0.23      0.50
31   1.00000000 0.5789514 0.016733317       0.5    0.27   0.23      0.50
32   1.00000000 0.5789514 0.016733317       0.5    0.27   0.23      0.50
33   0.05078125 0.5789514 0.016733317       0.5    0.27   0.23      0.50
34   1.00000000 0.5789514 0.016733317       0.5    0.27   0.23      0.50
35   1.00000000 0.5789514 0.016733317       0.5    0.27   0.23      0.50
36   0.01562500 0.5789514 0.016733317       0.5    0.27   0.23      0.50
37   0.35546875 0.5789514 0.016733317       0.5    0.27   0.23      0.50
38   1.00000000 0.5789514 0.016733317       0.5    0.27   0.23      0.50
39   0.05468750 0.5789514 0.016733317       0.5    0.27   0.23      0.50
40   1.00000000 0.5789514 0.016733317       0.5    0.27   0.23      0.50
41   1.00000000 0.5789514 0.016733317       0.5    0.27   0.23      0.50
42   0.04687500 0.5789514 0.016733317       0.5    0.27   0.23      0.50
43   1.00000000 0.5789514 0.016733317       0.5    0.27   0.23      0.50
44   1.00000000 0.5789514 0.016733317       0.5    0.27   0.23      0.50
45   0.17968750 0.5789514 0.016733317       0.5    0.27   0.23      0.50
46   0.16406250 0.5789514 0.016733317       0.5    0.27   0.23      0.50
47   1.00000000 0.5789514 0.016733317       0.5    0.27   0.23      0.50
48   1.00000000 0.5789514 0.016733317       0.5    0.27   0.23      0.50
49   1.00000000 0.5789514 0.016733317       0.5    0.27   0.23      0.50
50   0.11718750 0.5789514 0.016733317       0.5    0.27   0.23      0.50
51   1.00000000 0.5789514 0.016733317       0.5    0.27   0.23      0.50
52   0.20312500 0.5789514 0.016733317       0.5    0.27   0.23      0.50
53   0.07421875 0.5789514 0.016733317       0.5    0.27   0.23      0.50
54   0.58203125 0.5789514 0.016733317       0.5    0.27   0.23      0.50
55   1.00000000 0.5789514 0.016733317       0.5    0.27   0.23      0.50
56   1.00000000 0.5789514 0.016733317       0.5    0.27   0.23      0.50
57   0.14453125 0.5789514 0.016733317       0.5    0.27   0.23      0.50
58   1.00000000 0.5789514 0.016733317       0.5    0.27   0.23      0.50
59   1.00000000 0.5789514 0.016733317       0.5    0.27   0.23      0.50
60   1.00000000 0.5789514 0.016733317       0.5    0.27   0.23      0.50
61   0.23828125 0.5789514 0.016733317       0.5    0.27   0.23      0.50
62   0.04296875 0.5789514 0.016733317       0.5    0.27   0.23      0.50
63   1.00000000 0.5789514 0.016733317       0.5    0.27   0.23      0.50
64   1.00000000 0.5789514 0.016733317       0.5    0.27   0.23      0.50
65   0.03906250 0.5789514 0.016733317       0.5    0.27   0.23      0.50
66   1.00000000 0.5789514 0.016733317       0.5    0.27   0.23      0.50
67   1.00000000 0.5789514 0.016733317       0.5    0.27   0.23      0.50
68   0.10156250 0.5789514 0.016733317       0.5    0.27   0.23      0.50
69   1.00000000 0.5789514 0.016733317       0.5    0.27   0.23      0.50
70   0.07031250 0.5789514 0.016733317       0.5    0.27   0.23      0.50
71   1.00000000 0.5789514 0.016733317       0.5    0.27   0.23      0.50
72   0.16015625 0.5789514 0.016733317       0.5    0.27   0.23      0.50
73   1.00000000 0.5789514 0.016733317       0.5    0.27   0.23      0.50
74   1.00000000 0.5789514 0.016733317       0.5    0.27   0.23      0.50
75   1.00000000 0.5789514 0.016733317       0.5    0.27   0.23      0.50
76   1.00000000 0.5789514 0.016733317       0.5    0.27   0.23      0.50
77   1.00000000 0.5789514 0.016733317       0.5    0.27   0.23      0.50
78   1.00000000 0.5789514 0.016733317       0.5    0.27   0.23      0.50
79   0.26953125 0.5789514 0.016733317       0.5    0.27   0.23      0.50
80   1.00000000 0.5789514 0.016733317       0.5    0.27   0.23      0.50
81   0.04687500 0.5789514 0.016733317       0.5    0.27   0.23      0.50
82   1.00000000 0.5789514 0.016733317       0.5    0.27   0.23      0.50
83   1.00000000 0.5789514 0.016733317       0.5    0.27   0.23      0.50
84   1.00000000 0.5789514 0.016733317       0.5    0.27   0.23      0.50
85   1.00000000 0.5789514 0.016733317       0.5    0.27   0.23      0.50
86   0.05468750 0.5789514 0.016733317       0.5    0.27   0.23      0.50
87   1.00000000 0.5789514 0.016733317       0.5    0.27   0.23      0.50
88   1.00000000 0.5789514 0.016733317       0.5    0.27   0.23      0.50
89   0.19140625 0.5789514 0.016733317       0.5    0.27   0.23      0.50
90   1.00000000 0.5789514 0.016733317       0.5    0.27   0.23      0.50
91   0.06640625 0.5789514 0.016733317       0.5    0.27   0.23      0.50
92   0.04687500 0.5789514 0.016733317       0.5    0.27   0.23      0.50
93   0.35937500 0.5789514 0.016733317       0.5    0.27   0.23      0.50
94   0.05468750 0.5789514 0.016733317       0.5    0.27   0.23      0.50
95   1.00000000 0.5789514 0.016733317       0.5    0.27   0.23      0.50
96   1.00000000 0.5789514 0.016733317       0.5    0.27   0.23      0.50
97   0.18359375 0.5789514 0.016733317       0.5    0.27   0.23      0.50
98   1.00000000 0.5789514 0.016733317       0.5    0.27   0.23      0.50
99   0.32031250 0.5789514 0.016733317       0.5    0.27   0.23      0.50
100  1.00000000 0.5789514 0.016733317       0.5    0.27   0.23      0.50
101  0.15234375 0.3341940 0.030007716       0.5    0.30   0.33      0.37
102  0.19531250 0.3341940 0.030007716       0.5    0.30   0.33      0.37
103  1.00000000 0.3341940 0.030007716       0.5    0.30   0.33      0.37
104  1.00000000 0.3341940 0.030007716       0.5    0.30   0.33      0.37
105  0.57421875 0.3341940 0.030007716       0.5    0.30   0.33      0.37
106  1.00000000 0.3341940 0.030007716       0.5    0.30   0.33      0.37
107  0.14062500 0.3341940 0.030007716       0.5    0.30   0.33      0.37
108  0.37890625 0.3341940 0.030007716       0.5    0.30   0.33      0.37
109  0.34765625 0.3341940 0.030007716       0.5    0.30   0.33      0.37
110  0.35156250 0.3341940 0.030007716       0.5    0.30   0.33      0.37
111  0.11328125 0.3341940 0.030007716       0.5    0.30   0.33      0.37
112  0.06250000 0.3341940 0.030007716       0.5    0.30   0.33      0.37
113  0.27343750 0.3341940 0.030007716       0.5    0.30   0.33      0.37
114  0.14453125 0.3341940 0.030007716       0.5    0.30   0.33      0.37
115  1.00000000 0.3341940 0.030007716       0.5    0.30   0.33      0.37
116  0.27734375 0.3341940 0.030007716       0.5    0.30   0.33      0.37
117  0.12500000 0.3341940 0.030007716       0.5    0.30   0.33      0.37
118  0.17187500 0.3341940 0.030007716       0.5    0.30   0.33      0.37
119  0.32031250 0.3341940 0.030007716       0.5    0.30   0.33      0.37
120  0.43359375 0.3341940 0.030007716       0.5    0.30   0.33      0.37
121  0.17187500 0.3341940 0.030007716       0.5    0.30   0.33      0.37
122  0.10546875 0.3341940 0.030007716       0.5    0.30   0.33      0.37
123  1.00000000 0.3341940 0.030007716       0.5    0.30   0.33      0.37
124  1.00000000 0.3341940 0.030007716       0.5    0.30   0.33      0.37
125  0.08984375 0.3341940 0.030007716       0.5    0.30   0.33      0.37
126  0.19531250 0.3341940 0.030007716       0.5    0.30   0.33      0.37
127  1.00000000 0.3341940 0.030007716       0.5    0.30   0.33      0.37
128  1.00000000 0.3341940 0.030007716       0.5    0.30   0.33      0.37
129  1.00000000 0.3341940 0.030007716       0.5    0.30   0.33      0.37
130  1.00000000 0.3341940 0.030007716       0.5    0.30   0.33      0.37
131  0.52734375 0.3341940 0.030007716       0.5    0.30   0.33      0.37
132  0.07031250 0.3341940 0.030007716       0.5    0.30   0.33      0.37
133  0.32812500 0.3341940 0.030007716       0.5    0.30   0.33      0.37
134  1.00000000 0.3341940 0.030007716       0.5    0.30   0.33      0.37
135  0.14062500 0.3341940 0.030007716       0.5    0.30   0.33      0.37
136  1.00000000 0.3341940 0.030007716       0.5    0.30   0.33      0.37
137  0.09375000 0.3341940 0.030007716       0.5    0.30   0.33      0.37
138  0.14453125 0.3341940 0.030007716       0.5    0.30   0.33      0.37
139  0.12890625 0.3341940 0.030007716       0.5    0.30   0.33      0.37
140  0.22656250 0.3341940 0.030007716       0.5    0.30   0.33      0.37
141  0.19921875 0.3341940 0.030007716       0.5    0.30   0.33      0.37
142  0.22656250 0.3341940 0.030007716       0.5    0.30   0.33      0.37
143  0.12890625 0.3341940 0.030007716       0.5    0.30   0.33      0.37
144  1.00000000 0.3341940 0.030007716       0.5    0.30   0.33      0.37
145  1.00000000 0.3341940 0.030007716       0.5    0.30   0.33      0.37
146  0.19531250 0.3341940 0.030007716       0.5    0.30   0.33      0.37
147  0.34765625 0.3341940 0.030007716       0.5    0.30   0.33      0.37
148  0.24609375 0.3341940 0.030007716       0.5    0.30   0.33      0.37
149  0.07031250 0.3341940 0.030007716       0.5    0.30   0.33      0.37
150  1.00000000 0.3341940 0.030007716       0.5    0.30   0.33      0.37
151  0.26562500 0.3341940 0.030007716       0.5    0.30   0.33      0.37
152  1.00000000 0.3341940 0.030007716       0.5    0.30   0.33      0.37
153  0.14453125 0.3341940 0.030007716       0.5    0.30   0.33      0.37
154  1.00000000 0.3341940 0.030007716       0.5    0.30   0.33      0.37
155  1.00000000 0.3341940 0.030007716       0.5    0.30   0.33      0.37
156  0.08203125 0.3341940 0.030007716       0.5    0.30   0.33      0.37
157  1.00000000 0.3341940 0.030007716       0.5    0.30   0.33      0.37
158  0.04296875 0.3341940 0.030007716       0.5    0.30   0.33      0.37
159  1.00000000 0.3341940 0.030007716       0.5    0.30   0.33      0.37
160  0.14062500 0.3341940 0.030007716       0.5    0.30   0.33      0.37
161  0.19531250 0.3341940 0.030007716       0.5    0.30   0.33      0.37
162  0.19921875 0.3341940 0.030007716       0.5    0.30   0.33      0.37
163  1.00000000 0.3341940 0.030007716       0.5    0.30   0.33      0.37
164  0.13671875 0.3341940 0.030007716       0.5    0.30   0.33      0.37
165  1.00000000 0.3341940 0.030007716       0.5    0.30   0.33      0.37
166  0.59375000 0.3341940 0.030007716       0.5    0.30   0.33      0.37
167  1.00000000 0.3341940 0.030007716       0.5    0.30   0.33      0.37
168  0.44140625 0.3341940 0.030007716       0.5    0.30   0.33      0.37
169  0.17187500 0.3341940 0.030007716       0.5    0.30   0.33      0.37
170  0.13281250 0.3341940 0.030007716       0.5    0.30   0.33      0.37
171  0.07812500 0.3341940 0.030007716       0.5    0.30   0.33      0.37
172  0.28515625 0.3341940 0.030007716       0.5    0.30   0.33      0.37
173  1.00000000 0.3341940 0.030007716       0.5    0.30   0.33      0.37
174  0.11718750 0.3341940 0.030007716       0.5    0.30   0.33      0.37
175  0.58593750 0.3341940 0.030007716       0.5    0.30   0.33      0.37
176  0.09375000 0.3341940 0.030007716       0.5    0.30   0.33      0.37
177  0.13671875 0.3341940 0.030007716       0.5    0.30   0.33      0.37
178  0.14453125 0.3341940 0.030007716       0.5    0.30   0.33      0.37
179  1.00000000 0.3341940 0.030007716       0.5    0.30   0.33      0.37
180  1.00000000 0.3341940 0.030007716       0.5    0.30   0.33      0.37
181  0.10156250 0.3341940 0.030007716       0.5    0.30   0.33      0.37
182  0.12500000 0.3341940 0.030007716       0.5    0.30   0.33      0.37
183  0.23046875 0.3341940 0.030007716       0.5    0.30   0.33      0.37
184  1.00000000 0.3341940 0.030007716       0.5    0.30   0.33      0.37
185  1.00000000 0.3341940 0.030007716       0.5    0.30   0.33      0.37
186  0.26953125 0.3341940 0.030007716       0.5    0.30   0.33      0.37
187  1.00000000 0.3341940 0.030007716       0.5    0.30   0.33      0.37
188  0.22656250 0.3341940 0.030007716       0.5    0.30   0.33      0.37
189  0.28906250 0.3341940 0.030007716       0.5    0.30   0.33      0.37
190  1.00000000 0.3341940 0.030007716       0.5    0.30   0.33      0.37
191  0.23828125 0.3341940 0.030007716       0.5    0.30   0.33      0.37
192  1.00000000 0.3341940 0.030007716       0.5    0.30   0.33      0.37
193  1.00000000 0.3341940 0.030007716       0.5    0.30   0.33      0.37
194  1.00000000 0.3341940 0.030007716       0.5    0.30   0.33      0.37
195  1.00000000 0.3341940 0.030007716       0.5    0.30   0.33      0.37
196  1.00000000 0.3341940 0.030007716       0.5    0.30   0.33      0.37
197  1.00000000 0.3341940 0.030007716       0.5    0.30   0.33      0.37
198  0.30078125 0.3341940 0.030007716       0.5    0.30   0.33      0.37
199  1.00000000 0.3341940 0.030007716       0.5    0.30   0.33      0.37
200  0.13671875 0.3341940 0.030007716       0.5    0.30   0.33      0.37
201  1.00000000 0.4671961 0.028603188       0.5    0.23   0.35      0.42
202  1.00000000 0.4671961 0.028603188       0.5    0.23   0.35      0.42
203  0.21875000 0.4671961 0.028603188       0.5    0.23   0.35      0.42
204  1.00000000 0.4671961 0.028603188       0.5    0.23   0.35      0.42
205  0.09765625 0.4671961 0.028603188       0.5    0.23   0.35      0.42
206  0.10546875 0.4671961 0.028603188       0.5    0.23   0.35      0.42
207  1.00000000 0.4671961 0.028603188       0.5    0.23   0.35      0.42
208  1.00000000 0.4671961 0.028603188       0.5    0.23   0.35      0.42
209  0.24218750 0.4671961 0.028603188       0.5    0.23   0.35      0.42
210  1.00000000 0.4671961 0.028603188       0.5    0.23   0.35      0.42
211  1.00000000 0.4671961 0.028603188       0.5    0.23   0.35      0.42
212  0.28515625 0.4671961 0.028603188       0.5    0.23   0.35      0.42
213  1.00000000 0.4671961 0.028603188       0.5    0.23   0.35      0.42
214  0.13281250 0.4671961 0.028603188       0.5    0.23   0.35      0.42
215  0.12109375 0.4671961 0.028603188       0.5    0.23   0.35      0.42
216  0.08984375 0.4671961 0.028603188       0.5    0.23   0.35      0.42
217  1.00000000 0.4671961 0.028603188       0.5    0.23   0.35      0.42
218  0.17578125 0.4671961 0.028603188       0.5    0.23   0.35      0.42
219  1.00000000 0.4671961 0.028603188       0.5    0.23   0.35      0.42
220  1.00000000 0.4671961 0.028603188       0.5    0.23   0.35      0.42
221  0.05468750 0.4671961 0.028603188       0.5    0.23   0.35      0.42
222  0.13281250 0.4671961 0.028603188       0.5    0.23   0.35      0.42
223  0.17968750 0.4671961 0.028603188       0.5    0.23   0.35      0.42
224  0.11718750 0.4671961 0.028603188       0.5    0.23   0.35      0.42
225  0.05859375 0.4671961 0.028603188       0.5    0.23   0.35      0.42
226  0.10546875 0.4671961 0.028603188       0.5    0.23   0.35      0.42
227  0.30078125 0.4671961 0.028603188       0.5    0.23   0.35      0.42
228  0.14843750 0.4671961 0.028603188       0.5    0.23   0.35      0.42
229  0.57812500 0.4671961 0.028603188       0.5    0.23   0.35      0.42
230  0.12890625 0.4671961 0.028603188       0.5    0.23   0.35      0.42
231  1.00000000 0.4671961 0.028603188       0.5    0.23   0.35      0.42
232  0.38281250 0.4671961 0.028603188       0.5    0.23   0.35      0.42
233  0.07031250 0.4671961 0.028603188       0.5    0.23   0.35      0.42
234  1.00000000 0.4671961 0.028603188       0.5    0.23   0.35      0.42
235  0.21093750 0.4671961 0.028603188       0.5    0.23   0.35      0.42
236  0.06250000 0.4671961 0.028603188       0.5    0.23   0.35      0.42
237  1.00000000 0.4671961 0.028603188       0.5    0.23   0.35      0.42
238  0.08984375 0.4671961 0.028603188       0.5    0.23   0.35      0.42
239  1.00000000 0.4671961 0.028603188       0.5    0.23   0.35      0.42
240  0.19531250 0.4671961 0.028603188       0.5    0.23   0.35      0.42
241  0.31640625 0.4671961 0.028603188       0.5    0.23   0.35      0.42
242  0.15234375 0.4671961 0.028603188       0.5    0.23   0.35      0.42
243  1.00000000 0.4671961 0.028603188       0.5    0.23   0.35      0.42
244  0.16015625 0.4671961 0.028603188       0.5    0.23   0.35      0.42
245  0.15625000 0.4671961 0.028603188       0.5    0.23   0.35      0.42
246  0.18359375 0.4671961 0.028603188       0.5    0.23   0.35      0.42
247  1.00000000 0.4671961 0.028603188       0.5    0.23   0.35      0.42
248  0.18359375 0.4671961 0.028603188       0.5    0.23   0.35      0.42
249  0.54296875 0.4671961 0.028603188       0.5    0.23   0.35      0.42
250  0.12890625 0.4671961 0.028603188       0.5    0.23   0.35      0.42
251  0.05468750 0.4671961 0.028603188       0.5    0.23   0.35      0.42
252  0.13281250 0.4671961 0.028603188       0.5    0.23   0.35      0.42
253  1.00000000 0.4671961 0.028603188       0.5    0.23   0.35      0.42
254  0.10156250 0.4671961 0.028603188       0.5    0.23   0.35      0.42
255  1.00000000 0.4671961 0.028603188       0.5    0.23   0.35      0.42
256  0.11718750 0.4671961 0.028603188       0.5    0.23   0.35      0.42
257  1.00000000 0.4671961 0.028603188       0.5    0.23   0.35      0.42
258  1.00000000 0.4671961 0.028603188       0.5    0.23   0.35      0.42
259  0.33593750 0.4671961 0.028603188       0.5    0.23   0.35      0.42
260  0.33593750 0.4671961 0.028603188       0.5    0.23   0.35      0.42
261  1.00000000 0.4671961 0.028603188       0.5    0.23   0.35      0.42
262  0.06640625 0.4671961 0.028603188       0.5    0.23   0.35      0.42
263  0.12109375 0.4671961 0.028603188       0.5    0.23   0.35      0.42
264  0.38281250 0.4671961 0.028603188       0.5    0.23   0.35      0.42
265  1.00000000 0.4671961 0.028603188       0.5    0.23   0.35      0.42
266  0.12500000 0.4671961 0.028603188       0.5    0.23   0.35      0.42
267  0.53515625 0.4671961 0.028603188       0.5    0.23   0.35      0.42
268  1.00000000 0.4671961 0.028603188       0.5    0.23   0.35      0.42
269  1.00000000 0.4671961 0.028603188       0.5    0.23   0.35      0.42
270  0.19531250 0.4671961 0.028603188       0.5    0.23   0.35      0.42
271  0.24609375 0.4671961 0.028603188       0.5    0.23   0.35      0.42
272  1.00000000 0.4671961 0.028603188       0.5    0.23   0.35      0.42
273  1.00000000 0.4671961 0.028603188       0.5    0.23   0.35      0.42
274  1.00000000 0.4671961 0.028603188       0.5    0.23   0.35      0.42
275  0.20703125 0.4671961 0.028603188       0.5    0.23   0.35      0.42
276  1.00000000 0.4671961 0.028603188       0.5    0.23   0.35      0.42
277  1.00000000 0.4671961 0.028603188       0.5    0.23   0.35      0.42
278  0.41406250 0.4671961 0.028603188       0.5    0.23   0.35      0.42
279  0.08203125 0.4671961 0.028603188       0.5    0.23   0.35      0.42
280  1.00000000 0.4671961 0.028603188       0.5    0.23   0.35      0.42
281  1.00000000 0.4671961 0.028603188       0.5    0.23   0.35      0.42
282  1.00000000 0.4671961 0.028603188       0.5    0.23   0.35      0.42
283  1.00000000 0.4671961 0.028603188       0.5    0.23   0.35      0.42
284  0.25781250 0.4671961 0.028603188       0.5    0.23   0.35      0.42
285  1.00000000 0.4671961 0.028603188       0.5    0.23   0.35      0.42
286  1.00000000 0.4671961 0.028603188       0.5    0.23   0.35      0.42
287  0.17187500 0.4671961 0.028603188       0.5    0.23   0.35      0.42
288  0.21484375 0.4671961 0.028603188       0.5    0.23   0.35      0.42
289  0.25781250 0.4671961 0.028603188       0.5    0.23   0.35      0.42
290  0.21875000 0.4671961 0.028603188       0.5    0.23   0.35      0.42
291  1.00000000 0.4671961 0.028603188       0.5    0.23   0.35      0.42
292  1.00000000 0.4671961 0.028603188       0.5    0.23   0.35      0.42
293  0.28515625 0.4671961 0.028603188       0.5    0.23   0.35      0.42
294  1.00000000 0.4671961 0.028603188       0.5    0.23   0.35      0.42
295  1.00000000 0.4671961 0.028603188       0.5    0.23   0.35      0.42
296  1.00000000 0.4671961 0.028603188       0.5    0.23   0.35      0.42
297  0.26171875 0.4671961 0.028603188       0.5    0.23   0.35      0.42
298  0.26953125 0.4671961 0.028603188       0.5    0.23   0.35      0.42
299  0.16015625 0.4671961 0.028603188       0.5    0.23   0.35      0.42
300  1.00000000 0.4671961 0.028603188       0.5    0.23   0.35      0.42
301  0.03125000 0.4519379 0.009163762       0.5    0.42   0.12      0.46
302  0.01953125 0.4519379 0.009163762       0.5    0.42   0.12      0.46
303  1.00000000 0.4519379 0.009163762       0.5    0.42   0.12      0.46
304  1.00000000 0.4519379 0.009163762       0.5    0.42   0.12      0.46
305  1.00000000 0.4519379 0.009163762       0.5    0.42   0.12      0.46
306  0.02734375 0.4519379 0.009163762       0.5    0.42   0.12      0.46
307  0.05859375 0.4519379 0.009163762       0.5    0.42   0.12      0.46
308  1.00000000 0.4519379 0.009163762       0.5    0.42   0.12      0.46
309  0.01171875 0.4519379 0.009163762       0.5    0.42   0.12      0.46
310  0.08203125 0.4519379 0.009163762       0.5    0.42   0.12      0.46
311  1.00000000 0.4519379 0.009163762       0.5    0.42   0.12      0.46
312  0.02343750 0.4519379 0.009163762       0.5    0.42   0.12      0.46
313  0.07031250 0.4519379 0.009163762       0.5    0.42   0.12      0.46
314  0.04296875 0.4519379 0.009163762       0.5    0.42   0.12      0.46
315  0.14843750 0.4519379 0.009163762       0.5    0.42   0.12      0.46
316  1.00000000 0.4519379 0.009163762       0.5    0.42   0.12      0.46
317  0.00781250 0.4519379 0.009163762       0.5    0.42   0.12      0.46
318  0.02734375 0.4519379 0.009163762       0.5    0.42   0.12      0.46
319  1.00000000 0.4519379 0.009163762       0.5    0.42   0.12      0.46
320  1.00000000 0.4519379 0.009163762       0.5    0.42   0.12      0.46
321  1.00000000 0.4519379 0.009163762       0.5    0.42   0.12      0.46
322  1.00000000 0.4519379 0.009163762       0.5    0.42   0.12      0.46
323  1.00000000 0.4519379 0.009163762       0.5    0.42   0.12      0.46
324  0.01953125 0.4519379 0.009163762       0.5    0.42   0.12      0.46
325  1.00000000 0.4519379 0.009163762       0.5    0.42   0.12      0.46
326  1.00000000 0.4519379 0.009163762       0.5    0.42   0.12      0.46
327  0.03906250 0.4519379 0.009163762       0.5    0.42   0.12      0.46
328  0.04687500 0.4519379 0.009163762       0.5    0.42   0.12      0.46
329  0.05468750 0.4519379 0.009163762       0.5    0.42   0.12      0.46
330  1.00000000 0.4519379 0.009163762       0.5    0.42   0.12      0.46
331  1.00000000 0.4519379 0.009163762       0.5    0.42   0.12      0.46
332  1.00000000 0.4519379 0.009163762       0.5    0.42   0.12      0.46
333  1.00000000 0.4519379 0.009163762       0.5    0.42   0.12      0.46
334  1.00000000 0.4519379 0.009163762       0.5    0.42   0.12      0.46
335  0.16015625 0.4519379 0.009163762       0.5    0.42   0.12      0.46
336  0.05859375 0.4519379 0.009163762       0.5    0.42   0.12      0.46
337  0.02343750 0.4519379 0.009163762       0.5    0.42   0.12      0.46
338  0.03906250 0.4519379 0.009163762       0.5    0.42   0.12      0.46
339  0.01953125 0.4519379 0.009163762       0.5    0.42   0.12      0.46
340  0.10156250 0.4519379 0.009163762       0.5    0.42   0.12      0.46
341  0.02734375 0.4519379 0.009163762       0.5    0.42   0.12      0.46
342  1.00000000 0.4519379 0.009163762       0.5    0.42   0.12      0.46
343  0.07031250 0.4519379 0.009163762       0.5    0.42   0.12      0.46
344  0.57421875 0.4519379 0.009163762       0.5    0.42   0.12      0.46
345  0.01953125 0.4519379 0.009163762       0.5    0.42   0.12      0.46
346  1.00000000 0.4519379 0.009163762       0.5    0.42   0.12      0.46
347  0.01171875 0.4519379 0.009163762       0.5    0.42   0.12      0.46
348  1.00000000 0.4519379 0.009163762       0.5    0.42   0.12      0.46
349  0.01953125 0.4519379 0.009163762       0.5    0.42   0.12      0.46
350  0.01171875 0.4519379 0.009163762       0.5    0.42   0.12      0.46
351  1.00000000 0.4519379 0.009163762       0.5    0.42   0.12      0.46
352  0.01953125 0.4519379 0.009163762       0.5    0.42   0.12      0.46
353  1.00000000 0.4519379 0.009163762       0.5    0.42   0.12      0.46
354  1.00000000 0.4519379 0.009163762       0.5    0.42   0.12      0.46
355  0.01562500 0.4519379 0.009163762       0.5    0.42   0.12      0.46
356  1.00000000 0.4519379 0.009163762       0.5    0.42   0.12      0.46
357  1.00000000 0.4519379 0.009163762       0.5    0.42   0.12      0.46
358  0.06250000 0.4519379 0.009163762       0.5    0.42   0.12      0.46
359  0.02343750 0.4519379 0.009163762       0.5    0.42   0.12      0.46
360  1.00000000 0.4519379 0.009163762       0.5    0.42   0.12      0.46
361  1.00000000 0.4519379 0.009163762       0.5    0.42   0.12      0.46
362  0.01953125 0.4519379 0.009163762       0.5    0.42   0.12      0.46
363  1.00000000 0.4519379 0.009163762       0.5    0.42   0.12      0.46
364  1.00000000 0.4519379 0.009163762       0.5    0.42   0.12      0.46
365  0.02734375 0.4519379 0.009163762       0.5    0.42   0.12      0.46
366  0.11718750 0.4519379 0.009163762       0.5    0.42   0.12      0.46
367  0.25781250 0.4519379 0.009163762       0.5    0.42   0.12      0.46
368  1.00000000 0.4519379 0.009163762       0.5    0.42   0.12      0.46
369  0.07812500 0.4519379 0.009163762       0.5    0.42   0.12      0.46
370  0.08984375 0.4519379 0.009163762       0.5    0.42   0.12      0.46
371  0.01562500 0.4519379 0.009163762       0.5    0.42   0.12      0.46
372  0.26171875 0.4519379 0.009163762       0.5    0.42   0.12      0.46
373  0.01171875 0.4519379 0.009163762       0.5    0.42   0.12      0.46
374  1.00000000 0.4519379 0.009163762       0.5    0.42   0.12      0.46
375  0.01562500 0.4519379 0.009163762       0.5    0.42   0.12      0.46
376  1.00000000 0.4519379 0.009163762       0.5    0.42   0.12      0.46
377  1.00000000 0.4519379 0.009163762       0.5    0.42   0.12      0.46
378  1.00000000 0.4519379 0.009163762       0.5    0.42   0.12      0.46
379  0.03906250 0.4519379 0.009163762       0.5    0.42   0.12      0.46
380  1.00000000 0.4519379 0.009163762       0.5    0.42   0.12      0.46
381  1.00000000 0.4519379 0.009163762       0.5    0.42   0.12      0.46
382  0.07031250 0.4519379 0.009163762       0.5    0.42   0.12      0.46
383  0.01562500 0.4519379 0.009163762       0.5    0.42   0.12      0.46
384  1.00000000 0.4519379 0.009163762       0.5    0.42   0.12      0.46
385  0.16406250 0.4519379 0.009163762       0.5    0.42   0.12      0.46
386  1.00000000 0.4519379 0.009163762       0.5    0.42   0.12      0.46
387  1.00000000 0.4519379 0.009163762       0.5    0.42   0.12      0.46
388  0.08203125 0.4519379 0.009163762       0.5    0.42   0.12      0.46
389  0.54687500 0.4519379 0.009163762       0.5    0.42   0.12      0.46
390  1.00000000 0.4519379 0.009163762       0.5    0.42   0.12      0.46
391  0.01953125 0.4519379 0.009163762       0.5    0.42   0.12      0.46
392  1.00000000 0.4519379 0.009163762       0.5    0.42   0.12      0.46
393  0.02734375 0.4519379 0.009163762       0.5    0.42   0.12      0.46
394  1.00000000 0.4519379 0.009163762       0.5    0.42   0.12      0.46
395  1.00000000 0.4519379 0.009163762       0.5    0.42   0.12      0.46
396  0.05468750 0.4519379 0.009163762       0.5    0.42   0.12      0.46
397  0.03125000 0.4519379 0.009163762       0.5    0.42   0.12      0.46
398  1.00000000 0.4519379 0.009163762       0.5    0.42   0.12      0.46
399  0.08203125 0.4519379 0.009163762       0.5    0.42   0.12      0.46
400  1.00000000 0.4519379 0.009163762       0.5    0.42   0.12      0.46
401  1.00000000 0.4392865 0.020438259       0.5    0.31   0.27      0.42
402  0.08984375 0.4392865 0.020438259       0.5    0.31   0.27      0.42
403  0.22265625 0.4392865 0.020438259       0.5    0.31   0.27      0.42
404  0.30078125 0.4392865 0.020438259       0.5    0.31   0.27      0.42
405  0.13671875 0.4392865 0.020438259       0.5    0.31   0.27      0.42
406  0.28515625 0.4392865 0.020438259       0.5    0.31   0.27      0.42
407  1.00000000 0.4392865 0.020438259       0.5    0.31   0.27      0.42
408  1.00000000 0.4392865 0.020438259       0.5    0.31   0.27      0.42
409  0.07812500 0.4392865 0.020438259       0.5    0.31   0.27      0.42
410  0.15625000 0.4392865 0.020438259       0.5    0.31   0.27      0.42
411  0.06640625 0.4392865 0.020438259       0.5    0.31   0.27      0.42
412  1.00000000 0.4392865 0.020438259       0.5    0.31   0.27      0.42
413  0.06640625 0.4392865 0.020438259       0.5    0.31   0.27      0.42
414  0.04296875 0.4392865 0.020438259       0.5    0.31   0.27      0.42
415  0.58984375 0.4392865 0.020438259       0.5    0.31   0.27      0.42
416  1.00000000 0.4392865 0.020438259       0.5    0.31   0.27      0.42
417  0.10156250 0.4392865 0.020438259       0.5    0.31   0.27      0.42
418  1.00000000 0.4392865 0.020438259       0.5    0.31   0.27      0.42
419  1.00000000 0.4392865 0.020438259       0.5    0.31   0.27      0.42
420  1.00000000 0.4392865 0.020438259       0.5    0.31   0.27      0.42
421  0.26562500 0.4392865 0.020438259       0.5    0.31   0.27      0.42
422  0.08593750 0.4392865 0.020438259       0.5    0.31   0.27      0.42
423  1.00000000 0.4392865 0.020438259       0.5    0.31   0.27      0.42
424  0.07031250 0.4392865 0.020438259       0.5    0.31   0.27      0.42
425  0.12500000 0.4392865 0.020438259       0.5    0.31   0.27      0.42
426  1.00000000 0.4392865 0.020438259       0.5    0.31   0.27      0.42
427  0.44921875 0.4392865 0.020438259       0.5    0.31   0.27      0.42
428  1.00000000 0.4392865 0.020438259       0.5    0.31   0.27      0.42
429  1.00000000 0.4392865 0.020438259       0.5    0.31   0.27      0.42
430  0.07421875 0.4392865 0.020438259       0.5    0.31   0.27      0.42
431  1.00000000 0.4392865 0.020438259       0.5    0.31   0.27      0.42
432  1.00000000 0.4392865 0.020438259       0.5    0.31   0.27      0.42
433  1.00000000 0.4392865 0.020438259       0.5    0.31   0.27      0.42
434  1.00000000 0.4392865 0.020438259       0.5    0.31   0.27      0.42
435  1.00000000 0.4392865 0.020438259       0.5    0.31   0.27      0.42
436  0.09765625 0.4392865 0.020438259       0.5    0.31   0.27      0.42
437  1.00000000 0.4392865 0.020438259       0.5    0.31   0.27      0.42
438  1.00000000 0.4392865 0.020438259       0.5    0.31   0.27      0.42
439  0.19921875 0.4392865 0.020438259       0.5    0.31   0.27      0.42
440  0.18359375 0.4392865 0.020438259       0.5    0.31   0.27      0.42
441  0.01171875 0.4392865 0.020438259       0.5    0.31   0.27      0.42
442  1.00000000 0.4392865 0.020438259       0.5    0.31   0.27      0.42
443  1.00000000 0.4392865 0.020438259       0.5    0.31   0.27      0.42
444  0.30078125 0.4392865 0.020438259       0.5    0.31   0.27      0.42
445  1.00000000 0.4392865 0.020438259       0.5    0.31   0.27      0.42
446  0.11328125 0.4392865 0.020438259       0.5    0.31   0.27      0.42
447  0.04296875 0.4392865 0.020438259       0.5    0.31   0.27      0.42
448  0.06250000 0.4392865 0.020438259       0.5    0.31   0.27      0.42
449  1.00000000 0.4392865 0.020438259       0.5    0.31   0.27      0.42
450  1.00000000 0.4392865 0.020438259       0.5    0.31   0.27      0.42
451  1.00000000 0.4392865 0.020438259       0.5    0.31   0.27      0.42
452  0.12500000 0.4392865 0.020438259       0.5    0.31   0.27      0.42
453  0.07031250 0.4392865 0.020438259       0.5    0.31   0.27      0.42
454  0.12109375 0.4392865 0.020438259       0.5    0.31   0.27      0.42
455  1.00000000 0.4392865 0.020438259       0.5    0.31   0.27      0.42
456  1.00000000 0.4392865 0.020438259       0.5    0.31   0.27      0.42
457  0.12109375 0.4392865 0.020438259       0.5    0.31   0.27      0.42
458  0.09765625 0.4392865 0.020438259       0.5    0.31   0.27      0.42
459  0.14453125 0.4392865 0.020438259       0.5    0.31   0.27      0.42
460  1.00000000 0.4392865 0.020438259       0.5    0.31   0.27      0.42
461  1.00000000 0.4392865 0.020438259       0.5    0.31   0.27      0.42
462  1.00000000 0.4392865 0.020438259       0.5    0.31   0.27      0.42
463  0.19140625 0.4392865 0.020438259       0.5    0.31   0.27      0.42
464  0.35546875 0.4392865 0.020438259       0.5    0.31   0.27      0.42
465  1.00000000 0.4392865 0.020438259       0.5    0.31   0.27      0.42
466  0.52343750 0.4392865 0.020438259       0.5    0.31   0.27      0.42
467  0.04687500 0.4392865 0.020438259       0.5    0.31   0.27      0.42
468  1.00000000 0.4392865 0.020438259       0.5    0.31   0.27      0.42
469  0.07421875 0.4392865 0.020438259       0.5    0.31   0.27      0.42
470  1.00000000 0.4392865 0.020438259       0.5    0.31   0.27      0.42
471  0.06640625 0.4392865 0.020438259       0.5    0.31   0.27      0.42
472  0.06640625 0.4392865 0.020438259       0.5    0.31   0.27      0.42
473  0.22265625 0.4392865 0.020438259       0.5    0.31   0.27      0.42
474  0.20703125 0.4392865 0.020438259       0.5    0.31   0.27      0.42
475  0.12109375 0.4392865 0.020438259       0.5    0.31   0.27      0.42
476  1.00000000 0.4392865 0.020438259       0.5    0.31   0.27      0.42
477  0.03515625 0.4392865 0.020438259       0.5    0.31   0.27      0.42
478  1.00000000 0.4392865 0.020438259       0.5    0.31   0.27      0.42
479  1.00000000 0.4392865 0.020438259       0.5    0.31   0.27      0.42
480  0.08984375 0.4392865 0.020438259       0.5    0.31   0.27      0.42
481  1.00000000 0.4392865 0.020438259       0.5    0.31   0.27      0.42
482  0.04687500 0.4392865 0.020438259       0.5    0.31   0.27      0.42
483  1.00000000 0.4392865 0.020438259       0.5    0.31   0.27      0.42
484  1.00000000 0.4392865 0.020438259       0.5    0.31   0.27      0.42
485  0.18750000 0.4392865 0.020438259       0.5    0.31   0.27      0.42
486  0.07031250 0.4392865 0.020438259       0.5    0.31   0.27      0.42
487  0.18359375 0.4392865 0.020438259       0.5    0.31   0.27      0.42
488  1.00000000 0.4392865 0.020438259       0.5    0.31   0.27      0.42
489  0.18750000 0.4392865 0.020438259       0.5    0.31   0.27      0.42
490  0.20312500 0.4392865 0.020438259       0.5    0.31   0.27      0.42
491  0.26562500 0.4392865 0.020438259       0.5    0.31   0.27      0.42
492  0.21875000 0.4392865 0.020438259       0.5    0.31   0.27      0.42
493  1.00000000 0.4392865 0.020438259       0.5    0.31   0.27      0.42
494  0.10937500 0.4392865 0.020438259       0.5    0.31   0.27      0.42
495  0.14843750 0.4392865 0.020438259       0.5    0.31   0.27      0.42
496  0.13281250 0.4392865 0.020438259       0.5    0.31   0.27      0.42
497  0.06640625 0.4392865 0.020438259       0.5    0.31   0.27      0.42
498  1.00000000 0.4392865 0.020438259       0.5    0.31   0.27      0.42
499  0.06250000 0.4392865 0.020438259       0.5    0.31   0.27      0.42
500  0.19140625 0.4392865 0.020438259       0.5    0.31   0.27      0.42
501  1.00000000 0.3518180 0.001301492       0.5    0.51   0.03      0.46
502  0.00000000 0.3518180 0.001301492       0.5    0.51   0.03      0.46
503  1.00000000 0.3518180 0.001301492       0.5    0.51   0.03      0.46
504  0.00000000 0.3518180 0.001301492       0.5    0.51   0.03      0.46
505  0.00000000 0.3518180 0.001301492       0.5    0.51   0.03      0.46
506  0.08203125 0.3518180 0.001301492       0.5    0.51   0.03      0.46
507  1.00000000 0.3518180 0.001301492       0.5    0.51   0.03      0.46
508  0.00390625 0.3518180 0.001301492       0.5    0.51   0.03      0.46
509  0.00000000 0.3518180 0.001301492       0.5    0.51   0.03      0.46
510  1.00000000 0.3518180 0.001301492       0.5    0.51   0.03      0.46
511  1.00000000 0.3518180 0.001301492       0.5    0.51   0.03      0.46
512  1.00000000 0.3518180 0.001301492       0.5    0.51   0.03      0.46
513  0.01562500 0.3518180 0.001301492       0.5    0.51   0.03      0.46
514  0.00781250 0.3518180 0.001301492       0.5    0.51   0.03      0.46
515  0.00000000 0.3518180 0.001301492       0.5    0.51   0.03      0.46
516  1.00000000 0.3518180 0.001301492       0.5    0.51   0.03      0.46
517  1.00000000 0.3518180 0.001301492       0.5    0.51   0.03      0.46
518  0.00000000 0.3518180 0.001301492       0.5    0.51   0.03      0.46
519  1.00000000 0.3518180 0.001301492       0.5    0.51   0.03      0.46
520  1.00000000 0.3518180 0.001301492       0.5    0.51   0.03      0.46
521  0.00390625 0.3518180 0.001301492       0.5    0.51   0.03      0.46
522  0.01171875 0.3518180 0.001301492       0.5    0.51   0.03      0.46
523  0.00000000 0.3518180 0.001301492       0.5    0.51   0.03      0.46
524  0.00000000 0.3518180 0.001301492       0.5    0.51   0.03      0.46
525  0.00000000 0.3518180 0.001301492       0.5    0.51   0.03      0.46
526  1.00000000 0.3518180 0.001301492       0.5    0.51   0.03      0.46
527  1.00000000 0.3518180 0.001301492       0.5    0.51   0.03      0.46
528  0.00390625 0.3518180 0.001301492       0.5    0.51   0.03      0.46
529  1.00000000 0.3518180 0.001301492       0.5    0.51   0.03      0.46
530  0.00000000 0.3518180 0.001301492       0.5    0.51   0.03      0.46
531  0.00390625 0.3518180 0.001301492       0.5    0.51   0.03      0.46
532  0.00000000 0.3518180 0.001301492       0.5    0.51   0.03      0.46
533  0.00000000 0.3518180 0.001301492       0.5    0.51   0.03      0.46
534  1.00000000 0.3518180 0.001301492       0.5    0.51   0.03      0.46
535  1.00000000 0.3518180 0.001301492       0.5    0.51   0.03      0.46
536  0.00781250 0.3518180 0.001301492       0.5    0.51   0.03      0.46
537  0.00000000 0.3518180 0.001301492       0.5    0.51   0.03      0.46
538  1.00000000 0.3518180 0.001301492       0.5    0.51   0.03      0.46
539  0.00000000 0.3518180 0.001301492       0.5    0.51   0.03      0.46
540  0.00000000 0.3518180 0.001301492       0.5    0.51   0.03      0.46
541  1.00000000 0.3518180 0.001301492       0.5    0.51   0.03      0.46
542  0.00390625 0.3518180 0.001301492       0.5    0.51   0.03      0.46
543  0.00000000 0.3518180 0.001301492       0.5    0.51   0.03      0.46
544  0.00000000 0.3518180 0.001301492       0.5    0.51   0.03      0.46
545  0.00000000 0.3518180 0.001301492       0.5    0.51   0.03      0.46
546  1.00000000 0.3518180 0.001301492       0.5    0.51   0.03      0.46
547  1.00000000 0.3518180 0.001301492       0.5    0.51   0.03      0.46
548  0.03125000 0.3518180 0.001301492       0.5    0.51   0.03      0.46
549  0.00390625 0.3518180 0.001301492       0.5    0.51   0.03      0.46
550  1.00000000 0.3518180 0.001301492       0.5    0.51   0.03      0.46
551  1.00000000 0.3518180 0.001301492       0.5    0.51   0.03      0.46
552  0.00000000 0.3518180 0.001301492       0.5    0.51   0.03      0.46
553  1.00000000 0.3518180 0.001301492       0.5    0.51   0.03      0.46
554  1.00000000 0.3518180 0.001301492       0.5    0.51   0.03      0.46
555  0.01953125 0.3518180 0.001301492       0.5    0.51   0.03      0.46
556  1.00000000 0.3518180 0.001301492       0.5    0.51   0.03      0.46
557  1.00000000 0.3518180 0.001301492       0.5    0.51   0.03      0.46
558  0.00000000 0.3518180 0.001301492       0.5    0.51   0.03      0.46
559  0.00000000 0.3518180 0.001301492       0.5    0.51   0.03      0.46
560  0.00390625 0.3518180 0.001301492       0.5    0.51   0.03      0.46
561  0.00781250 0.3518180 0.001301492       0.5    0.51   0.03      0.46
562  1.00000000 0.3518180 0.001301492       0.5    0.51   0.03      0.46
563  1.00000000 0.3518180 0.001301492       0.5    0.51   0.03      0.46
564  1.00000000 0.3518180 0.001301492       0.5    0.51   0.03      0.46
565  1.00000000 0.3518180 0.001301492       0.5    0.51   0.03      0.46
566  0.03125000 0.3518180 0.001301492       0.5    0.51   0.03      0.46
567  1.00000000 0.3518180 0.001301492       0.5    0.51   0.03      0.46
568  1.00000000 0.3518180 0.001301492       0.5    0.51   0.03      0.46
569  1.00000000 0.3518180 0.001301492       0.5    0.51   0.03      0.46
570  0.04296875 0.3518180 0.001301492       0.5    0.51   0.03      0.46
571  1.00000000 0.3518180 0.001301492       0.5    0.51   0.03      0.46
572  0.00000000 0.3518180 0.001301492       0.5    0.51   0.03      0.46
573  0.00000000 0.3518180 0.001301492       0.5    0.51   0.03      0.46
574  0.00781250 0.3518180 0.001301492       0.5    0.51   0.03      0.46
575  0.00000000 0.3518180 0.001301492       0.5    0.51   0.03      0.46
576  0.00000000 0.3518180 0.001301492       0.5    0.51   0.03      0.46
577  0.00390625 0.3518180 0.001301492       0.5    0.51   0.03      0.46
578  0.00000000 0.3518180 0.001301492       0.5    0.51   0.03      0.46
579  0.01171875 0.3518180 0.001301492       0.5    0.51   0.03      0.46
580  1.00000000 0.3518180 0.001301492       0.5    0.51   0.03      0.46
581  0.00000000 0.3518180 0.001301492       0.5    0.51   0.03      0.46
582  0.00781250 0.3518180 0.001301492       0.5    0.51   0.03      0.46
583  1.00000000 0.3518180 0.001301492       0.5    0.51   0.03      0.46
584  1.00000000 0.3518180 0.001301492       0.5    0.51   0.03      0.46
585  1.00000000 0.3518180 0.001301492       0.5    0.51   0.03      0.46
586  1.00000000 0.3518180 0.001301492       0.5    0.51   0.03      0.46
587  0.00000000 0.3518180 0.001301492       0.5    0.51   0.03      0.46
588  1.00000000 0.3518180 0.001301492       0.5    0.51   0.03      0.46
589  0.00000000 0.3518180 0.001301492       0.5    0.51   0.03      0.46
590  0.01171875 0.3518180 0.001301492       0.5    0.51   0.03      0.46
591  0.00000000 0.3518180 0.001301492       0.5    0.51   0.03      0.46
592  1.00000000 0.3518180 0.001301492       0.5    0.51   0.03      0.46
593  1.00000000 0.3518180 0.001301492       0.5    0.51   0.03      0.46
594  1.00000000 0.3518180 0.001301492       0.5    0.51   0.03      0.46
595  0.00000000 0.3518180 0.001301492       0.5    0.51   0.03      0.46
596  1.00000000 0.3518180 0.001301492       0.5    0.51   0.03      0.46
597  1.00000000 0.3518180 0.001301492       0.5    0.51   0.03      0.46
598  1.00000000 0.3518180 0.001301492       0.5    0.51   0.03      0.46
599  1.00000000 0.3518180 0.001301492       0.5    0.51   0.03      0.46
600  0.00000000 0.3518180 0.001301492       0.5    0.51   0.03      0.46
601  0.09765625 0.4194779 0.016437119       0.5    0.40   0.18      0.42
602  0.08593750 0.4194779 0.016437119       0.5    0.40   0.18      0.42
603  0.08984375 0.4194779 0.016437119       0.5    0.40   0.18      0.42
604  1.00000000 0.4194779 0.016437119       0.5    0.40   0.18      0.42
605  0.12890625 0.4194779 0.016437119       0.5    0.40   0.18      0.42
606  1.00000000 0.4194779 0.016437119       0.5    0.40   0.18      0.42
607  0.17968750 0.4194779 0.016437119       0.5    0.40   0.18      0.42
608  1.00000000 0.4194779 0.016437119       0.5    0.40   0.18      0.42
609  1.00000000 0.4194779 0.016437119       0.5    0.40   0.18      0.42
610  1.00000000 0.4194779 0.016437119       0.5    0.40   0.18      0.42
611  0.05468750 0.4194779 0.016437119       0.5    0.40   0.18      0.42
612  1.00000000 0.4194779 0.016437119       0.5    0.40   0.18      0.42
613  1.00000000 0.4194779 0.016437119       0.5    0.40   0.18      0.42
614  1.00000000 0.4194779 0.016437119       0.5    0.40   0.18      0.42
615  0.23437500 0.4194779 0.016437119       0.5    0.40   0.18      0.42
616  0.31250000 0.4194779 0.016437119       0.5    0.40   0.18      0.42
617  0.10156250 0.4194779 0.016437119       0.5    0.40   0.18      0.42
618  0.05078125 0.4194779 0.016437119       0.5    0.40   0.18      0.42
619  1.00000000 0.4194779 0.016437119       0.5    0.40   0.18      0.42
620  0.19531250 0.4194779 0.016437119       0.5    0.40   0.18      0.42
621  0.04687500 0.4194779 0.016437119       0.5    0.40   0.18      0.42
622  1.00000000 0.4194779 0.016437119       0.5    0.40   0.18      0.42
623  0.14843750 0.4194779 0.016437119       0.5    0.40   0.18      0.42
624  0.10156250 0.4194779 0.016437119       0.5    0.40   0.18      0.42
625  0.06250000 0.4194779 0.016437119       0.5    0.40   0.18      0.42
626  1.00000000 0.4194779 0.016437119       0.5    0.40   0.18      0.42
627  0.07421875 0.4194779 0.016437119       0.5    0.40   0.18      0.42
628  0.07031250 0.4194779 0.016437119       0.5    0.40   0.18      0.42
629  1.00000000 0.4194779 0.016437119       0.5    0.40   0.18      0.42
630  0.07031250 0.4194779 0.016437119       0.5    0.40   0.18      0.42
631  0.18359375 0.4194779 0.016437119       0.5    0.40   0.18      0.42
632  0.17578125 0.4194779 0.016437119       0.5    0.40   0.18      0.42
633  0.02343750 0.4194779 0.016437119       0.5    0.40   0.18      0.42
634  0.10156250 0.4194779 0.016437119       0.5    0.40   0.18      0.42
635  1.00000000 0.4194779 0.016437119       0.5    0.40   0.18      0.42
636  1.00000000 0.4194779 0.016437119       0.5    0.40   0.18      0.42
637  0.03906250 0.4194779 0.016437119       0.5    0.40   0.18      0.42
638  1.00000000 0.4194779 0.016437119       0.5    0.40   0.18      0.42
639  0.07812500 0.4194779 0.016437119       0.5    0.40   0.18      0.42
640  0.06640625 0.4194779 0.016437119       0.5    0.40   0.18      0.42
641  1.00000000 0.4194779 0.016437119       0.5    0.40   0.18      0.42
642  1.00000000 0.4194779 0.016437119       0.5    0.40   0.18      0.42
643  0.08203125 0.4194779 0.016437119       0.5    0.40   0.18      0.42
644  1.00000000 0.4194779 0.016437119       0.5    0.40   0.18      0.42
645  0.01562500 0.4194779 0.016437119       0.5    0.40   0.18      0.42
646  1.00000000 0.4194779 0.016437119       0.5    0.40   0.18      0.42
647  0.21484375 0.4194779 0.016437119       0.5    0.40   0.18      0.42
648  1.00000000 0.4194779 0.016437119       0.5    0.40   0.18      0.42
649  0.11718750 0.4194779 0.016437119       0.5    0.40   0.18      0.42
650  1.00000000 0.4194779 0.016437119       0.5    0.40   0.18      0.42
651  1.00000000 0.4194779 0.016437119       0.5    0.40   0.18      0.42
652  1.00000000 0.4194779 0.016437119       0.5    0.40   0.18      0.42
653  0.05468750 0.4194779 0.016437119       0.5    0.40   0.18      0.42
654  1.00000000 0.4194779 0.016437119       0.5    0.40   0.18      0.42
655  0.07031250 0.4194779 0.016437119       0.5    0.40   0.18      0.42
656  1.00000000 0.4194779 0.016437119       0.5    0.40   0.18      0.42
657  0.23437500 0.4194779 0.016437119       0.5    0.40   0.18      0.42
658  1.00000000 0.4194779 0.016437119       0.5    0.40   0.18      0.42
659  1.00000000 0.4194779 0.016437119       0.5    0.40   0.18      0.42
660  0.23437500 0.4194779 0.016437119       0.5    0.40   0.18      0.42
661  0.14062500 0.4194779 0.016437119       0.5    0.40   0.18      0.42
662  0.28906250 0.4194779 0.016437119       0.5    0.40   0.18      0.42
663  0.10156250 0.4194779 0.016437119       0.5    0.40   0.18      0.42
664  0.11328125 0.4194779 0.016437119       0.5    0.40   0.18      0.42
665  1.00000000 0.4194779 0.016437119       0.5    0.40   0.18      0.42
666  0.10937500 0.4194779 0.016437119       0.5    0.40   0.18      0.42
667  1.00000000 0.4194779 0.016437119       0.5    0.40   0.18      0.42
668  1.00000000 0.4194779 0.016437119       0.5    0.40   0.18      0.42
669  0.05859375 0.4194779 0.016437119       0.5    0.40   0.18      0.42
670  0.00781250 0.4194779 0.016437119       0.5    0.40   0.18      0.42
671  0.03125000 0.4194779 0.016437119       0.5    0.40   0.18      0.42
672  1.00000000 0.4194779 0.016437119       0.5    0.40   0.18      0.42
673  0.07421875 0.4194779 0.016437119       0.5    0.40   0.18      0.42
674  1.00000000 0.4194779 0.016437119       0.5    0.40   0.18      0.42
675  1.00000000 0.4194779 0.016437119       0.5    0.40   0.18      0.42
676  0.07421875 0.4194779 0.016437119       0.5    0.40   0.18      0.42
677  1.00000000 0.4194779 0.016437119       0.5    0.40   0.18      0.42
678  0.13671875 0.4194779 0.016437119       0.5    0.40   0.18      0.42
679  0.03906250 0.4194779 0.016437119       0.5    0.40   0.18      0.42
680  1.00000000 0.4194779 0.016437119       0.5    0.40   0.18      0.42
681  0.14062500 0.4194779 0.016437119       0.5    0.40   0.18      0.42
682  0.07421875 0.4194779 0.016437119       0.5    0.40   0.18      0.42
683  0.10156250 0.4194779 0.016437119       0.5    0.40   0.18      0.42
684  0.13281250 0.4194779 0.016437119       0.5    0.40   0.18      0.42
685  1.00000000 0.4194779 0.016437119       0.5    0.40   0.18      0.42
686  0.08203125 0.4194779 0.016437119       0.5    0.40   0.18      0.42
687  1.00000000 0.4194779 0.016437119       0.5    0.40   0.18      0.42
688  1.00000000 0.4194779 0.016437119       0.5    0.40   0.18      0.42
689  0.05859375 0.4194779 0.016437119       0.5    0.40   0.18      0.42
690  0.07421875 0.4194779 0.016437119       0.5    0.40   0.18      0.42
691  0.07421875 0.4194779 0.016437119       0.5    0.40   0.18      0.42
692  0.03515625 0.4194779 0.016437119       0.5    0.40   0.18      0.42
693  1.00000000 0.4194779 0.016437119       0.5    0.40   0.18      0.42
694  0.13671875 0.4194779 0.016437119       0.5    0.40   0.18      0.42
695  1.00000000 0.4194779 0.016437119       0.5    0.40   0.18      0.42
696  0.05078125 0.4194779 0.016437119       0.5    0.40   0.18      0.42
697  0.05859375 0.4194779 0.016437119       0.5    0.40   0.18      0.42
698  0.51953125 0.4194779 0.016437119       0.5    0.40   0.18      0.42
699  1.00000000 0.4194779 0.016437119       0.5    0.40   0.18      0.42
700  1.00000000 0.4194779 0.016437119       0.5    0.40   0.18      0.42
701  1.00000000 0.4678207 0.022839167       0.5    0.36   0.17      0.47
702  0.08203125 0.4678207 0.022839167       0.5    0.36   0.17      0.47
703  0.17187500 0.4678207 0.022839167       0.5    0.36   0.17      0.47
704  1.00000000 0.4678207 0.022839167       0.5    0.36   0.17      0.47
705  0.12109375 0.4678207 0.022839167       0.5    0.36   0.17      0.47
706  0.15234375 0.4678207 0.022839167       0.5    0.36   0.17      0.47
707  0.43750000 0.4678207 0.022839167       0.5    0.36   0.17      0.47
708  0.30468750 0.4678207 0.022839167       0.5    0.36   0.17      0.47
709  1.00000000 0.4678207 0.022839167       0.5    0.36   0.17      0.47
710  0.10156250 0.4678207 0.022839167       0.5    0.36   0.17      0.47
711  1.00000000 0.4678207 0.022839167       0.5    0.36   0.17      0.47
712  1.00000000 0.4678207 0.022839167       0.5    0.36   0.17      0.47
713  1.00000000 0.4678207 0.022839167       0.5    0.36   0.17      0.47
714  0.10937500 0.4678207 0.022839167       0.5    0.36   0.17      0.47
715  0.51171875 0.4678207 0.022839167       0.5    0.36   0.17      0.47
716  1.00000000 0.4678207 0.022839167       0.5    0.36   0.17      0.47
717  0.13281250 0.4678207 0.022839167       0.5    0.36   0.17      0.47
718  1.00000000 0.4678207 0.022839167       0.5    0.36   0.17      0.47
719  1.00000000 0.4678207 0.022839167       0.5    0.36   0.17      0.47
720  1.00000000 0.4678207 0.022839167       0.5    0.36   0.17      0.47
721  0.17968750 0.4678207 0.022839167       0.5    0.36   0.17      0.47
722  0.04687500 0.4678207 0.022839167       0.5    0.36   0.17      0.47
723  1.00000000 0.4678207 0.022839167       0.5    0.36   0.17      0.47
724  0.10546875 0.4678207 0.022839167       0.5    0.36   0.17      0.47
725  0.21875000 0.4678207 0.022839167       0.5    0.36   0.17      0.47
726  1.00000000 0.4678207 0.022839167       0.5    0.36   0.17      0.47
727  0.60546875 0.4678207 0.022839167       0.5    0.36   0.17      0.47
728  0.08984375 0.4678207 0.022839167       0.5    0.36   0.17      0.47
729  1.00000000 0.4678207 0.022839167       0.5    0.36   0.17      0.47
730  1.00000000 0.4678207 0.022839167       0.5    0.36   0.17      0.47
731  0.35546875 0.4678207 0.022839167       0.5    0.36   0.17      0.47
732  1.00000000 0.4678207 0.022839167       0.5    0.36   0.17      0.47
733  1.00000000 0.4678207 0.022839167       0.5    0.36   0.17      0.47
734  1.00000000 0.4678207 0.022839167       0.5    0.36   0.17      0.47
735  1.00000000 0.4678207 0.022839167       0.5    0.36   0.17      0.47
736  0.10937500 0.4678207 0.022839167       0.5    0.36   0.17      0.47
737  0.08203125 0.4678207 0.022839167       0.5    0.36   0.17      0.47
738  0.04296875 0.4678207 0.022839167       0.5    0.36   0.17      0.47
739  0.21875000 0.4678207 0.022839167       0.5    0.36   0.17      0.47
740  0.10546875 0.4678207 0.022839167       0.5    0.36   0.17      0.47
741  0.07031250 0.4678207 0.022839167       0.5    0.36   0.17      0.47
742  0.08203125 0.4678207 0.022839167       0.5    0.36   0.17      0.47
743  1.00000000 0.4678207 0.022839167       0.5    0.36   0.17      0.47
744  0.14843750 0.4678207 0.022839167       0.5    0.36   0.17      0.47
745  1.00000000 0.4678207 0.022839167       0.5    0.36   0.17      0.47
746  0.65234375 0.4678207 0.022839167       0.5    0.36   0.17      0.47
747  0.15625000 0.4678207 0.022839167       0.5    0.36   0.17      0.47
748  0.08984375 0.4678207 0.022839167       0.5    0.36   0.17      0.47
749  1.00000000 0.4678207 0.022839167       0.5    0.36   0.17      0.47
750  1.00000000 0.4678207 0.022839167       0.5    0.36   0.17      0.47
751  1.00000000 0.4678207 0.022839167       0.5    0.36   0.17      0.47
752  1.00000000 0.4678207 0.022839167       0.5    0.36   0.17      0.47
753  1.00000000 0.4678207 0.022839167       0.5    0.36   0.17      0.47
754  0.11718750 0.4678207 0.022839167       0.5    0.36   0.17      0.47
755  0.10546875 0.4678207 0.022839167       0.5    0.36   0.17      0.47
756  0.12500000 0.4678207 0.022839167       0.5    0.36   0.17      0.47
757  0.09765625 0.4678207 0.022839167       0.5    0.36   0.17      0.47
758  1.00000000 0.4678207 0.022839167       0.5    0.36   0.17      0.47
759  0.08593750 0.4678207 0.022839167       0.5    0.36   0.17      0.47
760  0.28125000 0.4678207 0.022839167       0.5    0.36   0.17      0.47
761  0.20703125 0.4678207 0.022839167       0.5    0.36   0.17      0.47
762  0.17187500 0.4678207 0.022839167       0.5    0.36   0.17      0.47
763  0.28125000 0.4678207 0.022839167       0.5    0.36   0.17      0.47
764  0.10156250 0.4678207 0.022839167       0.5    0.36   0.17      0.47
765  0.11718750 0.4678207 0.022839167       0.5    0.36   0.17      0.47
766  0.17187500 0.4678207 0.022839167       0.5    0.36   0.17      0.47
767  1.00000000 0.4678207 0.022839167       0.5    0.36   0.17      0.47
768  0.14453125 0.4678207 0.022839167       0.5    0.36   0.17      0.47
769  1.00000000 0.4678207 0.022839167       0.5    0.36   0.17      0.47
770  0.18359375 0.4678207 0.022839167       0.5    0.36   0.17      0.47
771  1.00000000 0.4678207 0.022839167       0.5    0.36   0.17      0.47
772  0.09375000 0.4678207 0.022839167       0.5    0.36   0.17      0.47
773  1.00000000 0.4678207 0.022839167       0.5    0.36   0.17      0.47
774  1.00000000 0.4678207 0.022839167       0.5    0.36   0.17      0.47
775  1.00000000 0.4678207 0.022839167       0.5    0.36   0.17      0.47
776  0.17187500 0.4678207 0.022839167       0.5    0.36   0.17      0.47
777  0.12109375 0.4678207 0.022839167       0.5    0.36   0.17      0.47
778  1.00000000 0.4678207 0.022839167       0.5    0.36   0.17      0.47
779  0.07812500 0.4678207 0.022839167       0.5    0.36   0.17      0.47
780  1.00000000 0.4678207 0.022839167       0.5    0.36   0.17      0.47
781  0.10937500 0.4678207 0.022839167       0.5    0.36   0.17      0.47
782  1.00000000 0.4678207 0.022839167       0.5    0.36   0.17      0.47
783  1.00000000 0.4678207 0.022839167       0.5    0.36   0.17      0.47
784  1.00000000 0.4678207 0.022839167       0.5    0.36   0.17      0.47
785  0.10156250 0.4678207 0.022839167       0.5    0.36   0.17      0.47
786  1.00000000 0.4678207 0.022839167       0.5    0.36   0.17      0.47
787  0.07421875 0.4678207 0.022839167       0.5    0.36   0.17      0.47
788  1.00000000 0.4678207 0.022839167       0.5    0.36   0.17      0.47
789  1.00000000 0.4678207 0.022839167       0.5    0.36   0.17      0.47
790  0.19531250 0.4678207 0.022839167       0.5    0.36   0.17      0.47
791  1.00000000 0.4678207 0.022839167       0.5    0.36   0.17      0.47
792  1.00000000 0.4678207 0.022839167       0.5    0.36   0.17      0.47
793  1.00000000 0.4678207 0.022839167       0.5    0.36   0.17      0.47
794  1.00000000 0.4678207 0.022839167       0.5    0.36   0.17      0.47
795  1.00000000 0.4678207 0.022839167       0.5    0.36   0.17      0.47
796  1.00000000 0.4678207 0.022839167       0.5    0.36   0.17      0.47
797  0.08203125 0.4678207 0.022839167       0.5    0.36   0.17      0.47
798  1.00000000 0.4678207 0.022839167       0.5    0.36   0.17      0.47
799  0.19921875 0.4678207 0.022839167       0.5    0.36   0.17      0.47
800  0.07031250 0.4678207 0.022839167       0.5    0.36   0.17      0.47
801  1.00000000 0.6000171 0.008694231       0.5    0.30   0.09      0.61
802  1.00000000 0.6000171 0.008694231       0.5    0.30   0.09      0.61
803  1.00000000 0.6000171 0.008694231       0.5    0.30   0.09      0.61
804  0.07812500 0.6000171 0.008694231       0.5    0.30   0.09      0.61
805  1.00000000 0.6000171 0.008694231       0.5    0.30   0.09      0.61
806  1.00000000 0.6000171 0.008694231       0.5    0.30   0.09      0.61
807  1.00000000 0.6000171 0.008694231       0.5    0.30   0.09      0.61
808  1.00000000 0.6000171 0.008694231       0.5    0.30   0.09      0.61
809  0.16406250 0.6000171 0.008694231       0.5    0.30   0.09      0.61
810  1.00000000 0.6000171 0.008694231       0.5    0.30   0.09      0.61
811  1.00000000 0.6000171 0.008694231       0.5    0.30   0.09      0.61
812  1.00000000 0.6000171 0.008694231       0.5    0.30   0.09      0.61
813  1.00000000 0.6000171 0.008694231       0.5    0.30   0.09      0.61
814  0.02343750 0.6000171 0.008694231       0.5    0.30   0.09      0.61
815  0.56250000 0.6000171 0.008694231       0.5    0.30   0.09      0.61
816  1.00000000 0.6000171 0.008694231       0.5    0.30   0.09      0.61
817  1.00000000 0.6000171 0.008694231       0.5    0.30   0.09      0.61
818  1.00000000 0.6000171 0.008694231       0.5    0.30   0.09      0.61
819  1.00000000 0.6000171 0.008694231       0.5    0.30   0.09      0.61
820  0.10546875 0.6000171 0.008694231       0.5    0.30   0.09      0.61
821  1.00000000 0.6000171 0.008694231       0.5    0.30   0.09      0.61
822  0.06640625 0.6000171 0.008694231       0.5    0.30   0.09      0.61
823  1.00000000 0.6000171 0.008694231       0.5    0.30   0.09      0.61
824  1.00000000 0.6000171 0.008694231       0.5    0.30   0.09      0.61
825  1.00000000 0.6000171 0.008694231       0.5    0.30   0.09      0.61
826  0.06250000 0.6000171 0.008694231       0.5    0.30   0.09      0.61
827  0.05468750 0.6000171 0.008694231       0.5    0.30   0.09      0.61
828  1.00000000 0.6000171 0.008694231       0.5    0.30   0.09      0.61
829  1.00000000 0.6000171 0.008694231       0.5    0.30   0.09      0.61
830  0.02343750 0.6000171 0.008694231       0.5    0.30   0.09      0.61
831  0.03515625 0.6000171 0.008694231       0.5    0.30   0.09      0.61
832  1.00000000 0.6000171 0.008694231       0.5    0.30   0.09      0.61
833  0.29296875 0.6000171 0.008694231       0.5    0.30   0.09      0.61
834  1.00000000 0.6000171 0.008694231       0.5    0.30   0.09      0.61
835  1.00000000 0.6000171 0.008694231       0.5    0.30   0.09      0.61
836  0.13671875 0.6000171 0.008694231       0.5    0.30   0.09      0.61
837  0.05468750 0.6000171 0.008694231       0.5    0.30   0.09      0.61
838  1.00000000 0.6000171 0.008694231       0.5    0.30   0.09      0.61
839  1.00000000 0.6000171 0.008694231       0.5    0.30   0.09      0.61
840  0.00781250 0.6000171 0.008694231       0.5    0.30   0.09      0.61
841  0.26171875 0.6000171 0.008694231       0.5    0.30   0.09      0.61
842  0.02734375 0.6000171 0.008694231       0.5    0.30   0.09      0.61
843  0.52343750 0.6000171 0.008694231       0.5    0.30   0.09      0.61
844  1.00000000 0.6000171 0.008694231       0.5    0.30   0.09      0.61
845  0.02734375 0.6000171 0.008694231       0.5    0.30   0.09      0.61
846  1.00000000 0.6000171 0.008694231       0.5    0.30   0.09      0.61
847  0.06640625 0.6000171 0.008694231       0.5    0.30   0.09      0.61
848  0.04296875 0.6000171 0.008694231       0.5    0.30   0.09      0.61
849  1.00000000 0.6000171 0.008694231       0.5    0.30   0.09      0.61
850  0.33984375 0.6000171 0.008694231       0.5    0.30   0.09      0.61
851  0.01171875 0.6000171 0.008694231       0.5    0.30   0.09      0.61
852  0.00781250 0.6000171 0.008694231       0.5    0.30   0.09      0.61
853  0.05859375 0.6000171 0.008694231       0.5    0.30   0.09      0.61
854  1.00000000 0.6000171 0.008694231       0.5    0.30   0.09      0.61
855  1.00000000 0.6000171 0.008694231       0.5    0.30   0.09      0.61
856  1.00000000 0.6000171 0.008694231       0.5    0.30   0.09      0.61
857  1.00000000 0.6000171 0.008694231       0.5    0.30   0.09      0.61
858  1.00000000 0.6000171 0.008694231       0.5    0.30   0.09      0.61
859  1.00000000 0.6000171 0.008694231       0.5    0.30   0.09      0.61
860  0.01953125 0.6000171 0.008694231       0.5    0.30   0.09      0.61
861  1.00000000 0.6000171 0.008694231       0.5    0.30   0.09      0.61
862  1.00000000 0.6000171 0.008694231       0.5    0.30   0.09      0.61
863  0.01171875 0.6000171 0.008694231       0.5    0.30   0.09      0.61
864  1.00000000 0.6000171 0.008694231       0.5    0.30   0.09      0.61
865  0.01171875 0.6000171 0.008694231       0.5    0.30   0.09      0.61
866  1.00000000 0.6000171 0.008694231       0.5    0.30   0.09      0.61
867  1.00000000 0.6000171 0.008694231       0.5    0.30   0.09      0.61
868  0.09375000 0.6000171 0.008694231       0.5    0.30   0.09      0.61
869  1.00000000 0.6000171 0.008694231       0.5    0.30   0.09      0.61
870  1.00000000 0.6000171 0.008694231       0.5    0.30   0.09      0.61
871  1.00000000 0.6000171 0.008694231       0.5    0.30   0.09      0.61
872  1.00000000 0.6000171 0.008694231       0.5    0.30   0.09      0.61
873  0.02343750 0.6000171 0.008694231       0.5    0.30   0.09      0.61
874  1.00000000 0.6000171 0.008694231       0.5    0.30   0.09      0.61
875  1.00000000 0.6000171 0.008694231       0.5    0.30   0.09      0.61
876  0.03906250 0.6000171 0.008694231       0.5    0.30   0.09      0.61
877  1.00000000 0.6000171 0.008694231       0.5    0.30   0.09      0.61
878  1.00000000 0.6000171 0.008694231       0.5    0.30   0.09      0.61
879  1.00000000 0.6000171 0.008694231       0.5    0.30   0.09      0.61
880  1.00000000 0.6000171 0.008694231       0.5    0.30   0.09      0.61
881  1.00000000 0.6000171 0.008694231       0.5    0.30   0.09      0.61
882  1.00000000 0.6000171 0.008694231       0.5    0.30   0.09      0.61
883  1.00000000 0.6000171 0.008694231       0.5    0.30   0.09      0.61
884  0.05078125 0.6000171 0.008694231       0.5    0.30   0.09      0.61
885  0.01171875 0.6000171 0.008694231       0.5    0.30   0.09      0.61
886  1.00000000 0.6000171 0.008694231       0.5    0.30   0.09      0.61
887  0.02343750 0.6000171 0.008694231       0.5    0.30   0.09      0.61
888  1.00000000 0.6000171 0.008694231       0.5    0.30   0.09      0.61
889  1.00000000 0.6000171 0.008694231       0.5    0.30   0.09      0.61
890  0.01171875 0.6000171 0.008694231       0.5    0.30   0.09      0.61
891  0.02343750 0.6000171 0.008694231       0.5    0.30   0.09      0.61
892  1.00000000 0.6000171 0.008694231       0.5    0.30   0.09      0.61
893  1.00000000 0.6000171 0.008694231       0.5    0.30   0.09      0.61
894  1.00000000 0.6000171 0.008694231       0.5    0.30   0.09      0.61
895  0.10156250 0.6000171 0.008694231       0.5    0.30   0.09      0.61
896  0.03515625 0.6000171 0.008694231       0.5    0.30   0.09      0.61
897  1.00000000 0.6000171 0.008694231       0.5    0.30   0.09      0.61
898  1.00000000 0.6000171 0.008694231       0.5    0.30   0.09      0.61
899  0.03125000 0.6000171 0.008694231       0.5    0.30   0.09      0.61
900  0.04687500 0.6000171 0.008694231       0.5    0.30   0.09      0.61
901  1.00000000 0.3086727 0.007481746       0.5    0.55   0.10      0.35
902  0.02734375 0.3086727 0.007481746       0.5    0.55   0.10      0.35
903  0.01171875 0.3086727 0.007481746       0.5    0.55   0.10      0.35
904  1.00000000 0.3086727 0.007481746       0.5    0.55   0.10      0.35
905  1.00000000 0.3086727 0.007481746       0.5    0.55   0.10      0.35
906  0.08984375 0.3086727 0.007481746       0.5    0.55   0.10      0.35
907  0.13281250 0.3086727 0.007481746       0.5    0.55   0.10      0.35
908  0.03906250 0.3086727 0.007481746       0.5    0.55   0.10      0.35
909  1.00000000 0.3086727 0.007481746       0.5    0.55   0.10      0.35
910  1.00000000 0.3086727 0.007481746       0.5    0.55   0.10      0.35
911  0.01953125 0.3086727 0.007481746       0.5    0.55   0.10      0.35
912  1.00000000 0.3086727 0.007481746       0.5    0.55   0.10      0.35
913  1.00000000 0.3086727 0.007481746       0.5    0.55   0.10      0.35
914  0.01953125 0.3086727 0.007481746       0.5    0.55   0.10      0.35
915  1.00000000 0.3086727 0.007481746       0.5    0.55   0.10      0.35
916  0.00000000 0.3086727 0.007481746       0.5    0.55   0.10      0.35
917  1.00000000 0.3086727 0.007481746       0.5    0.55   0.10      0.35
918  1.00000000 0.3086727 0.007481746       0.5    0.55   0.10      0.35
919  0.06250000 0.3086727 0.007481746       0.5    0.55   0.10      0.35
920  1.00000000 0.3086727 0.007481746       0.5    0.55   0.10      0.35
921  0.03125000 0.3086727 0.007481746       0.5    0.55   0.10      0.35
922  0.02734375 0.3086727 0.007481746       0.5    0.55   0.10      0.35
923  0.00781250 0.3086727 0.007481746       0.5    0.55   0.10      0.35
924  0.10937500 0.3086727 0.007481746       0.5    0.55   0.10      0.35
925  1.00000000 0.3086727 0.007481746       0.5    0.55   0.10      0.35
926  0.05078125 0.3086727 0.007481746       0.5    0.55   0.10      0.35
927  1.00000000 0.3086727 0.007481746       0.5    0.55   0.10      0.35
928  0.07421875 0.3086727 0.007481746       0.5    0.55   0.10      0.35
929  0.01953125 0.3086727 0.007481746       0.5    0.55   0.10      0.35
930  1.00000000 0.3086727 0.007481746       0.5    0.55   0.10      0.35
931  0.08984375 0.3086727 0.007481746       0.5    0.55   0.10      0.35
932  0.01171875 0.3086727 0.007481746       0.5    0.55   0.10      0.35
933  0.01171875 0.3086727 0.007481746       0.5    0.55   0.10      0.35
934  1.00000000 0.3086727 0.007481746       0.5    0.55   0.10      0.35
935  0.01562500 0.3086727 0.007481746       0.5    0.55   0.10      0.35
936  0.16796875 0.3086727 0.007481746       0.5    0.55   0.10      0.35
937  0.03906250 0.3086727 0.007481746       0.5    0.55   0.10      0.35
938  1.00000000 0.3086727 0.007481746       0.5    0.55   0.10      0.35
939  0.17578125 0.3086727 0.007481746       0.5    0.55   0.10      0.35
940  1.00000000 0.3086727 0.007481746       0.5    0.55   0.10      0.35
941  0.08593750 0.3086727 0.007481746       0.5    0.55   0.10      0.35
942  0.03125000 0.3086727 0.007481746       0.5    0.55   0.10      0.35
943  0.03906250 0.3086727 0.007481746       0.5    0.55   0.10      0.35
944  0.02343750 0.3086727 0.007481746       0.5    0.55   0.10      0.35
945  1.00000000 0.3086727 0.007481746       0.5    0.55   0.10      0.35
946  0.02343750 0.3086727 0.007481746       0.5    0.55   0.10      0.35
947  0.03906250 0.3086727 0.007481746       0.5    0.55   0.10      0.35
948  0.00000000 0.3086727 0.007481746       0.5    0.55   0.10      0.35
949  0.03906250 0.3086727 0.007481746       0.5    0.55   0.10      0.35
950  0.00390625 0.3086727 0.007481746       0.5    0.55   0.10      0.35
951  1.00000000 0.3086727 0.007481746       0.5    0.55   0.10      0.35
952  0.04296875 0.3086727 0.007481746       0.5    0.55   0.10      0.35
953  0.02343750 0.3086727 0.007481746       0.5    0.55   0.10      0.35
954  1.00000000 0.3086727 0.007481746       0.5    0.55   0.10      0.35
955  0.05859375 0.3086727 0.007481746       0.5    0.55   0.10      0.35
956  0.10156250 0.3086727 0.007481746       0.5    0.55   0.10      0.35
957  1.00000000 0.3086727 0.007481746       0.5    0.55   0.10      0.35
958  0.01171875 0.3086727 0.007481746       0.5    0.55   0.10      0.35
959  0.02343750 0.3086727 0.007481746       0.5    0.55   0.10      0.35
960  0.01562500 0.3086727 0.007481746       0.5    0.55   0.10      0.35
961  0.01171875 0.3086727 0.007481746       0.5    0.55   0.10      0.35
962  0.03125000 0.3086727 0.007481746       0.5    0.55   0.10      0.35
963  0.04296875 0.3086727 0.007481746       0.5    0.55   0.10      0.35
964  0.01562500 0.3086727 0.007481746       0.5    0.55   0.10      0.35
965  1.00000000 0.3086727 0.007481746       0.5    0.55   0.10      0.35
966  1.00000000 0.3086727 0.007481746       0.5    0.55   0.10      0.35
967  0.08203125 0.3086727 0.007481746       0.5    0.55   0.10      0.35
968  0.01562500 0.3086727 0.007481746       0.5    0.55   0.10      0.35
969  1.00000000 0.3086727 0.007481746       0.5    0.55   0.10      0.35
970  0.00390625 0.3086727 0.007481746       0.5    0.55   0.10      0.35
971  0.14843750 0.3086727 0.007481746       0.5    0.55   0.10      0.35
972  1.00000000 0.3086727 0.007481746       0.5    0.55   0.10      0.35
973  0.02343750 0.3086727 0.007481746       0.5    0.55   0.10      0.35
974  0.09765625 0.3086727 0.007481746       0.5    0.55   0.10      0.35
975  1.00000000 0.3086727 0.007481746       0.5    0.55   0.10      0.35
976  0.10156250 0.3086727 0.007481746       0.5    0.55   0.10      0.35
977  1.00000000 0.3086727 0.007481746       0.5    0.55   0.10      0.35
978  0.03125000 0.3086727 0.007481746       0.5    0.55   0.10      0.35
979  0.00390625 0.3086727 0.007481746       0.5    0.55   0.10      0.35
980  1.00000000 0.3086727 0.007481746       0.5    0.55   0.10      0.35
981  0.00390625 0.3086727 0.007481746       0.5    0.55   0.10      0.35
982  1.00000000 0.3086727 0.007481746       0.5    0.55   0.10      0.35
983  0.15234375 0.3086727 0.007481746       0.5    0.55   0.10      0.35
984  0.32031250 0.3086727 0.007481746       0.5    0.55   0.10      0.35
985  0.02734375 0.3086727 0.007481746       0.5    0.55   0.10      0.35
986  0.03515625 0.3086727 0.007481746       0.5    0.55   0.10      0.35
987  0.04296875 0.3086727 0.007481746       0.5    0.55   0.10      0.35
988  0.02343750 0.3086727 0.007481746       0.5    0.55   0.10      0.35
989  1.00000000 0.3086727 0.007481746       0.5    0.55   0.10      0.35
990  0.04687500 0.3086727 0.007481746       0.5    0.55   0.10      0.35
991  1.00000000 0.3086727 0.007481746       0.5    0.55   0.10      0.35
992  0.00000000 0.3086727 0.007481746       0.5    0.55   0.10      0.35
993  1.00000000 0.3086727 0.007481746       0.5    0.55   0.10      0.35
994  0.03515625 0.3086727 0.007481746       0.5    0.55   0.10      0.35
995  0.01953125 0.3086727 0.007481746       0.5    0.55   0.10      0.35
996  1.00000000 0.3086727 0.007481746       0.5    0.55   0.10      0.35
997  1.00000000 0.3086727 0.007481746       0.5    0.55   0.10      0.35
998  1.00000000 0.3086727 0.007481746       0.5    0.55   0.10      0.35
999  0.08203125 0.3086727 0.007481746       0.5    0.55   0.10      0.35
1000 0.06250000 0.3086727 0.007481746       0.5    0.55   0.10      0.35
