      prop.aneu prob.meio   prob.mito dispersal euploid mosaic aneuploid
1    1.00000000 0.3992461 0.003063477       0.5    0.55   0.03      0.42
2    0.01171875 0.3992461 0.003063477       0.5    0.55   0.03      0.42
3    0.08203125 0.3992461 0.003063477       0.5    0.55   0.03      0.42
4    1.00000000 0.3992461 0.003063477       0.5    0.55   0.03      0.42
5    0.00000000 0.3992461 0.003063477       0.5    0.55   0.03      0.42
6    1.00000000 0.3992461 0.003063477       0.5    0.55   0.03      0.42
7    0.01953125 0.3992461 0.003063477       0.5    0.55   0.03      0.42
8    0.00390625 0.3992461 0.003063477       0.5    0.55   0.03      0.42
9    0.01953125 0.3992461 0.003063477       0.5    0.55   0.03      0.42
10   1.00000000 0.3992461 0.003063477       0.5    0.55   0.03      0.42
11   1.00000000 0.3992461 0.003063477       0.5    0.55   0.03      0.42
12   1.00000000 0.3992461 0.003063477       0.5    0.55   0.03      0.42
13   1.00000000 0.3992461 0.003063477       0.5    0.55   0.03      0.42
14   0.01953125 0.3992461 0.003063477       0.5    0.55   0.03      0.42
15   0.00781250 0.3992461 0.003063477       0.5    0.55   0.03      0.42
16   1.00000000 0.3992461 0.003063477       0.5    0.55   0.03      0.42
17   1.00000000 0.3992461 0.003063477       0.5    0.55   0.03      0.42
18   1.00000000 0.3992461 0.003063477       0.5    0.55   0.03      0.42
19   0.00000000 0.3992461 0.003063477       0.5    0.55   0.03      0.42
20   1.00000000 0.3992461 0.003063477       0.5    0.55   0.03      0.42
21   1.00000000 0.3992461 0.003063477       0.5    0.55   0.03      0.42
22   1.00000000 0.3992461 0.003063477       0.5    0.55   0.03      0.42
23   0.00390625 0.3992461 0.003063477       0.5    0.55   0.03      0.42
24   1.00000000 0.3992461 0.003063477       0.5    0.55   0.03      0.42
25   1.00000000 0.3992461 0.003063477       0.5    0.55   0.03      0.42
26   0.01562500 0.3992461 0.003063477       0.5    0.55   0.03      0.42
27   0.03125000 0.3992461 0.003063477       0.5    0.55   0.03      0.42
28   0.03125000 0.3992461 0.003063477       0.5    0.55   0.03      0.42
29   1.00000000 0.3992461 0.003063477       0.5    0.55   0.03      0.42
30   0.00781250 0.3992461 0.003063477       0.5    0.55   0.03      0.42
31   0.03125000 0.3992461 0.003063477       0.5    0.55   0.03      0.42
32   0.00781250 0.3992461 0.003063477       0.5    0.55   0.03      0.42
33   0.00390625 0.3992461 0.003063477       0.5    0.55   0.03      0.42
34   1.00000000 0.3992461 0.003063477       0.5    0.55   0.03      0.42
35   0.03515625 0.3992461 0.003063477       0.5    0.55   0.03      0.42
36   1.00000000 0.3992461 0.003063477       0.5    0.55   0.03      0.42
37   0.01562500 0.3992461 0.003063477       0.5    0.55   0.03      0.42
38   1.00000000 0.3992461 0.003063477       0.5    0.55   0.03      0.42
39   0.01953125 0.3992461 0.003063477       0.5    0.55   0.03      0.42
40   1.00000000 0.3992461 0.003063477       0.5    0.55   0.03      0.42
41   1.00000000 0.3992461 0.003063477       0.5    0.55   0.03      0.42
42   0.00390625 0.3992461 0.003063477       0.5    0.55   0.03      0.42
43   1.00000000 0.3992461 0.003063477       0.5    0.55   0.03      0.42
44   0.00781250 0.3992461 0.003063477       0.5    0.55   0.03      0.42
45   0.00000000 0.3992461 0.003063477       0.5    0.55   0.03      0.42
46   0.03515625 0.3992461 0.003063477       0.5    0.55   0.03      0.42
47   1.00000000 0.3992461 0.003063477       0.5    0.55   0.03      0.42
48   0.01562500 0.3992461 0.003063477       0.5    0.55   0.03      0.42
49   0.00000000 0.3992461 0.003063477       0.5    0.55   0.03      0.42
50   1.00000000 0.3992461 0.003063477       0.5    0.55   0.03      0.42
51   0.12890625 0.3992461 0.003063477       0.5    0.55   0.03      0.42
52   0.08593750 0.3992461 0.003063477       0.5    0.55   0.03      0.42
53   0.01171875 0.3992461 0.003063477       0.5    0.55   0.03      0.42
54   0.06250000 0.3992461 0.003063477       0.5    0.55   0.03      0.42
55   0.03125000 0.3992461 0.003063477       0.5    0.55   0.03      0.42
56   1.00000000 0.3992461 0.003063477       0.5    0.55   0.03      0.42
57   0.00000000 0.3992461 0.003063477       0.5    0.55   0.03      0.42
58   0.01562500 0.3992461 0.003063477       0.5    0.55   0.03      0.42
59   1.00000000 0.3992461 0.003063477       0.5    0.55   0.03      0.42
60   0.03125000 0.3992461 0.003063477       0.5    0.55   0.03      0.42
61   0.00781250 0.3992461 0.003063477       0.5    0.55   0.03      0.42
62   0.00390625 0.3992461 0.003063477       0.5    0.55   0.03      0.42
63   0.00390625 0.3992461 0.003063477       0.5    0.55   0.03      0.42
64   1.00000000 0.3992461 0.003063477       0.5    0.55   0.03      0.42
65   0.01953125 0.3992461 0.003063477       0.5    0.55   0.03      0.42
66   0.02343750 0.3992461 0.003063477       0.5    0.55   0.03      0.42
67   0.00781250 0.3992461 0.003063477       0.5    0.55   0.03      0.42
68   1.00000000 0.3992461 0.003063477       0.5    0.55   0.03      0.42
69   0.00781250 0.3992461 0.003063477       0.5    0.55   0.03      0.42
70   0.00781250 0.3992461 0.003063477       0.5    0.55   0.03      0.42
71   0.00781250 0.3992461 0.003063477       0.5    0.55   0.03      0.42
72   0.00781250 0.3992461 0.003063477       0.5    0.55   0.03      0.42
73   0.00781250 0.3992461 0.003063477       0.5    0.55   0.03      0.42
74   0.00781250 0.3992461 0.003063477       0.5    0.55   0.03      0.42
75   0.00390625 0.3992461 0.003063477       0.5    0.55   0.03      0.42
76   1.00000000 0.3992461 0.003063477       0.5    0.55   0.03      0.42
77   1.00000000 0.3992461 0.003063477       0.5    0.55   0.03      0.42
78   1.00000000 0.3992461 0.003063477       0.5    0.55   0.03      0.42
79   0.00000000 0.3992461 0.003063477       0.5    0.55   0.03      0.42
80   0.00781250 0.3992461 0.003063477       0.5    0.55   0.03      0.42
81   1.00000000 0.3992461 0.003063477       0.5    0.55   0.03      0.42
82   1.00000000 0.3992461 0.003063477       0.5    0.55   0.03      0.42
83   0.00000000 0.3992461 0.003063477       0.5    0.55   0.03      0.42
84   1.00000000 0.3992461 0.003063477       0.5    0.55   0.03      0.42
85   1.00000000 0.3992461 0.003063477       0.5    0.55   0.03      0.42
86   0.00781250 0.3992461 0.003063477       0.5    0.55   0.03      0.42
87   0.00000000 0.3992461 0.003063477       0.5    0.55   0.03      0.42
88   1.00000000 0.3992461 0.003063477       0.5    0.55   0.03      0.42
89   1.00000000 0.3992461 0.003063477       0.5    0.55   0.03      0.42
90   1.00000000 0.3992461 0.003063477       0.5    0.55   0.03      0.42
91   1.00000000 0.3992461 0.003063477       0.5    0.55   0.03      0.42
92   0.00781250 0.3992461 0.003063477       0.5    0.55   0.03      0.42
93   0.06250000 0.3992461 0.003063477       0.5    0.55   0.03      0.42
94   1.00000000 0.3992461 0.003063477       0.5    0.55   0.03      0.42
95   1.00000000 0.3992461 0.003063477       0.5    0.55   0.03      0.42
96   0.12500000 0.3992461 0.003063477       0.5    0.55   0.03      0.42
97   0.00781250 0.3992461 0.003063477       0.5    0.55   0.03      0.42
98   1.00000000 0.3992461 0.003063477       0.5    0.55   0.03      0.42
99   0.00781250 0.3992461 0.003063477       0.5    0.55   0.03      0.42
100  0.00390625 0.3992461 0.003063477       0.5    0.55   0.03      0.42
101  0.20703125 0.4984228 0.011686195       0.5    0.38   0.12      0.50
102  0.02343750 0.4984228 0.011686195       0.5    0.38   0.12      0.50
103  1.00000000 0.4984228 0.011686195       0.5    0.38   0.12      0.50
104  1.00000000 0.4984228 0.011686195       0.5    0.38   0.12      0.50
105  0.11328125 0.4984228 0.011686195       0.5    0.38   0.12      0.50
106  0.02734375 0.4984228 0.011686195       0.5    0.38   0.12      0.50
107  1.00000000 0.4984228 0.011686195       0.5    0.38   0.12      0.50
108  1.00000000 0.4984228 0.011686195       0.5    0.38   0.12      0.50
109  0.08203125 0.4984228 0.011686195       0.5    0.38   0.12      0.50
110  1.00000000 0.4984228 0.011686195       0.5    0.38   0.12      0.50
111  0.04687500 0.4984228 0.011686195       0.5    0.38   0.12      0.50
112  0.16015625 0.4984228 0.011686195       0.5    0.38   0.12      0.50
113  0.04687500 0.4984228 0.011686195       0.5    0.38   0.12      0.50
114  0.25000000 0.4984228 0.011686195       0.5    0.38   0.12      0.50
115  1.00000000 0.4984228 0.011686195       0.5    0.38   0.12      0.50
116  0.18359375 0.4984228 0.011686195       0.5    0.38   0.12      0.50
117  0.03125000 0.4984228 0.011686195       0.5    0.38   0.12      0.50
118  0.03125000 0.4984228 0.011686195       0.5    0.38   0.12      0.50
119  1.00000000 0.4984228 0.011686195       0.5    0.38   0.12      0.50
120  0.06250000 0.4984228 0.011686195       0.5    0.38   0.12      0.50
121  1.00000000 0.4984228 0.011686195       0.5    0.38   0.12      0.50
122  0.02734375 0.4984228 0.011686195       0.5    0.38   0.12      0.50
123  0.07421875 0.4984228 0.011686195       0.5    0.38   0.12      0.50
124  0.20703125 0.4984228 0.011686195       0.5    0.38   0.12      0.50
125  1.00000000 0.4984228 0.011686195       0.5    0.38   0.12      0.50
126  0.09765625 0.4984228 0.011686195       0.5    0.38   0.12      0.50
127  0.13281250 0.4984228 0.011686195       0.5    0.38   0.12      0.50
128  0.52343750 0.4984228 0.011686195       0.5    0.38   0.12      0.50
129  0.03515625 0.4984228 0.011686195       0.5    0.38   0.12      0.50
130  0.05859375 0.4984228 0.011686195       0.5    0.38   0.12      0.50
131  1.00000000 0.4984228 0.011686195       0.5    0.38   0.12      0.50
132  1.00000000 0.4984228 0.011686195       0.5    0.38   0.12      0.50
133  0.03515625 0.4984228 0.011686195       0.5    0.38   0.12      0.50
134  1.00000000 0.4984228 0.011686195       0.5    0.38   0.12      0.50
135  1.00000000 0.4984228 0.011686195       0.5    0.38   0.12      0.50
136  0.00781250 0.4984228 0.011686195       0.5    0.38   0.12      0.50
137  1.00000000 0.4984228 0.011686195       0.5    0.38   0.12      0.50
138  0.06640625 0.4984228 0.011686195       0.5    0.38   0.12      0.50
139  0.06640625 0.4984228 0.011686195       0.5    0.38   0.12      0.50
140  1.00000000 0.4984228 0.011686195       0.5    0.38   0.12      0.50
141  0.22265625 0.4984228 0.011686195       0.5    0.38   0.12      0.50
142  1.00000000 0.4984228 0.011686195       0.5    0.38   0.12      0.50
143  1.00000000 0.4984228 0.011686195       0.5    0.38   0.12      0.50
144  0.03125000 0.4984228 0.011686195       0.5    0.38   0.12      0.50
145  0.04296875 0.4984228 0.011686195       0.5    0.38   0.12      0.50
146  0.08203125 0.4984228 0.011686195       0.5    0.38   0.12      0.50
147  1.00000000 0.4984228 0.011686195       0.5    0.38   0.12      0.50
148  0.02734375 0.4984228 0.011686195       0.5    0.38   0.12      0.50
149  0.02734375 0.4984228 0.011686195       0.5    0.38   0.12      0.50
150  1.00000000 0.4984228 0.011686195       0.5    0.38   0.12      0.50
151  1.00000000 0.4984228 0.011686195       0.5    0.38   0.12      0.50
152  1.00000000 0.4984228 0.011686195       0.5    0.38   0.12      0.50
153  1.00000000 0.4984228 0.011686195       0.5    0.38   0.12      0.50
154  1.00000000 0.4984228 0.011686195       0.5    0.38   0.12      0.50
155  0.07031250 0.4984228 0.011686195       0.5    0.38   0.12      0.50
156  1.00000000 0.4984228 0.011686195       0.5    0.38   0.12      0.50
157  1.00000000 0.4984228 0.011686195       0.5    0.38   0.12      0.50
158  1.00000000 0.4984228 0.011686195       0.5    0.38   0.12      0.50
159  0.08593750 0.4984228 0.011686195       0.5    0.38   0.12      0.50
160  0.18750000 0.4984228 0.011686195       0.5    0.38   0.12      0.50
161  0.18750000 0.4984228 0.011686195       0.5    0.38   0.12      0.50
162  1.00000000 0.4984228 0.011686195       0.5    0.38   0.12      0.50
163  0.03125000 0.4984228 0.011686195       0.5    0.38   0.12      0.50
164  0.08593750 0.4984228 0.011686195       0.5    0.38   0.12      0.50
165  1.00000000 0.4984228 0.011686195       0.5    0.38   0.12      0.50
166  1.00000000 0.4984228 0.011686195       0.5    0.38   0.12      0.50
167  1.00000000 0.4984228 0.011686195       0.5    0.38   0.12      0.50
168  0.05078125 0.4984228 0.011686195       0.5    0.38   0.12      0.50
169  1.00000000 0.4984228 0.011686195       0.5    0.38   0.12      0.50
170  1.00000000 0.4984228 0.011686195       0.5    0.38   0.12      0.50
171  1.00000000 0.4984228 0.011686195       0.5    0.38   0.12      0.50
172  1.00000000 0.4984228 0.011686195       0.5    0.38   0.12      0.50
173  0.10937500 0.4984228 0.011686195       0.5    0.38   0.12      0.50
174  0.15625000 0.4984228 0.011686195       0.5    0.38   0.12      0.50
175  1.00000000 0.4984228 0.011686195       0.5    0.38   0.12      0.50
176  1.00000000 0.4984228 0.011686195       0.5    0.38   0.12      0.50
177  1.00000000 0.4984228 0.011686195       0.5    0.38   0.12      0.50
178  1.00000000 0.4984228 0.011686195       0.5    0.38   0.12      0.50
179  1.00000000 0.4984228 0.011686195       0.5    0.38   0.12      0.50
180  0.01953125 0.4984228 0.011686195       0.5    0.38   0.12      0.50
181  0.03906250 0.4984228 0.011686195       0.5    0.38   0.12      0.50
182  0.23437500 0.4984228 0.011686195       0.5    0.38   0.12      0.50
183  1.00000000 0.4984228 0.011686195       0.5    0.38   0.12      0.50
184  0.14453125 0.4984228 0.011686195       0.5    0.38   0.12      0.50
185  1.00000000 0.4984228 0.011686195       0.5    0.38   0.12      0.50
186  1.00000000 0.4984228 0.011686195       0.5    0.38   0.12      0.50
187  0.03515625 0.4984228 0.011686195       0.5    0.38   0.12      0.50
188  0.06640625 0.4984228 0.011686195       0.5    0.38   0.12      0.50
189  0.13281250 0.4984228 0.011686195       0.5    0.38   0.12      0.50
190  1.00000000 0.4984228 0.011686195       0.5    0.38   0.12      0.50
191  1.00000000 0.4984228 0.011686195       0.5    0.38   0.12      0.50
192  1.00000000 0.4984228 0.011686195       0.5    0.38   0.12      0.50
193  1.00000000 0.4984228 0.011686195       0.5    0.38   0.12      0.50
194  0.08203125 0.4984228 0.011686195       0.5    0.38   0.12      0.50
195  1.00000000 0.4984228 0.011686195       0.5    0.38   0.12      0.50
196  1.00000000 0.4984228 0.011686195       0.5    0.38   0.12      0.50
197  0.01171875 0.4984228 0.011686195       0.5    0.38   0.12      0.50
198  1.00000000 0.4984228 0.011686195       0.5    0.38   0.12      0.50
199  0.07031250 0.4984228 0.011686195       0.5    0.38   0.12      0.50
200  1.00000000 0.4984228 0.011686195       0.5    0.38   0.12      0.50
201  1.00000000 0.4378653 0.037516475       0.5    0.24   0.33      0.43
202  0.15625000 0.4378653 0.037516475       0.5    0.24   0.33      0.43
203  0.17578125 0.4378653 0.037516475       0.5    0.24   0.33      0.43
204  0.21875000 0.4378653 0.037516475       0.5    0.24   0.33      0.43
205  0.28125000 0.4378653 0.037516475       0.5    0.24   0.33      0.43
206  1.00000000 0.4378653 0.037516475       0.5    0.24   0.33      0.43
207  0.07421875 0.4378653 0.037516475       0.5    0.24   0.33      0.43
208  1.00000000 0.4378653 0.037516475       0.5    0.24   0.33      0.43
209  1.00000000 0.4378653 0.037516475       0.5    0.24   0.33      0.43
210  0.24218750 0.4378653 0.037516475       0.5    0.24   0.33      0.43
211  0.11718750 0.4378653 0.037516475       0.5    0.24   0.33      0.43
212  1.00000000 0.4378653 0.037516475       0.5    0.24   0.33      0.43
213  1.00000000 0.4378653 0.037516475       0.5    0.24   0.33      0.43
214  1.00000000 0.4378653 0.037516475       0.5    0.24   0.33      0.43
215  1.00000000 0.4378653 0.037516475       0.5    0.24   0.33      0.43
216  1.00000000 0.4378653 0.037516475       0.5    0.24   0.33      0.43
217  0.53906250 0.4378653 0.037516475       0.5    0.24   0.33      0.43
218  1.00000000 0.4378653 0.037516475       0.5    0.24   0.33      0.43
219  1.00000000 0.4378653 0.037516475       0.5    0.24   0.33      0.43
220  0.15234375 0.4378653 0.037516475       0.5    0.24   0.33      0.43
221  1.00000000 0.4378653 0.037516475       0.5    0.24   0.33      0.43
222  0.10937500 0.4378653 0.037516475       0.5    0.24   0.33      0.43
223  0.26171875 0.4378653 0.037516475       0.5    0.24   0.33      0.43
224  0.24609375 0.4378653 0.037516475       0.5    0.24   0.33      0.43
225  1.00000000 0.4378653 0.037516475       0.5    0.24   0.33      0.43
226  1.00000000 0.4378653 0.037516475       0.5    0.24   0.33      0.43
227  1.00000000 0.4378653 0.037516475       0.5    0.24   0.33      0.43
228  0.20312500 0.4378653 0.037516475       0.5    0.24   0.33      0.43
229  0.34375000 0.4378653 0.037516475       0.5    0.24   0.33      0.43
230  1.00000000 0.4378653 0.037516475       0.5    0.24   0.33      0.43
231  1.00000000 0.4378653 0.037516475       0.5    0.24   0.33      0.43
232  0.52734375 0.4378653 0.037516475       0.5    0.24   0.33      0.43
233  1.00000000 0.4378653 0.037516475       0.5    0.24   0.33      0.43
234  0.46484375 0.4378653 0.037516475       0.5    0.24   0.33      0.43
235  0.30859375 0.4378653 0.037516475       0.5    0.24   0.33      0.43
236  1.00000000 0.4378653 0.037516475       0.5    0.24   0.33      0.43
237  0.48828125 0.4378653 0.037516475       0.5    0.24   0.33      0.43
238  0.15234375 0.4378653 0.037516475       0.5    0.24   0.33      0.43
239  0.14453125 0.4378653 0.037516475       0.5    0.24   0.33      0.43
240  1.00000000 0.4378653 0.037516475       0.5    0.24   0.33      0.43
241  0.16796875 0.4378653 0.037516475       0.5    0.24   0.33      0.43
242  1.00000000 0.4378653 0.037516475       0.5    0.24   0.33      0.43
243  0.21875000 0.4378653 0.037516475       0.5    0.24   0.33      0.43
244  1.00000000 0.4378653 0.037516475       0.5    0.24   0.33      0.43
245  0.32421875 0.4378653 0.037516475       0.5    0.24   0.33      0.43
246  0.16406250 0.4378653 0.037516475       0.5    0.24   0.33      0.43
247  0.37890625 0.4378653 0.037516475       0.5    0.24   0.33      0.43
248  0.46484375 0.4378653 0.037516475       0.5    0.24   0.33      0.43
249  1.00000000 0.4378653 0.037516475       0.5    0.24   0.33      0.43
250  1.00000000 0.4378653 0.037516475       0.5    0.24   0.33      0.43
251  0.26171875 0.4378653 0.037516475       0.5    0.24   0.33      0.43
252  1.00000000 0.4378653 0.037516475       0.5    0.24   0.33      0.43
253  0.22265625 0.4378653 0.037516475       0.5    0.24   0.33      0.43
254  0.30078125 0.4378653 0.037516475       0.5    0.24   0.33      0.43
255  0.13281250 0.4378653 0.037516475       0.5    0.24   0.33      0.43
256  0.17187500 0.4378653 0.037516475       0.5    0.24   0.33      0.43
257  1.00000000 0.4378653 0.037516475       0.5    0.24   0.33      0.43
258  0.17578125 0.4378653 0.037516475       0.5    0.24   0.33      0.43
259  0.55859375 0.4378653 0.037516475       0.5    0.24   0.33      0.43
260  0.18750000 0.4378653 0.037516475       0.5    0.24   0.33      0.43
261  0.58593750 0.4378653 0.037516475       0.5    0.24   0.33      0.43
262  0.10156250 0.4378653 0.037516475       0.5    0.24   0.33      0.43
263  1.00000000 0.4378653 0.037516475       0.5    0.24   0.33      0.43
264  0.16406250 0.4378653 0.037516475       0.5    0.24   0.33      0.43
265  1.00000000 0.4378653 0.037516475       0.5    0.24   0.33      0.43
266  1.00000000 0.4378653 0.037516475       0.5    0.24   0.33      0.43
267  0.20703125 0.4378653 0.037516475       0.5    0.24   0.33      0.43
268  0.12890625 0.4378653 0.037516475       0.5    0.24   0.33      0.43
269  1.00000000 0.4378653 0.037516475       0.5    0.24   0.33      0.43
270  1.00000000 0.4378653 0.037516475       0.5    0.24   0.33      0.43
271  0.16796875 0.4378653 0.037516475       0.5    0.24   0.33      0.43
272  0.23828125 0.4378653 0.037516475       0.5    0.24   0.33      0.43
273  1.00000000 0.4378653 0.037516475       0.5    0.24   0.33      0.43
274  0.26171875 0.4378653 0.037516475       0.5    0.24   0.33      0.43
275  1.00000000 0.4378653 0.037516475       0.5    0.24   0.33      0.43
276  0.39062500 0.4378653 0.037516475       0.5    0.24   0.33      0.43
277  0.31250000 0.4378653 0.037516475       0.5    0.24   0.33      0.43
278  1.00000000 0.4378653 0.037516475       0.5    0.24   0.33      0.43
279  0.24609375 0.4378653 0.037516475       0.5    0.24   0.33      0.43
280  0.11718750 0.4378653 0.037516475       0.5    0.24   0.33      0.43
281  0.23437500 0.4378653 0.037516475       0.5    0.24   0.33      0.43
282  1.00000000 0.4378653 0.037516475       0.5    0.24   0.33      0.43
283  0.16406250 0.4378653 0.037516475       0.5    0.24   0.33      0.43
284  0.12890625 0.4378653 0.037516475       0.5    0.24   0.33      0.43
285  0.24218750 0.4378653 0.037516475       0.5    0.24   0.33      0.43
286  0.21093750 0.4378653 0.037516475       0.5    0.24   0.33      0.43
287  1.00000000 0.4378653 0.037516475       0.5    0.24   0.33      0.43
288  0.16406250 0.4378653 0.037516475       0.5    0.24   0.33      0.43
289  1.00000000 0.4378653 0.037516475       0.5    0.24   0.33      0.43
290  0.22265625 0.4378653 0.037516475       0.5    0.24   0.33      0.43
291  0.35546875 0.4378653 0.037516475       0.5    0.24   0.33      0.43
292  1.00000000 0.4378653 0.037516475       0.5    0.24   0.33      0.43
293  0.10546875 0.4378653 0.037516475       0.5    0.24   0.33      0.43
294  0.21484375 0.4378653 0.037516475       0.5    0.24   0.33      0.43
295  0.13281250 0.4378653 0.037516475       0.5    0.24   0.33      0.43
296  1.00000000 0.4378653 0.037516475       0.5    0.24   0.33      0.43
297  1.00000000 0.4378653 0.037516475       0.5    0.24   0.33      0.43
298  1.00000000 0.4378653 0.037516475       0.5    0.24   0.33      0.43
299  0.14453125 0.4378653 0.037516475       0.5    0.24   0.33      0.43
300  1.00000000 0.4378653 0.037516475       0.5    0.24   0.33      0.43
301  0.05859375 0.5580283 0.008160914       0.5    0.30   0.13      0.57
302  1.00000000 0.5580283 0.008160914       0.5    0.30   0.13      0.57
303  0.01562500 0.5580283 0.008160914       0.5    0.30   0.13      0.57
304  0.01953125 0.5580283 0.008160914       0.5    0.30   0.13      0.57
305  0.00781250 0.5580283 0.008160914       0.5    0.30   0.13      0.57
306  0.08203125 0.5580283 0.008160914       0.5    0.30   0.13      0.57
307  1.00000000 0.5580283 0.008160914       0.5    0.30   0.13      0.57
308  0.25390625 0.5580283 0.008160914       0.5    0.30   0.13      0.57
309  0.09375000 0.5580283 0.008160914       0.5    0.30   0.13      0.57
310  0.14453125 0.5580283 0.008160914       0.5    0.30   0.13      0.57
311  1.00000000 0.5580283 0.008160914       0.5    0.30   0.13      0.57
312  1.00000000 0.5580283 0.008160914       0.5    0.30   0.13      0.57
313  0.01562500 0.5580283 0.008160914       0.5    0.30   0.13      0.57
314  1.00000000 0.5580283 0.008160914       0.5    0.30   0.13      0.57
315  1.00000000 0.5580283 0.008160914       0.5    0.30   0.13      0.57
316  0.16796875 0.5580283 0.008160914       0.5    0.30   0.13      0.57
317  0.26171875 0.5580283 0.008160914       0.5    0.30   0.13      0.57
318  1.00000000 0.5580283 0.008160914       0.5    0.30   0.13      0.57
319  0.12109375 0.5580283 0.008160914       0.5    0.30   0.13      0.57
320  0.01171875 0.5580283 0.008160914       0.5    0.30   0.13      0.57
321  1.00000000 0.5580283 0.008160914       0.5    0.30   0.13      0.57
322  0.05078125 0.5580283 0.008160914       0.5    0.30   0.13      0.57
323  0.05859375 0.5580283 0.008160914       0.5    0.30   0.13      0.57
324  1.00000000 0.5580283 0.008160914       0.5    0.30   0.13      0.57
325  1.00000000 0.5580283 0.008160914       0.5    0.30   0.13      0.57
326  1.00000000 0.5580283 0.008160914       0.5    0.30   0.13      0.57
327  0.00781250 0.5580283 0.008160914       0.5    0.30   0.13      0.57
328  0.00390625 0.5580283 0.008160914       0.5    0.30   0.13      0.57
329  1.00000000 0.5580283 0.008160914       0.5    0.30   0.13      0.57
330  1.00000000 0.5580283 0.008160914       0.5    0.30   0.13      0.57
331  1.00000000 0.5580283 0.008160914       0.5    0.30   0.13      0.57
332  1.00000000 0.5580283 0.008160914       0.5    0.30   0.13      0.57
333  1.00000000 0.5580283 0.008160914       0.5    0.30   0.13      0.57
334  0.03906250 0.5580283 0.008160914       0.5    0.30   0.13      0.57
335  0.00781250 0.5580283 0.008160914       0.5    0.30   0.13      0.57
336  1.00000000 0.5580283 0.008160914       0.5    0.30   0.13      0.57
337  0.04296875 0.5580283 0.008160914       0.5    0.30   0.13      0.57
338  0.14453125 0.5580283 0.008160914       0.5    0.30   0.13      0.57
339  1.00000000 0.5580283 0.008160914       0.5    0.30   0.13      0.57
340  1.00000000 0.5580283 0.008160914       0.5    0.30   0.13      0.57
341  0.10156250 0.5580283 0.008160914       0.5    0.30   0.13      0.57
342  1.00000000 0.5580283 0.008160914       0.5    0.30   0.13      0.57
343  1.00000000 0.5580283 0.008160914       0.5    0.30   0.13      0.57
344  0.10156250 0.5580283 0.008160914       0.5    0.30   0.13      0.57
345  1.00000000 0.5580283 0.008160914       0.5    0.30   0.13      0.57
346  1.00000000 0.5580283 0.008160914       0.5    0.30   0.13      0.57
347  0.02734375 0.5580283 0.008160914       0.5    0.30   0.13      0.57
348  0.02734375 0.5580283 0.008160914       0.5    0.30   0.13      0.57
349  1.00000000 0.5580283 0.008160914       0.5    0.30   0.13      0.57
350  0.00000000 0.5580283 0.008160914       0.5    0.30   0.13      0.57
351  1.00000000 0.5580283 0.008160914       0.5    0.30   0.13      0.57
352  1.00000000 0.5580283 0.008160914       0.5    0.30   0.13      0.57
353  1.00000000 0.5580283 0.008160914       0.5    0.30   0.13      0.57
354  1.00000000 0.5580283 0.008160914       0.5    0.30   0.13      0.57
355  1.00000000 0.5580283 0.008160914       0.5    0.30   0.13      0.57
356  1.00000000 0.5580283 0.008160914       0.5    0.30   0.13      0.57
357  0.51171875 0.5580283 0.008160914       0.5    0.30   0.13      0.57
358  1.00000000 0.5580283 0.008160914       0.5    0.30   0.13      0.57
359  1.00000000 0.5580283 0.008160914       0.5    0.30   0.13      0.57
360  1.00000000 0.5580283 0.008160914       0.5    0.30   0.13      0.57
361  1.00000000 0.5580283 0.008160914       0.5    0.30   0.13      0.57
362  1.00000000 0.5580283 0.008160914       0.5    0.30   0.13      0.57
363  0.14843750 0.5580283 0.008160914       0.5    0.30   0.13      0.57
364  1.00000000 0.5580283 0.008160914       0.5    0.30   0.13      0.57
365  1.00000000 0.5580283 0.008160914       0.5    0.30   0.13      0.57
366  1.00000000 0.5580283 0.008160914       0.5    0.30   0.13      0.57
367  1.00000000 0.5580283 0.008160914       0.5    0.30   0.13      0.57
368  1.00000000 0.5580283 0.008160914       0.5    0.30   0.13      0.57
369  1.00000000 0.5580283 0.008160914       0.5    0.30   0.13      0.57
370  0.04687500 0.5580283 0.008160914       0.5    0.30   0.13      0.57
371  1.00000000 0.5580283 0.008160914       0.5    0.30   0.13      0.57
372  0.13281250 0.5580283 0.008160914       0.5    0.30   0.13      0.57
373  0.02343750 0.5580283 0.008160914       0.5    0.30   0.13      0.57
374  1.00000000 0.5580283 0.008160914       0.5    0.30   0.13      0.57
375  0.03125000 0.5580283 0.008160914       0.5    0.30   0.13      0.57
376  1.00000000 0.5580283 0.008160914       0.5    0.30   0.13      0.57
377  0.02734375 0.5580283 0.008160914       0.5    0.30   0.13      0.57
378  1.00000000 0.5580283 0.008160914       0.5    0.30   0.13      0.57
379  0.03906250 0.5580283 0.008160914       0.5    0.30   0.13      0.57
380  0.00781250 0.5580283 0.008160914       0.5    0.30   0.13      0.57
381  1.00000000 0.5580283 0.008160914       0.5    0.30   0.13      0.57
382  0.09765625 0.5580283 0.008160914       0.5    0.30   0.13      0.57
383  1.00000000 0.5580283 0.008160914       0.5    0.30   0.13      0.57
384  1.00000000 0.5580283 0.008160914       0.5    0.30   0.13      0.57
385  1.00000000 0.5580283 0.008160914       0.5    0.30   0.13      0.57
386  0.02734375 0.5580283 0.008160914       0.5    0.30   0.13      0.57
387  1.00000000 0.5580283 0.008160914       0.5    0.30   0.13      0.57
388  1.00000000 0.5580283 0.008160914       0.5    0.30   0.13      0.57
389  0.00000000 0.5580283 0.008160914       0.5    0.30   0.13      0.57
390  1.00000000 0.5580283 0.008160914       0.5    0.30   0.13      0.57
391  1.00000000 0.5580283 0.008160914       0.5    0.30   0.13      0.57
392  1.00000000 0.5580283 0.008160914       0.5    0.30   0.13      0.57
393  0.03125000 0.5580283 0.008160914       0.5    0.30   0.13      0.57
394  1.00000000 0.5580283 0.008160914       0.5    0.30   0.13      0.57
395  0.08984375 0.5580283 0.008160914       0.5    0.30   0.13      0.57
396  0.04687500 0.5580283 0.008160914       0.5    0.30   0.13      0.57
397  1.00000000 0.5580283 0.008160914       0.5    0.30   0.13      0.57
398  0.07812500 0.5580283 0.008160914       0.5    0.30   0.13      0.57
399  1.00000000 0.5580283 0.008160914       0.5    0.30   0.13      0.57
400  0.02343750 0.5580283 0.008160914       0.5    0.30   0.13      0.57
401  0.07812500 0.4663089 0.024233423       0.5    0.18   0.30      0.52
402  0.19921875 0.4663089 0.024233423       0.5    0.18   0.30      0.52
403  1.00000000 0.4663089 0.024233423       0.5    0.18   0.30      0.52
404  1.00000000 0.4663089 0.024233423       0.5    0.18   0.30      0.52
405  1.00000000 0.4663089 0.024233423       0.5    0.18   0.30      0.52
406  1.00000000 0.4663089 0.024233423       0.5    0.18   0.30      0.52
407  0.60546875 0.4663089 0.024233423       0.5    0.18   0.30      0.52
408  1.00000000 0.4663089 0.024233423       0.5    0.18   0.30      0.52
409  0.09765625 0.4663089 0.024233423       0.5    0.18   0.30      0.52
410  0.14062500 0.4663089 0.024233423       0.5    0.18   0.30      0.52
411  1.00000000 0.4663089 0.024233423       0.5    0.18   0.30      0.52
412  0.32031250 0.4663089 0.024233423       0.5    0.18   0.30      0.52
413  1.00000000 0.4663089 0.024233423       0.5    0.18   0.30      0.52
414  1.00000000 0.4663089 0.024233423       0.5    0.18   0.30      0.52
415  1.00000000 0.4663089 0.024233423       0.5    0.18   0.30      0.52
416  1.00000000 0.4663089 0.024233423       0.5    0.18   0.30      0.52
417  1.00000000 0.4663089 0.024233423       0.5    0.18   0.30      0.52
418  0.07031250 0.4663089 0.024233423       0.5    0.18   0.30      0.52
419  1.00000000 0.4663089 0.024233423       0.5    0.18   0.30      0.52
420  0.15234375 0.4663089 0.024233423       0.5    0.18   0.30      0.52
421  0.28515625 0.4663089 0.024233423       0.5    0.18   0.30      0.52
422  0.17187500 0.4663089 0.024233423       0.5    0.18   0.30      0.52
423  0.21093750 0.4663089 0.024233423       0.5    0.18   0.30      0.52
424  0.16015625 0.4663089 0.024233423       0.5    0.18   0.30      0.52
425  0.04687500 0.4663089 0.024233423       0.5    0.18   0.30      0.52
426  1.00000000 0.4663089 0.024233423       0.5    0.18   0.30      0.52
427  0.11718750 0.4663089 0.024233423       0.5    0.18   0.30      0.52
428  1.00000000 0.4663089 0.024233423       0.5    0.18   0.30      0.52
429  0.05468750 0.4663089 0.024233423       0.5    0.18   0.30      0.52
430  1.00000000 0.4663089 0.024233423       0.5    0.18   0.30      0.52
431  1.00000000 0.4663089 0.024233423       0.5    0.18   0.30      0.52
432  0.09765625 0.4663089 0.024233423       0.5    0.18   0.30      0.52
433  0.30078125 0.4663089 0.024233423       0.5    0.18   0.30      0.52
434  1.00000000 0.4663089 0.024233423       0.5    0.18   0.30      0.52
435  1.00000000 0.4663089 0.024233423       0.5    0.18   0.30      0.52
436  0.11718750 0.4663089 0.024233423       0.5    0.18   0.30      0.52
437  1.00000000 0.4663089 0.024233423       0.5    0.18   0.30      0.52
438  1.00000000 0.4663089 0.024233423       0.5    0.18   0.30      0.52
439  0.07421875 0.4663089 0.024233423       0.5    0.18   0.30      0.52
440  1.00000000 0.4663089 0.024233423       0.5    0.18   0.30      0.52
441  1.00000000 0.4663089 0.024233423       0.5    0.18   0.30      0.52
442  0.04687500 0.4663089 0.024233423       0.5    0.18   0.30      0.52
443  0.14062500 0.4663089 0.024233423       0.5    0.18   0.30      0.52
444  0.17968750 0.4663089 0.024233423       0.5    0.18   0.30      0.52
445  0.28515625 0.4663089 0.024233423       0.5    0.18   0.30      0.52
446  1.00000000 0.4663089 0.024233423       0.5    0.18   0.30      0.52
447  0.22265625 0.4663089 0.024233423       0.5    0.18   0.30      0.52
448  1.00000000 0.4663089 0.024233423       0.5    0.18   0.30      0.52
449  1.00000000 0.4663089 0.024233423       0.5    0.18   0.30      0.52
450  1.00000000 0.4663089 0.024233423       0.5    0.18   0.30      0.52
451  1.00000000 0.4663089 0.024233423       0.5    0.18   0.30      0.52
452  1.00000000 0.4663089 0.024233423       0.5    0.18   0.30      0.52
453  0.07031250 0.4663089 0.024233423       0.5    0.18   0.30      0.52
454  0.27343750 0.4663089 0.024233423       0.5    0.18   0.30      0.52
455  0.10937500 0.4663089 0.024233423       0.5    0.18   0.30      0.52
456  1.00000000 0.4663089 0.024233423       0.5    0.18   0.30      0.52
457  0.03515625 0.4663089 0.024233423       0.5    0.18   0.30      0.52
458  1.00000000 0.4663089 0.024233423       0.5    0.18   0.30      0.52
459  0.08203125 0.4663089 0.024233423       0.5    0.18   0.30      0.52
460  1.00000000 0.4663089 0.024233423       0.5    0.18   0.30      0.52
461  1.00000000 0.4663089 0.024233423       0.5    0.18   0.30      0.52
462  1.00000000 0.4663089 0.024233423       0.5    0.18   0.30      0.52
463  0.10156250 0.4663089 0.024233423       0.5    0.18   0.30      0.52
464  1.00000000 0.4663089 0.024233423       0.5    0.18   0.30      0.52
465  1.00000000 0.4663089 0.024233423       0.5    0.18   0.30      0.52
466  0.14062500 0.4663089 0.024233423       0.5    0.18   0.30      0.52
467  0.22656250 0.4663089 0.024233423       0.5    0.18   0.30      0.52
468  1.00000000 0.4663089 0.024233423       0.5    0.18   0.30      0.52
469  0.31250000 0.4663089 0.024233423       0.5    0.18   0.30      0.52
470  1.00000000 0.4663089 0.024233423       0.5    0.18   0.30      0.52
471  0.18359375 0.4663089 0.024233423       0.5    0.18   0.30      0.52
472  0.16406250 0.4663089 0.024233423       0.5    0.18   0.30      0.52
473  0.05859375 0.4663089 0.024233423       0.5    0.18   0.30      0.52
474  1.00000000 0.4663089 0.024233423       0.5    0.18   0.30      0.52
475  0.28906250 0.4663089 0.024233423       0.5    0.18   0.30      0.52
476  1.00000000 0.4663089 0.024233423       0.5    0.18   0.30      0.52
477  0.22656250 0.4663089 0.024233423       0.5    0.18   0.30      0.52
478  1.00000000 0.4663089 0.024233423       0.5    0.18   0.30      0.52
479  1.00000000 0.4663089 0.024233423       0.5    0.18   0.30      0.52
480  1.00000000 0.4663089 0.024233423       0.5    0.18   0.30      0.52
481  0.04687500 0.4663089 0.024233423       0.5    0.18   0.30      0.52
482  1.00000000 0.4663089 0.024233423       0.5    0.18   0.30      0.52
483  0.17187500 0.4663089 0.024233423       0.5    0.18   0.30      0.52
484  1.00000000 0.4663089 0.024233423       0.5    0.18   0.30      0.52
485  1.00000000 0.4663089 0.024233423       0.5    0.18   0.30      0.52
486  0.16015625 0.4663089 0.024233423       0.5    0.18   0.30      0.52
487  1.00000000 0.4663089 0.024233423       0.5    0.18   0.30      0.52
488  1.00000000 0.4663089 0.024233423       0.5    0.18   0.30      0.52
489  1.00000000 0.4663089 0.024233423       0.5    0.18   0.30      0.52
490  0.20703125 0.4663089 0.024233423       0.5    0.18   0.30      0.52
491  0.13671875 0.4663089 0.024233423       0.5    0.18   0.30      0.52
492  1.00000000 0.4663089 0.024233423       0.5    0.18   0.30      0.52
493  1.00000000 0.4663089 0.024233423       0.5    0.18   0.30      0.52
494  0.10546875 0.4663089 0.024233423       0.5    0.18   0.30      0.52
495  0.14453125 0.4663089 0.024233423       0.5    0.18   0.30      0.52
496  0.16406250 0.4663089 0.024233423       0.5    0.18   0.30      0.52
497  1.00000000 0.4663089 0.024233423       0.5    0.18   0.30      0.52
498  0.04296875 0.4663089 0.024233423       0.5    0.18   0.30      0.52
499  0.05078125 0.4663089 0.024233423       0.5    0.18   0.30      0.52
500  1.00000000 0.4663089 0.024233423       0.5    0.18   0.30      0.52
501  1.00000000 0.3609808 0.016758304       0.5    0.44   0.19      0.37
502  1.00000000 0.3609808 0.016758304       0.5    0.44   0.19      0.37
503  0.04296875 0.3609808 0.016758304       0.5    0.44   0.19      0.37
504  1.00000000 0.3609808 0.016758304       0.5    0.44   0.19      0.37
505  0.10546875 0.3609808 0.016758304       0.5    0.44   0.19      0.37
506  1.00000000 0.3609808 0.016758304       0.5    0.44   0.19      0.37
507  1.00000000 0.3609808 0.016758304       0.5    0.44   0.19      0.37
508  0.02734375 0.3609808 0.016758304       0.5    0.44   0.19      0.37
509  0.07421875 0.3609808 0.016758304       0.5    0.44   0.19      0.37
510  0.08984375 0.3609808 0.016758304       0.5    0.44   0.19      0.37
511  0.08984375 0.3609808 0.016758304       0.5    0.44   0.19      0.37
512  1.00000000 0.3609808 0.016758304       0.5    0.44   0.19      0.37
513  1.00000000 0.3609808 0.016758304       0.5    0.44   0.19      0.37
514  0.08203125 0.3609808 0.016758304       0.5    0.44   0.19      0.37
515  0.17187500 0.3609808 0.016758304       0.5    0.44   0.19      0.37
516  1.00000000 0.3609808 0.016758304       0.5    0.44   0.19      0.37
517  0.04687500 0.3609808 0.016758304       0.5    0.44   0.19      0.37
518  0.06250000 0.3609808 0.016758304       0.5    0.44   0.19      0.37
519  0.07421875 0.3609808 0.016758304       0.5    0.44   0.19      0.37
520  1.00000000 0.3609808 0.016758304       0.5    0.44   0.19      0.37
521  1.00000000 0.3609808 0.016758304       0.5    0.44   0.19      0.37
522  0.06640625 0.3609808 0.016758304       0.5    0.44   0.19      0.37
523  0.10156250 0.3609808 0.016758304       0.5    0.44   0.19      0.37
524  0.15625000 0.3609808 0.016758304       0.5    0.44   0.19      0.37
525  1.00000000 0.3609808 0.016758304       0.5    0.44   0.19      0.37
526  0.06640625 0.3609808 0.016758304       0.5    0.44   0.19      0.37
527  0.13281250 0.3609808 0.016758304       0.5    0.44   0.19      0.37
528  0.25781250 0.3609808 0.016758304       0.5    0.44   0.19      0.37
529  0.15625000 0.3609808 0.016758304       0.5    0.44   0.19      0.37
530  0.03906250 0.3609808 0.016758304       0.5    0.44   0.19      0.37
531  0.08593750 0.3609808 0.016758304       0.5    0.44   0.19      0.37
532  0.16406250 0.3609808 0.016758304       0.5    0.44   0.19      0.37
533  0.05859375 0.3609808 0.016758304       0.5    0.44   0.19      0.37
534  0.08203125 0.3609808 0.016758304       0.5    0.44   0.19      0.37
535  0.03515625 0.3609808 0.016758304       0.5    0.44   0.19      0.37
536  0.07031250 0.3609808 0.016758304       0.5    0.44   0.19      0.37
537  0.07812500 0.3609808 0.016758304       0.5    0.44   0.19      0.37
538  1.00000000 0.3609808 0.016758304       0.5    0.44   0.19      0.37
539  1.00000000 0.3609808 0.016758304       0.5    0.44   0.19      0.37
540  0.05468750 0.3609808 0.016758304       0.5    0.44   0.19      0.37
541  1.00000000 0.3609808 0.016758304       0.5    0.44   0.19      0.37
542  1.00000000 0.3609808 0.016758304       0.5    0.44   0.19      0.37
543  1.00000000 0.3609808 0.016758304       0.5    0.44   0.19      0.37
544  0.09765625 0.3609808 0.016758304       0.5    0.44   0.19      0.37
545  0.14843750 0.3609808 0.016758304       0.5    0.44   0.19      0.37
546  1.00000000 0.3609808 0.016758304       0.5    0.44   0.19      0.37
547  1.00000000 0.3609808 0.016758304       0.5    0.44   0.19      0.37
548  1.00000000 0.3609808 0.016758304       0.5    0.44   0.19      0.37
549  1.00000000 0.3609808 0.016758304       0.5    0.44   0.19      0.37
550  0.30078125 0.3609808 0.016758304       0.5    0.44   0.19      0.37
551  1.00000000 0.3609808 0.016758304       0.5    0.44   0.19      0.37
552  0.03906250 0.3609808 0.016758304       0.5    0.44   0.19      0.37
553  0.25390625 0.3609808 0.016758304       0.5    0.44   0.19      0.37
554  1.00000000 0.3609808 0.016758304       0.5    0.44   0.19      0.37
555  0.12500000 0.3609808 0.016758304       0.5    0.44   0.19      0.37
556  1.00000000 0.3609808 0.016758304       0.5    0.44   0.19      0.37
557  0.01953125 0.3609808 0.016758304       0.5    0.44   0.19      0.37
558  0.03515625 0.3609808 0.016758304       0.5    0.44   0.19      0.37
559  0.21093750 0.3609808 0.016758304       0.5    0.44   0.19      0.37
560  0.15234375 0.3609808 0.016758304       0.5    0.44   0.19      0.37
561  0.18359375 0.3609808 0.016758304       0.5    0.44   0.19      0.37
562  0.29296875 0.3609808 0.016758304       0.5    0.44   0.19      0.37
563  0.06640625 0.3609808 0.016758304       0.5    0.44   0.19      0.37
564  0.09765625 0.3609808 0.016758304       0.5    0.44   0.19      0.37
565  0.11718750 0.3609808 0.016758304       0.5    0.44   0.19      0.37
566  0.01953125 0.3609808 0.016758304       0.5    0.44   0.19      0.37
567  0.05468750 0.3609808 0.016758304       0.5    0.44   0.19      0.37
568  0.05859375 0.3609808 0.016758304       0.5    0.44   0.19      0.37
569  0.07031250 0.3609808 0.016758304       0.5    0.44   0.19      0.37
570  0.22265625 0.3609808 0.016758304       0.5    0.44   0.19      0.37
571  0.10546875 0.3609808 0.016758304       0.5    0.44   0.19      0.37
572  0.01562500 0.3609808 0.016758304       0.5    0.44   0.19      0.37
573  0.08593750 0.3609808 0.016758304       0.5    0.44   0.19      0.37
574  1.00000000 0.3609808 0.016758304       0.5    0.44   0.19      0.37
575  1.00000000 0.3609808 0.016758304       0.5    0.44   0.19      0.37
576  0.04687500 0.3609808 0.016758304       0.5    0.44   0.19      0.37
577  1.00000000 0.3609808 0.016758304       0.5    0.44   0.19      0.37
578  1.00000000 0.3609808 0.016758304       0.5    0.44   0.19      0.37
579  1.00000000 0.3609808 0.016758304       0.5    0.44   0.19      0.37
580  0.15234375 0.3609808 0.016758304       0.5    0.44   0.19      0.37
581  0.12109375 0.3609808 0.016758304       0.5    0.44   0.19      0.37
582  1.00000000 0.3609808 0.016758304       0.5    0.44   0.19      0.37
583  0.10156250 0.3609808 0.016758304       0.5    0.44   0.19      0.37
584  0.28125000 0.3609808 0.016758304       0.5    0.44   0.19      0.37
585  0.05859375 0.3609808 0.016758304       0.5    0.44   0.19      0.37
586  0.08593750 0.3609808 0.016758304       0.5    0.44   0.19      0.37
587  1.00000000 0.3609808 0.016758304       0.5    0.44   0.19      0.37
588  1.00000000 0.3609808 0.016758304       0.5    0.44   0.19      0.37
589  0.15234375 0.3609808 0.016758304       0.5    0.44   0.19      0.37
590  1.00000000 0.3609808 0.016758304       0.5    0.44   0.19      0.37
591  1.00000000 0.3609808 0.016758304       0.5    0.44   0.19      0.37
592  0.20703125 0.3609808 0.016758304       0.5    0.44   0.19      0.37
593  1.00000000 0.3609808 0.016758304       0.5    0.44   0.19      0.37
594  0.03906250 0.3609808 0.016758304       0.5    0.44   0.19      0.37
595  0.08984375 0.3609808 0.016758304       0.5    0.44   0.19      0.37
596  0.07812500 0.3609808 0.016758304       0.5    0.44   0.19      0.37
597  0.05078125 0.3609808 0.016758304       0.5    0.44   0.19      0.37
598  1.00000000 0.3609808 0.016758304       0.5    0.44   0.19      0.37
599  1.00000000 0.3609808 0.016758304       0.5    0.44   0.19      0.37
600  1.00000000 0.3609808 0.016758304       0.5    0.44   0.19      0.37
601  0.30078125 0.4789661 0.027355887       0.5    0.24   0.24      0.52
602  0.08984375 0.4789661 0.027355887       0.5    0.24   0.24      0.52
603  0.12890625 0.4789661 0.027355887       0.5    0.24   0.24      0.52
604  0.57421875 0.4789661 0.027355887       0.5    0.24   0.24      0.52
605  1.00000000 0.4789661 0.027355887       0.5    0.24   0.24      0.52
606  0.24218750 0.4789661 0.027355887       0.5    0.24   0.24      0.52
607  1.00000000 0.4789661 0.027355887       0.5    0.24   0.24      0.52
608  1.00000000 0.4789661 0.027355887       0.5    0.24   0.24      0.52
609  1.00000000 0.4789661 0.027355887       0.5    0.24   0.24      0.52
610  1.00000000 0.4789661 0.027355887       0.5    0.24   0.24      0.52
611  1.00000000 0.4789661 0.027355887       0.5    0.24   0.24      0.52
612  0.13671875 0.4789661 0.027355887       0.5    0.24   0.24      0.52
613  1.00000000 0.4789661 0.027355887       0.5    0.24   0.24      0.52
614  0.10156250 0.4789661 0.027355887       0.5    0.24   0.24      0.52
615  0.10156250 0.4789661 0.027355887       0.5    0.24   0.24      0.52
616  1.00000000 0.4789661 0.027355887       0.5    0.24   0.24      0.52
617  0.11328125 0.4789661 0.027355887       0.5    0.24   0.24      0.52
618  1.00000000 0.4789661 0.027355887       0.5    0.24   0.24      0.52
619  1.00000000 0.4789661 0.027355887       0.5    0.24   0.24      0.52
620  0.06640625 0.4789661 0.027355887       0.5    0.24   0.24      0.52
621  0.10156250 0.4789661 0.027355887       0.5    0.24   0.24      0.52
622  1.00000000 0.4789661 0.027355887       0.5    0.24   0.24      0.52
623  0.12500000 0.4789661 0.027355887       0.5    0.24   0.24      0.52
624  1.00000000 0.4789661 0.027355887       0.5    0.24   0.24      0.52
625  0.54687500 0.4789661 0.027355887       0.5    0.24   0.24      0.52
626  1.00000000 0.4789661 0.027355887       0.5    0.24   0.24      0.52
627  0.13671875 0.4789661 0.027355887       0.5    0.24   0.24      0.52
628  0.12109375 0.4789661 0.027355887       0.5    0.24   0.24      0.52
629  0.12500000 0.4789661 0.027355887       0.5    0.24   0.24      0.52
630  1.00000000 0.4789661 0.027355887       0.5    0.24   0.24      0.52
631  1.00000000 0.4789661 0.027355887       0.5    0.24   0.24      0.52
632  0.10156250 0.4789661 0.027355887       0.5    0.24   0.24      0.52
633  1.00000000 0.4789661 0.027355887       0.5    0.24   0.24      0.52
634  1.00000000 0.4789661 0.027355887       0.5    0.24   0.24      0.52
635  0.10156250 0.4789661 0.027355887       0.5    0.24   0.24      0.52
636  1.00000000 0.4789661 0.027355887       0.5    0.24   0.24      0.52
637  0.09375000 0.4789661 0.027355887       0.5    0.24   0.24      0.52
638  0.07031250 0.4789661 0.027355887       0.5    0.24   0.24      0.52
639  1.00000000 0.4789661 0.027355887       0.5    0.24   0.24      0.52
640  1.00000000 0.4789661 0.027355887       0.5    0.24   0.24      0.52
641  1.00000000 0.4789661 0.027355887       0.5    0.24   0.24      0.52
642  0.10937500 0.4789661 0.027355887       0.5    0.24   0.24      0.52
643  1.00000000 0.4789661 0.027355887       0.5    0.24   0.24      0.52
644  0.18359375 0.4789661 0.027355887       0.5    0.24   0.24      0.52
645  1.00000000 0.4789661 0.027355887       0.5    0.24   0.24      0.52
646  1.00000000 0.4789661 0.027355887       0.5    0.24   0.24      0.52
647  1.00000000 0.4789661 0.027355887       0.5    0.24   0.24      0.52
648  0.17187500 0.4789661 0.027355887       0.5    0.24   0.24      0.52
649  0.08984375 0.4789661 0.027355887       0.5    0.24   0.24      0.52
650  0.15625000 0.4789661 0.027355887       0.5    0.24   0.24      0.52
651  1.00000000 0.4789661 0.027355887       0.5    0.24   0.24      0.52
652  1.00000000 0.4789661 0.027355887       0.5    0.24   0.24      0.52
653  0.09765625 0.4789661 0.027355887       0.5    0.24   0.24      0.52
654  1.00000000 0.4789661 0.027355887       0.5    0.24   0.24      0.52
655  1.00000000 0.4789661 0.027355887       0.5    0.24   0.24      0.52
656  1.00000000 0.4789661 0.027355887       0.5    0.24   0.24      0.52
657  1.00000000 0.4789661 0.027355887       0.5    0.24   0.24      0.52
658  1.00000000 0.4789661 0.027355887       0.5    0.24   0.24      0.52
659  1.00000000 0.4789661 0.027355887       0.5    0.24   0.24      0.52
660  0.64453125 0.4789661 0.027355887       0.5    0.24   0.24      0.52
661  0.14062500 0.4789661 0.027355887       0.5    0.24   0.24      0.52
662  1.00000000 0.4789661 0.027355887       0.5    0.24   0.24      0.52
663  1.00000000 0.4789661 0.027355887       0.5    0.24   0.24      0.52
664  0.24218750 0.4789661 0.027355887       0.5    0.24   0.24      0.52
665  0.10546875 0.4789661 0.027355887       0.5    0.24   0.24      0.52
666  1.00000000 0.4789661 0.027355887       0.5    0.24   0.24      0.52
667  1.00000000 0.4789661 0.027355887       0.5    0.24   0.24      0.52
668  0.07421875 0.4789661 0.027355887       0.5    0.24   0.24      0.52
669  0.20703125 0.4789661 0.027355887       0.5    0.24   0.24      0.52
670  0.20312500 0.4789661 0.027355887       0.5    0.24   0.24      0.52
671  0.25781250 0.4789661 0.027355887       0.5    0.24   0.24      0.52
672  0.22265625 0.4789661 0.027355887       0.5    0.24   0.24      0.52
673  0.10937500 0.4789661 0.027355887       0.5    0.24   0.24      0.52
674  1.00000000 0.4789661 0.027355887       0.5    0.24   0.24      0.52
675  0.06250000 0.4789661 0.027355887       0.5    0.24   0.24      0.52
676  1.00000000 0.4789661 0.027355887       0.5    0.24   0.24      0.52
677  0.21093750 0.4789661 0.027355887       0.5    0.24   0.24      0.52
678  1.00000000 0.4789661 0.027355887       0.5    0.24   0.24      0.52
679  0.25781250 0.4789661 0.027355887       0.5    0.24   0.24      0.52
680  0.07421875 0.4789661 0.027355887       0.5    0.24   0.24      0.52
681  1.00000000 0.4789661 0.027355887       0.5    0.24   0.24      0.52
682  1.00000000 0.4789661 0.027355887       0.5    0.24   0.24      0.52
683  1.00000000 0.4789661 0.027355887       0.5    0.24   0.24      0.52
684  1.00000000 0.4789661 0.027355887       0.5    0.24   0.24      0.52
685  1.00000000 0.4789661 0.027355887       0.5    0.24   0.24      0.52
686  0.08203125 0.4789661 0.027355887       0.5    0.24   0.24      0.52
687  0.18750000 0.4789661 0.027355887       0.5    0.24   0.24      0.52
688  1.00000000 0.4789661 0.027355887       0.5    0.24   0.24      0.52
689  0.10156250 0.4789661 0.027355887       0.5    0.24   0.24      0.52
690  1.00000000 0.4789661 0.027355887       0.5    0.24   0.24      0.52
691  0.17578125 0.4789661 0.027355887       0.5    0.24   0.24      0.52
692  0.19531250 0.4789661 0.027355887       0.5    0.24   0.24      0.52
693  1.00000000 0.4789661 0.027355887       0.5    0.24   0.24      0.52
694  1.00000000 0.4789661 0.027355887       0.5    0.24   0.24      0.52
695  0.07421875 0.4789661 0.027355887       0.5    0.24   0.24      0.52
696  1.00000000 0.4789661 0.027355887       0.5    0.24   0.24      0.52
697  0.41015625 0.4789661 0.027355887       0.5    0.24   0.24      0.52
698  1.00000000 0.4789661 0.027355887       0.5    0.24   0.24      0.52
699  1.00000000 0.4789661 0.027355887       0.5    0.24   0.24      0.52
700  0.08984375 0.4789661 0.027355887       0.5    0.24   0.24      0.52
701  1.00000000 0.4547883 0.025883008       0.5    0.26   0.28      0.46
702  0.49609375 0.4547883 0.025883008       0.5    0.26   0.28      0.46
703  1.00000000 0.4547883 0.025883008       0.5    0.26   0.28      0.46
704  1.00000000 0.4547883 0.025883008       0.5    0.26   0.28      0.46
705  1.00000000 0.4547883 0.025883008       0.5    0.26   0.28      0.46
706  1.00000000 0.4547883 0.025883008       0.5    0.26   0.28      0.46
707  1.00000000 0.4547883 0.025883008       0.5    0.26   0.28      0.46
708  1.00000000 0.4547883 0.025883008       0.5    0.26   0.28      0.46
709  0.11718750 0.4547883 0.025883008       0.5    0.26   0.28      0.46
710  1.00000000 0.4547883 0.025883008       0.5    0.26   0.28      0.46
711  1.00000000 0.4547883 0.025883008       0.5    0.26   0.28      0.46
712  1.00000000 0.4547883 0.025883008       0.5    0.26   0.28      0.46
713  1.00000000 0.4547883 0.025883008       0.5    0.26   0.28      0.46
714  0.56250000 0.4547883 0.025883008       0.5    0.26   0.28      0.46
715  0.35156250 0.4547883 0.025883008       0.5    0.26   0.28      0.46
716  0.10546875 0.4547883 0.025883008       0.5    0.26   0.28      0.46
717  0.20312500 0.4547883 0.025883008       0.5    0.26   0.28      0.46
718  1.00000000 0.4547883 0.025883008       0.5    0.26   0.28      0.46
719  1.00000000 0.4547883 0.025883008       0.5    0.26   0.28      0.46
720  0.11328125 0.4547883 0.025883008       0.5    0.26   0.28      0.46
721  0.20703125 0.4547883 0.025883008       0.5    0.26   0.28      0.46
722  0.17578125 0.4547883 0.025883008       0.5    0.26   0.28      0.46
723  0.18359375 0.4547883 0.025883008       0.5    0.26   0.28      0.46
724  0.29687500 0.4547883 0.025883008       0.5    0.26   0.28      0.46
725  0.54296875 0.4547883 0.025883008       0.5    0.26   0.28      0.46
726  1.00000000 0.4547883 0.025883008       0.5    0.26   0.28      0.46
727  0.18359375 0.4547883 0.025883008       0.5    0.26   0.28      0.46
728  1.00000000 0.4547883 0.025883008       0.5    0.26   0.28      0.46
729  1.00000000 0.4547883 0.025883008       0.5    0.26   0.28      0.46
730  0.22656250 0.4547883 0.025883008       0.5    0.26   0.28      0.46
731  0.12109375 0.4547883 0.025883008       0.5    0.26   0.28      0.46
732  0.05468750 0.4547883 0.025883008       0.5    0.26   0.28      0.46
733  0.26171875 0.4547883 0.025883008       0.5    0.26   0.28      0.46
734  0.18750000 0.4547883 0.025883008       0.5    0.26   0.28      0.46
735  0.16406250 0.4547883 0.025883008       0.5    0.26   0.28      0.46
736  0.43359375 0.4547883 0.025883008       0.5    0.26   0.28      0.46
737  1.00000000 0.4547883 0.025883008       0.5    0.26   0.28      0.46
738  0.12500000 0.4547883 0.025883008       0.5    0.26   0.28      0.46
739  0.59765625 0.4547883 0.025883008       0.5    0.26   0.28      0.46
740  1.00000000 0.4547883 0.025883008       0.5    0.26   0.28      0.46
741  0.09375000 0.4547883 0.025883008       0.5    0.26   0.28      0.46
742  0.06640625 0.4547883 0.025883008       0.5    0.26   0.28      0.46
743  1.00000000 0.4547883 0.025883008       0.5    0.26   0.28      0.46
744  0.22656250 0.4547883 0.025883008       0.5    0.26   0.28      0.46
745  0.12109375 0.4547883 0.025883008       0.5    0.26   0.28      0.46
746  1.00000000 0.4547883 0.025883008       0.5    0.26   0.28      0.46
747  0.16015625 0.4547883 0.025883008       0.5    0.26   0.28      0.46
748  0.09765625 0.4547883 0.025883008       0.5    0.26   0.28      0.46
749  1.00000000 0.4547883 0.025883008       0.5    0.26   0.28      0.46
750  1.00000000 0.4547883 0.025883008       0.5    0.26   0.28      0.46
751  1.00000000 0.4547883 0.025883008       0.5    0.26   0.28      0.46
752  1.00000000 0.4547883 0.025883008       0.5    0.26   0.28      0.46
753  0.25781250 0.4547883 0.025883008       0.5    0.26   0.28      0.46
754  1.00000000 0.4547883 0.025883008       0.5    0.26   0.28      0.46
755  0.06640625 0.4547883 0.025883008       0.5    0.26   0.28      0.46
756  0.24609375 0.4547883 0.025883008       0.5    0.26   0.28      0.46
757  0.08203125 0.4547883 0.025883008       0.5    0.26   0.28      0.46
758  0.15234375 0.4547883 0.025883008       0.5    0.26   0.28      0.46
759  1.00000000 0.4547883 0.025883008       0.5    0.26   0.28      0.46
760  0.14453125 0.4547883 0.025883008       0.5    0.26   0.28      0.46
761  1.00000000 0.4547883 0.025883008       0.5    0.26   0.28      0.46
762  0.53906250 0.4547883 0.025883008       0.5    0.26   0.28      0.46
763  0.14062500 0.4547883 0.025883008       0.5    0.26   0.28      0.46
764  1.00000000 0.4547883 0.025883008       0.5    0.26   0.28      0.46
765  1.00000000 0.4547883 0.025883008       0.5    0.26   0.28      0.46
766  0.12500000 0.4547883 0.025883008       0.5    0.26   0.28      0.46
767  0.10937500 0.4547883 0.025883008       0.5    0.26   0.28      0.46
768  1.00000000 0.4547883 0.025883008       0.5    0.26   0.28      0.46
769  0.07031250 0.4547883 0.025883008       0.5    0.26   0.28      0.46
770  1.00000000 0.4547883 0.025883008       0.5    0.26   0.28      0.46
771  1.00000000 0.4547883 0.025883008       0.5    0.26   0.28      0.46
772  1.00000000 0.4547883 0.025883008       0.5    0.26   0.28      0.46
773  1.00000000 0.4547883 0.025883008       0.5    0.26   0.28      0.46
774  1.00000000 0.4547883 0.025883008       0.5    0.26   0.28      0.46
775  0.54296875 0.4547883 0.025883008       0.5    0.26   0.28      0.46
776  0.17578125 0.4547883 0.025883008       0.5    0.26   0.28      0.46
777  0.18359375 0.4547883 0.025883008       0.5    0.26   0.28      0.46
778  1.00000000 0.4547883 0.025883008       0.5    0.26   0.28      0.46
779  0.32812500 0.4547883 0.025883008       0.5    0.26   0.28      0.46
780  0.25000000 0.4547883 0.025883008       0.5    0.26   0.28      0.46
781  0.14453125 0.4547883 0.025883008       0.5    0.26   0.28      0.46
782  1.00000000 0.4547883 0.025883008       0.5    0.26   0.28      0.46
783  0.13281250 0.4547883 0.025883008       0.5    0.26   0.28      0.46
784  0.10937500 0.4547883 0.025883008       0.5    0.26   0.28      0.46
785  1.00000000 0.4547883 0.025883008       0.5    0.26   0.28      0.46
786  1.00000000 0.4547883 0.025883008       0.5    0.26   0.28      0.46
787  0.27343750 0.4547883 0.025883008       0.5    0.26   0.28      0.46
788  0.14843750 0.4547883 0.025883008       0.5    0.26   0.28      0.46
789  1.00000000 0.4547883 0.025883008       0.5    0.26   0.28      0.46
790  1.00000000 0.4547883 0.025883008       0.5    0.26   0.28      0.46
791  1.00000000 0.4547883 0.025883008       0.5    0.26   0.28      0.46
792  0.16406250 0.4547883 0.025883008       0.5    0.26   0.28      0.46
793  1.00000000 0.4547883 0.025883008       0.5    0.26   0.28      0.46
794  0.35156250 0.4547883 0.025883008       0.5    0.26   0.28      0.46
795  0.20312500 0.4547883 0.025883008       0.5    0.26   0.28      0.46
796  0.04296875 0.4547883 0.025883008       0.5    0.26   0.28      0.46
797  1.00000000 0.4547883 0.025883008       0.5    0.26   0.28      0.46
798  1.00000000 0.4547883 0.025883008       0.5    0.26   0.28      0.46
799  0.27343750 0.4547883 0.025883008       0.5    0.26   0.28      0.46
800  1.00000000 0.4547883 0.025883008       0.5    0.26   0.28      0.46
801  1.00000000 0.3399617 0.012167315       0.5    0.41   0.22      0.37
802  1.00000000 0.3399617 0.012167315       0.5    0.41   0.22      0.37
803  0.10546875 0.3399617 0.012167315       0.5    0.41   0.22      0.37
804  0.02343750 0.3399617 0.012167315       0.5    0.41   0.22      0.37
805  0.34765625 0.3399617 0.012167315       0.5    0.41   0.22      0.37
806  0.00000000 0.3399617 0.012167315       0.5    0.41   0.22      0.37
807  0.01171875 0.3399617 0.012167315       0.5    0.41   0.22      0.37
808  0.02734375 0.3399617 0.012167315       0.5    0.41   0.22      0.37
809  1.00000000 0.3399617 0.012167315       0.5    0.41   0.22      0.37
810  1.00000000 0.3399617 0.012167315       0.5    0.41   0.22      0.37
811  1.00000000 0.3399617 0.012167315       0.5    0.41   0.22      0.37
812  1.00000000 0.3399617 0.012167315       0.5    0.41   0.22      0.37
813  0.07421875 0.3399617 0.012167315       0.5    0.41   0.22      0.37
814  0.07421875 0.3399617 0.012167315       0.5    0.41   0.22      0.37
815  1.00000000 0.3399617 0.012167315       0.5    0.41   0.22      0.37
816  1.00000000 0.3399617 0.012167315       0.5    0.41   0.22      0.37
817  1.00000000 0.3399617 0.012167315       0.5    0.41   0.22      0.37
818  1.00000000 0.3399617 0.012167315       0.5    0.41   0.22      0.37
819  0.13671875 0.3399617 0.012167315       0.5    0.41   0.22      0.37
820  0.07031250 0.3399617 0.012167315       0.5    0.41   0.22      0.37
821  0.04687500 0.3399617 0.012167315       0.5    0.41   0.22      0.37
822  1.00000000 0.3399617 0.012167315       0.5    0.41   0.22      0.37
823  0.03125000 0.3399617 0.012167315       0.5    0.41   0.22      0.37
824  0.05078125 0.3399617 0.012167315       0.5    0.41   0.22      0.37
825  0.02343750 0.3399617 0.012167315       0.5    0.41   0.22      0.37
826  0.02343750 0.3399617 0.012167315       0.5    0.41   0.22      0.37
827  1.00000000 0.3399617 0.012167315       0.5    0.41   0.22      0.37
828  0.12890625 0.3399617 0.012167315       0.5    0.41   0.22      0.37
829  0.00781250 0.3399617 0.012167315       0.5    0.41   0.22      0.37
830  0.08984375 0.3399617 0.012167315       0.5    0.41   0.22      0.37
831  0.08203125 0.3399617 0.012167315       0.5    0.41   0.22      0.37
832  1.00000000 0.3399617 0.012167315       0.5    0.41   0.22      0.37
833  0.04296875 0.3399617 0.012167315       0.5    0.41   0.22      0.37
834  0.12890625 0.3399617 0.012167315       0.5    0.41   0.22      0.37
835  0.11718750 0.3399617 0.012167315       0.5    0.41   0.22      0.37
836  0.06640625 0.3399617 0.012167315       0.5    0.41   0.22      0.37
837  0.08984375 0.3399617 0.012167315       0.5    0.41   0.22      0.37
838  0.13671875 0.3399617 0.012167315       0.5    0.41   0.22      0.37
839  0.07421875 0.3399617 0.012167315       0.5    0.41   0.22      0.37
840  0.00781250 0.3399617 0.012167315       0.5    0.41   0.22      0.37
841  1.00000000 0.3399617 0.012167315       0.5    0.41   0.22      0.37
842  0.05859375 0.3399617 0.012167315       0.5    0.41   0.22      0.37
843  0.07031250 0.3399617 0.012167315       0.5    0.41   0.22      0.37
844  1.00000000 0.3399617 0.012167315       0.5    0.41   0.22      0.37
845  0.02343750 0.3399617 0.012167315       0.5    0.41   0.22      0.37
846  0.28906250 0.3399617 0.012167315       0.5    0.41   0.22      0.37
847  0.03515625 0.3399617 0.012167315       0.5    0.41   0.22      0.37
848  0.08203125 0.3399617 0.012167315       0.5    0.41   0.22      0.37
849  0.03906250 0.3399617 0.012167315       0.5    0.41   0.22      0.37
850  1.00000000 0.3399617 0.012167315       0.5    0.41   0.22      0.37
851  0.07421875 0.3399617 0.012167315       0.5    0.41   0.22      0.37
852  1.00000000 0.3399617 0.012167315       0.5    0.41   0.22      0.37
853  0.08203125 0.3399617 0.012167315       0.5    0.41   0.22      0.37
854  0.15625000 0.3399617 0.012167315       0.5    0.41   0.22      0.37
855  1.00000000 0.3399617 0.012167315       0.5    0.41   0.22      0.37
856  0.03515625 0.3399617 0.012167315       0.5    0.41   0.22      0.37
857  1.00000000 0.3399617 0.012167315       0.5    0.41   0.22      0.37
858  0.02343750 0.3399617 0.012167315       0.5    0.41   0.22      0.37
859  0.01562500 0.3399617 0.012167315       0.5    0.41   0.22      0.37
860  0.13671875 0.3399617 0.012167315       0.5    0.41   0.22      0.37
861  0.03125000 0.3399617 0.012167315       0.5    0.41   0.22      0.37
862  0.05468750 0.3399617 0.012167315       0.5    0.41   0.22      0.37
863  0.54296875 0.3399617 0.012167315       0.5    0.41   0.22      0.37
864  0.12109375 0.3399617 0.012167315       0.5    0.41   0.22      0.37
865  0.04296875 0.3399617 0.012167315       0.5    0.41   0.22      0.37
866  1.00000000 0.3399617 0.012167315       0.5    0.41   0.22      0.37
867  1.00000000 0.3399617 0.012167315       0.5    0.41   0.22      0.37
868  1.00000000 0.3399617 0.012167315       0.5    0.41   0.22      0.37
869  0.01171875 0.3399617 0.012167315       0.5    0.41   0.22      0.37
870  0.10546875 0.3399617 0.012167315       0.5    0.41   0.22      0.37
871  1.00000000 0.3399617 0.012167315       0.5    0.41   0.22      0.37
872  0.09375000 0.3399617 0.012167315       0.5    0.41   0.22      0.37
873  1.00000000 0.3399617 0.012167315       0.5    0.41   0.22      0.37
874  0.09375000 0.3399617 0.012167315       0.5    0.41   0.22      0.37
875  1.00000000 0.3399617 0.012167315       0.5    0.41   0.22      0.37
876  1.00000000 0.3399617 0.012167315       0.5    0.41   0.22      0.37
877  0.02343750 0.3399617 0.012167315       0.5    0.41   0.22      0.37
878  0.02734375 0.3399617 0.012167315       0.5    0.41   0.22      0.37
879  0.57031250 0.3399617 0.012167315       0.5    0.41   0.22      0.37
880  1.00000000 0.3399617 0.012167315       0.5    0.41   0.22      0.37
881  0.03906250 0.3399617 0.012167315       0.5    0.41   0.22      0.37
882  1.00000000 0.3399617 0.012167315       0.5    0.41   0.22      0.37
883  0.07031250 0.3399617 0.012167315       0.5    0.41   0.22      0.37
884  0.04687500 0.3399617 0.012167315       0.5    0.41   0.22      0.37
885  0.01953125 0.3399617 0.012167315       0.5    0.41   0.22      0.37
886  0.03125000 0.3399617 0.012167315       0.5    0.41   0.22      0.37
887  1.00000000 0.3399617 0.012167315       0.5    0.41   0.22      0.37
888  0.03515625 0.3399617 0.012167315       0.5    0.41   0.22      0.37
889  0.16015625 0.3399617 0.012167315       0.5    0.41   0.22      0.37
890  1.00000000 0.3399617 0.012167315       0.5    0.41   0.22      0.37
891  1.00000000 0.3399617 0.012167315       0.5    0.41   0.22      0.37
892  0.03515625 0.3399617 0.012167315       0.5    0.41   0.22      0.37
893  1.00000000 0.3399617 0.012167315       0.5    0.41   0.22      0.37
894  1.00000000 0.3399617 0.012167315       0.5    0.41   0.22      0.37
895  1.00000000 0.3399617 0.012167315       0.5    0.41   0.22      0.37
896  1.00000000 0.3399617 0.012167315       0.5    0.41   0.22      0.37
897  0.01171875 0.3399617 0.012167315       0.5    0.41   0.22      0.37
898  1.00000000 0.3399617 0.012167315       0.5    0.41   0.22      0.37
899  0.02734375 0.3399617 0.012167315       0.5    0.41   0.22      0.37
900  1.00000000 0.3399617 0.012167315       0.5    0.41   0.22      0.37
901  0.29296875 0.4911473 0.015653968       0.5    0.35   0.18      0.47
902  1.00000000 0.4911473 0.015653968       0.5    0.35   0.18      0.47
903  1.00000000 0.4911473 0.015653968       0.5    0.35   0.18      0.47
904  1.00000000 0.4911473 0.015653968       0.5    0.35   0.18      0.47
905  0.10937500 0.4911473 0.015653968       0.5    0.35   0.18      0.47
906  0.07812500 0.4911473 0.015653968       0.5    0.35   0.18      0.47
907  1.00000000 0.4911473 0.015653968       0.5    0.35   0.18      0.47
908  0.08593750 0.4911473 0.015653968       0.5    0.35   0.18      0.47
909  0.06250000 0.4911473 0.015653968       0.5    0.35   0.18      0.47
910  1.00000000 0.4911473 0.015653968       0.5    0.35   0.18      0.47
911  1.00000000 0.4911473 0.015653968       0.5    0.35   0.18      0.47
912  0.08593750 0.4911473 0.015653968       0.5    0.35   0.18      0.47
913  0.05468750 0.4911473 0.015653968       0.5    0.35   0.18      0.47
914  0.03515625 0.4911473 0.015653968       0.5    0.35   0.18      0.47
915  0.27734375 0.4911473 0.015653968       0.5    0.35   0.18      0.47
916  1.00000000 0.4911473 0.015653968       0.5    0.35   0.18      0.47
917  1.00000000 0.4911473 0.015653968       0.5    0.35   0.18      0.47
918  1.00000000 0.4911473 0.015653968       0.5    0.35   0.18      0.47
919  0.27734375 0.4911473 0.015653968       0.5    0.35   0.18      0.47
920  1.00000000 0.4911473 0.015653968       0.5    0.35   0.18      0.47
921  0.07421875 0.4911473 0.015653968       0.5    0.35   0.18      0.47
922  0.03515625 0.4911473 0.015653968       0.5    0.35   0.18      0.47
923  1.00000000 0.4911473 0.015653968       0.5    0.35   0.18      0.47
924  0.03515625 0.4911473 0.015653968       0.5    0.35   0.18      0.47
925  0.03125000 0.4911473 0.015653968       0.5    0.35   0.18      0.47
926  0.64062500 0.4911473 0.015653968       0.5    0.35   0.18      0.47
927  0.28125000 0.4911473 0.015653968       0.5    0.35   0.18      0.47
928  0.10546875 0.4911473 0.015653968       0.5    0.35   0.18      0.47
929  0.05468750 0.4911473 0.015653968       0.5    0.35   0.18      0.47
930  1.00000000 0.4911473 0.015653968       0.5    0.35   0.18      0.47
931  1.00000000 0.4911473 0.015653968       0.5    0.35   0.18      0.47
932  0.07421875 0.4911473 0.015653968       0.5    0.35   0.18      0.47
933  0.19921875 0.4911473 0.015653968       0.5    0.35   0.18      0.47
934  0.28515625 0.4911473 0.015653968       0.5    0.35   0.18      0.47
935  0.06250000 0.4911473 0.015653968       0.5    0.35   0.18      0.47
936  1.00000000 0.4911473 0.015653968       0.5    0.35   0.18      0.47
937  1.00000000 0.4911473 0.015653968       0.5    0.35   0.18      0.47
938  1.00000000 0.4911473 0.015653968       0.5    0.35   0.18      0.47
939  0.05859375 0.4911473 0.015653968       0.5    0.35   0.18      0.47
940  1.00000000 0.4911473 0.015653968       0.5    0.35   0.18      0.47
941  0.13671875 0.4911473 0.015653968       0.5    0.35   0.18      0.47
942  1.00000000 0.4911473 0.015653968       0.5    0.35   0.18      0.47
943  0.07031250 0.4911473 0.015653968       0.5    0.35   0.18      0.47
944  0.12500000 0.4911473 0.015653968       0.5    0.35   0.18      0.47
945  1.00000000 0.4911473 0.015653968       0.5    0.35   0.18      0.47
946  1.00000000 0.4911473 0.015653968       0.5    0.35   0.18      0.47
947  1.00000000 0.4911473 0.015653968       0.5    0.35   0.18      0.47
948  0.08593750 0.4911473 0.015653968       0.5    0.35   0.18      0.47
949  1.00000000 0.4911473 0.015653968       0.5    0.35   0.18      0.47
950  1.00000000 0.4911473 0.015653968       0.5    0.35   0.18      0.47
951  0.01171875 0.4911473 0.015653968       0.5    0.35   0.18      0.47
952  1.00000000 0.4911473 0.015653968       0.5    0.35   0.18      0.47
953  0.55859375 0.4911473 0.015653968       0.5    0.35   0.18      0.47
954  1.00000000 0.4911473 0.015653968       0.5    0.35   0.18      0.47
955  0.03125000 0.4911473 0.015653968       0.5    0.35   0.18      0.47
956  0.13671875 0.4911473 0.015653968       0.5    0.35   0.18      0.47
957  0.05468750 0.4911473 0.015653968       0.5    0.35   0.18      0.47
958  0.07812500 0.4911473 0.015653968       0.5    0.35   0.18      0.47
959  1.00000000 0.4911473 0.015653968       0.5    0.35   0.18      0.47
960  1.00000000 0.4911473 0.015653968       0.5    0.35   0.18      0.47
961  1.00000000 0.4911473 0.015653968       0.5    0.35   0.18      0.47
962  1.00000000 0.4911473 0.015653968       0.5    0.35   0.18      0.47
963  0.28906250 0.4911473 0.015653968       0.5    0.35   0.18      0.47
964  1.00000000 0.4911473 0.015653968       0.5    0.35   0.18      0.47
965  0.08203125 0.4911473 0.015653968       0.5    0.35   0.18      0.47
966  1.00000000 0.4911473 0.015653968       0.5    0.35   0.18      0.47
967  0.13281250 0.4911473 0.015653968       0.5    0.35   0.18      0.47
968  1.00000000 0.4911473 0.015653968       0.5    0.35   0.18      0.47
969  1.00000000 0.4911473 0.015653968       0.5    0.35   0.18      0.47
970  1.00000000 0.4911473 0.015653968       0.5    0.35   0.18      0.47
971  0.03515625 0.4911473 0.015653968       0.5    0.35   0.18      0.47
972  0.06640625 0.4911473 0.015653968       0.5    0.35   0.18      0.47
973  1.00000000 0.4911473 0.015653968       0.5    0.35   0.18      0.47
974  0.07812500 0.4911473 0.015653968       0.5    0.35   0.18      0.47
975  0.04296875 0.4911473 0.015653968       0.5    0.35   0.18      0.47
976  1.00000000 0.4911473 0.015653968       0.5    0.35   0.18      0.47
977  0.15234375 0.4911473 0.015653968       0.5    0.35   0.18      0.47
978  1.00000000 0.4911473 0.015653968       0.5    0.35   0.18      0.47
979  1.00000000 0.4911473 0.015653968       0.5    0.35   0.18      0.47
980  1.00000000 0.4911473 0.015653968       0.5    0.35   0.18      0.47
981  1.00000000 0.4911473 0.015653968       0.5    0.35   0.18      0.47
982  1.00000000 0.4911473 0.015653968       0.5    0.35   0.18      0.47
983  0.10937500 0.4911473 0.015653968       0.5    0.35   0.18      0.47
984  1.00000000 0.4911473 0.015653968       0.5    0.35   0.18      0.47
985  1.00000000 0.4911473 0.015653968       0.5    0.35   0.18      0.47
986  1.00000000 0.4911473 0.015653968       0.5    0.35   0.18      0.47
987  0.06640625 0.4911473 0.015653968       0.5    0.35   0.18      0.47
988  0.09375000 0.4911473 0.015653968       0.5    0.35   0.18      0.47
989  0.04296875 0.4911473 0.015653968       0.5    0.35   0.18      0.47
990  1.00000000 0.4911473 0.015653968       0.5    0.35   0.18      0.47
991  0.10156250 0.4911473 0.015653968       0.5    0.35   0.18      0.47
992  0.03125000 0.4911473 0.015653968       0.5    0.35   0.18      0.47
993  0.01171875 0.4911473 0.015653968       0.5    0.35   0.18      0.47
994  0.02734375 0.4911473 0.015653968       0.5    0.35   0.18      0.47
995  0.15625000 0.4911473 0.015653968       0.5    0.35   0.18      0.47
996  0.07421875 0.4911473 0.015653968       0.5    0.35   0.18      0.47
997  1.00000000 0.4911473 0.015653968       0.5    0.35   0.18      0.47
998  0.12500000 0.4911473 0.015653968       0.5    0.35   0.18      0.47
999  0.19531250 0.4911473 0.015653968       0.5    0.35   0.18      0.47
1000 1.00000000 0.4911473 0.015653968       0.5    0.35   0.18      0.47
