      prop.aneu prob.meio   prob.mito dispersal euploid mosaic aneuploid
1    1.00000000 0.4312771 0.007926712       0.5    0.45   0.11      0.44
2    1.00000000 0.4312771 0.007926712       0.5    0.45   0.11      0.44
3    1.00000000 0.4312771 0.007926712       0.5    0.45   0.11      0.44
4    0.02734375 0.4312771 0.007926712       0.5    0.45   0.11      0.44
5    1.00000000 0.4312771 0.007926712       0.5    0.45   0.11      0.44
6    0.03906250 0.4312771 0.007926712       0.5    0.45   0.11      0.44
7    1.00000000 0.4312771 0.007926712       0.5    0.45   0.11      0.44
8    0.01562500 0.4312771 0.007926712       0.5    0.45   0.11      0.44
9    0.01562500 0.4312771 0.007926712       0.5    0.45   0.11      0.44
10   0.01562500 0.4312771 0.007926712       0.5    0.45   0.11      0.44
11   0.08984375 0.4312771 0.007926712       0.5    0.45   0.11      0.44
12   0.02343750 0.4312771 0.007926712       0.5    0.45   0.11      0.44
13   0.27343750 0.4312771 0.007926712       0.5    0.45   0.11      0.44
14   1.00000000 0.4312771 0.007926712       0.5    0.45   0.11      0.44
15   0.16796875 0.4312771 0.007926712       0.5    0.45   0.11      0.44
16   1.00000000 0.4312771 0.007926712       0.5    0.45   0.11      0.44
17   0.05468750 0.4312771 0.007926712       0.5    0.45   0.11      0.44
18   0.03906250 0.4312771 0.007926712       0.5    0.45   0.11      0.44
19   1.00000000 0.4312771 0.007926712       0.5    0.45   0.11      0.44
20   1.00000000 0.4312771 0.007926712       0.5    0.45   0.11      0.44
21   0.03906250 0.4312771 0.007926712       0.5    0.45   0.11      0.44
22   0.03515625 0.4312771 0.007926712       0.5    0.45   0.11      0.44
23   0.12109375 0.4312771 0.007926712       0.5    0.45   0.11      0.44
24   0.09375000 0.4312771 0.007926712       0.5    0.45   0.11      0.44
25   1.00000000 0.4312771 0.007926712       0.5    0.45   0.11      0.44
26   0.01562500 0.4312771 0.007926712       0.5    0.45   0.11      0.44
27   0.03125000 0.4312771 0.007926712       0.5    0.45   0.11      0.44
28   0.03906250 0.4312771 0.007926712       0.5    0.45   0.11      0.44
29   1.00000000 0.4312771 0.007926712       0.5    0.45   0.11      0.44
30   1.00000000 0.4312771 0.007926712       0.5    0.45   0.11      0.44
31   0.02343750 0.4312771 0.007926712       0.5    0.45   0.11      0.44
32   1.00000000 0.4312771 0.007926712       0.5    0.45   0.11      0.44
33   1.00000000 0.4312771 0.007926712       0.5    0.45   0.11      0.44
34   0.04296875 0.4312771 0.007926712       0.5    0.45   0.11      0.44
35   1.00000000 0.4312771 0.007926712       0.5    0.45   0.11      0.44
36   0.04687500 0.4312771 0.007926712       0.5    0.45   0.11      0.44
37   0.05078125 0.4312771 0.007926712       0.5    0.45   0.11      0.44
38   0.04687500 0.4312771 0.007926712       0.5    0.45   0.11      0.44
39   1.00000000 0.4312771 0.007926712       0.5    0.45   0.11      0.44
40   1.00000000 0.4312771 0.007926712       0.5    0.45   0.11      0.44
41   0.00390625 0.4312771 0.007926712       0.5    0.45   0.11      0.44
42   1.00000000 0.4312771 0.007926712       0.5    0.45   0.11      0.44
43   0.02734375 0.4312771 0.007926712       0.5    0.45   0.11      0.44
44   1.00000000 0.4312771 0.007926712       0.5    0.45   0.11      0.44
45   0.07812500 0.4312771 0.007926712       0.5    0.45   0.11      0.44
46   1.00000000 0.4312771 0.007926712       0.5    0.45   0.11      0.44
47   1.00000000 0.4312771 0.007926712       0.5    0.45   0.11      0.44
48   1.00000000 0.4312771 0.007926712       0.5    0.45   0.11      0.44
49   1.00000000 0.4312771 0.007926712       0.5    0.45   0.11      0.44
50   0.01562500 0.4312771 0.007926712       0.5    0.45   0.11      0.44
51   0.01562500 0.4312771 0.007926712       0.5    0.45   0.11      0.44
52   0.03906250 0.4312771 0.007926712       0.5    0.45   0.11      0.44
53   1.00000000 0.4312771 0.007926712       0.5    0.45   0.11      0.44
54   1.00000000 0.4312771 0.007926712       0.5    0.45   0.11      0.44
55   1.00000000 0.4312771 0.007926712       0.5    0.45   0.11      0.44
56   0.10546875 0.4312771 0.007926712       0.5    0.45   0.11      0.44
57   0.03515625 0.4312771 0.007926712       0.5    0.45   0.11      0.44
58   1.00000000 0.4312771 0.007926712       0.5    0.45   0.11      0.44
59   1.00000000 0.4312771 0.007926712       0.5    0.45   0.11      0.44
60   1.00000000 0.4312771 0.007926712       0.5    0.45   0.11      0.44
61   0.01953125 0.4312771 0.007926712       0.5    0.45   0.11      0.44
62   0.07031250 0.4312771 0.007926712       0.5    0.45   0.11      0.44
63   1.00000000 0.4312771 0.007926712       0.5    0.45   0.11      0.44
64   1.00000000 0.4312771 0.007926712       0.5    0.45   0.11      0.44
65   0.01562500 0.4312771 0.007926712       0.5    0.45   0.11      0.44
66   1.00000000 0.4312771 0.007926712       0.5    0.45   0.11      0.44
67   1.00000000 0.4312771 0.007926712       0.5    0.45   0.11      0.44
68   0.10546875 0.4312771 0.007926712       0.5    0.45   0.11      0.44
69   1.00000000 0.4312771 0.007926712       0.5    0.45   0.11      0.44
70   0.02343750 0.4312771 0.007926712       0.5    0.45   0.11      0.44
71   0.00390625 0.4312771 0.007926712       0.5    0.45   0.11      0.44
72   0.05078125 0.4312771 0.007926712       0.5    0.45   0.11      0.44
73   0.26953125 0.4312771 0.007926712       0.5    0.45   0.11      0.44
74   0.02734375 0.4312771 0.007926712       0.5    0.45   0.11      0.44
75   0.03515625 0.4312771 0.007926712       0.5    0.45   0.11      0.44
76   1.00000000 0.4312771 0.007926712       0.5    0.45   0.11      0.44
77   0.04687500 0.4312771 0.007926712       0.5    0.45   0.11      0.44
78   1.00000000 0.4312771 0.007926712       0.5    0.45   0.11      0.44
79   0.10546875 0.4312771 0.007926712       0.5    0.45   0.11      0.44
80   0.03125000 0.4312771 0.007926712       0.5    0.45   0.11      0.44
81   1.00000000 0.4312771 0.007926712       0.5    0.45   0.11      0.44
82   0.03515625 0.4312771 0.007926712       0.5    0.45   0.11      0.44
83   1.00000000 0.4312771 0.007926712       0.5    0.45   0.11      0.44
84   1.00000000 0.4312771 0.007926712       0.5    0.45   0.11      0.44
85   0.03125000 0.4312771 0.007926712       0.5    0.45   0.11      0.44
86   1.00000000 0.4312771 0.007926712       0.5    0.45   0.11      0.44
87   0.02734375 0.4312771 0.007926712       0.5    0.45   0.11      0.44
88   0.07812500 0.4312771 0.007926712       0.5    0.45   0.11      0.44
89   1.00000000 0.4312771 0.007926712       0.5    0.45   0.11      0.44
90   0.01171875 0.4312771 0.007926712       0.5    0.45   0.11      0.44
91   0.03906250 0.4312771 0.007926712       0.5    0.45   0.11      0.44
92   0.15234375 0.4312771 0.007926712       0.5    0.45   0.11      0.44
93   0.07421875 0.4312771 0.007926712       0.5    0.45   0.11      0.44
94   1.00000000 0.4312771 0.007926712       0.5    0.45   0.11      0.44
95   1.00000000 0.4312771 0.007926712       0.5    0.45   0.11      0.44
96   0.02343750 0.4312771 0.007926712       0.5    0.45   0.11      0.44
97   0.03515625 0.4312771 0.007926712       0.5    0.45   0.11      0.44
98   0.10156250 0.4312771 0.007926712       0.5    0.45   0.11      0.44
99   1.00000000 0.4312771 0.007926712       0.5    0.45   0.11      0.44
100  0.02734375 0.4312771 0.007926712       0.5    0.45   0.11      0.44
101  1.00000000 0.4643537 0.022230074       0.5    0.22   0.28      0.50
102  0.14062500 0.4643537 0.022230074       0.5    0.22   0.28      0.50
103  0.05468750 0.4643537 0.022230074       0.5    0.22   0.28      0.50
104  0.02734375 0.4643537 0.022230074       0.5    0.22   0.28      0.50
105  0.03515625 0.4643537 0.022230074       0.5    0.22   0.28      0.50
106  0.53906250 0.4643537 0.022230074       0.5    0.22   0.28      0.50
107  1.00000000 0.4643537 0.022230074       0.5    0.22   0.28      0.50
108  1.00000000 0.4643537 0.022230074       0.5    0.22   0.28      0.50
109  0.11718750 0.4643537 0.022230074       0.5    0.22   0.28      0.50
110  1.00000000 0.4643537 0.022230074       0.5    0.22   0.28      0.50
111  0.17187500 0.4643537 0.022230074       0.5    0.22   0.28      0.50
112  0.07812500 0.4643537 0.022230074       0.5    0.22   0.28      0.50
113  0.18750000 0.4643537 0.022230074       0.5    0.22   0.28      0.50
114  0.06250000 0.4643537 0.022230074       0.5    0.22   0.28      0.50
115  0.12890625 0.4643537 0.022230074       0.5    0.22   0.28      0.50
116  0.05468750 0.4643537 0.022230074       0.5    0.22   0.28      0.50
117  0.17578125 0.4643537 0.022230074       0.5    0.22   0.28      0.50
118  1.00000000 0.4643537 0.022230074       0.5    0.22   0.28      0.50
119  0.16796875 0.4643537 0.022230074       0.5    0.22   0.28      0.50
120  1.00000000 0.4643537 0.022230074       0.5    0.22   0.28      0.50
121  0.28906250 0.4643537 0.022230074       0.5    0.22   0.28      0.50
122  0.10937500 0.4643537 0.022230074       0.5    0.22   0.28      0.50
123  1.00000000 0.4643537 0.022230074       0.5    0.22   0.28      0.50
124  0.10937500 0.4643537 0.022230074       0.5    0.22   0.28      0.50
125  1.00000000 0.4643537 0.022230074       0.5    0.22   0.28      0.50
126  1.00000000 0.4643537 0.022230074       0.5    0.22   0.28      0.50
127  1.00000000 0.4643537 0.022230074       0.5    0.22   0.28      0.50
128  1.00000000 0.4643537 0.022230074       0.5    0.22   0.28      0.50
129  0.14453125 0.4643537 0.022230074       0.5    0.22   0.28      0.50
130  1.00000000 0.4643537 0.022230074       0.5    0.22   0.28      0.50
131  1.00000000 0.4643537 0.022230074       0.5    0.22   0.28      0.50
132  0.34375000 0.4643537 0.022230074       0.5    0.22   0.28      0.50
133  1.00000000 0.4643537 0.022230074       0.5    0.22   0.28      0.50
134  0.32031250 0.4643537 0.022230074       0.5    0.22   0.28      0.50
135  1.00000000 0.4643537 0.022230074       0.5    0.22   0.28      0.50
136  0.30859375 0.4643537 0.022230074       0.5    0.22   0.28      0.50
137  1.00000000 0.4643537 0.022230074       0.5    0.22   0.28      0.50
138  1.00000000 0.4643537 0.022230074       0.5    0.22   0.28      0.50
139  0.06640625 0.4643537 0.022230074       0.5    0.22   0.28      0.50
140  1.00000000 0.4643537 0.022230074       0.5    0.22   0.28      0.50
141  0.11328125 0.4643537 0.022230074       0.5    0.22   0.28      0.50
142  1.00000000 0.4643537 0.022230074       0.5    0.22   0.28      0.50
143  1.00000000 0.4643537 0.022230074       0.5    0.22   0.28      0.50
144  0.62890625 0.4643537 0.022230074       0.5    0.22   0.28      0.50
145  0.55859375 0.4643537 0.022230074       0.5    0.22   0.28      0.50
146  0.18750000 0.4643537 0.022230074       0.5    0.22   0.28      0.50
147  0.11718750 0.4643537 0.022230074       0.5    0.22   0.28      0.50
148  0.55078125 0.4643537 0.022230074       0.5    0.22   0.28      0.50
149  0.06640625 0.4643537 0.022230074       0.5    0.22   0.28      0.50
150  1.00000000 0.4643537 0.022230074       0.5    0.22   0.28      0.50
151  0.04687500 0.4643537 0.022230074       0.5    0.22   0.28      0.50
152  1.00000000 0.4643537 0.022230074       0.5    0.22   0.28      0.50
153  0.10156250 0.4643537 0.022230074       0.5    0.22   0.28      0.50
154  1.00000000 0.4643537 0.022230074       0.5    0.22   0.28      0.50
155  0.04687500 0.4643537 0.022230074       0.5    0.22   0.28      0.50
156  1.00000000 0.4643537 0.022230074       0.5    0.22   0.28      0.50
157  1.00000000 0.4643537 0.022230074       0.5    0.22   0.28      0.50
158  1.00000000 0.4643537 0.022230074       0.5    0.22   0.28      0.50
159  1.00000000 0.4643537 0.022230074       0.5    0.22   0.28      0.50
160  0.05078125 0.4643537 0.022230074       0.5    0.22   0.28      0.50
161  0.27734375 0.4643537 0.022230074       0.5    0.22   0.28      0.50
162  1.00000000 0.4643537 0.022230074       0.5    0.22   0.28      0.50
163  1.00000000 0.4643537 0.022230074       0.5    0.22   0.28      0.50
164  1.00000000 0.4643537 0.022230074       0.5    0.22   0.28      0.50
165  1.00000000 0.4643537 0.022230074       0.5    0.22   0.28      0.50
166  0.08984375 0.4643537 0.022230074       0.5    0.22   0.28      0.50
167  0.13281250 0.4643537 0.022230074       0.5    0.22   0.28      0.50
168  1.00000000 0.4643537 0.022230074       0.5    0.22   0.28      0.50
169  0.07421875 0.4643537 0.022230074       0.5    0.22   0.28      0.50
170  0.13281250 0.4643537 0.022230074       0.5    0.22   0.28      0.50
171  1.00000000 0.4643537 0.022230074       0.5    0.22   0.28      0.50
172  1.00000000 0.4643537 0.022230074       0.5    0.22   0.28      0.50
173  1.00000000 0.4643537 0.022230074       0.5    0.22   0.28      0.50
174  1.00000000 0.4643537 0.022230074       0.5    0.22   0.28      0.50
175  0.14843750 0.4643537 0.022230074       0.5    0.22   0.28      0.50
176  1.00000000 0.4643537 0.022230074       0.5    0.22   0.28      0.50
177  0.09375000 0.4643537 0.022230074       0.5    0.22   0.28      0.50
178  0.23828125 0.4643537 0.022230074       0.5    0.22   0.28      0.50
179  1.00000000 0.4643537 0.022230074       0.5    0.22   0.28      0.50
180  1.00000000 0.4643537 0.022230074       0.5    0.22   0.28      0.50
181  0.24218750 0.4643537 0.022230074       0.5    0.22   0.28      0.50
182  0.03906250 0.4643537 0.022230074       0.5    0.22   0.28      0.50
183  0.80078125 0.4643537 0.022230074       0.5    0.22   0.28      0.50
184  1.00000000 0.4643537 0.022230074       0.5    0.22   0.28      0.50
185  1.00000000 0.4643537 0.022230074       0.5    0.22   0.28      0.50
186  1.00000000 0.4643537 0.022230074       0.5    0.22   0.28      0.50
187  0.17187500 0.4643537 0.022230074       0.5    0.22   0.28      0.50
188  0.08593750 0.4643537 0.022230074       0.5    0.22   0.28      0.50
189  0.16406250 0.4643537 0.022230074       0.5    0.22   0.28      0.50
190  0.04687500 0.4643537 0.022230074       0.5    0.22   0.28      0.50
191  1.00000000 0.4643537 0.022230074       0.5    0.22   0.28      0.50
192  0.11328125 0.4643537 0.022230074       0.5    0.22   0.28      0.50
193  0.12109375 0.4643537 0.022230074       0.5    0.22   0.28      0.50
194  0.34375000 0.4643537 0.022230074       0.5    0.22   0.28      0.50
195  0.12890625 0.4643537 0.022230074       0.5    0.22   0.28      0.50
196  1.00000000 0.4643537 0.022230074       0.5    0.22   0.28      0.50
197  1.00000000 0.4643537 0.022230074       0.5    0.22   0.28      0.50
198  1.00000000 0.4643537 0.022230074       0.5    0.22   0.28      0.50
199  1.00000000 0.4643537 0.022230074       0.5    0.22   0.28      0.50
200  1.00000000 0.4643537 0.022230074       0.5    0.22   0.28      0.50
201  0.67578125 0.3538101 0.035527145       0.5    0.16   0.43      0.41
202  1.00000000 0.3538101 0.035527145       0.5    0.16   0.43      0.41
203  0.20312500 0.3538101 0.035527145       0.5    0.16   0.43      0.41
204  0.39843750 0.3538101 0.035527145       0.5    0.16   0.43      0.41
205  0.17187500 0.3538101 0.035527145       0.5    0.16   0.43      0.41
206  1.00000000 0.3538101 0.035527145       0.5    0.16   0.43      0.41
207  1.00000000 0.3538101 0.035527145       0.5    0.16   0.43      0.41
208  1.00000000 0.3538101 0.035527145       0.5    0.16   0.43      0.41
209  0.32812500 0.3538101 0.035527145       0.5    0.16   0.43      0.41
210  1.00000000 0.3538101 0.035527145       0.5    0.16   0.43      0.41
211  1.00000000 0.3538101 0.035527145       0.5    0.16   0.43      0.41
212  0.18359375 0.3538101 0.035527145       0.5    0.16   0.43      0.41
213  0.42578125 0.3538101 0.035527145       0.5    0.16   0.43      0.41
214  1.00000000 0.3538101 0.035527145       0.5    0.16   0.43      0.41
215  1.00000000 0.3538101 0.035527145       0.5    0.16   0.43      0.41
216  0.53515625 0.3538101 0.035527145       0.5    0.16   0.43      0.41
217  1.00000000 0.3538101 0.035527145       0.5    0.16   0.43      0.41
218  0.21875000 0.3538101 0.035527145       0.5    0.16   0.43      0.41
219  0.11328125 0.3538101 0.035527145       0.5    0.16   0.43      0.41
220  0.33203125 0.3538101 0.035527145       0.5    0.16   0.43      0.41
221  0.43750000 0.3538101 0.035527145       0.5    0.16   0.43      0.41
222  1.00000000 0.3538101 0.035527145       0.5    0.16   0.43      0.41
223  0.77343750 0.3538101 0.035527145       0.5    0.16   0.43      0.41
224  1.00000000 0.3538101 0.035527145       0.5    0.16   0.43      0.41
225  0.08203125 0.3538101 0.035527145       0.5    0.16   0.43      0.41
226  0.33593750 0.3538101 0.035527145       0.5    0.16   0.43      0.41
227  1.00000000 0.3538101 0.035527145       0.5    0.16   0.43      0.41
228  1.00000000 0.3538101 0.035527145       0.5    0.16   0.43      0.41
229  1.00000000 0.3538101 0.035527145       0.5    0.16   0.43      0.41
230  0.10546875 0.3538101 0.035527145       0.5    0.16   0.43      0.41
231  1.00000000 0.3538101 0.035527145       0.5    0.16   0.43      0.41
232  0.17578125 0.3538101 0.035527145       0.5    0.16   0.43      0.41
233  0.53906250 0.3538101 0.035527145       0.5    0.16   0.43      0.41
234  1.00000000 0.3538101 0.035527145       0.5    0.16   0.43      0.41
235  0.24218750 0.3538101 0.035527145       0.5    0.16   0.43      0.41
236  0.25781250 0.3538101 0.035527145       0.5    0.16   0.43      0.41
237  0.23437500 0.3538101 0.035527145       0.5    0.16   0.43      0.41
238  0.28125000 0.3538101 0.035527145       0.5    0.16   0.43      0.41
239  1.00000000 0.3538101 0.035527145       0.5    0.16   0.43      0.41
240  1.00000000 0.3538101 0.035527145       0.5    0.16   0.43      0.41
241  0.24609375 0.3538101 0.035527145       0.5    0.16   0.43      0.41
242  0.23828125 0.3538101 0.035527145       0.5    0.16   0.43      0.41
243  1.00000000 0.3538101 0.035527145       0.5    0.16   0.43      0.41
244  1.00000000 0.3538101 0.035527145       0.5    0.16   0.43      0.41
245  0.26562500 0.3538101 0.035527145       0.5    0.16   0.43      0.41
246  0.18359375 0.3538101 0.035527145       0.5    0.16   0.43      0.41
247  1.00000000 0.3538101 0.035527145       0.5    0.16   0.43      0.41
248  1.00000000 0.3538101 0.035527145       0.5    0.16   0.43      0.41
249  0.11328125 0.3538101 0.035527145       0.5    0.16   0.43      0.41
250  1.00000000 0.3538101 0.035527145       0.5    0.16   0.43      0.41
251  0.20312500 0.3538101 0.035527145       0.5    0.16   0.43      0.41
252  1.00000000 0.3538101 0.035527145       0.5    0.16   0.43      0.41
253  0.14062500 0.3538101 0.035527145       0.5    0.16   0.43      0.41
254  0.20703125 0.3538101 0.035527145       0.5    0.16   0.43      0.41
255  0.29296875 0.3538101 0.035527145       0.5    0.16   0.43      0.41
256  0.12109375 0.3538101 0.035527145       0.5    0.16   0.43      0.41
257  0.30078125 0.3538101 0.035527145       0.5    0.16   0.43      0.41
258  0.16796875 0.3538101 0.035527145       0.5    0.16   0.43      0.41
259  0.37500000 0.3538101 0.035527145       0.5    0.16   0.43      0.41
260  1.00000000 0.3538101 0.035527145       0.5    0.16   0.43      0.41
261  1.00000000 0.3538101 0.035527145       0.5    0.16   0.43      0.41
262  0.23437500 0.3538101 0.035527145       0.5    0.16   0.43      0.41
263  0.35546875 0.3538101 0.035527145       0.5    0.16   0.43      0.41
264  0.35156250 0.3538101 0.035527145       0.5    0.16   0.43      0.41
265  1.00000000 0.3538101 0.035527145       0.5    0.16   0.43      0.41
266  0.28515625 0.3538101 0.035527145       0.5    0.16   0.43      0.41
267  1.00000000 0.3538101 0.035527145       0.5    0.16   0.43      0.41
268  0.50390625 0.3538101 0.035527145       0.5    0.16   0.43      0.41
269  1.00000000 0.3538101 0.035527145       0.5    0.16   0.43      0.41
270  0.04296875 0.3538101 0.035527145       0.5    0.16   0.43      0.41
271  1.00000000 0.3538101 0.035527145       0.5    0.16   0.43      0.41
272  0.33984375 0.3538101 0.035527145       0.5    0.16   0.43      0.41
273  0.23828125 0.3538101 0.035527145       0.5    0.16   0.43      0.41
274  0.15234375 0.3538101 0.035527145       0.5    0.16   0.43      0.41
275  0.12890625 0.3538101 0.035527145       0.5    0.16   0.43      0.41
276  0.30078125 0.3538101 0.035527145       0.5    0.16   0.43      0.41
277  0.21875000 0.3538101 0.035527145       0.5    0.16   0.43      0.41
278  0.55859375 0.3538101 0.035527145       0.5    0.16   0.43      0.41
279  0.12890625 0.3538101 0.035527145       0.5    0.16   0.43      0.41
280  0.18750000 0.3538101 0.035527145       0.5    0.16   0.43      0.41
281  0.11328125 0.3538101 0.035527145       0.5    0.16   0.43      0.41
282  0.19531250 0.3538101 0.035527145       0.5    0.16   0.43      0.41
283  0.27734375 0.3538101 0.035527145       0.5    0.16   0.43      0.41
284  1.00000000 0.3538101 0.035527145       0.5    0.16   0.43      0.41
285  1.00000000 0.3538101 0.035527145       0.5    0.16   0.43      0.41
286  0.10156250 0.3538101 0.035527145       0.5    0.16   0.43      0.41
287  0.35546875 0.3538101 0.035527145       0.5    0.16   0.43      0.41
288  0.18750000 0.3538101 0.035527145       0.5    0.16   0.43      0.41
289  0.09765625 0.3538101 0.035527145       0.5    0.16   0.43      0.41
290  1.00000000 0.3538101 0.035527145       0.5    0.16   0.43      0.41
291  1.00000000 0.3538101 0.035527145       0.5    0.16   0.43      0.41
292  1.00000000 0.3538101 0.035527145       0.5    0.16   0.43      0.41
293  1.00000000 0.3538101 0.035527145       0.5    0.16   0.43      0.41
294  1.00000000 0.3538101 0.035527145       0.5    0.16   0.43      0.41
295  1.00000000 0.3538101 0.035527145       0.5    0.16   0.43      0.41
296  1.00000000 0.3538101 0.035527145       0.5    0.16   0.43      0.41
297  1.00000000 0.3538101 0.035527145       0.5    0.16   0.43      0.41
298  0.20312500 0.3538101 0.035527145       0.5    0.16   0.43      0.41
299  0.50000000 0.3538101 0.035527145       0.5    0.16   0.43      0.41
300  1.00000000 0.3538101 0.035527145       0.5    0.16   0.43      0.41
301  0.02734375 0.2187489 0.010553917       0.5    0.50   0.26      0.24
302  0.03906250 0.2187489 0.010553917       0.5    0.50   0.26      0.24
303  0.52734375 0.2187489 0.010553917       0.5    0.50   0.26      0.24
304  0.26562500 0.2187489 0.010553917       0.5    0.50   0.26      0.24
305  0.05078125 0.2187489 0.010553917       0.5    0.50   0.26      0.24
306  0.05468750 0.2187489 0.010553917       0.5    0.50   0.26      0.24
307  0.21875000 0.2187489 0.010553917       0.5    0.50   0.26      0.24
308  0.00781250 0.2187489 0.010553917       0.5    0.50   0.26      0.24
309  0.01562500 0.2187489 0.010553917       0.5    0.50   0.26      0.24
310  0.05859375 0.2187489 0.010553917       0.5    0.50   0.26      0.24
311  1.00000000 0.2187489 0.010553917       0.5    0.50   0.26      0.24
312  0.11328125 0.2187489 0.010553917       0.5    0.50   0.26      0.24
313  0.02343750 0.2187489 0.010553917       0.5    0.50   0.26      0.24
314  0.05859375 0.2187489 0.010553917       0.5    0.50   0.26      0.24
315  0.01562500 0.2187489 0.010553917       0.5    0.50   0.26      0.24
316  0.15625000 0.2187489 0.010553917       0.5    0.50   0.26      0.24
317  0.05859375 0.2187489 0.010553917       0.5    0.50   0.26      0.24
318  0.08203125 0.2187489 0.010553917       0.5    0.50   0.26      0.24
319  0.00390625 0.2187489 0.010553917       0.5    0.50   0.26      0.24
320  1.00000000 0.2187489 0.010553917       0.5    0.50   0.26      0.24
321  1.00000000 0.2187489 0.010553917       0.5    0.50   0.26      0.24
322  0.09765625 0.2187489 0.010553917       0.5    0.50   0.26      0.24
323  1.00000000 0.2187489 0.010553917       0.5    0.50   0.26      0.24
324  0.04296875 0.2187489 0.010553917       0.5    0.50   0.26      0.24
325  0.08984375 0.2187489 0.010553917       0.5    0.50   0.26      0.24
326  0.03906250 0.2187489 0.010553917       0.5    0.50   0.26      0.24
327  0.05078125 0.2187489 0.010553917       0.5    0.50   0.26      0.24
328  0.17578125 0.2187489 0.010553917       0.5    0.50   0.26      0.24
329  0.03125000 0.2187489 0.010553917       0.5    0.50   0.26      0.24
330  0.16015625 0.2187489 0.010553917       0.5    0.50   0.26      0.24
331  0.13281250 0.2187489 0.010553917       0.5    0.50   0.26      0.24
332  0.03515625 0.2187489 0.010553917       0.5    0.50   0.26      0.24
333  0.05859375 0.2187489 0.010553917       0.5    0.50   0.26      0.24
334  0.02343750 0.2187489 0.010553917       0.5    0.50   0.26      0.24
335  1.00000000 0.2187489 0.010553917       0.5    0.50   0.26      0.24
336  1.00000000 0.2187489 0.010553917       0.5    0.50   0.26      0.24
337  1.00000000 0.2187489 0.010553917       0.5    0.50   0.26      0.24
338  1.00000000 0.2187489 0.010553917       0.5    0.50   0.26      0.24
339  1.00000000 0.2187489 0.010553917       0.5    0.50   0.26      0.24
340  1.00000000 0.2187489 0.010553917       0.5    0.50   0.26      0.24
341  0.54296875 0.2187489 0.010553917       0.5    0.50   0.26      0.24
342  0.04296875 0.2187489 0.010553917       0.5    0.50   0.26      0.24
343  0.04687500 0.2187489 0.010553917       0.5    0.50   0.26      0.24
344  1.00000000 0.2187489 0.010553917       0.5    0.50   0.26      0.24
345  0.02343750 0.2187489 0.010553917       0.5    0.50   0.26      0.24
346  0.01953125 0.2187489 0.010553917       0.5    0.50   0.26      0.24
347  1.00000000 0.2187489 0.010553917       0.5    0.50   0.26      0.24
348  0.06250000 0.2187489 0.010553917       0.5    0.50   0.26      0.24
349  0.13281250 0.2187489 0.010553917       0.5    0.50   0.26      0.24
350  0.01953125 0.2187489 0.010553917       0.5    0.50   0.26      0.24
351  0.14843750 0.2187489 0.010553917       0.5    0.50   0.26      0.24
352  0.32031250 0.2187489 0.010553917       0.5    0.50   0.26      0.24
353  0.01171875 0.2187489 0.010553917       0.5    0.50   0.26      0.24
354  1.00000000 0.2187489 0.010553917       0.5    0.50   0.26      0.24
355  1.00000000 0.2187489 0.010553917       0.5    0.50   0.26      0.24
356  0.08203125 0.2187489 0.010553917       0.5    0.50   0.26      0.24
357  0.04296875 0.2187489 0.010553917       0.5    0.50   0.26      0.24
358  0.00781250 0.2187489 0.010553917       0.5    0.50   0.26      0.24
359  0.09375000 0.2187489 0.010553917       0.5    0.50   0.26      0.24
360  0.03906250 0.2187489 0.010553917       0.5    0.50   0.26      0.24
361  0.01562500 0.2187489 0.010553917       0.5    0.50   0.26      0.24
362  1.00000000 0.2187489 0.010553917       0.5    0.50   0.26      0.24
363  1.00000000 0.2187489 0.010553917       0.5    0.50   0.26      0.24
364  1.00000000 0.2187489 0.010553917       0.5    0.50   0.26      0.24
365  0.01171875 0.2187489 0.010553917       0.5    0.50   0.26      0.24
366  0.05078125 0.2187489 0.010553917       0.5    0.50   0.26      0.24
367  0.05859375 0.2187489 0.010553917       0.5    0.50   0.26      0.24
368  0.06250000 0.2187489 0.010553917       0.5    0.50   0.26      0.24
369  0.06640625 0.2187489 0.010553917       0.5    0.50   0.26      0.24
370  0.13671875 0.2187489 0.010553917       0.5    0.50   0.26      0.24
371  0.04296875 0.2187489 0.010553917       0.5    0.50   0.26      0.24
372  0.08593750 0.2187489 0.010553917       0.5    0.50   0.26      0.24
373  0.15625000 0.2187489 0.010553917       0.5    0.50   0.26      0.24
374  0.27343750 0.2187489 0.010553917       0.5    0.50   0.26      0.24
375  0.01953125 0.2187489 0.010553917       0.5    0.50   0.26      0.24
376  0.00781250 0.2187489 0.010553917       0.5    0.50   0.26      0.24
377  0.07421875 0.2187489 0.010553917       0.5    0.50   0.26      0.24
378  0.06250000 0.2187489 0.010553917       0.5    0.50   0.26      0.24
379  0.13281250 0.2187489 0.010553917       0.5    0.50   0.26      0.24
380  1.00000000 0.2187489 0.010553917       0.5    0.50   0.26      0.24
381  0.07031250 0.2187489 0.010553917       0.5    0.50   0.26      0.24
382  0.14062500 0.2187489 0.010553917       0.5    0.50   0.26      0.24
383  0.07421875 0.2187489 0.010553917       0.5    0.50   0.26      0.24
384  0.04687500 0.2187489 0.010553917       0.5    0.50   0.26      0.24
385  0.07812500 0.2187489 0.010553917       0.5    0.50   0.26      0.24
386  1.00000000 0.2187489 0.010553917       0.5    0.50   0.26      0.24
387  0.17968750 0.2187489 0.010553917       0.5    0.50   0.26      0.24
388  0.02343750 0.2187489 0.010553917       0.5    0.50   0.26      0.24
389  0.01171875 0.2187489 0.010553917       0.5    0.50   0.26      0.24
390  1.00000000 0.2187489 0.010553917       0.5    0.50   0.26      0.24
391  1.00000000 0.2187489 0.010553917       0.5    0.50   0.26      0.24
392  1.00000000 0.2187489 0.010553917       0.5    0.50   0.26      0.24
393  0.07031250 0.2187489 0.010553917       0.5    0.50   0.26      0.24
394  0.08593750 0.2187489 0.010553917       0.5    0.50   0.26      0.24
395  0.04687500 0.2187489 0.010553917       0.5    0.50   0.26      0.24
396  0.10937500 0.2187489 0.010553917       0.5    0.50   0.26      0.24
397  0.03515625 0.2187489 0.010553917       0.5    0.50   0.26      0.24
398  0.05859375 0.2187489 0.010553917       0.5    0.50   0.26      0.24
399  1.00000000 0.2187489 0.010553917       0.5    0.50   0.26      0.24
400  1.00000000 0.2187489 0.010553917       0.5    0.50   0.26      0.24
401  0.13671875 0.2685740 0.026777223       0.5    0.37   0.43      0.20
402  0.21875000 0.2685740 0.026777223       0.5    0.37   0.43      0.20
403  0.09375000 0.2685740 0.026777223       0.5    0.37   0.43      0.20
404  0.41406250 0.2685740 0.026777223       0.5    0.37   0.43      0.20
405  0.05468750 0.2685740 0.026777223       0.5    0.37   0.43      0.20
406  0.13281250 0.2685740 0.026777223       0.5    0.37   0.43      0.20
407  0.25390625 0.2685740 0.026777223       0.5    0.37   0.43      0.20
408  1.00000000 0.2685740 0.026777223       0.5    0.37   0.43      0.20
409  0.11718750 0.2685740 0.026777223       0.5    0.37   0.43      0.20
410  0.18359375 0.2685740 0.026777223       0.5    0.37   0.43      0.20
411  1.00000000 0.2685740 0.026777223       0.5    0.37   0.43      0.20
412  0.04687500 0.2685740 0.026777223       0.5    0.37   0.43      0.20
413  1.00000000 0.2685740 0.026777223       0.5    0.37   0.43      0.20
414  0.28906250 0.2685740 0.026777223       0.5    0.37   0.43      0.20
415  0.14453125 0.2685740 0.026777223       0.5    0.37   0.43      0.20
416  1.00000000 0.2685740 0.026777223       0.5    0.37   0.43      0.20
417  1.00000000 0.2685740 0.026777223       0.5    0.37   0.43      0.20
418  0.14062500 0.2685740 0.026777223       0.5    0.37   0.43      0.20
419  0.04687500 0.2685740 0.026777223       0.5    0.37   0.43      0.20
420  0.13671875 0.2685740 0.026777223       0.5    0.37   0.43      0.20
421  0.10546875 0.2685740 0.026777223       0.5    0.37   0.43      0.20
422  0.12109375 0.2685740 0.026777223       0.5    0.37   0.43      0.20
423  0.08593750 0.2685740 0.026777223       0.5    0.37   0.43      0.20
424  0.05859375 0.2685740 0.026777223       0.5    0.37   0.43      0.20
425  0.14843750 0.2685740 0.026777223       0.5    0.37   0.43      0.20
426  0.21875000 0.2685740 0.026777223       0.5    0.37   0.43      0.20
427  0.08203125 0.2685740 0.026777223       0.5    0.37   0.43      0.20
428  0.13281250 0.2685740 0.026777223       0.5    0.37   0.43      0.20
429  0.55859375 0.2685740 0.026777223       0.5    0.37   0.43      0.20
430  0.21484375 0.2685740 0.026777223       0.5    0.37   0.43      0.20
431  0.18750000 0.2685740 0.026777223       0.5    0.37   0.43      0.20
432  0.08593750 0.2685740 0.026777223       0.5    0.37   0.43      0.20
433  0.12500000 0.2685740 0.026777223       0.5    0.37   0.43      0.20
434  0.12109375 0.2685740 0.026777223       0.5    0.37   0.43      0.20
435  0.20312500 0.2685740 0.026777223       0.5    0.37   0.43      0.20
436  0.07421875 0.2685740 0.026777223       0.5    0.37   0.43      0.20
437  0.07031250 0.2685740 0.026777223       0.5    0.37   0.43      0.20
438  0.23437500 0.2685740 0.026777223       0.5    0.37   0.43      0.20
439  0.10937500 0.2685740 0.026777223       0.5    0.37   0.43      0.20
440  0.39062500 0.2685740 0.026777223       0.5    0.37   0.43      0.20
441  0.16015625 0.2685740 0.026777223       0.5    0.37   0.43      0.20
442  0.04687500 0.2685740 0.026777223       0.5    0.37   0.43      0.20
443  0.33984375 0.2685740 0.026777223       0.5    0.37   0.43      0.20
444  0.51562500 0.2685740 0.026777223       0.5    0.37   0.43      0.20
445  0.11328125 0.2685740 0.026777223       0.5    0.37   0.43      0.20
446  1.00000000 0.2685740 0.026777223       0.5    0.37   0.43      0.20
447  1.00000000 0.2685740 0.026777223       0.5    0.37   0.43      0.20
448  0.21093750 0.2685740 0.026777223       0.5    0.37   0.43      0.20
449  0.34765625 0.2685740 0.026777223       0.5    0.37   0.43      0.20
450  1.00000000 0.2685740 0.026777223       0.5    0.37   0.43      0.20
451  1.00000000 0.2685740 0.026777223       0.5    0.37   0.43      0.20
452  0.10156250 0.2685740 0.026777223       0.5    0.37   0.43      0.20
453  0.09375000 0.2685740 0.026777223       0.5    0.37   0.43      0.20
454  1.00000000 0.2685740 0.026777223       0.5    0.37   0.43      0.20
455  0.24609375 0.2685740 0.026777223       0.5    0.37   0.43      0.20
456  0.15625000 0.2685740 0.026777223       0.5    0.37   0.43      0.20
457  0.09765625 0.2685740 0.026777223       0.5    0.37   0.43      0.20
458  1.00000000 0.2685740 0.026777223       0.5    0.37   0.43      0.20
459  0.06250000 0.2685740 0.026777223       0.5    0.37   0.43      0.20
460  0.18359375 0.2685740 0.026777223       0.5    0.37   0.43      0.20
461  0.43750000 0.2685740 0.026777223       0.5    0.37   0.43      0.20
462  1.00000000 0.2685740 0.026777223       0.5    0.37   0.43      0.20
463  0.09375000 0.2685740 0.026777223       0.5    0.37   0.43      0.20
464  0.14843750 0.2685740 0.026777223       0.5    0.37   0.43      0.20
465  1.00000000 0.2685740 0.026777223       0.5    0.37   0.43      0.20
466  1.00000000 0.2685740 0.026777223       0.5    0.37   0.43      0.20
467  0.24609375 0.2685740 0.026777223       0.5    0.37   0.43      0.20
468  0.05859375 0.2685740 0.026777223       0.5    0.37   0.43      0.20
469  0.14453125 0.2685740 0.026777223       0.5    0.37   0.43      0.20
470  0.14062500 0.2685740 0.026777223       0.5    0.37   0.43      0.20
471  0.10156250 0.2685740 0.026777223       0.5    0.37   0.43      0.20
472  0.06640625 0.2685740 0.026777223       0.5    0.37   0.43      0.20
473  0.09375000 0.2685740 0.026777223       0.5    0.37   0.43      0.20
474  0.19140625 0.2685740 0.026777223       0.5    0.37   0.43      0.20
475  0.23046875 0.2685740 0.026777223       0.5    0.37   0.43      0.20
476  0.12890625 0.2685740 0.026777223       0.5    0.37   0.43      0.20
477  0.14062500 0.2685740 0.026777223       0.5    0.37   0.43      0.20
478  0.18750000 0.2685740 0.026777223       0.5    0.37   0.43      0.20
479  1.00000000 0.2685740 0.026777223       0.5    0.37   0.43      0.20
480  0.25000000 0.2685740 0.026777223       0.5    0.37   0.43      0.20
481  1.00000000 0.2685740 0.026777223       0.5    0.37   0.43      0.20
482  1.00000000 0.2685740 0.026777223       0.5    0.37   0.43      0.20
483  0.25000000 0.2685740 0.026777223       0.5    0.37   0.43      0.20
484  0.05468750 0.2685740 0.026777223       0.5    0.37   0.43      0.20
485  0.17187500 0.2685740 0.026777223       0.5    0.37   0.43      0.20
486  1.00000000 0.2685740 0.026777223       0.5    0.37   0.43      0.20
487  0.08593750 0.2685740 0.026777223       0.5    0.37   0.43      0.20
488  0.21484375 0.2685740 0.026777223       0.5    0.37   0.43      0.20
489  0.08984375 0.2685740 0.026777223       0.5    0.37   0.43      0.20
490  0.39062500 0.2685740 0.026777223       0.5    0.37   0.43      0.20
491  0.33984375 0.2685740 0.026777223       0.5    0.37   0.43      0.20
492  0.23046875 0.2685740 0.026777223       0.5    0.37   0.43      0.20
493  0.23046875 0.2685740 0.026777223       0.5    0.37   0.43      0.20
494  1.00000000 0.2685740 0.026777223       0.5    0.37   0.43      0.20
495  0.10156250 0.2685740 0.026777223       0.5    0.37   0.43      0.20
496  1.00000000 0.2685740 0.026777223       0.5    0.37   0.43      0.20
497  0.60546875 0.2685740 0.026777223       0.5    0.37   0.43      0.20
498  0.08984375 0.2685740 0.026777223       0.5    0.37   0.43      0.20
499  0.30468750 0.2685740 0.026777223       0.5    0.37   0.43      0.20
500  0.03125000 0.2685740 0.026777223       0.5    0.37   0.43      0.20
501  0.05468750 0.5299210 0.011039609       0.5    0.32   0.16      0.52
502  0.05468750 0.5299210 0.011039609       0.5    0.32   0.16      0.52
503  1.00000000 0.5299210 0.011039609       0.5    0.32   0.16      0.52
504  0.53125000 0.5299210 0.011039609       0.5    0.32   0.16      0.52
505  0.03125000 0.5299210 0.011039609       0.5    0.32   0.16      0.52
506  1.00000000 0.5299210 0.011039609       0.5    0.32   0.16      0.52
507  1.00000000 0.5299210 0.011039609       0.5    0.32   0.16      0.52
508  0.33984375 0.5299210 0.011039609       0.5    0.32   0.16      0.52
509  1.00000000 0.5299210 0.011039609       0.5    0.32   0.16      0.52
510  1.00000000 0.5299210 0.011039609       0.5    0.32   0.16      0.52
511  1.00000000 0.5299210 0.011039609       0.5    0.32   0.16      0.52
512  0.02343750 0.5299210 0.011039609       0.5    0.32   0.16      0.52
513  1.00000000 0.5299210 0.011039609       0.5    0.32   0.16      0.52
514  0.00781250 0.5299210 0.011039609       0.5    0.32   0.16      0.52
515  0.05078125 0.5299210 0.011039609       0.5    0.32   0.16      0.52
516  1.00000000 0.5299210 0.011039609       0.5    0.32   0.16      0.52
517  1.00000000 0.5299210 0.011039609       0.5    0.32   0.16      0.52
518  0.01953125 0.5299210 0.011039609       0.5    0.32   0.16      0.52
519  0.03906250 0.5299210 0.011039609       0.5    0.32   0.16      0.52
520  1.00000000 0.5299210 0.011039609       0.5    0.32   0.16      0.52
521  0.02734375 0.5299210 0.011039609       0.5    0.32   0.16      0.52
522  0.06640625 0.5299210 0.011039609       0.5    0.32   0.16      0.52
523  1.00000000 0.5299210 0.011039609       0.5    0.32   0.16      0.52
524  1.00000000 0.5299210 0.011039609       0.5    0.32   0.16      0.52
525  0.03515625 0.5299210 0.011039609       0.5    0.32   0.16      0.52
526  1.00000000 0.5299210 0.011039609       0.5    0.32   0.16      0.52
527  0.24218750 0.5299210 0.011039609       0.5    0.32   0.16      0.52
528  1.00000000 0.5299210 0.011039609       0.5    0.32   0.16      0.52
529  1.00000000 0.5299210 0.011039609       0.5    0.32   0.16      0.52
530  1.00000000 0.5299210 0.011039609       0.5    0.32   0.16      0.52
531  1.00000000 0.5299210 0.011039609       0.5    0.32   0.16      0.52
532  0.03515625 0.5299210 0.011039609       0.5    0.32   0.16      0.52
533  1.00000000 0.5299210 0.011039609       0.5    0.32   0.16      0.52
534  1.00000000 0.5299210 0.011039609       0.5    0.32   0.16      0.52
535  1.00000000 0.5299210 0.011039609       0.5    0.32   0.16      0.52
536  1.00000000 0.5299210 0.011039609       0.5    0.32   0.16      0.52
537  0.03125000 0.5299210 0.011039609       0.5    0.32   0.16      0.52
538  1.00000000 0.5299210 0.011039609       0.5    0.32   0.16      0.52
539  1.00000000 0.5299210 0.011039609       0.5    0.32   0.16      0.52
540  0.14062500 0.5299210 0.011039609       0.5    0.32   0.16      0.52
541  0.04687500 0.5299210 0.011039609       0.5    0.32   0.16      0.52
542  1.00000000 0.5299210 0.011039609       0.5    0.32   0.16      0.52
543  1.00000000 0.5299210 0.011039609       0.5    0.32   0.16      0.52
544  0.04296875 0.5299210 0.011039609       0.5    0.32   0.16      0.52
545  0.05078125 0.5299210 0.011039609       0.5    0.32   0.16      0.52
546  0.03906250 0.5299210 0.011039609       0.5    0.32   0.16      0.52
547  1.00000000 0.5299210 0.011039609       0.5    0.32   0.16      0.52
548  1.00000000 0.5299210 0.011039609       0.5    0.32   0.16      0.52
549  1.00000000 0.5299210 0.011039609       0.5    0.32   0.16      0.52
550  1.00000000 0.5299210 0.011039609       0.5    0.32   0.16      0.52
551  1.00000000 0.5299210 0.011039609       0.5    0.32   0.16      0.52
552  0.02343750 0.5299210 0.011039609       0.5    0.32   0.16      0.52
553  0.01953125 0.5299210 0.011039609       0.5    0.32   0.16      0.52
554  0.23437500 0.5299210 0.011039609       0.5    0.32   0.16      0.52
555  0.02343750 0.5299210 0.011039609       0.5    0.32   0.16      0.52
556  0.01562500 0.5299210 0.011039609       0.5    0.32   0.16      0.52
557  1.00000000 0.5299210 0.011039609       0.5    0.32   0.16      0.52
558  0.03906250 0.5299210 0.011039609       0.5    0.32   0.16      0.52
559  1.00000000 0.5299210 0.011039609       0.5    0.32   0.16      0.52
560  0.01953125 0.5299210 0.011039609       0.5    0.32   0.16      0.52
561  1.00000000 0.5299210 0.011039609       0.5    0.32   0.16      0.52
562  0.05078125 0.5299210 0.011039609       0.5    0.32   0.16      0.52
563  0.01953125 0.5299210 0.011039609       0.5    0.32   0.16      0.52
564  1.00000000 0.5299210 0.011039609       0.5    0.32   0.16      0.52
565  1.00000000 0.5299210 0.011039609       0.5    0.32   0.16      0.52
566  1.00000000 0.5299210 0.011039609       0.5    0.32   0.16      0.52
567  0.05078125 0.5299210 0.011039609       0.5    0.32   0.16      0.52
568  1.00000000 0.5299210 0.011039609       0.5    0.32   0.16      0.52
569  1.00000000 0.5299210 0.011039609       0.5    0.32   0.16      0.52
570  0.01562500 0.5299210 0.011039609       0.5    0.32   0.16      0.52
571  1.00000000 0.5299210 0.011039609       0.5    0.32   0.16      0.52
572  1.00000000 0.5299210 0.011039609       0.5    0.32   0.16      0.52
573  1.00000000 0.5299210 0.011039609       0.5    0.32   0.16      0.52
574  0.33593750 0.5299210 0.011039609       0.5    0.32   0.16      0.52
575  1.00000000 0.5299210 0.011039609       0.5    0.32   0.16      0.52
576  1.00000000 0.5299210 0.011039609       0.5    0.32   0.16      0.52
577  0.12109375 0.5299210 0.011039609       0.5    0.32   0.16      0.52
578  0.26171875 0.5299210 0.011039609       0.5    0.32   0.16      0.52
579  0.60937500 0.5299210 0.011039609       0.5    0.32   0.16      0.52
580  1.00000000 0.5299210 0.011039609       0.5    0.32   0.16      0.52
581  0.07421875 0.5299210 0.011039609       0.5    0.32   0.16      0.52
582  1.00000000 0.5299210 0.011039609       0.5    0.32   0.16      0.52
583  1.00000000 0.5299210 0.011039609       0.5    0.32   0.16      0.52
584  1.00000000 0.5299210 0.011039609       0.5    0.32   0.16      0.52
585  0.03906250 0.5299210 0.011039609       0.5    0.32   0.16      0.52
586  0.06640625 0.5299210 0.011039609       0.5    0.32   0.16      0.52
587  1.00000000 0.5299210 0.011039609       0.5    0.32   0.16      0.52
588  1.00000000 0.5299210 0.011039609       0.5    0.32   0.16      0.52
589  0.01953125 0.5299210 0.011039609       0.5    0.32   0.16      0.52
590  0.08593750 0.5299210 0.011039609       0.5    0.32   0.16      0.52
591  1.00000000 0.5299210 0.011039609       0.5    0.32   0.16      0.52
592  0.08593750 0.5299210 0.011039609       0.5    0.32   0.16      0.52
593  0.05078125 0.5299210 0.011039609       0.5    0.32   0.16      0.52
594  1.00000000 0.5299210 0.011039609       0.5    0.32   0.16      0.52
595  0.01171875 0.5299210 0.011039609       0.5    0.32   0.16      0.52
596  1.00000000 0.5299210 0.011039609       0.5    0.32   0.16      0.52
597  0.00781250 0.5299210 0.011039609       0.5    0.32   0.16      0.52
598  0.03515625 0.5299210 0.011039609       0.5    0.32   0.16      0.52
599  0.14062500 0.5299210 0.011039609       0.5    0.32   0.16      0.52
600  0.06250000 0.5299210 0.011039609       0.5    0.32   0.16      0.52
601  1.00000000 0.7068560 0.011465551       0.5    0.17   0.15      0.68
602  0.07031250 0.7068560 0.011465551       0.5    0.17   0.15      0.68
603  1.00000000 0.7068560 0.011465551       0.5    0.17   0.15      0.68
604  1.00000000 0.7068560 0.011465551       0.5    0.17   0.15      0.68
605  1.00000000 0.7068560 0.011465551       0.5    0.17   0.15      0.68
606  0.03906250 0.7068560 0.011465551       0.5    0.17   0.15      0.68
607  1.00000000 0.7068560 0.011465551       0.5    0.17   0.15      0.68
608  1.00000000 0.7068560 0.011465551       0.5    0.17   0.15      0.68
609  0.07812500 0.7068560 0.011465551       0.5    0.17   0.15      0.68
610  1.00000000 0.7068560 0.011465551       0.5    0.17   0.15      0.68
611  1.00000000 0.7068560 0.011465551       0.5    0.17   0.15      0.68
612  1.00000000 0.7068560 0.011465551       0.5    0.17   0.15      0.68
613  0.03515625 0.7068560 0.011465551       0.5    0.17   0.15      0.68
614  0.02734375 0.7068560 0.011465551       0.5    0.17   0.15      0.68
615  1.00000000 0.7068560 0.011465551       0.5    0.17   0.15      0.68
616  1.00000000 0.7068560 0.011465551       0.5    0.17   0.15      0.68
617  1.00000000 0.7068560 0.011465551       0.5    0.17   0.15      0.68
618  1.00000000 0.7068560 0.011465551       0.5    0.17   0.15      0.68
619  1.00000000 0.7068560 0.011465551       0.5    0.17   0.15      0.68
620  1.00000000 0.7068560 0.011465551       0.5    0.17   0.15      0.68
621  0.08593750 0.7068560 0.011465551       0.5    0.17   0.15      0.68
622  1.00000000 0.7068560 0.011465551       0.5    0.17   0.15      0.68
623  1.00000000 0.7068560 0.011465551       0.5    0.17   0.15      0.68
624  0.03515625 0.7068560 0.011465551       0.5    0.17   0.15      0.68
625  1.00000000 0.7068560 0.011465551       0.5    0.17   0.15      0.68
626  1.00000000 0.7068560 0.011465551       0.5    0.17   0.15      0.68
627  0.28906250 0.7068560 0.011465551       0.5    0.17   0.15      0.68
628  1.00000000 0.7068560 0.011465551       0.5    0.17   0.15      0.68
629  0.32421875 0.7068560 0.011465551       0.5    0.17   0.15      0.68
630  1.00000000 0.7068560 0.011465551       0.5    0.17   0.15      0.68
631  1.00000000 0.7068560 0.011465551       0.5    0.17   0.15      0.68
632  0.07421875 0.7068560 0.011465551       0.5    0.17   0.15      0.68
633  1.00000000 0.7068560 0.011465551       0.5    0.17   0.15      0.68
634  1.00000000 0.7068560 0.011465551       0.5    0.17   0.15      0.68
635  0.18750000 0.7068560 0.011465551       0.5    0.17   0.15      0.68
636  0.02343750 0.7068560 0.011465551       0.5    0.17   0.15      0.68
637  0.03125000 0.7068560 0.011465551       0.5    0.17   0.15      0.68
638  0.03125000 0.7068560 0.011465551       0.5    0.17   0.15      0.68
639  1.00000000 0.7068560 0.011465551       0.5    0.17   0.15      0.68
640  0.03515625 0.7068560 0.011465551       0.5    0.17   0.15      0.68
641  1.00000000 0.7068560 0.011465551       0.5    0.17   0.15      0.68
642  0.08203125 0.7068560 0.011465551       0.5    0.17   0.15      0.68
643  1.00000000 0.7068560 0.011465551       0.5    0.17   0.15      0.68
644  1.00000000 0.7068560 0.011465551       0.5    0.17   0.15      0.68
645  1.00000000 0.7068560 0.011465551       0.5    0.17   0.15      0.68
646  0.05859375 0.7068560 0.011465551       0.5    0.17   0.15      0.68
647  1.00000000 0.7068560 0.011465551       0.5    0.17   0.15      0.68
648  0.04296875 0.7068560 0.011465551       0.5    0.17   0.15      0.68
649  0.51953125 0.7068560 0.011465551       0.5    0.17   0.15      0.68
650  0.04687500 0.7068560 0.011465551       0.5    0.17   0.15      0.68
651  1.00000000 0.7068560 0.011465551       0.5    0.17   0.15      0.68
652  1.00000000 0.7068560 0.011465551       0.5    0.17   0.15      0.68
653  0.03125000 0.7068560 0.011465551       0.5    0.17   0.15      0.68
654  0.05859375 0.7068560 0.011465551       0.5    0.17   0.15      0.68
655  1.00000000 0.7068560 0.011465551       0.5    0.17   0.15      0.68
656  1.00000000 0.7068560 0.011465551       0.5    0.17   0.15      0.68
657  1.00000000 0.7068560 0.011465551       0.5    0.17   0.15      0.68
658  0.06250000 0.7068560 0.011465551       0.5    0.17   0.15      0.68
659  1.00000000 0.7068560 0.011465551       0.5    0.17   0.15      0.68
660  1.00000000 0.7068560 0.011465551       0.5    0.17   0.15      0.68
661  1.00000000 0.7068560 0.011465551       0.5    0.17   0.15      0.68
662  1.00000000 0.7068560 0.011465551       0.5    0.17   0.15      0.68
663  1.00000000 0.7068560 0.011465551       0.5    0.17   0.15      0.68
664  0.00390625 0.7068560 0.011465551       0.5    0.17   0.15      0.68
665  1.00000000 0.7068560 0.011465551       0.5    0.17   0.15      0.68
666  1.00000000 0.7068560 0.011465551       0.5    0.17   0.15      0.68
667  0.34375000 0.7068560 0.011465551       0.5    0.17   0.15      0.68
668  1.00000000 0.7068560 0.011465551       0.5    0.17   0.15      0.68
669  1.00000000 0.7068560 0.011465551       0.5    0.17   0.15      0.68
670  1.00000000 0.7068560 0.011465551       0.5    0.17   0.15      0.68
671  0.16796875 0.7068560 0.011465551       0.5    0.17   0.15      0.68
672  1.00000000 0.7068560 0.011465551       0.5    0.17   0.15      0.68
673  0.51562500 0.7068560 0.011465551       0.5    0.17   0.15      0.68
674  1.00000000 0.7068560 0.011465551       0.5    0.17   0.15      0.68
675  1.00000000 0.7068560 0.011465551       0.5    0.17   0.15      0.68
676  1.00000000 0.7068560 0.011465551       0.5    0.17   0.15      0.68
677  1.00000000 0.7068560 0.011465551       0.5    0.17   0.15      0.68
678  1.00000000 0.7068560 0.011465551       0.5    0.17   0.15      0.68
679  1.00000000 0.7068560 0.011465551       0.5    0.17   0.15      0.68
680  1.00000000 0.7068560 0.011465551       0.5    0.17   0.15      0.68
681  1.00000000 0.7068560 0.011465551       0.5    0.17   0.15      0.68
682  1.00000000 0.7068560 0.011465551       0.5    0.17   0.15      0.68
683  1.00000000 0.7068560 0.011465551       0.5    0.17   0.15      0.68
684  1.00000000 0.7068560 0.011465551       0.5    0.17   0.15      0.68
685  1.00000000 0.7068560 0.011465551       0.5    0.17   0.15      0.68
686  1.00000000 0.7068560 0.011465551       0.5    0.17   0.15      0.68
687  1.00000000 0.7068560 0.011465551       0.5    0.17   0.15      0.68
688  1.00000000 0.7068560 0.011465551       0.5    0.17   0.15      0.68
689  0.08984375 0.7068560 0.011465551       0.5    0.17   0.15      0.68
690  1.00000000 0.7068560 0.011465551       0.5    0.17   0.15      0.68
691  1.00000000 0.7068560 0.011465551       0.5    0.17   0.15      0.68
692  1.00000000 0.7068560 0.011465551       0.5    0.17   0.15      0.68
693  0.02734375 0.7068560 0.011465551       0.5    0.17   0.15      0.68
694  1.00000000 0.7068560 0.011465551       0.5    0.17   0.15      0.68
695  1.00000000 0.7068560 0.011465551       0.5    0.17   0.15      0.68
696  1.00000000 0.7068560 0.011465551       0.5    0.17   0.15      0.68
697  0.02343750 0.7068560 0.011465551       0.5    0.17   0.15      0.68
698  1.00000000 0.7068560 0.011465551       0.5    0.17   0.15      0.68
699  0.10546875 0.7068560 0.011465551       0.5    0.17   0.15      0.68
700  0.26171875 0.7068560 0.011465551       0.5    0.17   0.15      0.68
701  1.00000000 0.4767253 0.014803212       0.5    0.29   0.20      0.51
702  0.08984375 0.4767253 0.014803212       0.5    0.29   0.20      0.51
703  0.14453125 0.4767253 0.014803212       0.5    0.29   0.20      0.51
704  1.00000000 0.4767253 0.014803212       0.5    0.29   0.20      0.51
705  1.00000000 0.4767253 0.014803212       0.5    0.29   0.20      0.51
706  0.08593750 0.4767253 0.014803212       0.5    0.29   0.20      0.51
707  1.00000000 0.4767253 0.014803212       0.5    0.29   0.20      0.51
708  1.00000000 0.4767253 0.014803212       0.5    0.29   0.20      0.51
709  1.00000000 0.4767253 0.014803212       0.5    0.29   0.20      0.51
710  1.00000000 0.4767253 0.014803212       0.5    0.29   0.20      0.51
711  0.11718750 0.4767253 0.014803212       0.5    0.29   0.20      0.51
712  1.00000000 0.4767253 0.014803212       0.5    0.29   0.20      0.51
713  1.00000000 0.4767253 0.014803212       0.5    0.29   0.20      0.51
714  0.06640625 0.4767253 0.014803212       0.5    0.29   0.20      0.51
715  0.32421875 0.4767253 0.014803212       0.5    0.29   0.20      0.51
716  0.76953125 0.4767253 0.014803212       0.5    0.29   0.20      0.51
717  0.02734375 0.4767253 0.014803212       0.5    0.29   0.20      0.51
718  1.00000000 0.4767253 0.014803212       0.5    0.29   0.20      0.51
719  0.14062500 0.4767253 0.014803212       0.5    0.29   0.20      0.51
720  0.03125000 0.4767253 0.014803212       0.5    0.29   0.20      0.51
721  1.00000000 0.4767253 0.014803212       0.5    0.29   0.20      0.51
722  0.07421875 0.4767253 0.014803212       0.5    0.29   0.20      0.51
723  1.00000000 0.4767253 0.014803212       0.5    0.29   0.20      0.51
724  0.15234375 0.4767253 0.014803212       0.5    0.29   0.20      0.51
725  0.04296875 0.4767253 0.014803212       0.5    0.29   0.20      0.51
726  1.00000000 0.4767253 0.014803212       0.5    0.29   0.20      0.51
727  1.00000000 0.4767253 0.014803212       0.5    0.29   0.20      0.51
728  0.06640625 0.4767253 0.014803212       0.5    0.29   0.20      0.51
729  1.00000000 0.4767253 0.014803212       0.5    0.29   0.20      0.51
730  1.00000000 0.4767253 0.014803212       0.5    0.29   0.20      0.51
731  1.00000000 0.4767253 0.014803212       0.5    0.29   0.20      0.51
732  0.05859375 0.4767253 0.014803212       0.5    0.29   0.20      0.51
733  0.08984375 0.4767253 0.014803212       0.5    0.29   0.20      0.51
734  1.00000000 0.4767253 0.014803212       0.5    0.29   0.20      0.51
735  1.00000000 0.4767253 0.014803212       0.5    0.29   0.20      0.51
736  1.00000000 0.4767253 0.014803212       0.5    0.29   0.20      0.51
737  0.03125000 0.4767253 0.014803212       0.5    0.29   0.20      0.51
738  0.01953125 0.4767253 0.014803212       0.5    0.29   0.20      0.51
739  1.00000000 0.4767253 0.014803212       0.5    0.29   0.20      0.51
740  1.00000000 0.4767253 0.014803212       0.5    0.29   0.20      0.51
741  1.00000000 0.4767253 0.014803212       0.5    0.29   0.20      0.51
742  0.07031250 0.4767253 0.014803212       0.5    0.29   0.20      0.51
743  1.00000000 0.4767253 0.014803212       0.5    0.29   0.20      0.51
744  1.00000000 0.4767253 0.014803212       0.5    0.29   0.20      0.51
745  0.07812500 0.4767253 0.014803212       0.5    0.29   0.20      0.51
746  0.07031250 0.4767253 0.014803212       0.5    0.29   0.20      0.51
747  1.00000000 0.4767253 0.014803212       0.5    0.29   0.20      0.51
748  1.00000000 0.4767253 0.014803212       0.5    0.29   0.20      0.51
749  0.17578125 0.4767253 0.014803212       0.5    0.29   0.20      0.51
750  0.05078125 0.4767253 0.014803212       0.5    0.29   0.20      0.51
751  1.00000000 0.4767253 0.014803212       0.5    0.29   0.20      0.51
752  0.10546875 0.4767253 0.014803212       0.5    0.29   0.20      0.51
753  1.00000000 0.4767253 0.014803212       0.5    0.29   0.20      0.51
754  1.00000000 0.4767253 0.014803212       0.5    0.29   0.20      0.51
755  1.00000000 0.4767253 0.014803212       0.5    0.29   0.20      0.51
756  1.00000000 0.4767253 0.014803212       0.5    0.29   0.20      0.51
757  0.05468750 0.4767253 0.014803212       0.5    0.29   0.20      0.51
758  1.00000000 0.4767253 0.014803212       0.5    0.29   0.20      0.51
759  1.00000000 0.4767253 0.014803212       0.5    0.29   0.20      0.51
760  0.06250000 0.4767253 0.014803212       0.5    0.29   0.20      0.51
761  0.18359375 0.4767253 0.014803212       0.5    0.29   0.20      0.51
762  0.04296875 0.4767253 0.014803212       0.5    0.29   0.20      0.51
763  1.00000000 0.4767253 0.014803212       0.5    0.29   0.20      0.51
764  1.00000000 0.4767253 0.014803212       0.5    0.29   0.20      0.51
765  0.13671875 0.4767253 0.014803212       0.5    0.29   0.20      0.51
766  0.07421875 0.4767253 0.014803212       0.5    0.29   0.20      0.51
767  0.18750000 0.4767253 0.014803212       0.5    0.29   0.20      0.51
768  1.00000000 0.4767253 0.014803212       0.5    0.29   0.20      0.51
769  1.00000000 0.4767253 0.014803212       0.5    0.29   0.20      0.51
770  1.00000000 0.4767253 0.014803212       0.5    0.29   0.20      0.51
771  0.08984375 0.4767253 0.014803212       0.5    0.29   0.20      0.51
772  0.05468750 0.4767253 0.014803212       0.5    0.29   0.20      0.51
773  1.00000000 0.4767253 0.014803212       0.5    0.29   0.20      0.51
774  0.09375000 0.4767253 0.014803212       0.5    0.29   0.20      0.51
775  0.10546875 0.4767253 0.014803212       0.5    0.29   0.20      0.51
776  0.10156250 0.4767253 0.014803212       0.5    0.29   0.20      0.51
777  0.04296875 0.4767253 0.014803212       0.5    0.29   0.20      0.51
778  0.05468750 0.4767253 0.014803212       0.5    0.29   0.20      0.51
779  0.09765625 0.4767253 0.014803212       0.5    0.29   0.20      0.51
780  1.00000000 0.4767253 0.014803212       0.5    0.29   0.20      0.51
781  1.00000000 0.4767253 0.014803212       0.5    0.29   0.20      0.51
782  0.17187500 0.4767253 0.014803212       0.5    0.29   0.20      0.51
783  1.00000000 0.4767253 0.014803212       0.5    0.29   0.20      0.51
784  0.12890625 0.4767253 0.014803212       0.5    0.29   0.20      0.51
785  0.56250000 0.4767253 0.014803212       0.5    0.29   0.20      0.51
786  1.00000000 0.4767253 0.014803212       0.5    0.29   0.20      0.51
787  0.14843750 0.4767253 0.014803212       0.5    0.29   0.20      0.51
788  0.04296875 0.4767253 0.014803212       0.5    0.29   0.20      0.51
789  0.08203125 0.4767253 0.014803212       0.5    0.29   0.20      0.51
790  0.07031250 0.4767253 0.014803212       0.5    0.29   0.20      0.51
791  1.00000000 0.4767253 0.014803212       0.5    0.29   0.20      0.51
792  0.04687500 0.4767253 0.014803212       0.5    0.29   0.20      0.51
793  1.00000000 0.4767253 0.014803212       0.5    0.29   0.20      0.51
794  1.00000000 0.4767253 0.014803212       0.5    0.29   0.20      0.51
795  0.08984375 0.4767253 0.014803212       0.5    0.29   0.20      0.51
796  1.00000000 0.4767253 0.014803212       0.5    0.29   0.20      0.51
797  1.00000000 0.4767253 0.014803212       0.5    0.29   0.20      0.51
798  1.00000000 0.4767253 0.014803212       0.5    0.29   0.20      0.51
799  0.03515625 0.4767253 0.014803212       0.5    0.29   0.20      0.51
800  1.00000000 0.4767253 0.014803212       0.5    0.29   0.20      0.51
801  0.00781250 0.6713998 0.007329234       0.5    0.28   0.07      0.65
802  0.03125000 0.6713998 0.007329234       0.5    0.28   0.07      0.65
803  1.00000000 0.6713998 0.007329234       0.5    0.28   0.07      0.65
804  0.03515625 0.6713998 0.007329234       0.5    0.28   0.07      0.65
805  1.00000000 0.6713998 0.007329234       0.5    0.28   0.07      0.65
806  1.00000000 0.6713998 0.007329234       0.5    0.28   0.07      0.65
807  0.02734375 0.6713998 0.007329234       0.5    0.28   0.07      0.65
808  0.07421875 0.6713998 0.007329234       0.5    0.28   0.07      0.65
809  0.05078125 0.6713998 0.007329234       0.5    0.28   0.07      0.65
810  1.00000000 0.6713998 0.007329234       0.5    0.28   0.07      0.65
811  1.00000000 0.6713998 0.007329234       0.5    0.28   0.07      0.65
812  1.00000000 0.6713998 0.007329234       0.5    0.28   0.07      0.65
813  0.00781250 0.6713998 0.007329234       0.5    0.28   0.07      0.65
814  1.00000000 0.6713998 0.007329234       0.5    0.28   0.07      0.65
815  1.00000000 0.6713998 0.007329234       0.5    0.28   0.07      0.65
816  1.00000000 0.6713998 0.007329234       0.5    0.28   0.07      0.65
817  1.00000000 0.6713998 0.007329234       0.5    0.28   0.07      0.65
818  0.01562500 0.6713998 0.007329234       0.5    0.28   0.07      0.65
819  0.15625000 0.6713998 0.007329234       0.5    0.28   0.07      0.65
820  0.04296875 0.6713998 0.007329234       0.5    0.28   0.07      0.65
821  0.00390625 0.6713998 0.007329234       0.5    0.28   0.07      0.65
822  0.02343750 0.6713998 0.007329234       0.5    0.28   0.07      0.65
823  1.00000000 0.6713998 0.007329234       0.5    0.28   0.07      0.65
824  0.29296875 0.6713998 0.007329234       0.5    0.28   0.07      0.65
825  1.00000000 0.6713998 0.007329234       0.5    0.28   0.07      0.65
826  0.03906250 0.6713998 0.007329234       0.5    0.28   0.07      0.65
827  1.00000000 0.6713998 0.007329234       0.5    0.28   0.07      0.65
828  1.00000000 0.6713998 0.007329234       0.5    0.28   0.07      0.65
829  1.00000000 0.6713998 0.007329234       0.5    0.28   0.07      0.65
830  1.00000000 0.6713998 0.007329234       0.5    0.28   0.07      0.65
831  1.00000000 0.6713998 0.007329234       0.5    0.28   0.07      0.65
832  1.00000000 0.6713998 0.007329234       0.5    0.28   0.07      0.65
833  1.00000000 0.6713998 0.007329234       0.5    0.28   0.07      0.65
834  1.00000000 0.6713998 0.007329234       0.5    0.28   0.07      0.65
835  0.00781250 0.6713998 0.007329234       0.5    0.28   0.07      0.65
836  0.01953125 0.6713998 0.007329234       0.5    0.28   0.07      0.65
837  1.00000000 0.6713998 0.007329234       0.5    0.28   0.07      0.65
838  1.00000000 0.6713998 0.007329234       0.5    0.28   0.07      0.65
839  1.00000000 0.6713998 0.007329234       0.5    0.28   0.07      0.65
840  0.32421875 0.6713998 0.007329234       0.5    0.28   0.07      0.65
841  1.00000000 0.6713998 0.007329234       0.5    0.28   0.07      0.65
842  1.00000000 0.6713998 0.007329234       0.5    0.28   0.07      0.65
843  0.02734375 0.6713998 0.007329234       0.5    0.28   0.07      0.65
844  1.00000000 0.6713998 0.007329234       0.5    0.28   0.07      0.65
845  0.01953125 0.6713998 0.007329234       0.5    0.28   0.07      0.65
846  1.00000000 0.6713998 0.007329234       0.5    0.28   0.07      0.65
847  0.05078125 0.6713998 0.007329234       0.5    0.28   0.07      0.65
848  1.00000000 0.6713998 0.007329234       0.5    0.28   0.07      0.65
849  1.00000000 0.6713998 0.007329234       0.5    0.28   0.07      0.65
850  1.00000000 0.6713998 0.007329234       0.5    0.28   0.07      0.65
851  1.00000000 0.6713998 0.007329234       0.5    0.28   0.07      0.65
852  1.00000000 0.6713998 0.007329234       0.5    0.28   0.07      0.65
853  1.00000000 0.6713998 0.007329234       0.5    0.28   0.07      0.65
854  1.00000000 0.6713998 0.007329234       0.5    0.28   0.07      0.65
855  1.00000000 0.6713998 0.007329234       0.5    0.28   0.07      0.65
856  1.00000000 0.6713998 0.007329234       0.5    0.28   0.07      0.65
857  0.06250000 0.6713998 0.007329234       0.5    0.28   0.07      0.65
858  1.00000000 0.6713998 0.007329234       0.5    0.28   0.07      0.65
859  1.00000000 0.6713998 0.007329234       0.5    0.28   0.07      0.65
860  0.19140625 0.6713998 0.007329234       0.5    0.28   0.07      0.65
861  1.00000000 0.6713998 0.007329234       0.5    0.28   0.07      0.65
862  1.00000000 0.6713998 0.007329234       0.5    0.28   0.07      0.65
863  1.00000000 0.6713998 0.007329234       0.5    0.28   0.07      0.65
864  0.00390625 0.6713998 0.007329234       0.5    0.28   0.07      0.65
865  0.07421875 0.6713998 0.007329234       0.5    0.28   0.07      0.65
866  1.00000000 0.6713998 0.007329234       0.5    0.28   0.07      0.65
867  0.52343750 0.6713998 0.007329234       0.5    0.28   0.07      0.65
868  0.01562500 0.6713998 0.007329234       0.5    0.28   0.07      0.65
869  1.00000000 0.6713998 0.007329234       0.5    0.28   0.07      0.65
870  1.00000000 0.6713998 0.007329234       0.5    0.28   0.07      0.65
871  0.13281250 0.6713998 0.007329234       0.5    0.28   0.07      0.65
872  1.00000000 0.6713998 0.007329234       0.5    0.28   0.07      0.65
873  1.00000000 0.6713998 0.007329234       0.5    0.28   0.07      0.65
874  0.09765625 0.6713998 0.007329234       0.5    0.28   0.07      0.65
875  0.01562500 0.6713998 0.007329234       0.5    0.28   0.07      0.65
876  1.00000000 0.6713998 0.007329234       0.5    0.28   0.07      0.65
877  0.08203125 0.6713998 0.007329234       0.5    0.28   0.07      0.65
878  0.01953125 0.6713998 0.007329234       0.5    0.28   0.07      0.65
879  1.00000000 0.6713998 0.007329234       0.5    0.28   0.07      0.65
880  1.00000000 0.6713998 0.007329234       0.5    0.28   0.07      0.65
881  1.00000000 0.6713998 0.007329234       0.5    0.28   0.07      0.65
882  1.00000000 0.6713998 0.007329234       0.5    0.28   0.07      0.65
883  1.00000000 0.6713998 0.007329234       0.5    0.28   0.07      0.65
884  1.00000000 0.6713998 0.007329234       0.5    0.28   0.07      0.65
885  1.00000000 0.6713998 0.007329234       0.5    0.28   0.07      0.65
886  0.01953125 0.6713998 0.007329234       0.5    0.28   0.07      0.65
887  1.00000000 0.6713998 0.007329234       0.5    0.28   0.07      0.65
888  1.00000000 0.6713998 0.007329234       0.5    0.28   0.07      0.65
889  0.04296875 0.6713998 0.007329234       0.5    0.28   0.07      0.65
890  1.00000000 0.6713998 0.007329234       0.5    0.28   0.07      0.65
891  1.00000000 0.6713998 0.007329234       0.5    0.28   0.07      0.65
892  1.00000000 0.6713998 0.007329234       0.5    0.28   0.07      0.65
893  0.01562500 0.6713998 0.007329234       0.5    0.28   0.07      0.65
894  1.00000000 0.6713998 0.007329234       0.5    0.28   0.07      0.65
895  1.00000000 0.6713998 0.007329234       0.5    0.28   0.07      0.65
896  0.02343750 0.6713998 0.007329234       0.5    0.28   0.07      0.65
897  1.00000000 0.6713998 0.007329234       0.5    0.28   0.07      0.65
898  1.00000000 0.6713998 0.007329234       0.5    0.28   0.07      0.65
899  1.00000000 0.6713998 0.007329234       0.5    0.28   0.07      0.65
900  1.00000000 0.6713998 0.007329234       0.5    0.28   0.07      0.65
901  0.02343750 0.3160401 0.005757767       0.5    0.61   0.10      0.29
902  0.01562500 0.3160401 0.005757767       0.5    0.61   0.10      0.29
903  0.06250000 0.3160401 0.005757767       0.5    0.61   0.10      0.29
904  0.06640625 0.3160401 0.005757767       0.5    0.61   0.10      0.29
905  1.00000000 0.3160401 0.005757767       0.5    0.61   0.10      0.29
906  1.00000000 0.3160401 0.005757767       0.5    0.61   0.10      0.29
907  0.01562500 0.3160401 0.005757767       0.5    0.61   0.10      0.29
908  0.00781250 0.3160401 0.005757767       0.5    0.61   0.10      0.29
909  1.00000000 0.3160401 0.005757767       0.5    0.61   0.10      0.29
910  0.01562500 0.3160401 0.005757767       0.5    0.61   0.10      0.29
911  0.01171875 0.3160401 0.005757767       0.5    0.61   0.10      0.29
912  0.01171875 0.3160401 0.005757767       0.5    0.61   0.10      0.29
913  1.00000000 0.3160401 0.005757767       0.5    0.61   0.10      0.29
914  0.01171875 0.3160401 0.005757767       0.5    0.61   0.10      0.29
915  0.03125000 0.3160401 0.005757767       0.5    0.61   0.10      0.29
916  1.00000000 0.3160401 0.005757767       0.5    0.61   0.10      0.29
917  0.00000000 0.3160401 0.005757767       0.5    0.61   0.10      0.29
918  0.01953125 0.3160401 0.005757767       0.5    0.61   0.10      0.29
919  0.31250000 0.3160401 0.005757767       0.5    0.61   0.10      0.29
920  0.01171875 0.3160401 0.005757767       0.5    0.61   0.10      0.29
921  0.00000000 0.3160401 0.005757767       0.5    0.61   0.10      0.29
922  1.00000000 0.3160401 0.005757767       0.5    0.61   0.10      0.29
923  0.01171875 0.3160401 0.005757767       0.5    0.61   0.10      0.29
924  0.02343750 0.3160401 0.005757767       0.5    0.61   0.10      0.29
925  0.02343750 0.3160401 0.005757767       0.5    0.61   0.10      0.29
926  0.07421875 0.3160401 0.005757767       0.5    0.61   0.10      0.29
927  0.04687500 0.3160401 0.005757767       0.5    0.61   0.10      0.29
928  0.01171875 0.3160401 0.005757767       0.5    0.61   0.10      0.29
929  1.00000000 0.3160401 0.005757767       0.5    0.61   0.10      0.29
930  0.02734375 0.3160401 0.005757767       0.5    0.61   0.10      0.29
931  0.04296875 0.3160401 0.005757767       0.5    0.61   0.10      0.29
932  1.00000000 0.3160401 0.005757767       0.5    0.61   0.10      0.29
933  0.06640625 0.3160401 0.005757767       0.5    0.61   0.10      0.29
934  1.00000000 0.3160401 0.005757767       0.5    0.61   0.10      0.29
935  0.00781250 0.3160401 0.005757767       0.5    0.61   0.10      0.29
936  0.08593750 0.3160401 0.005757767       0.5    0.61   0.10      0.29
937  0.02734375 0.3160401 0.005757767       0.5    0.61   0.10      0.29
938  0.50000000 0.3160401 0.005757767       0.5    0.61   0.10      0.29
939  1.00000000 0.3160401 0.005757767       0.5    0.61   0.10      0.29
940  0.00781250 0.3160401 0.005757767       0.5    0.61   0.10      0.29
941  0.03125000 0.3160401 0.005757767       0.5    0.61   0.10      0.29
942  0.01171875 0.3160401 0.005757767       0.5    0.61   0.10      0.29
943  0.25390625 0.3160401 0.005757767       0.5    0.61   0.10      0.29
944  0.04296875 0.3160401 0.005757767       0.5    0.61   0.10      0.29
945  1.00000000 0.3160401 0.005757767       0.5    0.61   0.10      0.29
946  0.01953125 0.3160401 0.005757767       0.5    0.61   0.10      0.29
947  1.00000000 0.3160401 0.005757767       0.5    0.61   0.10      0.29
948  0.03125000 0.3160401 0.005757767       0.5    0.61   0.10      0.29
949  0.03125000 0.3160401 0.005757767       0.5    0.61   0.10      0.29
950  0.02343750 0.3160401 0.005757767       0.5    0.61   0.10      0.29
951  0.03515625 0.3160401 0.005757767       0.5    0.61   0.10      0.29
952  1.00000000 0.3160401 0.005757767       0.5    0.61   0.10      0.29
953  0.14843750 0.3160401 0.005757767       0.5    0.61   0.10      0.29
954  0.04296875 0.3160401 0.005757767       0.5    0.61   0.10      0.29
955  0.01562500 0.3160401 0.005757767       0.5    0.61   0.10      0.29
956  0.07031250 0.3160401 0.005757767       0.5    0.61   0.10      0.29
957  1.00000000 0.3160401 0.005757767       0.5    0.61   0.10      0.29
958  1.00000000 0.3160401 0.005757767       0.5    0.61   0.10      0.29
959  0.00390625 0.3160401 0.005757767       0.5    0.61   0.10      0.29
960  0.06250000 0.3160401 0.005757767       0.5    0.61   0.10      0.29
961  0.01562500 0.3160401 0.005757767       0.5    0.61   0.10      0.29
962  0.01171875 0.3160401 0.005757767       0.5    0.61   0.10      0.29
963  1.00000000 0.3160401 0.005757767       0.5    0.61   0.10      0.29
964  1.00000000 0.3160401 0.005757767       0.5    0.61   0.10      0.29
965  0.03515625 0.3160401 0.005757767       0.5    0.61   0.10      0.29
966  1.00000000 0.3160401 0.005757767       0.5    0.61   0.10      0.29
967  1.00000000 0.3160401 0.005757767       0.5    0.61   0.10      0.29
968  1.00000000 0.3160401 0.005757767       0.5    0.61   0.10      0.29
969  1.00000000 0.3160401 0.005757767       0.5    0.61   0.10      0.29
970  0.13671875 0.3160401 0.005757767       0.5    0.61   0.10      0.29
971  1.00000000 0.3160401 0.005757767       0.5    0.61   0.10      0.29
972  0.00390625 0.3160401 0.005757767       0.5    0.61   0.10      0.29
973  1.00000000 0.3160401 0.005757767       0.5    0.61   0.10      0.29
974  0.00000000 0.3160401 0.005757767       0.5    0.61   0.10      0.29
975  0.02343750 0.3160401 0.005757767       0.5    0.61   0.10      0.29
976  1.00000000 0.3160401 0.005757767       0.5    0.61   0.10      0.29
977  0.00390625 0.3160401 0.005757767       0.5    0.61   0.10      0.29
978  1.00000000 0.3160401 0.005757767       0.5    0.61   0.10      0.29
979  1.00000000 0.3160401 0.005757767       0.5    0.61   0.10      0.29
980  0.01562500 0.3160401 0.005757767       0.5    0.61   0.10      0.29
981  0.01171875 0.3160401 0.005757767       0.5    0.61   0.10      0.29
982  0.12890625 0.3160401 0.005757767       0.5    0.61   0.10      0.29
983  0.06250000 0.3160401 0.005757767       0.5    0.61   0.10      0.29
984  0.04687500 0.3160401 0.005757767       0.5    0.61   0.10      0.29
985  0.03515625 0.3160401 0.005757767       0.5    0.61   0.10      0.29
986  0.26953125 0.3160401 0.005757767       0.5    0.61   0.10      0.29
987  0.02734375 0.3160401 0.005757767       0.5    0.61   0.10      0.29
988  0.01562500 0.3160401 0.005757767       0.5    0.61   0.10      0.29
989  1.00000000 0.3160401 0.005757767       0.5    0.61   0.10      0.29
990  1.00000000 0.3160401 0.005757767       0.5    0.61   0.10      0.29
991  0.03906250 0.3160401 0.005757767       0.5    0.61   0.10      0.29
992  0.09375000 0.3160401 0.005757767       0.5    0.61   0.10      0.29
993  0.03125000 0.3160401 0.005757767       0.5    0.61   0.10      0.29
994  0.00781250 0.3160401 0.005757767       0.5    0.61   0.10      0.29
995  0.01953125 0.3160401 0.005757767       0.5    0.61   0.10      0.29
996  0.00781250 0.3160401 0.005757767       0.5    0.61   0.10      0.29
997  0.01953125 0.3160401 0.005757767       0.5    0.61   0.10      0.29
998  1.00000000 0.3160401 0.005757767       0.5    0.61   0.10      0.29
999  0.01953125 0.3160401 0.005757767       0.5    0.61   0.10      0.29
1000 0.00390625 0.3160401 0.005757767       0.5    0.61   0.10      0.29
