      prop.aneu prob.meio   prob.mito dispersal euploid mosaic aneuploid
1    0.34375000 0.3420297 0.024937773       0.5    0.31   0.36      0.33
2    0.10937500 0.3420297 0.024937773       0.5    0.31   0.36      0.33
3    0.37500000 0.3420297 0.024937773       0.5    0.31   0.36      0.33
4    0.18750000 0.3420297 0.024937773       0.5    0.31   0.36      0.33
5    1.00000000 0.3420297 0.024937773       0.5    0.31   0.36      0.33
6    1.00000000 0.3420297 0.024937773       0.5    0.31   0.36      0.33
7    0.10156250 0.3420297 0.024937773       0.5    0.31   0.36      0.33
8    0.56640625 0.3420297 0.024937773       0.5    0.31   0.36      0.33
9    0.24218750 0.3420297 0.024937773       0.5    0.31   0.36      0.33
10   0.29687500 0.3420297 0.024937773       0.5    0.31   0.36      0.33
11   0.10546875 0.3420297 0.024937773       0.5    0.31   0.36      0.33
12   0.09765625 0.3420297 0.024937773       0.5    0.31   0.36      0.33
13   1.00000000 0.3420297 0.024937773       0.5    0.31   0.36      0.33
14   0.05078125 0.3420297 0.024937773       0.5    0.31   0.36      0.33
15   0.64843750 0.3420297 0.024937773       0.5    0.31   0.36      0.33
16   0.37500000 0.3420297 0.024937773       0.5    0.31   0.36      0.33
17   1.00000000 0.3420297 0.024937773       0.5    0.31   0.36      0.33
18   1.00000000 0.3420297 0.024937773       0.5    0.31   0.36      0.33
19   0.24218750 0.3420297 0.024937773       0.5    0.31   0.36      0.33
20   0.03906250 0.3420297 0.024937773       0.5    0.31   0.36      0.33
21   0.09375000 0.3420297 0.024937773       0.5    0.31   0.36      0.33
22   1.00000000 0.3420297 0.024937773       0.5    0.31   0.36      0.33
23   0.11328125 0.3420297 0.024937773       0.5    0.31   0.36      0.33
24   0.25390625 0.3420297 0.024937773       0.5    0.31   0.36      0.33
25   1.00000000 0.3420297 0.024937773       0.5    0.31   0.36      0.33
26   0.10546875 0.3420297 0.024937773       0.5    0.31   0.36      0.33
27   1.00000000 0.3420297 0.024937773       0.5    0.31   0.36      0.33
28   1.00000000 0.3420297 0.024937773       0.5    0.31   0.36      0.33
29   1.00000000 0.3420297 0.024937773       0.5    0.31   0.36      0.33
30   0.10156250 0.3420297 0.024937773       0.5    0.31   0.36      0.33
31   1.00000000 0.3420297 0.024937773       0.5    0.31   0.36      0.33
32   0.12109375 0.3420297 0.024937773       0.5    0.31   0.36      0.33
33   1.00000000 0.3420297 0.024937773       0.5    0.31   0.36      0.33
34   0.07421875 0.3420297 0.024937773       0.5    0.31   0.36      0.33
35   0.18750000 0.3420297 0.024937773       0.5    0.31   0.36      0.33
36   0.11718750 0.3420297 0.024937773       0.5    0.31   0.36      0.33
37   0.10546875 0.3420297 0.024937773       0.5    0.31   0.36      0.33
38   1.00000000 0.3420297 0.024937773       0.5    0.31   0.36      0.33
39   0.10156250 0.3420297 0.024937773       0.5    0.31   0.36      0.33
40   0.10937500 0.3420297 0.024937773       0.5    0.31   0.36      0.33
41   0.34375000 0.3420297 0.024937773       0.5    0.31   0.36      0.33
42   0.05468750 0.3420297 0.024937773       0.5    0.31   0.36      0.33
43   0.17187500 0.3420297 0.024937773       0.5    0.31   0.36      0.33
44   0.42578125 0.3420297 0.024937773       0.5    0.31   0.36      0.33
45   0.12500000 0.3420297 0.024937773       0.5    0.31   0.36      0.33
46   1.00000000 0.3420297 0.024937773       0.5    0.31   0.36      0.33
47   0.12109375 0.3420297 0.024937773       0.5    0.31   0.36      0.33
48   0.28125000 0.3420297 0.024937773       0.5    0.31   0.36      0.33
49   0.16015625 0.3420297 0.024937773       0.5    0.31   0.36      0.33
50   0.13281250 0.3420297 0.024937773       0.5    0.31   0.36      0.33
51   0.08984375 0.3420297 0.024937773       0.5    0.31   0.36      0.33
52   1.00000000 0.3420297 0.024937773       0.5    0.31   0.36      0.33
53   0.36718750 0.3420297 0.024937773       0.5    0.31   0.36      0.33
54   0.16796875 0.3420297 0.024937773       0.5    0.31   0.36      0.33
55   0.31250000 0.3420297 0.024937773       0.5    0.31   0.36      0.33
56   0.22265625 0.3420297 0.024937773       0.5    0.31   0.36      0.33
57   1.00000000 0.3420297 0.024937773       0.5    0.31   0.36      0.33
58   1.00000000 0.3420297 0.024937773       0.5    0.31   0.36      0.33
59   0.10937500 0.3420297 0.024937773       0.5    0.31   0.36      0.33
60   0.09375000 0.3420297 0.024937773       0.5    0.31   0.36      0.33
61   0.21093750 0.3420297 0.024937773       0.5    0.31   0.36      0.33
62   0.16796875 0.3420297 0.024937773       0.5    0.31   0.36      0.33
63   0.07812500 0.3420297 0.024937773       0.5    0.31   0.36      0.33
64   1.00000000 0.3420297 0.024937773       0.5    0.31   0.36      0.33
65   1.00000000 0.3420297 0.024937773       0.5    0.31   0.36      0.33
66   1.00000000 0.3420297 0.024937773       0.5    0.31   0.36      0.33
67   0.10546875 0.3420297 0.024937773       0.5    0.31   0.36      0.33
68   0.10546875 0.3420297 0.024937773       0.5    0.31   0.36      0.33
69   0.16015625 0.3420297 0.024937773       0.5    0.31   0.36      0.33
70   1.00000000 0.3420297 0.024937773       0.5    0.31   0.36      0.33
71   1.00000000 0.3420297 0.024937773       0.5    0.31   0.36      0.33
72   0.20312500 0.3420297 0.024937773       0.5    0.31   0.36      0.33
73   0.09375000 0.3420297 0.024937773       0.5    0.31   0.36      0.33
74   1.00000000 0.3420297 0.024937773       0.5    0.31   0.36      0.33
75   0.21093750 0.3420297 0.024937773       0.5    0.31   0.36      0.33
76   0.30078125 0.3420297 0.024937773       0.5    0.31   0.36      0.33
77   0.07031250 0.3420297 0.024937773       0.5    0.31   0.36      0.33
78   0.38671875 0.3420297 0.024937773       0.5    0.31   0.36      0.33
79   0.11328125 0.3420297 0.024937773       0.5    0.31   0.36      0.33
80   1.00000000 0.3420297 0.024937773       0.5    0.31   0.36      0.33
81   1.00000000 0.3420297 0.024937773       0.5    0.31   0.36      0.33
82   1.00000000 0.3420297 0.024937773       0.5    0.31   0.36      0.33
83   0.18359375 0.3420297 0.024937773       0.5    0.31   0.36      0.33
84   1.00000000 0.3420297 0.024937773       0.5    0.31   0.36      0.33
85   1.00000000 0.3420297 0.024937773       0.5    0.31   0.36      0.33
86   1.00000000 0.3420297 0.024937773       0.5    0.31   0.36      0.33
87   1.00000000 0.3420297 0.024937773       0.5    0.31   0.36      0.33
88   1.00000000 0.3420297 0.024937773       0.5    0.31   0.36      0.33
89   0.34375000 0.3420297 0.024937773       0.5    0.31   0.36      0.33
90   0.07812500 0.3420297 0.024937773       0.5    0.31   0.36      0.33
91   0.06640625 0.3420297 0.024937773       0.5    0.31   0.36      0.33
92   0.13671875 0.3420297 0.024937773       0.5    0.31   0.36      0.33
93   1.00000000 0.3420297 0.024937773       0.5    0.31   0.36      0.33
94   0.07812500 0.3420297 0.024937773       0.5    0.31   0.36      0.33
95   0.21484375 0.3420297 0.024937773       0.5    0.31   0.36      0.33
96   0.12500000 0.3420297 0.024937773       0.5    0.31   0.36      0.33
97   0.05468750 0.3420297 0.024937773       0.5    0.31   0.36      0.33
98   0.12109375 0.3420297 0.024937773       0.5    0.31   0.36      0.33
99   0.09765625 0.3420297 0.024937773       0.5    0.31   0.36      0.33
100  0.08203125 0.3420297 0.024937773       0.5    0.31   0.36      0.33
101  1.00000000 0.4827471 0.017016485       0.5    0.30   0.21      0.49
102  0.75390625 0.4827471 0.017016485       0.5    0.30   0.21      0.49
103  0.14062500 0.4827471 0.017016485       0.5    0.30   0.21      0.49
104  1.00000000 0.4827471 0.017016485       0.5    0.30   0.21      0.49
105  1.00000000 0.4827471 0.017016485       0.5    0.30   0.21      0.49
106  0.05078125 0.4827471 0.017016485       0.5    0.30   0.21      0.49
107  0.14062500 0.4827471 0.017016485       0.5    0.30   0.21      0.49
108  0.01171875 0.4827471 0.017016485       0.5    0.30   0.21      0.49
109  0.04687500 0.4827471 0.017016485       0.5    0.30   0.21      0.49
110  0.16406250 0.4827471 0.017016485       0.5    0.30   0.21      0.49
111  0.03515625 0.4827471 0.017016485       0.5    0.30   0.21      0.49
112  0.16015625 0.4827471 0.017016485       0.5    0.30   0.21      0.49
113  1.00000000 0.4827471 0.017016485       0.5    0.30   0.21      0.49
114  0.08203125 0.4827471 0.017016485       0.5    0.30   0.21      0.49
115  1.00000000 0.4827471 0.017016485       0.5    0.30   0.21      0.49
116  0.14453125 0.4827471 0.017016485       0.5    0.30   0.21      0.49
117  0.06640625 0.4827471 0.017016485       0.5    0.30   0.21      0.49
118  1.00000000 0.4827471 0.017016485       0.5    0.30   0.21      0.49
119  1.00000000 0.4827471 0.017016485       0.5    0.30   0.21      0.49
120  0.03906250 0.4827471 0.017016485       0.5    0.30   0.21      0.49
121  0.08203125 0.4827471 0.017016485       0.5    0.30   0.21      0.49
122  0.16796875 0.4827471 0.017016485       0.5    0.30   0.21      0.49
123  1.00000000 0.4827471 0.017016485       0.5    0.30   0.21      0.49
124  1.00000000 0.4827471 0.017016485       0.5    0.30   0.21      0.49
125  0.08593750 0.4827471 0.017016485       0.5    0.30   0.21      0.49
126  1.00000000 0.4827471 0.017016485       0.5    0.30   0.21      0.49
127  1.00000000 0.4827471 0.017016485       0.5    0.30   0.21      0.49
128  1.00000000 0.4827471 0.017016485       0.5    0.30   0.21      0.49
129  0.05468750 0.4827471 0.017016485       0.5    0.30   0.21      0.49
130  1.00000000 0.4827471 0.017016485       0.5    0.30   0.21      0.49
131  0.06640625 0.4827471 0.017016485       0.5    0.30   0.21      0.49
132  0.16015625 0.4827471 0.017016485       0.5    0.30   0.21      0.49
133  1.00000000 0.4827471 0.017016485       0.5    0.30   0.21      0.49
134  1.00000000 0.4827471 0.017016485       0.5    0.30   0.21      0.49
135  0.11718750 0.4827471 0.017016485       0.5    0.30   0.21      0.49
136  1.00000000 0.4827471 0.017016485       0.5    0.30   0.21      0.49
137  1.00000000 0.4827471 0.017016485       0.5    0.30   0.21      0.49
138  1.00000000 0.4827471 0.017016485       0.5    0.30   0.21      0.49
139  1.00000000 0.4827471 0.017016485       0.5    0.30   0.21      0.49
140  1.00000000 0.4827471 0.017016485       0.5    0.30   0.21      0.49
141  0.08984375 0.4827471 0.017016485       0.5    0.30   0.21      0.49
142  1.00000000 0.4827471 0.017016485       0.5    0.30   0.21      0.49
143  0.56640625 0.4827471 0.017016485       0.5    0.30   0.21      0.49
144  0.16015625 0.4827471 0.017016485       0.5    0.30   0.21      0.49
145  1.00000000 0.4827471 0.017016485       0.5    0.30   0.21      0.49
146  1.00000000 0.4827471 0.017016485       0.5    0.30   0.21      0.49
147  1.00000000 0.4827471 0.017016485       0.5    0.30   0.21      0.49
148  0.05078125 0.4827471 0.017016485       0.5    0.30   0.21      0.49
149  1.00000000 0.4827471 0.017016485       0.5    0.30   0.21      0.49
150  0.53515625 0.4827471 0.017016485       0.5    0.30   0.21      0.49
151  0.04296875 0.4827471 0.017016485       0.5    0.30   0.21      0.49
152  1.00000000 0.4827471 0.017016485       0.5    0.30   0.21      0.49
153  1.00000000 0.4827471 0.017016485       0.5    0.30   0.21      0.49
154  0.01953125 0.4827471 0.017016485       0.5    0.30   0.21      0.49
155  0.30468750 0.4827471 0.017016485       0.5    0.30   0.21      0.49
156  0.05859375 0.4827471 0.017016485       0.5    0.30   0.21      0.49
157  1.00000000 0.4827471 0.017016485       0.5    0.30   0.21      0.49
158  0.14843750 0.4827471 0.017016485       0.5    0.30   0.21      0.49
159  1.00000000 0.4827471 0.017016485       0.5    0.30   0.21      0.49
160  0.13671875 0.4827471 0.017016485       0.5    0.30   0.21      0.49
161  1.00000000 0.4827471 0.017016485       0.5    0.30   0.21      0.49
162  0.07812500 0.4827471 0.017016485       0.5    0.30   0.21      0.49
163  1.00000000 0.4827471 0.017016485       0.5    0.30   0.21      0.49
164  0.08203125 0.4827471 0.017016485       0.5    0.30   0.21      0.49
165  1.00000000 0.4827471 0.017016485       0.5    0.30   0.21      0.49
166  0.22656250 0.4827471 0.017016485       0.5    0.30   0.21      0.49
167  0.16015625 0.4827471 0.017016485       0.5    0.30   0.21      0.49
168  1.00000000 0.4827471 0.017016485       0.5    0.30   0.21      0.49
169  1.00000000 0.4827471 0.017016485       0.5    0.30   0.21      0.49
170  0.07421875 0.4827471 0.017016485       0.5    0.30   0.21      0.49
171  0.07031250 0.4827471 0.017016485       0.5    0.30   0.21      0.49
172  0.05078125 0.4827471 0.017016485       0.5    0.30   0.21      0.49
173  1.00000000 0.4827471 0.017016485       0.5    0.30   0.21      0.49
174  0.03125000 0.4827471 0.017016485       0.5    0.30   0.21      0.49
175  1.00000000 0.4827471 0.017016485       0.5    0.30   0.21      0.49
176  1.00000000 0.4827471 0.017016485       0.5    0.30   0.21      0.49
177  1.00000000 0.4827471 0.017016485       0.5    0.30   0.21      0.49
178  0.24218750 0.4827471 0.017016485       0.5    0.30   0.21      0.49
179  1.00000000 0.4827471 0.017016485       0.5    0.30   0.21      0.49
180  0.08203125 0.4827471 0.017016485       0.5    0.30   0.21      0.49
181  1.00000000 0.4827471 0.017016485       0.5    0.30   0.21      0.49
182  1.00000000 0.4827471 0.017016485       0.5    0.30   0.21      0.49
183  1.00000000 0.4827471 0.017016485       0.5    0.30   0.21      0.49
184  0.07421875 0.4827471 0.017016485       0.5    0.30   0.21      0.49
185  0.17968750 0.4827471 0.017016485       0.5    0.30   0.21      0.49
186  0.08593750 0.4827471 0.017016485       0.5    0.30   0.21      0.49
187  1.00000000 0.4827471 0.017016485       0.5    0.30   0.21      0.49
188  0.13281250 0.4827471 0.017016485       0.5    0.30   0.21      0.49
189  0.05468750 0.4827471 0.017016485       0.5    0.30   0.21      0.49
190  1.00000000 0.4827471 0.017016485       0.5    0.30   0.21      0.49
191  1.00000000 0.4827471 0.017016485       0.5    0.30   0.21      0.49
192  0.15234375 0.4827471 0.017016485       0.5    0.30   0.21      0.49
193  1.00000000 0.4827471 0.017016485       0.5    0.30   0.21      0.49
194  0.14453125 0.4827471 0.017016485       0.5    0.30   0.21      0.49
195  1.00000000 0.4827471 0.017016485       0.5    0.30   0.21      0.49
196  0.42187500 0.4827471 0.017016485       0.5    0.30   0.21      0.49
197  0.12890625 0.4827471 0.017016485       0.5    0.30   0.21      0.49
198  0.05468750 0.4827471 0.017016485       0.5    0.30   0.21      0.49
199  1.00000000 0.4827471 0.017016485       0.5    0.30   0.21      0.49
200  1.00000000 0.4827471 0.017016485       0.5    0.30   0.21      0.49
201  0.14453125 0.3238941 0.014927222       0.5    0.41   0.28      0.31
202  0.15234375 0.3238941 0.014927222       0.5    0.41   0.28      0.31
203  1.00000000 0.3238941 0.014927222       0.5    0.41   0.28      0.31
204  0.07421875 0.3238941 0.014927222       0.5    0.41   0.28      0.31
205  0.07031250 0.3238941 0.014927222       0.5    0.41   0.28      0.31
206  0.05078125 0.3238941 0.014927222       0.5    0.41   0.28      0.31
207  0.03125000 0.3238941 0.014927222       0.5    0.41   0.28      0.31
208  0.13671875 0.3238941 0.014927222       0.5    0.41   0.28      0.31
209  0.10937500 0.3238941 0.014927222       0.5    0.41   0.28      0.31
210  0.08984375 0.3238941 0.014927222       0.5    0.41   0.28      0.31
211  1.00000000 0.3238941 0.014927222       0.5    0.41   0.28      0.31
212  0.07031250 0.3238941 0.014927222       0.5    0.41   0.28      0.31
213  0.07031250 0.3238941 0.014927222       0.5    0.41   0.28      0.31
214  0.05078125 0.3238941 0.014927222       0.5    0.41   0.28      0.31
215  0.06250000 0.3238941 0.014927222       0.5    0.41   0.28      0.31
216  0.12890625 0.3238941 0.014927222       0.5    0.41   0.28      0.31
217  0.16796875 0.3238941 0.014927222       0.5    0.41   0.28      0.31
218  0.16015625 0.3238941 0.014927222       0.5    0.41   0.28      0.31
219  1.00000000 0.3238941 0.014927222       0.5    0.41   0.28      0.31
220  0.16796875 0.3238941 0.014927222       0.5    0.41   0.28      0.31
221  1.00000000 0.3238941 0.014927222       0.5    0.41   0.28      0.31
222  0.08203125 0.3238941 0.014927222       0.5    0.41   0.28      0.31
223  1.00000000 0.3238941 0.014927222       0.5    0.41   0.28      0.31
224  0.10937500 0.3238941 0.014927222       0.5    0.41   0.28      0.31
225  0.04296875 0.3238941 0.014927222       0.5    0.41   0.28      0.31
226  0.05859375 0.3238941 0.014927222       0.5    0.41   0.28      0.31
227  1.00000000 0.3238941 0.014927222       0.5    0.41   0.28      0.31
228  1.00000000 0.3238941 0.014927222       0.5    0.41   0.28      0.31
229  1.00000000 0.3238941 0.014927222       0.5    0.41   0.28      0.31
230  1.00000000 0.3238941 0.014927222       0.5    0.41   0.28      0.31
231  0.08984375 0.3238941 0.014927222       0.5    0.41   0.28      0.31
232  0.26953125 0.3238941 0.014927222       0.5    0.41   0.28      0.31
233  0.13671875 0.3238941 0.014927222       0.5    0.41   0.28      0.31
234  0.10156250 0.3238941 0.014927222       0.5    0.41   0.28      0.31
235  1.00000000 0.3238941 0.014927222       0.5    0.41   0.28      0.31
236  1.00000000 0.3238941 0.014927222       0.5    0.41   0.28      0.31
237  1.00000000 0.3238941 0.014927222       0.5    0.41   0.28      0.31
238  0.06640625 0.3238941 0.014927222       0.5    0.41   0.28      0.31
239  0.05859375 0.3238941 0.014927222       0.5    0.41   0.28      0.31
240  0.25390625 0.3238941 0.014927222       0.5    0.41   0.28      0.31
241  0.10156250 0.3238941 0.014927222       0.5    0.41   0.28      0.31
242  0.08984375 0.3238941 0.014927222       0.5    0.41   0.28      0.31
243  0.01953125 0.3238941 0.014927222       0.5    0.41   0.28      0.31
244  1.00000000 0.3238941 0.014927222       0.5    0.41   0.28      0.31
245  0.04687500 0.3238941 0.014927222       0.5    0.41   0.28      0.31
246  0.07421875 0.3238941 0.014927222       0.5    0.41   0.28      0.31
247  0.01562500 0.3238941 0.014927222       0.5    0.41   0.28      0.31
248  0.02343750 0.3238941 0.014927222       0.5    0.41   0.28      0.31
249  1.00000000 0.3238941 0.014927222       0.5    0.41   0.28      0.31
250  0.19140625 0.3238941 0.014927222       0.5    0.41   0.28      0.31
251  1.00000000 0.3238941 0.014927222       0.5    0.41   0.28      0.31
252  0.09765625 0.3238941 0.014927222       0.5    0.41   0.28      0.31
253  0.66015625 0.3238941 0.014927222       0.5    0.41   0.28      0.31
254  0.13671875 0.3238941 0.014927222       0.5    0.41   0.28      0.31
255  0.03515625 0.3238941 0.014927222       0.5    0.41   0.28      0.31
256  0.10937500 0.3238941 0.014927222       0.5    0.41   0.28      0.31
257  1.00000000 0.3238941 0.014927222       0.5    0.41   0.28      0.31
258  0.04296875 0.3238941 0.014927222       0.5    0.41   0.28      0.31
259  1.00000000 0.3238941 0.014927222       0.5    0.41   0.28      0.31
260  1.00000000 0.3238941 0.014927222       0.5    0.41   0.28      0.31
261  0.15625000 0.3238941 0.014927222       0.5    0.41   0.28      0.31
262  0.06250000 0.3238941 0.014927222       0.5    0.41   0.28      0.31
263  0.29296875 0.3238941 0.014927222       0.5    0.41   0.28      0.31
264  0.09375000 0.3238941 0.014927222       0.5    0.41   0.28      0.31
265  0.05468750 0.3238941 0.014927222       0.5    0.41   0.28      0.31
266  0.05859375 0.3238941 0.014927222       0.5    0.41   0.28      0.31
267  0.30468750 0.3238941 0.014927222       0.5    0.41   0.28      0.31
268  1.00000000 0.3238941 0.014927222       0.5    0.41   0.28      0.31
269  0.12890625 0.3238941 0.014927222       0.5    0.41   0.28      0.31
270  0.07812500 0.3238941 0.014927222       0.5    0.41   0.28      0.31
271  0.04687500 0.3238941 0.014927222       0.5    0.41   0.28      0.31
272  0.05078125 0.3238941 0.014927222       0.5    0.41   0.28      0.31
273  0.16406250 0.3238941 0.014927222       0.5    0.41   0.28      0.31
274  1.00000000 0.3238941 0.014927222       0.5    0.41   0.28      0.31
275  0.07031250 0.3238941 0.014927222       0.5    0.41   0.28      0.31
276  1.00000000 0.3238941 0.014927222       0.5    0.41   0.28      0.31
277  0.02734375 0.3238941 0.014927222       0.5    0.41   0.28      0.31
278  1.00000000 0.3238941 0.014927222       0.5    0.41   0.28      0.31
279  0.14062500 0.3238941 0.014927222       0.5    0.41   0.28      0.31
280  1.00000000 0.3238941 0.014927222       0.5    0.41   0.28      0.31
281  0.13281250 0.3238941 0.014927222       0.5    0.41   0.28      0.31
282  1.00000000 0.3238941 0.014927222       0.5    0.41   0.28      0.31
283  0.03125000 0.3238941 0.014927222       0.5    0.41   0.28      0.31
284  0.24218750 0.3238941 0.014927222       0.5    0.41   0.28      0.31
285  0.06250000 0.3238941 0.014927222       0.5    0.41   0.28      0.31
286  0.10937500 0.3238941 0.014927222       0.5    0.41   0.28      0.31
287  0.09765625 0.3238941 0.014927222       0.5    0.41   0.28      0.31
288  0.05078125 0.3238941 0.014927222       0.5    0.41   0.28      0.31
289  0.66796875 0.3238941 0.014927222       0.5    0.41   0.28      0.31
290  1.00000000 0.3238941 0.014927222       0.5    0.41   0.28      0.31
291  0.03125000 0.3238941 0.014927222       0.5    0.41   0.28      0.31
292  1.00000000 0.3238941 0.014927222       0.5    0.41   0.28      0.31
293  0.07031250 0.3238941 0.014927222       0.5    0.41   0.28      0.31
294  1.00000000 0.3238941 0.014927222       0.5    0.41   0.28      0.31
295  1.00000000 0.3238941 0.014927222       0.5    0.41   0.28      0.31
296  0.10937500 0.3238941 0.014927222       0.5    0.41   0.28      0.31
297  0.05859375 0.3238941 0.014927222       0.5    0.41   0.28      0.31
298  1.00000000 0.3238941 0.014927222       0.5    0.41   0.28      0.31
299  0.07031250 0.3238941 0.014927222       0.5    0.41   0.28      0.31
300  1.00000000 0.3238941 0.014927222       0.5    0.41   0.28      0.31
301  1.00000000 0.6226098 0.019963423       0.5    0.23   0.13      0.64
302  1.00000000 0.6226098 0.019963423       0.5    0.23   0.13      0.64
303  1.00000000 0.6226098 0.019963423       0.5    0.23   0.13      0.64
304  1.00000000 0.6226098 0.019963423       0.5    0.23   0.13      0.64
305  0.18750000 0.6226098 0.019963423       0.5    0.23   0.13      0.64
306  1.00000000 0.6226098 0.019963423       0.5    0.23   0.13      0.64
307  1.00000000 0.6226098 0.019963423       0.5    0.23   0.13      0.64
308  1.00000000 0.6226098 0.019963423       0.5    0.23   0.13      0.64
309  0.18359375 0.6226098 0.019963423       0.5    0.23   0.13      0.64
310  1.00000000 0.6226098 0.019963423       0.5    0.23   0.13      0.64
311  1.00000000 0.6226098 0.019963423       0.5    0.23   0.13      0.64
312  0.06250000 0.6226098 0.019963423       0.5    0.23   0.13      0.64
313  0.12890625 0.6226098 0.019963423       0.5    0.23   0.13      0.64
314  0.13281250 0.6226098 0.019963423       0.5    0.23   0.13      0.64
315  0.35156250 0.6226098 0.019963423       0.5    0.23   0.13      0.64
316  1.00000000 0.6226098 0.019963423       0.5    0.23   0.13      0.64
317  1.00000000 0.6226098 0.019963423       0.5    0.23   0.13      0.64
318  1.00000000 0.6226098 0.019963423       0.5    0.23   0.13      0.64
319  0.10156250 0.6226098 0.019963423       0.5    0.23   0.13      0.64
320  1.00000000 0.6226098 0.019963423       0.5    0.23   0.13      0.64
321  0.21875000 0.6226098 0.019963423       0.5    0.23   0.13      0.64
322  1.00000000 0.6226098 0.019963423       0.5    0.23   0.13      0.64
323  1.00000000 0.6226098 0.019963423       0.5    0.23   0.13      0.64
324  1.00000000 0.6226098 0.019963423       0.5    0.23   0.13      0.64
325  1.00000000 0.6226098 0.019963423       0.5    0.23   0.13      0.64
326  1.00000000 0.6226098 0.019963423       0.5    0.23   0.13      0.64
327  1.00000000 0.6226098 0.019963423       0.5    0.23   0.13      0.64
328  1.00000000 0.6226098 0.019963423       0.5    0.23   0.13      0.64
329  0.12109375 0.6226098 0.019963423       0.5    0.23   0.13      0.64
330  1.00000000 0.6226098 0.019963423       0.5    0.23   0.13      0.64
331  0.16015625 0.6226098 0.019963423       0.5    0.23   0.13      0.64
332  1.00000000 0.6226098 0.019963423       0.5    0.23   0.13      0.64
333  1.00000000 0.6226098 0.019963423       0.5    0.23   0.13      0.64
334  1.00000000 0.6226098 0.019963423       0.5    0.23   0.13      0.64
335  0.17578125 0.6226098 0.019963423       0.5    0.23   0.13      0.64
336  1.00000000 0.6226098 0.019963423       0.5    0.23   0.13      0.64
337  1.00000000 0.6226098 0.019963423       0.5    0.23   0.13      0.64
338  0.06250000 0.6226098 0.019963423       0.5    0.23   0.13      0.64
339  0.03906250 0.6226098 0.019963423       0.5    0.23   0.13      0.64
340  1.00000000 0.6226098 0.019963423       0.5    0.23   0.13      0.64
341  1.00000000 0.6226098 0.019963423       0.5    0.23   0.13      0.64
342  1.00000000 0.6226098 0.019963423       0.5    0.23   0.13      0.64
343  0.10156250 0.6226098 0.019963423       0.5    0.23   0.13      0.64
344  1.00000000 0.6226098 0.019963423       0.5    0.23   0.13      0.64
345  0.07031250 0.6226098 0.019963423       0.5    0.23   0.13      0.64
346  0.10156250 0.6226098 0.019963423       0.5    0.23   0.13      0.64
347  1.00000000 0.6226098 0.019963423       0.5    0.23   0.13      0.64
348  0.22656250 0.6226098 0.019963423       0.5    0.23   0.13      0.64
349  0.09765625 0.6226098 0.019963423       0.5    0.23   0.13      0.64
350  0.06640625 0.6226098 0.019963423       0.5    0.23   0.13      0.64
351  1.00000000 0.6226098 0.019963423       0.5    0.23   0.13      0.64
352  0.16796875 0.6226098 0.019963423       0.5    0.23   0.13      0.64
353  0.10546875 0.6226098 0.019963423       0.5    0.23   0.13      0.64
354  0.05859375 0.6226098 0.019963423       0.5    0.23   0.13      0.64
355  0.06250000 0.6226098 0.019963423       0.5    0.23   0.13      0.64
356  1.00000000 0.6226098 0.019963423       0.5    0.23   0.13      0.64
357  1.00000000 0.6226098 0.019963423       0.5    0.23   0.13      0.64
358  0.17968750 0.6226098 0.019963423       0.5    0.23   0.13      0.64
359  1.00000000 0.6226098 0.019963423       0.5    0.23   0.13      0.64
360  1.00000000 0.6226098 0.019963423       0.5    0.23   0.13      0.64
361  0.21875000 0.6226098 0.019963423       0.5    0.23   0.13      0.64
362  1.00000000 0.6226098 0.019963423       0.5    0.23   0.13      0.64
363  0.32031250 0.6226098 0.019963423       0.5    0.23   0.13      0.64
364  0.19531250 0.6226098 0.019963423       0.5    0.23   0.13      0.64
365  1.00000000 0.6226098 0.019963423       0.5    0.23   0.13      0.64
366  1.00000000 0.6226098 0.019963423       0.5    0.23   0.13      0.64
367  0.04687500 0.6226098 0.019963423       0.5    0.23   0.13      0.64
368  1.00000000 0.6226098 0.019963423       0.5    0.23   0.13      0.64
369  1.00000000 0.6226098 0.019963423       0.5    0.23   0.13      0.64
370  1.00000000 0.6226098 0.019963423       0.5    0.23   0.13      0.64
371  1.00000000 0.6226098 0.019963423       0.5    0.23   0.13      0.64
372  1.00000000 0.6226098 0.019963423       0.5    0.23   0.13      0.64
373  0.03906250 0.6226098 0.019963423       0.5    0.23   0.13      0.64
374  1.00000000 0.6226098 0.019963423       0.5    0.23   0.13      0.64
375  1.00000000 0.6226098 0.019963423       0.5    0.23   0.13      0.64
376  1.00000000 0.6226098 0.019963423       0.5    0.23   0.13      0.64
377  0.03125000 0.6226098 0.019963423       0.5    0.23   0.13      0.64
378  0.12500000 0.6226098 0.019963423       0.5    0.23   0.13      0.64
379  1.00000000 0.6226098 0.019963423       0.5    0.23   0.13      0.64
380  1.00000000 0.6226098 0.019963423       0.5    0.23   0.13      0.64
381  0.05468750 0.6226098 0.019963423       0.5    0.23   0.13      0.64
382  1.00000000 0.6226098 0.019963423       0.5    0.23   0.13      0.64
383  1.00000000 0.6226098 0.019963423       0.5    0.23   0.13      0.64
384  1.00000000 0.6226098 0.019963423       0.5    0.23   0.13      0.64
385  1.00000000 0.6226098 0.019963423       0.5    0.23   0.13      0.64
386  1.00000000 0.6226098 0.019963423       0.5    0.23   0.13      0.64
387  1.00000000 0.6226098 0.019963423       0.5    0.23   0.13      0.64
388  1.00000000 0.6226098 0.019963423       0.5    0.23   0.13      0.64
389  1.00000000 0.6226098 0.019963423       0.5    0.23   0.13      0.64
390  1.00000000 0.6226098 0.019963423       0.5    0.23   0.13      0.64
391  0.05468750 0.6226098 0.019963423       0.5    0.23   0.13      0.64
392  1.00000000 0.6226098 0.019963423       0.5    0.23   0.13      0.64
393  0.06250000 0.6226098 0.019963423       0.5    0.23   0.13      0.64
394  1.00000000 0.6226098 0.019963423       0.5    0.23   0.13      0.64
395  0.13281250 0.6226098 0.019963423       0.5    0.23   0.13      0.64
396  1.00000000 0.6226098 0.019963423       0.5    0.23   0.13      0.64
397  0.49218750 0.6226098 0.019963423       0.5    0.23   0.13      0.64
398  1.00000000 0.6226098 0.019963423       0.5    0.23   0.13      0.64
399  1.00000000 0.6226098 0.019963423       0.5    0.23   0.13      0.64
400  1.00000000 0.6226098 0.019963423       0.5    0.23   0.13      0.64
401  0.09765625 0.3130680 0.018378834       0.5    0.40   0.29      0.31
402  0.08593750 0.3130680 0.018378834       0.5    0.40   0.29      0.31
403  0.13671875 0.3130680 0.018378834       0.5    0.40   0.29      0.31
404  0.08984375 0.3130680 0.018378834       0.5    0.40   0.29      0.31
405  0.07812500 0.3130680 0.018378834       0.5    0.40   0.29      0.31
406  1.00000000 0.3130680 0.018378834       0.5    0.40   0.29      0.31
407  1.00000000 0.3130680 0.018378834       0.5    0.40   0.29      0.31
408  0.08984375 0.3130680 0.018378834       0.5    0.40   0.29      0.31
409  1.00000000 0.3130680 0.018378834       0.5    0.40   0.29      0.31
410  0.08593750 0.3130680 0.018378834       0.5    0.40   0.29      0.31
411  1.00000000 0.3130680 0.018378834       0.5    0.40   0.29      0.31
412  0.18359375 0.3130680 0.018378834       0.5    0.40   0.29      0.31
413  0.13281250 0.3130680 0.018378834       0.5    0.40   0.29      0.31
414  0.03906250 0.3130680 0.018378834       0.5    0.40   0.29      0.31
415  0.19921875 0.3130680 0.018378834       0.5    0.40   0.29      0.31
416  0.22265625 0.3130680 0.018378834       0.5    0.40   0.29      0.31
417  0.08984375 0.3130680 0.018378834       0.5    0.40   0.29      0.31
418  0.01953125 0.3130680 0.018378834       0.5    0.40   0.29      0.31
419  0.11718750 0.3130680 0.018378834       0.5    0.40   0.29      0.31
420  1.00000000 0.3130680 0.018378834       0.5    0.40   0.29      0.31
421  0.04687500 0.3130680 0.018378834       0.5    0.40   0.29      0.31
422  0.08593750 0.3130680 0.018378834       0.5    0.40   0.29      0.31
423  0.13671875 0.3130680 0.018378834       0.5    0.40   0.29      0.31
424  0.05859375 0.3130680 0.018378834       0.5    0.40   0.29      0.31
425  1.00000000 0.3130680 0.018378834       0.5    0.40   0.29      0.31
426  1.00000000 0.3130680 0.018378834       0.5    0.40   0.29      0.31
427  0.11328125 0.3130680 0.018378834       0.5    0.40   0.29      0.31
428  0.03125000 0.3130680 0.018378834       0.5    0.40   0.29      0.31
429  0.23046875 0.3130680 0.018378834       0.5    0.40   0.29      0.31
430  0.05468750 0.3130680 0.018378834       0.5    0.40   0.29      0.31
431  0.29296875 0.3130680 0.018378834       0.5    0.40   0.29      0.31
432  0.21484375 0.3130680 0.018378834       0.5    0.40   0.29      0.31
433  1.00000000 0.3130680 0.018378834       0.5    0.40   0.29      0.31
434  0.23828125 0.3130680 0.018378834       0.5    0.40   0.29      0.31
435  1.00000000 0.3130680 0.018378834       0.5    0.40   0.29      0.31
436  1.00000000 0.3130680 0.018378834       0.5    0.40   0.29      0.31
437  0.18359375 0.3130680 0.018378834       0.5    0.40   0.29      0.31
438  1.00000000 0.3130680 0.018378834       0.5    0.40   0.29      0.31
439  0.24218750 0.3130680 0.018378834       0.5    0.40   0.29      0.31
440  1.00000000 0.3130680 0.018378834       0.5    0.40   0.29      0.31
441  0.12500000 0.3130680 0.018378834       0.5    0.40   0.29      0.31
442  1.00000000 0.3130680 0.018378834       0.5    0.40   0.29      0.31
443  1.00000000 0.3130680 0.018378834       0.5    0.40   0.29      0.31
444  0.16015625 0.3130680 0.018378834       0.5    0.40   0.29      0.31
445  0.30468750 0.3130680 0.018378834       0.5    0.40   0.29      0.31
446  1.00000000 0.3130680 0.018378834       0.5    0.40   0.29      0.31
447  1.00000000 0.3130680 0.018378834       0.5    0.40   0.29      0.31
448  0.34375000 0.3130680 0.018378834       0.5    0.40   0.29      0.31
449  1.00000000 0.3130680 0.018378834       0.5    0.40   0.29      0.31
450  0.19531250 0.3130680 0.018378834       0.5    0.40   0.29      0.31
451  0.06250000 0.3130680 0.018378834       0.5    0.40   0.29      0.31
452  0.07031250 0.3130680 0.018378834       0.5    0.40   0.29      0.31
453  0.12500000 0.3130680 0.018378834       0.5    0.40   0.29      0.31
454  0.10546875 0.3130680 0.018378834       0.5    0.40   0.29      0.31
455  0.15234375 0.3130680 0.018378834       0.5    0.40   0.29      0.31
456  0.12500000 0.3130680 0.018378834       0.5    0.40   0.29      0.31
457  0.54296875 0.3130680 0.018378834       0.5    0.40   0.29      0.31
458  0.05859375 0.3130680 0.018378834       0.5    0.40   0.29      0.31
459  1.00000000 0.3130680 0.018378834       0.5    0.40   0.29      0.31
460  0.08593750 0.3130680 0.018378834       0.5    0.40   0.29      0.31
461  0.12890625 0.3130680 0.018378834       0.5    0.40   0.29      0.31
462  0.54296875 0.3130680 0.018378834       0.5    0.40   0.29      0.31
463  0.29296875 0.3130680 0.018378834       0.5    0.40   0.29      0.31
464  0.03125000 0.3130680 0.018378834       0.5    0.40   0.29      0.31
465  0.21093750 0.3130680 0.018378834       0.5    0.40   0.29      0.31
466  1.00000000 0.3130680 0.018378834       0.5    0.40   0.29      0.31
467  1.00000000 0.3130680 0.018378834       0.5    0.40   0.29      0.31
468  1.00000000 0.3130680 0.018378834       0.5    0.40   0.29      0.31
469  1.00000000 0.3130680 0.018378834       0.5    0.40   0.29      0.31
470  0.05078125 0.3130680 0.018378834       0.5    0.40   0.29      0.31
471  0.03125000 0.3130680 0.018378834       0.5    0.40   0.29      0.31
472  0.07421875 0.3130680 0.018378834       0.5    0.40   0.29      0.31
473  1.00000000 0.3130680 0.018378834       0.5    0.40   0.29      0.31
474  0.05468750 0.3130680 0.018378834       0.5    0.40   0.29      0.31
475  0.02343750 0.3130680 0.018378834       0.5    0.40   0.29      0.31
476  1.00000000 0.3130680 0.018378834       0.5    0.40   0.29      0.31
477  0.20312500 0.3130680 0.018378834       0.5    0.40   0.29      0.31
478  0.30078125 0.3130680 0.018378834       0.5    0.40   0.29      0.31
479  1.00000000 0.3130680 0.018378834       0.5    0.40   0.29      0.31
480  0.08984375 0.3130680 0.018378834       0.5    0.40   0.29      0.31
481  0.09765625 0.3130680 0.018378834       0.5    0.40   0.29      0.31
482  0.16796875 0.3130680 0.018378834       0.5    0.40   0.29      0.31
483  1.00000000 0.3130680 0.018378834       0.5    0.40   0.29      0.31
484  0.12109375 0.3130680 0.018378834       0.5    0.40   0.29      0.31
485  0.18359375 0.3130680 0.018378834       0.5    0.40   0.29      0.31
486  0.07812500 0.3130680 0.018378834       0.5    0.40   0.29      0.31
487  0.05078125 0.3130680 0.018378834       0.5    0.40   0.29      0.31
488  1.00000000 0.3130680 0.018378834       0.5    0.40   0.29      0.31
489  0.14062500 0.3130680 0.018378834       0.5    0.40   0.29      0.31
490  0.12890625 0.3130680 0.018378834       0.5    0.40   0.29      0.31
491  0.06250000 0.3130680 0.018378834       0.5    0.40   0.29      0.31
492  0.04296875 0.3130680 0.018378834       0.5    0.40   0.29      0.31
493  0.09375000 0.3130680 0.018378834       0.5    0.40   0.29      0.31
494  0.14062500 0.3130680 0.018378834       0.5    0.40   0.29      0.31
495  1.00000000 0.3130680 0.018378834       0.5    0.40   0.29      0.31
496  1.00000000 0.3130680 0.018378834       0.5    0.40   0.29      0.31
497  1.00000000 0.3130680 0.018378834       0.5    0.40   0.29      0.31
498  1.00000000 0.3130680 0.018378834       0.5    0.40   0.29      0.31
499  0.16406250 0.3130680 0.018378834       0.5    0.40   0.29      0.31
500  0.07421875 0.3130680 0.018378834       0.5    0.40   0.29      0.31
501  0.04296875 0.5200440 0.027324423       0.5    0.22   0.26      0.52
502  0.24218750 0.5200440 0.027324423       0.5    0.22   0.26      0.52
503  1.00000000 0.5200440 0.027324423       0.5    0.22   0.26      0.52
504  1.00000000 0.5200440 0.027324423       0.5    0.22   0.26      0.52
505  0.03906250 0.5200440 0.027324423       0.5    0.22   0.26      0.52
506  0.12109375 0.5200440 0.027324423       0.5    0.22   0.26      0.52
507  1.00000000 0.5200440 0.027324423       0.5    0.22   0.26      0.52
508  0.21093750 0.5200440 0.027324423       0.5    0.22   0.26      0.52
509  0.07031250 0.5200440 0.027324423       0.5    0.22   0.26      0.52
510  1.00000000 0.5200440 0.027324423       0.5    0.22   0.26      0.52
511  0.32421875 0.5200440 0.027324423       0.5    0.22   0.26      0.52
512  0.08593750 0.5200440 0.027324423       0.5    0.22   0.26      0.52
513  1.00000000 0.5200440 0.027324423       0.5    0.22   0.26      0.52
514  0.10156250 0.5200440 0.027324423       0.5    0.22   0.26      0.52
515  1.00000000 0.5200440 0.027324423       0.5    0.22   0.26      0.52
516  1.00000000 0.5200440 0.027324423       0.5    0.22   0.26      0.52
517  0.58984375 0.5200440 0.027324423       0.5    0.22   0.26      0.52
518  0.04687500 0.5200440 0.027324423       0.5    0.22   0.26      0.52
519  1.00000000 0.5200440 0.027324423       0.5    0.22   0.26      0.52
520  1.00000000 0.5200440 0.027324423       0.5    0.22   0.26      0.52
521  1.00000000 0.5200440 0.027324423       0.5    0.22   0.26      0.52
522  0.10937500 0.5200440 0.027324423       0.5    0.22   0.26      0.52
523  0.12890625 0.5200440 0.027324423       0.5    0.22   0.26      0.52
524  0.07031250 0.5200440 0.027324423       0.5    0.22   0.26      0.52
525  0.10546875 0.5200440 0.027324423       0.5    0.22   0.26      0.52
526  0.19921875 0.5200440 0.027324423       0.5    0.22   0.26      0.52
527  0.14843750 0.5200440 0.027324423       0.5    0.22   0.26      0.52
528  0.53125000 0.5200440 0.027324423       0.5    0.22   0.26      0.52
529  0.12890625 0.5200440 0.027324423       0.5    0.22   0.26      0.52
530  1.00000000 0.5200440 0.027324423       0.5    0.22   0.26      0.52
531  1.00000000 0.5200440 0.027324423       0.5    0.22   0.26      0.52
532  1.00000000 0.5200440 0.027324423       0.5    0.22   0.26      0.52
533  0.26562500 0.5200440 0.027324423       0.5    0.22   0.26      0.52
534  0.11718750 0.5200440 0.027324423       0.5    0.22   0.26      0.52
535  1.00000000 0.5200440 0.027324423       0.5    0.22   0.26      0.52
536  0.26562500 0.5200440 0.027324423       0.5    0.22   0.26      0.52
537  1.00000000 0.5200440 0.027324423       0.5    0.22   0.26      0.52
538  1.00000000 0.5200440 0.027324423       0.5    0.22   0.26      0.52
539  1.00000000 0.5200440 0.027324423       0.5    0.22   0.26      0.52
540  1.00000000 0.5200440 0.027324423       0.5    0.22   0.26      0.52
541  0.07421875 0.5200440 0.027324423       0.5    0.22   0.26      0.52
542  0.15625000 0.5200440 0.027324423       0.5    0.22   0.26      0.52
543  1.00000000 0.5200440 0.027324423       0.5    0.22   0.26      0.52
544  0.44531250 0.5200440 0.027324423       0.5    0.22   0.26      0.52
545  0.12109375 0.5200440 0.027324423       0.5    0.22   0.26      0.52
546  0.10546875 0.5200440 0.027324423       0.5    0.22   0.26      0.52
547  1.00000000 0.5200440 0.027324423       0.5    0.22   0.26      0.52
548  1.00000000 0.5200440 0.027324423       0.5    0.22   0.26      0.52
549  1.00000000 0.5200440 0.027324423       0.5    0.22   0.26      0.52
550  0.12500000 0.5200440 0.027324423       0.5    0.22   0.26      0.52
551  1.00000000 0.5200440 0.027324423       0.5    0.22   0.26      0.52
552  0.33593750 0.5200440 0.027324423       0.5    0.22   0.26      0.52
553  0.21875000 0.5200440 0.027324423       0.5    0.22   0.26      0.52
554  0.34765625 0.5200440 0.027324423       0.5    0.22   0.26      0.52
555  1.00000000 0.5200440 0.027324423       0.5    0.22   0.26      0.52
556  0.14453125 0.5200440 0.027324423       0.5    0.22   0.26      0.52
557  1.00000000 0.5200440 0.027324423       0.5    0.22   0.26      0.52
558  0.31250000 0.5200440 0.027324423       0.5    0.22   0.26      0.52
559  1.00000000 0.5200440 0.027324423       0.5    0.22   0.26      0.52
560  0.05078125 0.5200440 0.027324423       0.5    0.22   0.26      0.52
561  0.37890625 0.5200440 0.027324423       0.5    0.22   0.26      0.52
562  0.10156250 0.5200440 0.027324423       0.5    0.22   0.26      0.52
563  1.00000000 0.5200440 0.027324423       0.5    0.22   0.26      0.52
564  0.14453125 0.5200440 0.027324423       0.5    0.22   0.26      0.52
565  1.00000000 0.5200440 0.027324423       0.5    0.22   0.26      0.52
566  0.09765625 0.5200440 0.027324423       0.5    0.22   0.26      0.52
567  1.00000000 0.5200440 0.027324423       0.5    0.22   0.26      0.52
568  0.27734375 0.5200440 0.027324423       0.5    0.22   0.26      0.52
569  1.00000000 0.5200440 0.027324423       0.5    0.22   0.26      0.52
570  1.00000000 0.5200440 0.027324423       0.5    0.22   0.26      0.52
571  0.07421875 0.5200440 0.027324423       0.5    0.22   0.26      0.52
572  1.00000000 0.5200440 0.027324423       0.5    0.22   0.26      0.52
573  1.00000000 0.5200440 0.027324423       0.5    0.22   0.26      0.52
574  1.00000000 0.5200440 0.027324423       0.5    0.22   0.26      0.52
575  0.19140625 0.5200440 0.027324423       0.5    0.22   0.26      0.52
576  1.00000000 0.5200440 0.027324423       0.5    0.22   0.26      0.52
577  1.00000000 0.5200440 0.027324423       0.5    0.22   0.26      0.52
578  1.00000000 0.5200440 0.027324423       0.5    0.22   0.26      0.52
579  0.25390625 0.5200440 0.027324423       0.5    0.22   0.26      0.52
580  1.00000000 0.5200440 0.027324423       0.5    0.22   0.26      0.52
581  1.00000000 0.5200440 0.027324423       0.5    0.22   0.26      0.52
582  1.00000000 0.5200440 0.027324423       0.5    0.22   0.26      0.52
583  0.32421875 0.5200440 0.027324423       0.5    0.22   0.26      0.52
584  0.53906250 0.5200440 0.027324423       0.5    0.22   0.26      0.52
585  0.30859375 0.5200440 0.027324423       0.5    0.22   0.26      0.52
586  1.00000000 0.5200440 0.027324423       0.5    0.22   0.26      0.52
587  1.00000000 0.5200440 0.027324423       0.5    0.22   0.26      0.52
588  1.00000000 0.5200440 0.027324423       0.5    0.22   0.26      0.52
589  0.10937500 0.5200440 0.027324423       0.5    0.22   0.26      0.52
590  0.43750000 0.5200440 0.027324423       0.5    0.22   0.26      0.52
591  0.21875000 0.5200440 0.027324423       0.5    0.22   0.26      0.52
592  1.00000000 0.5200440 0.027324423       0.5    0.22   0.26      0.52
593  1.00000000 0.5200440 0.027324423       0.5    0.22   0.26      0.52
594  1.00000000 0.5200440 0.027324423       0.5    0.22   0.26      0.52
595  1.00000000 0.5200440 0.027324423       0.5    0.22   0.26      0.52
596  1.00000000 0.5200440 0.027324423       0.5    0.22   0.26      0.52
597  1.00000000 0.5200440 0.027324423       0.5    0.22   0.26      0.52
598  1.00000000 0.5200440 0.027324423       0.5    0.22   0.26      0.52
599  1.00000000 0.5200440 0.027324423       0.5    0.22   0.26      0.52
600  0.19921875 0.5200440 0.027324423       0.5    0.22   0.26      0.52
601  0.51171875 0.6209319 0.029405022       0.5    0.18   0.27      0.55
602  1.00000000 0.6209319 0.029405022       0.5    0.18   0.27      0.55
603  1.00000000 0.6209319 0.029405022       0.5    0.18   0.27      0.55
604  0.32031250 0.6209319 0.029405022       0.5    0.18   0.27      0.55
605  1.00000000 0.6209319 0.029405022       0.5    0.18   0.27      0.55
606  1.00000000 0.6209319 0.029405022       0.5    0.18   0.27      0.55
607  0.12109375 0.6209319 0.029405022       0.5    0.18   0.27      0.55
608  1.00000000 0.6209319 0.029405022       0.5    0.18   0.27      0.55
609  1.00000000 0.6209319 0.029405022       0.5    0.18   0.27      0.55
610  0.30078125 0.6209319 0.029405022       0.5    0.18   0.27      0.55
611  0.11328125 0.6209319 0.029405022       0.5    0.18   0.27      0.55
612  1.00000000 0.6209319 0.029405022       0.5    0.18   0.27      0.55
613  0.32421875 0.6209319 0.029405022       0.5    0.18   0.27      0.55
614  1.00000000 0.6209319 0.029405022       0.5    0.18   0.27      0.55
615  1.00000000 0.6209319 0.029405022       0.5    0.18   0.27      0.55
616  0.55859375 0.6209319 0.029405022       0.5    0.18   0.27      0.55
617  1.00000000 0.6209319 0.029405022       0.5    0.18   0.27      0.55
618  0.10156250 0.6209319 0.029405022       0.5    0.18   0.27      0.55
619  0.11328125 0.6209319 0.029405022       0.5    0.18   0.27      0.55
620  0.29687500 0.6209319 0.029405022       0.5    0.18   0.27      0.55
621  0.10546875 0.6209319 0.029405022       0.5    0.18   0.27      0.55
622  1.00000000 0.6209319 0.029405022       0.5    0.18   0.27      0.55
623  1.00000000 0.6209319 0.029405022       0.5    0.18   0.27      0.55
624  0.14062500 0.6209319 0.029405022       0.5    0.18   0.27      0.55
625  1.00000000 0.6209319 0.029405022       0.5    0.18   0.27      0.55
626  1.00000000 0.6209319 0.029405022       0.5    0.18   0.27      0.55
627  0.08593750 0.6209319 0.029405022       0.5    0.18   0.27      0.55
628  1.00000000 0.6209319 0.029405022       0.5    0.18   0.27      0.55
629  1.00000000 0.6209319 0.029405022       0.5    0.18   0.27      0.55
630  0.66406250 0.6209319 0.029405022       0.5    0.18   0.27      0.55
631  0.21093750 0.6209319 0.029405022       0.5    0.18   0.27      0.55
632  0.13671875 0.6209319 0.029405022       0.5    0.18   0.27      0.55
633  1.00000000 0.6209319 0.029405022       0.5    0.18   0.27      0.55
634  1.00000000 0.6209319 0.029405022       0.5    0.18   0.27      0.55
635  1.00000000 0.6209319 0.029405022       0.5    0.18   0.27      0.55
636  0.15625000 0.6209319 0.029405022       0.5    0.18   0.27      0.55
637  1.00000000 0.6209319 0.029405022       0.5    0.18   0.27      0.55
638  1.00000000 0.6209319 0.029405022       0.5    0.18   0.27      0.55
639  0.11328125 0.6209319 0.029405022       0.5    0.18   0.27      0.55
640  0.12109375 0.6209319 0.029405022       0.5    0.18   0.27      0.55
641  0.05859375 0.6209319 0.029405022       0.5    0.18   0.27      0.55
642  1.00000000 0.6209319 0.029405022       0.5    0.18   0.27      0.55
643  1.00000000 0.6209319 0.029405022       0.5    0.18   0.27      0.55
644  0.14453125 0.6209319 0.029405022       0.5    0.18   0.27      0.55
645  0.05468750 0.6209319 0.029405022       0.5    0.18   0.27      0.55
646  1.00000000 0.6209319 0.029405022       0.5    0.18   0.27      0.55
647  1.00000000 0.6209319 0.029405022       0.5    0.18   0.27      0.55
648  1.00000000 0.6209319 0.029405022       0.5    0.18   0.27      0.55
649  0.25000000 0.6209319 0.029405022       0.5    0.18   0.27      0.55
650  0.11328125 0.6209319 0.029405022       0.5    0.18   0.27      0.55
651  0.25781250 0.6209319 0.029405022       0.5    0.18   0.27      0.55
652  1.00000000 0.6209319 0.029405022       0.5    0.18   0.27      0.55
653  0.09375000 0.6209319 0.029405022       0.5    0.18   0.27      0.55
654  1.00000000 0.6209319 0.029405022       0.5    0.18   0.27      0.55
655  0.27734375 0.6209319 0.029405022       0.5    0.18   0.27      0.55
656  0.19140625 0.6209319 0.029405022       0.5    0.18   0.27      0.55
657  1.00000000 0.6209319 0.029405022       0.5    0.18   0.27      0.55
658  1.00000000 0.6209319 0.029405022       0.5    0.18   0.27      0.55
659  0.15625000 0.6209319 0.029405022       0.5    0.18   0.27      0.55
660  1.00000000 0.6209319 0.029405022       0.5    0.18   0.27      0.55
661  1.00000000 0.6209319 0.029405022       0.5    0.18   0.27      0.55
662  0.10156250 0.6209319 0.029405022       0.5    0.18   0.27      0.55
663  1.00000000 0.6209319 0.029405022       0.5    0.18   0.27      0.55
664  0.06250000 0.6209319 0.029405022       0.5    0.18   0.27      0.55
665  1.00000000 0.6209319 0.029405022       0.5    0.18   0.27      0.55
666  1.00000000 0.6209319 0.029405022       0.5    0.18   0.27      0.55
667  0.11718750 0.6209319 0.029405022       0.5    0.18   0.27      0.55
668  0.07812500 0.6209319 0.029405022       0.5    0.18   0.27      0.55
669  1.00000000 0.6209319 0.029405022       0.5    0.18   0.27      0.55
670  1.00000000 0.6209319 0.029405022       0.5    0.18   0.27      0.55
671  1.00000000 0.6209319 0.029405022       0.5    0.18   0.27      0.55
672  1.00000000 0.6209319 0.029405022       0.5    0.18   0.27      0.55
673  1.00000000 0.6209319 0.029405022       0.5    0.18   0.27      0.55
674  0.14062500 0.6209319 0.029405022       0.5    0.18   0.27      0.55
675  1.00000000 0.6209319 0.029405022       0.5    0.18   0.27      0.55
676  0.65234375 0.6209319 0.029405022       0.5    0.18   0.27      0.55
677  1.00000000 0.6209319 0.029405022       0.5    0.18   0.27      0.55
678  1.00000000 0.6209319 0.029405022       0.5    0.18   0.27      0.55
679  0.29296875 0.6209319 0.029405022       0.5    0.18   0.27      0.55
680  1.00000000 0.6209319 0.029405022       0.5    0.18   0.27      0.55
681  0.12500000 0.6209319 0.029405022       0.5    0.18   0.27      0.55
682  1.00000000 0.6209319 0.029405022       0.5    0.18   0.27      0.55
683  1.00000000 0.6209319 0.029405022       0.5    0.18   0.27      0.55
684  1.00000000 0.6209319 0.029405022       0.5    0.18   0.27      0.55
685  1.00000000 0.6209319 0.029405022       0.5    0.18   0.27      0.55
686  0.23046875 0.6209319 0.029405022       0.5    0.18   0.27      0.55
687  1.00000000 0.6209319 0.029405022       0.5    0.18   0.27      0.55
688  1.00000000 0.6209319 0.029405022       0.5    0.18   0.27      0.55
689  1.00000000 0.6209319 0.029405022       0.5    0.18   0.27      0.55
690  0.14062500 0.6209319 0.029405022       0.5    0.18   0.27      0.55
691  0.14453125 0.6209319 0.029405022       0.5    0.18   0.27      0.55
692  1.00000000 0.6209319 0.029405022       0.5    0.18   0.27      0.55
693  0.30468750 0.6209319 0.029405022       0.5    0.18   0.27      0.55
694  0.17578125 0.6209319 0.029405022       0.5    0.18   0.27      0.55
695  1.00000000 0.6209319 0.029405022       0.5    0.18   0.27      0.55
696  0.30859375 0.6209319 0.029405022       0.5    0.18   0.27      0.55
697  0.24218750 0.6209319 0.029405022       0.5    0.18   0.27      0.55
698  1.00000000 0.6209319 0.029405022       0.5    0.18   0.27      0.55
699  0.14062500 0.6209319 0.029405022       0.5    0.18   0.27      0.55
700  1.00000000 0.6209319 0.029405022       0.5    0.18   0.27      0.55
701  1.00000000 0.5480445 0.008189531       0.5    0.32   0.14      0.54
702  0.03125000 0.5480445 0.008189531       0.5    0.32   0.14      0.54
703  0.28125000 0.5480445 0.008189531       0.5    0.32   0.14      0.54
704  1.00000000 0.5480445 0.008189531       0.5    0.32   0.14      0.54
705  0.02734375 0.5480445 0.008189531       0.5    0.32   0.14      0.54
706  0.02343750 0.5480445 0.008189531       0.5    0.32   0.14      0.54
707  0.01953125 0.5480445 0.008189531       0.5    0.32   0.14      0.54
708  0.51953125 0.5480445 0.008189531       0.5    0.32   0.14      0.54
709  1.00000000 0.5480445 0.008189531       0.5    0.32   0.14      0.54
710  0.03906250 0.5480445 0.008189531       0.5    0.32   0.14      0.54
711  0.03125000 0.5480445 0.008189531       0.5    0.32   0.14      0.54
712  0.01562500 0.5480445 0.008189531       0.5    0.32   0.14      0.54
713  0.05859375 0.5480445 0.008189531       0.5    0.32   0.14      0.54
714  1.00000000 0.5480445 0.008189531       0.5    0.32   0.14      0.54
715  1.00000000 0.5480445 0.008189531       0.5    0.32   0.14      0.54
716  1.00000000 0.5480445 0.008189531       0.5    0.32   0.14      0.54
717  0.05859375 0.5480445 0.008189531       0.5    0.32   0.14      0.54
718  0.01562500 0.5480445 0.008189531       0.5    0.32   0.14      0.54
719  0.03125000 0.5480445 0.008189531       0.5    0.32   0.14      0.54
720  1.00000000 0.5480445 0.008189531       0.5    0.32   0.14      0.54
721  1.00000000 0.5480445 0.008189531       0.5    0.32   0.14      0.54
722  1.00000000 0.5480445 0.008189531       0.5    0.32   0.14      0.54
723  1.00000000 0.5480445 0.008189531       0.5    0.32   0.14      0.54
724  0.50781250 0.5480445 0.008189531       0.5    0.32   0.14      0.54
725  0.05468750 0.5480445 0.008189531       0.5    0.32   0.14      0.54
726  0.02343750 0.5480445 0.008189531       0.5    0.32   0.14      0.54
727  1.00000000 0.5480445 0.008189531       0.5    0.32   0.14      0.54
728  0.01171875 0.5480445 0.008189531       0.5    0.32   0.14      0.54
729  0.10156250 0.5480445 0.008189531       0.5    0.32   0.14      0.54
730  1.00000000 0.5480445 0.008189531       0.5    0.32   0.14      0.54
731  0.04687500 0.5480445 0.008189531       0.5    0.32   0.14      0.54
732  1.00000000 0.5480445 0.008189531       0.5    0.32   0.14      0.54
733  1.00000000 0.5480445 0.008189531       0.5    0.32   0.14      0.54
734  1.00000000 0.5480445 0.008189531       0.5    0.32   0.14      0.54
735  1.00000000 0.5480445 0.008189531       0.5    0.32   0.14      0.54
736  0.02343750 0.5480445 0.008189531       0.5    0.32   0.14      0.54
737  1.00000000 0.5480445 0.008189531       0.5    0.32   0.14      0.54
738  0.05078125 0.5480445 0.008189531       0.5    0.32   0.14      0.54
739  1.00000000 0.5480445 0.008189531       0.5    0.32   0.14      0.54
740  0.06640625 0.5480445 0.008189531       0.5    0.32   0.14      0.54
741  1.00000000 0.5480445 0.008189531       0.5    0.32   0.14      0.54
742  0.01562500 0.5480445 0.008189531       0.5    0.32   0.14      0.54
743  1.00000000 0.5480445 0.008189531       0.5    0.32   0.14      0.54
744  1.00000000 0.5480445 0.008189531       0.5    0.32   0.14      0.54
745  1.00000000 0.5480445 0.008189531       0.5    0.32   0.14      0.54
746  1.00000000 0.5480445 0.008189531       0.5    0.32   0.14      0.54
747  1.00000000 0.5480445 0.008189531       0.5    0.32   0.14      0.54
748  1.00000000 0.5480445 0.008189531       0.5    0.32   0.14      0.54
749  1.00000000 0.5480445 0.008189531       0.5    0.32   0.14      0.54
750  0.04687500 0.5480445 0.008189531       0.5    0.32   0.14      0.54
751  0.10546875 0.5480445 0.008189531       0.5    0.32   0.14      0.54
752  0.04687500 0.5480445 0.008189531       0.5    0.32   0.14      0.54
753  1.00000000 0.5480445 0.008189531       0.5    0.32   0.14      0.54
754  0.00390625 0.5480445 0.008189531       0.5    0.32   0.14      0.54
755  0.03906250 0.5480445 0.008189531       0.5    0.32   0.14      0.54
756  1.00000000 0.5480445 0.008189531       0.5    0.32   0.14      0.54
757  0.03125000 0.5480445 0.008189531       0.5    0.32   0.14      0.54
758  1.00000000 0.5480445 0.008189531       0.5    0.32   0.14      0.54
759  1.00000000 0.5480445 0.008189531       0.5    0.32   0.14      0.54
760  0.07812500 0.5480445 0.008189531       0.5    0.32   0.14      0.54
761  0.04687500 0.5480445 0.008189531       0.5    0.32   0.14      0.54
762  0.01953125 0.5480445 0.008189531       0.5    0.32   0.14      0.54
763  1.00000000 0.5480445 0.008189531       0.5    0.32   0.14      0.54
764  0.00781250 0.5480445 0.008189531       0.5    0.32   0.14      0.54
765  1.00000000 0.5480445 0.008189531       0.5    0.32   0.14      0.54
766  1.00000000 0.5480445 0.008189531       0.5    0.32   0.14      0.54
767  1.00000000 0.5480445 0.008189531       0.5    0.32   0.14      0.54
768  0.03125000 0.5480445 0.008189531       0.5    0.32   0.14      0.54
769  0.07421875 0.5480445 0.008189531       0.5    0.32   0.14      0.54
770  0.03125000 0.5480445 0.008189531       0.5    0.32   0.14      0.54
771  0.01562500 0.5480445 0.008189531       0.5    0.32   0.14      0.54
772  1.00000000 0.5480445 0.008189531       0.5    0.32   0.14      0.54
773  1.00000000 0.5480445 0.008189531       0.5    0.32   0.14      0.54
774  0.10937500 0.5480445 0.008189531       0.5    0.32   0.14      0.54
775  1.00000000 0.5480445 0.008189531       0.5    0.32   0.14      0.54
776  1.00000000 0.5480445 0.008189531       0.5    0.32   0.14      0.54
777  0.03125000 0.5480445 0.008189531       0.5    0.32   0.14      0.54
778  0.01171875 0.5480445 0.008189531       0.5    0.32   0.14      0.54
779  0.01171875 0.5480445 0.008189531       0.5    0.32   0.14      0.54
780  1.00000000 0.5480445 0.008189531       0.5    0.32   0.14      0.54
781  1.00000000 0.5480445 0.008189531       0.5    0.32   0.14      0.54
782  0.25390625 0.5480445 0.008189531       0.5    0.32   0.14      0.54
783  1.00000000 0.5480445 0.008189531       0.5    0.32   0.14      0.54
784  1.00000000 0.5480445 0.008189531       0.5    0.32   0.14      0.54
785  1.00000000 0.5480445 0.008189531       0.5    0.32   0.14      0.54
786  1.00000000 0.5480445 0.008189531       0.5    0.32   0.14      0.54
787  1.00000000 0.5480445 0.008189531       0.5    0.32   0.14      0.54
788  1.00000000 0.5480445 0.008189531       0.5    0.32   0.14      0.54
789  1.00000000 0.5480445 0.008189531       0.5    0.32   0.14      0.54
790  1.00000000 0.5480445 0.008189531       0.5    0.32   0.14      0.54
791  0.11328125 0.5480445 0.008189531       0.5    0.32   0.14      0.54
792  1.00000000 0.5480445 0.008189531       0.5    0.32   0.14      0.54
793  1.00000000 0.5480445 0.008189531       0.5    0.32   0.14      0.54
794  1.00000000 0.5480445 0.008189531       0.5    0.32   0.14      0.54
795  1.00000000 0.5480445 0.008189531       0.5    0.32   0.14      0.54
796  1.00000000 0.5480445 0.008189531       0.5    0.32   0.14      0.54
797  0.09765625 0.5480445 0.008189531       0.5    0.32   0.14      0.54
798  1.00000000 0.5480445 0.008189531       0.5    0.32   0.14      0.54
799  0.03906250 0.5480445 0.008189531       0.5    0.32   0.14      0.54
800  0.02734375 0.5480445 0.008189531       0.5    0.32   0.14      0.54
801  1.00000000 0.4286703 0.024670029       0.5    0.21   0.37      0.42
802  0.30078125 0.4286703 0.024670029       0.5    0.21   0.37      0.42
803  1.00000000 0.4286703 0.024670029       0.5    0.21   0.37      0.42
804  0.17968750 0.4286703 0.024670029       0.5    0.21   0.37      0.42
805  0.51562500 0.4286703 0.024670029       0.5    0.21   0.37      0.42
806  0.10546875 0.4286703 0.024670029       0.5    0.21   0.37      0.42
807  1.00000000 0.4286703 0.024670029       0.5    0.21   0.37      0.42
808  1.00000000 0.4286703 0.024670029       0.5    0.21   0.37      0.42
809  1.00000000 0.4286703 0.024670029       0.5    0.21   0.37      0.42
810  0.06640625 0.4286703 0.024670029       0.5    0.21   0.37      0.42
811  1.00000000 0.4286703 0.024670029       0.5    0.21   0.37      0.42
812  0.10546875 0.4286703 0.024670029       0.5    0.21   0.37      0.42
813  0.11718750 0.4286703 0.024670029       0.5    0.21   0.37      0.42
814  0.44140625 0.4286703 0.024670029       0.5    0.21   0.37      0.42
815  1.00000000 0.4286703 0.024670029       0.5    0.21   0.37      0.42
816  0.15625000 0.4286703 0.024670029       0.5    0.21   0.37      0.42
817  0.12500000 0.4286703 0.024670029       0.5    0.21   0.37      0.42
818  1.00000000 0.4286703 0.024670029       0.5    0.21   0.37      0.42
819  0.26562500 0.4286703 0.024670029       0.5    0.21   0.37      0.42
820  0.12109375 0.4286703 0.024670029       0.5    0.21   0.37      0.42
821  0.02734375 0.4286703 0.024670029       0.5    0.21   0.37      0.42
822  0.16015625 0.4286703 0.024670029       0.5    0.21   0.37      0.42
823  1.00000000 0.4286703 0.024670029       0.5    0.21   0.37      0.42
824  0.12500000 0.4286703 0.024670029       0.5    0.21   0.37      0.42
825  0.44140625 0.4286703 0.024670029       0.5    0.21   0.37      0.42
826  0.07812500 0.4286703 0.024670029       0.5    0.21   0.37      0.42
827  1.00000000 0.4286703 0.024670029       0.5    0.21   0.37      0.42
828  0.05078125 0.4286703 0.024670029       0.5    0.21   0.37      0.42
829  1.00000000 0.4286703 0.024670029       0.5    0.21   0.37      0.42
830  1.00000000 0.4286703 0.024670029       0.5    0.21   0.37      0.42
831  1.00000000 0.4286703 0.024670029       0.5    0.21   0.37      0.42
832  0.08984375 0.4286703 0.024670029       0.5    0.21   0.37      0.42
833  1.00000000 0.4286703 0.024670029       0.5    0.21   0.37      0.42
834  0.19531250 0.4286703 0.024670029       0.5    0.21   0.37      0.42
835  0.35156250 0.4286703 0.024670029       0.5    0.21   0.37      0.42
836  0.06640625 0.4286703 0.024670029       0.5    0.21   0.37      0.42
837  0.20703125 0.4286703 0.024670029       0.5    0.21   0.37      0.42
838  1.00000000 0.4286703 0.024670029       0.5    0.21   0.37      0.42
839  1.00000000 0.4286703 0.024670029       0.5    0.21   0.37      0.42
840  1.00000000 0.4286703 0.024670029       0.5    0.21   0.37      0.42
841  0.23828125 0.4286703 0.024670029       0.5    0.21   0.37      0.42
842  0.08984375 0.4286703 0.024670029       0.5    0.21   0.37      0.42
843  0.54296875 0.4286703 0.024670029       0.5    0.21   0.37      0.42
844  1.00000000 0.4286703 0.024670029       0.5    0.21   0.37      0.42
845  0.04296875 0.4286703 0.024670029       0.5    0.21   0.37      0.42
846  1.00000000 0.4286703 0.024670029       0.5    0.21   0.37      0.42
847  0.11718750 0.4286703 0.024670029       0.5    0.21   0.37      0.42
848  0.48437500 0.4286703 0.024670029       0.5    0.21   0.37      0.42
849  0.08593750 0.4286703 0.024670029       0.5    0.21   0.37      0.42
850  1.00000000 0.4286703 0.024670029       0.5    0.21   0.37      0.42
851  0.17187500 0.4286703 0.024670029       0.5    0.21   0.37      0.42
852  0.12109375 0.4286703 0.024670029       0.5    0.21   0.37      0.42
853  0.20703125 0.4286703 0.024670029       0.5    0.21   0.37      0.42
854  0.12890625 0.4286703 0.024670029       0.5    0.21   0.37      0.42
855  1.00000000 0.4286703 0.024670029       0.5    0.21   0.37      0.42
856  0.11718750 0.4286703 0.024670029       0.5    0.21   0.37      0.42
857  1.00000000 0.4286703 0.024670029       0.5    0.21   0.37      0.42
858  0.07421875 0.4286703 0.024670029       0.5    0.21   0.37      0.42
859  1.00000000 0.4286703 0.024670029       0.5    0.21   0.37      0.42
860  0.17968750 0.4286703 0.024670029       0.5    0.21   0.37      0.42
861  0.08984375 0.4286703 0.024670029       0.5    0.21   0.37      0.42
862  0.41406250 0.4286703 0.024670029       0.5    0.21   0.37      0.42
863  1.00000000 0.4286703 0.024670029       0.5    0.21   0.37      0.42
864  1.00000000 0.4286703 0.024670029       0.5    0.21   0.37      0.42
865  1.00000000 0.4286703 0.024670029       0.5    0.21   0.37      0.42
866  0.25781250 0.4286703 0.024670029       0.5    0.21   0.37      0.42
867  1.00000000 0.4286703 0.024670029       0.5    0.21   0.37      0.42
868  1.00000000 0.4286703 0.024670029       0.5    0.21   0.37      0.42
869  0.07812500 0.4286703 0.024670029       0.5    0.21   0.37      0.42
870  0.33203125 0.4286703 0.024670029       0.5    0.21   0.37      0.42
871  1.00000000 0.4286703 0.024670029       0.5    0.21   0.37      0.42
872  0.04687500 0.4286703 0.024670029       0.5    0.21   0.37      0.42
873  0.13671875 0.4286703 0.024670029       0.5    0.21   0.37      0.42
874  1.00000000 0.4286703 0.024670029       0.5    0.21   0.37      0.42
875  1.00000000 0.4286703 0.024670029       0.5    0.21   0.37      0.42
876  0.08203125 0.4286703 0.024670029       0.5    0.21   0.37      0.42
877  0.05078125 0.4286703 0.024670029       0.5    0.21   0.37      0.42
878  0.33593750 0.4286703 0.024670029       0.5    0.21   0.37      0.42
879  0.12890625 0.4286703 0.024670029       0.5    0.21   0.37      0.42
880  1.00000000 0.4286703 0.024670029       0.5    0.21   0.37      0.42
881  1.00000000 0.4286703 0.024670029       0.5    0.21   0.37      0.42
882  0.08593750 0.4286703 0.024670029       0.5    0.21   0.37      0.42
883  0.41796875 0.4286703 0.024670029       0.5    0.21   0.37      0.42
884  0.06640625 0.4286703 0.024670029       0.5    0.21   0.37      0.42
885  0.42187500 0.4286703 0.024670029       0.5    0.21   0.37      0.42
886  1.00000000 0.4286703 0.024670029       0.5    0.21   0.37      0.42
887  0.21484375 0.4286703 0.024670029       0.5    0.21   0.37      0.42
888  1.00000000 0.4286703 0.024670029       0.5    0.21   0.37      0.42
889  1.00000000 0.4286703 0.024670029       0.5    0.21   0.37      0.42
890  0.23046875 0.4286703 0.024670029       0.5    0.21   0.37      0.42
891  0.08203125 0.4286703 0.024670029       0.5    0.21   0.37      0.42
892  0.08593750 0.4286703 0.024670029       0.5    0.21   0.37      0.42
893  0.37890625 0.4286703 0.024670029       0.5    0.21   0.37      0.42
894  0.09375000 0.4286703 0.024670029       0.5    0.21   0.37      0.42
895  1.00000000 0.4286703 0.024670029       0.5    0.21   0.37      0.42
896  1.00000000 0.4286703 0.024670029       0.5    0.21   0.37      0.42
897  1.00000000 0.4286703 0.024670029       0.5    0.21   0.37      0.42
898  0.17968750 0.4286703 0.024670029       0.5    0.21   0.37      0.42
899  0.39062500 0.4286703 0.024670029       0.5    0.21   0.37      0.42
900  1.00000000 0.4286703 0.024670029       0.5    0.21   0.37      0.42
901  0.03906250 0.4995515 0.014799366       0.5    0.30   0.20      0.50
902  1.00000000 0.4995515 0.014799366       0.5    0.30   0.20      0.50
903  0.18359375 0.4995515 0.014799366       0.5    0.30   0.20      0.50
904  1.00000000 0.4995515 0.014799366       0.5    0.30   0.20      0.50
905  0.13671875 0.4995515 0.014799366       0.5    0.30   0.20      0.50
906  1.00000000 0.4995515 0.014799366       0.5    0.30   0.20      0.50
907  0.02343750 0.4995515 0.014799366       0.5    0.30   0.20      0.50
908  0.05078125 0.4995515 0.014799366       0.5    0.30   0.20      0.50
909  0.19921875 0.4995515 0.014799366       0.5    0.30   0.20      0.50
910  1.00000000 0.4995515 0.014799366       0.5    0.30   0.20      0.50
911  0.12500000 0.4995515 0.014799366       0.5    0.30   0.20      0.50
912  1.00000000 0.4995515 0.014799366       0.5    0.30   0.20      0.50
913  1.00000000 0.4995515 0.014799366       0.5    0.30   0.20      0.50
914  1.00000000 0.4995515 0.014799366       0.5    0.30   0.20      0.50
915  0.09375000 0.4995515 0.014799366       0.5    0.30   0.20      0.50
916  0.09765625 0.4995515 0.014799366       0.5    0.30   0.20      0.50
917  0.04687500 0.4995515 0.014799366       0.5    0.30   0.20      0.50
918  1.00000000 0.4995515 0.014799366       0.5    0.30   0.20      0.50
919  1.00000000 0.4995515 0.014799366       0.5    0.30   0.20      0.50
920  0.01953125 0.4995515 0.014799366       0.5    0.30   0.20      0.50
921  0.05078125 0.4995515 0.014799366       0.5    0.30   0.20      0.50
922  0.07031250 0.4995515 0.014799366       0.5    0.30   0.20      0.50
923  0.07031250 0.4995515 0.014799366       0.5    0.30   0.20      0.50
924  0.30468750 0.4995515 0.014799366       0.5    0.30   0.20      0.50
925  0.10546875 0.4995515 0.014799366       0.5    0.30   0.20      0.50
926  0.04296875 0.4995515 0.014799366       0.5    0.30   0.20      0.50
927  1.00000000 0.4995515 0.014799366       0.5    0.30   0.20      0.50
928  0.25781250 0.4995515 0.014799366       0.5    0.30   0.20      0.50
929  0.03515625 0.4995515 0.014799366       0.5    0.30   0.20      0.50
930  1.00000000 0.4995515 0.014799366       0.5    0.30   0.20      0.50
931  1.00000000 0.4995515 0.014799366       0.5    0.30   0.20      0.50
932  1.00000000 0.4995515 0.014799366       0.5    0.30   0.20      0.50
933  1.00000000 0.4995515 0.014799366       0.5    0.30   0.20      0.50
934  1.00000000 0.4995515 0.014799366       0.5    0.30   0.20      0.50
935  1.00000000 0.4995515 0.014799366       0.5    0.30   0.20      0.50
936  0.05078125 0.4995515 0.014799366       0.5    0.30   0.20      0.50
937  0.08203125 0.4995515 0.014799366       0.5    0.30   0.20      0.50
938  0.08203125 0.4995515 0.014799366       0.5    0.30   0.20      0.50
939  1.00000000 0.4995515 0.014799366       0.5    0.30   0.20      0.50
940  1.00000000 0.4995515 0.014799366       0.5    0.30   0.20      0.50
941  1.00000000 0.4995515 0.014799366       0.5    0.30   0.20      0.50
942  0.06250000 0.4995515 0.014799366       0.5    0.30   0.20      0.50
943  1.00000000 0.4995515 0.014799366       0.5    0.30   0.20      0.50
944  0.05468750 0.4995515 0.014799366       0.5    0.30   0.20      0.50
945  0.20703125 0.4995515 0.014799366       0.5    0.30   0.20      0.50
946  0.10156250 0.4995515 0.014799366       0.5    0.30   0.20      0.50
947  1.00000000 0.4995515 0.014799366       0.5    0.30   0.20      0.50
948  0.03125000 0.4995515 0.014799366       0.5    0.30   0.20      0.50
949  1.00000000 0.4995515 0.014799366       0.5    0.30   0.20      0.50
950  0.05468750 0.4995515 0.014799366       0.5    0.30   0.20      0.50
951  1.00000000 0.4995515 0.014799366       0.5    0.30   0.20      0.50
952  0.09765625 0.4995515 0.014799366       0.5    0.30   0.20      0.50
953  0.07421875 0.4995515 0.014799366       0.5    0.30   0.20      0.50
954  0.05468750 0.4995515 0.014799366       0.5    0.30   0.20      0.50
955  1.00000000 0.4995515 0.014799366       0.5    0.30   0.20      0.50
956  0.10156250 0.4995515 0.014799366       0.5    0.30   0.20      0.50
957  1.00000000 0.4995515 0.014799366       0.5    0.30   0.20      0.50
958  1.00000000 0.4995515 0.014799366       0.5    0.30   0.20      0.50
959  0.18750000 0.4995515 0.014799366       0.5    0.30   0.20      0.50
960  1.00000000 0.4995515 0.014799366       0.5    0.30   0.20      0.50
961  1.00000000 0.4995515 0.014799366       0.5    0.30   0.20      0.50
962  0.09375000 0.4995515 0.014799366       0.5    0.30   0.20      0.50
963  0.20703125 0.4995515 0.014799366       0.5    0.30   0.20      0.50
964  0.06640625 0.4995515 0.014799366       0.5    0.30   0.20      0.50
965  1.00000000 0.4995515 0.014799366       0.5    0.30   0.20      0.50
966  1.00000000 0.4995515 0.014799366       0.5    0.30   0.20      0.50
967  0.02343750 0.4995515 0.014799366       0.5    0.30   0.20      0.50
968  1.00000000 0.4995515 0.014799366       0.5    0.30   0.20      0.50
969  0.07421875 0.4995515 0.014799366       0.5    0.30   0.20      0.50
970  0.21875000 0.4995515 0.014799366       0.5    0.30   0.20      0.50
971  0.10546875 0.4995515 0.014799366       0.5    0.30   0.20      0.50
972  0.05468750 0.4995515 0.014799366       0.5    0.30   0.20      0.50
973  1.00000000 0.4995515 0.014799366       0.5    0.30   0.20      0.50
974  0.09375000 0.4995515 0.014799366       0.5    0.30   0.20      0.50
975  1.00000000 0.4995515 0.014799366       0.5    0.30   0.20      0.50
976  1.00000000 0.4995515 0.014799366       0.5    0.30   0.20      0.50
977  1.00000000 0.4995515 0.014799366       0.5    0.30   0.20      0.50
978  0.03906250 0.4995515 0.014799366       0.5    0.30   0.20      0.50
979  1.00000000 0.4995515 0.014799366       0.5    0.30   0.20      0.50
980  1.00000000 0.4995515 0.014799366       0.5    0.30   0.20      0.50
981  1.00000000 0.4995515 0.014799366       0.5    0.30   0.20      0.50
982  1.00000000 0.4995515 0.014799366       0.5    0.30   0.20      0.50
983  1.00000000 0.4995515 0.014799366       0.5    0.30   0.20      0.50
984  1.00000000 0.4995515 0.014799366       0.5    0.30   0.20      0.50
985  0.10156250 0.4995515 0.014799366       0.5    0.30   0.20      0.50
986  0.07421875 0.4995515 0.014799366       0.5    0.30   0.20      0.50
987  1.00000000 0.4995515 0.014799366       0.5    0.30   0.20      0.50
988  0.02734375 0.4995515 0.014799366       0.5    0.30   0.20      0.50
989  0.16015625 0.4995515 0.014799366       0.5    0.30   0.20      0.50
990  0.08984375 0.4995515 0.014799366       0.5    0.30   0.20      0.50
991  1.00000000 0.4995515 0.014799366       0.5    0.30   0.20      0.50
992  1.00000000 0.4995515 0.014799366       0.5    0.30   0.20      0.50
993  0.05078125 0.4995515 0.014799366       0.5    0.30   0.20      0.50
994  0.12890625 0.4995515 0.014799366       0.5    0.30   0.20      0.50
995  1.00000000 0.4995515 0.014799366       0.5    0.30   0.20      0.50
996  1.00000000 0.4995515 0.014799366       0.5    0.30   0.20      0.50
997  1.00000000 0.4995515 0.014799366       0.5    0.30   0.20      0.50
998  1.00000000 0.4995515 0.014799366       0.5    0.30   0.20      0.50
999  1.00000000 0.4995515 0.014799366       0.5    0.30   0.20      0.50
1000 0.79296875 0.4995515 0.014799366       0.5    0.30   0.20      0.50
