      prop.aneu prob.meio   prob.mito dispersal euploid mosaic aneuploid
1    1.00000000 0.4734741 0.014059831         0    0.45   0.14      0.41
2    0.14843750 0.4734741 0.014059831         0    0.45   0.14      0.41
3    0.04296875 0.4734741 0.014059831         0    0.45   0.14      0.41
4    0.07031250 0.4734741 0.014059831         0    0.45   0.14      0.41
5    0.17968750 0.4734741 0.014059831         0    0.45   0.14      0.41
6    0.01562500 0.4734741 0.014059831         0    0.45   0.14      0.41
7    1.00000000 0.4734741 0.014059831         0    0.45   0.14      0.41
8    1.00000000 0.4734741 0.014059831         0    0.45   0.14      0.41
9    0.10156250 0.4734741 0.014059831         0    0.45   0.14      0.41
10   0.04296875 0.4734741 0.014059831         0    0.45   0.14      0.41
11   0.04296875 0.4734741 0.014059831         0    0.45   0.14      0.41
12   0.24609375 0.4734741 0.014059831         0    0.45   0.14      0.41
13   1.00000000 0.4734741 0.014059831         0    0.45   0.14      0.41
14   0.21093750 0.4734741 0.014059831         0    0.45   0.14      0.41
15   0.16406250 0.4734741 0.014059831         0    0.45   0.14      0.41
16   1.00000000 0.4734741 0.014059831         0    0.45   0.14      0.41
17   1.00000000 0.4734741 0.014059831         0    0.45   0.14      0.41
18   0.51953125 0.4734741 0.014059831         0    0.45   0.14      0.41
19   0.01953125 0.4734741 0.014059831         0    0.45   0.14      0.41
20   0.01171875 0.4734741 0.014059831         0    0.45   0.14      0.41
21   1.00000000 0.4734741 0.014059831         0    0.45   0.14      0.41
22   1.00000000 0.4734741 0.014059831         0    0.45   0.14      0.41
23   1.00000000 0.4734741 0.014059831         0    0.45   0.14      0.41
24   0.05078125 0.4734741 0.014059831         0    0.45   0.14      0.41
25   0.14062500 0.4734741 0.014059831         0    0.45   0.14      0.41
26   1.00000000 0.4734741 0.014059831         0    0.45   0.14      0.41
27   1.00000000 0.4734741 0.014059831         0    0.45   0.14      0.41
28   0.04687500 0.4734741 0.014059831         0    0.45   0.14      0.41
29   1.00000000 0.4734741 0.014059831         0    0.45   0.14      0.41
30   1.00000000 0.4734741 0.014059831         0    0.45   0.14      0.41
31   0.14843750 0.4734741 0.014059831         0    0.45   0.14      0.41
32   1.00000000 0.4734741 0.014059831         0    0.45   0.14      0.41
33   1.00000000 0.4734741 0.014059831         0    0.45   0.14      0.41
34   0.06640625 0.4734741 0.014059831         0    0.45   0.14      0.41
35   1.00000000 0.4734741 0.014059831         0    0.45   0.14      0.41
36   1.00000000 0.4734741 0.014059831         0    0.45   0.14      0.41
37   0.03515625 0.4734741 0.014059831         0    0.45   0.14      0.41
38   0.12890625 0.4734741 0.014059831         0    0.45   0.14      0.41
39   0.08203125 0.4734741 0.014059831         0    0.45   0.14      0.41
40   0.14843750 0.4734741 0.014059831         0    0.45   0.14      0.41
41   1.00000000 0.4734741 0.014059831         0    0.45   0.14      0.41
42   0.41406250 0.4734741 0.014059831         0    0.45   0.14      0.41
43   0.17187500 0.4734741 0.014059831         0    0.45   0.14      0.41
44   1.00000000 0.4734741 0.014059831         0    0.45   0.14      0.41
45   0.11718750 0.4734741 0.014059831         0    0.45   0.14      0.41
46   1.00000000 0.4734741 0.014059831         0    0.45   0.14      0.41
47   1.00000000 0.4734741 0.014059831         0    0.45   0.14      0.41
48   0.16406250 0.4734741 0.014059831         0    0.45   0.14      0.41
49   1.00000000 0.4734741 0.014059831         0    0.45   0.14      0.41
50   0.05859375 0.4734741 0.014059831         0    0.45   0.14      0.41
51   1.00000000 0.4734741 0.014059831         0    0.45   0.14      0.41
52   1.00000000 0.4734741 0.014059831         0    0.45   0.14      0.41
53   1.00000000 0.4734741 0.014059831         0    0.45   0.14      0.41
54   0.10546875 0.4734741 0.014059831         0    0.45   0.14      0.41
55   0.04296875 0.4734741 0.014059831         0    0.45   0.14      0.41
56   0.01953125 0.4734741 0.014059831         0    0.45   0.14      0.41
57   0.19140625 0.4734741 0.014059831         0    0.45   0.14      0.41
58   0.11328125 0.4734741 0.014059831         0    0.45   0.14      0.41
59   0.09375000 0.4734741 0.014059831         0    0.45   0.14      0.41
60   1.00000000 0.4734741 0.014059831         0    0.45   0.14      0.41
61   0.09375000 0.4734741 0.014059831         0    0.45   0.14      0.41
62   1.00000000 0.4734741 0.014059831         0    0.45   0.14      0.41
63   0.05859375 0.4734741 0.014059831         0    0.45   0.14      0.41
64   0.03515625 0.4734741 0.014059831         0    0.45   0.14      0.41
65   1.00000000 0.4734741 0.014059831         0    0.45   0.14      0.41
66   1.00000000 0.4734741 0.014059831         0    0.45   0.14      0.41
67   0.02343750 0.4734741 0.014059831         0    0.45   0.14      0.41
68   0.09765625 0.4734741 0.014059831         0    0.45   0.14      0.41
69   1.00000000 0.4734741 0.014059831         0    0.45   0.14      0.41
70   1.00000000 0.4734741 0.014059831         0    0.45   0.14      0.41
71   0.34765625 0.4734741 0.014059831         0    0.45   0.14      0.41
72   0.12500000 0.4734741 0.014059831         0    0.45   0.14      0.41
73   1.00000000 0.4734741 0.014059831         0    0.45   0.14      0.41
74   0.10156250 0.4734741 0.014059831         0    0.45   0.14      0.41
75   0.05078125 0.4734741 0.014059831         0    0.45   0.14      0.41
76   1.00000000 0.4734741 0.014059831         0    0.45   0.14      0.41
77   0.04296875 0.4734741 0.014059831         0    0.45   0.14      0.41
78   1.00000000 0.4734741 0.014059831         0    0.45   0.14      0.41
79   1.00000000 0.4734741 0.014059831         0    0.45   0.14      0.41
80   0.05468750 0.4734741 0.014059831         0    0.45   0.14      0.41
81   0.07812500 0.4734741 0.014059831         0    0.45   0.14      0.41
82   0.30468750 0.4734741 0.014059831         0    0.45   0.14      0.41
83   0.01953125 0.4734741 0.014059831         0    0.45   0.14      0.41
84   1.00000000 0.4734741 0.014059831         0    0.45   0.14      0.41
85   0.17187500 0.4734741 0.014059831         0    0.45   0.14      0.41
86   0.02734375 0.4734741 0.014059831         0    0.45   0.14      0.41
87   0.07031250 0.4734741 0.014059831         0    0.45   0.14      0.41
88   1.00000000 0.4734741 0.014059831         0    0.45   0.14      0.41
89   1.00000000 0.4734741 0.014059831         0    0.45   0.14      0.41
90   0.05078125 0.4734741 0.014059831         0    0.45   0.14      0.41
91   1.00000000 0.4734741 0.014059831         0    0.45   0.14      0.41
92   1.00000000 0.4734741 0.014059831         0    0.45   0.14      0.41
93   0.08593750 0.4734741 0.014059831         0    0.45   0.14      0.41
94   0.07031250 0.4734741 0.014059831         0    0.45   0.14      0.41
95   1.00000000 0.4734741 0.014059831         0    0.45   0.14      0.41
96   0.19921875 0.4734741 0.014059831         0    0.45   0.14      0.41
97   0.33203125 0.4734741 0.014059831         0    0.45   0.14      0.41
98   0.03515625 0.4734741 0.014059831         0    0.45   0.14      0.41
99   0.03515625 0.4734741 0.014059831         0    0.45   0.14      0.41
100  0.13281250 0.4734741 0.014059831         0    0.45   0.14      0.41
101  1.00000000 0.2715232 0.038499626         0    0.46   0.22      0.32
102  1.00000000 0.2715232 0.038499626         0    0.46   0.22      0.32
103  1.00000000 0.2715232 0.038499626         0    0.46   0.22      0.32
104  1.00000000 0.2715232 0.038499626         0    0.46   0.22      0.32
105  0.16406250 0.2715232 0.038499626         0    0.46   0.22      0.32
106  0.05859375 0.2715232 0.038499626         0    0.46   0.22      0.32
107  1.00000000 0.2715232 0.038499626         0    0.46   0.22      0.32
108  1.00000000 0.2715232 0.038499626         0    0.46   0.22      0.32
109  0.10546875 0.2715232 0.038499626         0    0.46   0.22      0.32
110  1.00000000 0.2715232 0.038499626         0    0.46   0.22      0.32
111  0.16015625 0.2715232 0.038499626         0    0.46   0.22      0.32
112  0.22656250 0.2715232 0.038499626         0    0.46   0.22      0.32
113  1.00000000 0.2715232 0.038499626         0    0.46   0.22      0.32
114  1.00000000 0.2715232 0.038499626         0    0.46   0.22      0.32
115  0.31250000 0.2715232 0.038499626         0    0.46   0.22      0.32
116  0.34765625 0.2715232 0.038499626         0    0.46   0.22      0.32
117  0.14843750 0.2715232 0.038499626         0    0.46   0.22      0.32
118  0.18359375 0.2715232 0.038499626         0    0.46   0.22      0.32
119  1.00000000 0.2715232 0.038499626         0    0.46   0.22      0.32
120  0.37500000 0.2715232 0.038499626         0    0.46   0.22      0.32
121  0.39453125 0.2715232 0.038499626         0    0.46   0.22      0.32
122  1.00000000 0.2715232 0.038499626         0    0.46   0.22      0.32
123  1.00000000 0.2715232 0.038499626         0    0.46   0.22      0.32
124  1.00000000 0.2715232 0.038499626         0    0.46   0.22      0.32
125  0.26562500 0.2715232 0.038499626         0    0.46   0.22      0.32
126  0.16796875 0.2715232 0.038499626         0    0.46   0.22      0.32
127  0.09765625 0.2715232 0.038499626         0    0.46   0.22      0.32
128  0.40625000 0.2715232 0.038499626         0    0.46   0.22      0.32
129  0.17187500 0.2715232 0.038499626         0    0.46   0.22      0.32
130  0.21875000 0.2715232 0.038499626         0    0.46   0.22      0.32
131  0.12500000 0.2715232 0.038499626         0    0.46   0.22      0.32
132  1.00000000 0.2715232 0.038499626         0    0.46   0.22      0.32
133  0.23046875 0.2715232 0.038499626         0    0.46   0.22      0.32
134  0.18750000 0.2715232 0.038499626         0    0.46   0.22      0.32
135  0.28125000 0.2715232 0.038499626         0    0.46   0.22      0.32
136  0.18359375 0.2715232 0.038499626         0    0.46   0.22      0.32
137  1.00000000 0.2715232 0.038499626         0    0.46   0.22      0.32
138  0.25781250 0.2715232 0.038499626         0    0.46   0.22      0.32
139  0.12500000 0.2715232 0.038499626         0    0.46   0.22      0.32
140  0.39843750 0.2715232 0.038499626         0    0.46   0.22      0.32
141  0.08203125 0.2715232 0.038499626         0    0.46   0.22      0.32
142  0.09375000 0.2715232 0.038499626         0    0.46   0.22      0.32
143  0.17968750 0.2715232 0.038499626         0    0.46   0.22      0.32
144  0.29296875 0.2715232 0.038499626         0    0.46   0.22      0.32
145  0.20703125 0.2715232 0.038499626         0    0.46   0.22      0.32
146  1.00000000 0.2715232 0.038499626         0    0.46   0.22      0.32
147  1.00000000 0.2715232 0.038499626         0    0.46   0.22      0.32
148  0.34765625 0.2715232 0.038499626         0    0.46   0.22      0.32
149  1.00000000 0.2715232 0.038499626         0    0.46   0.22      0.32
150  0.28125000 0.2715232 0.038499626         0    0.46   0.22      0.32
151  0.14843750 0.2715232 0.038499626         0    0.46   0.22      0.32
152  0.16796875 0.2715232 0.038499626         0    0.46   0.22      0.32
153  0.14843750 0.2715232 0.038499626         0    0.46   0.22      0.32
154  0.11718750 0.2715232 0.038499626         0    0.46   0.22      0.32
155  0.21875000 0.2715232 0.038499626         0    0.46   0.22      0.32
156  0.13281250 0.2715232 0.038499626         0    0.46   0.22      0.32
157  0.17968750 0.2715232 0.038499626         0    0.46   0.22      0.32
158  0.10156250 0.2715232 0.038499626         0    0.46   0.22      0.32
159  1.00000000 0.2715232 0.038499626         0    0.46   0.22      0.32
160  0.16796875 0.2715232 0.038499626         0    0.46   0.22      0.32
161  0.15234375 0.2715232 0.038499626         0    0.46   0.22      0.32
162  0.57812500 0.2715232 0.038499626         0    0.46   0.22      0.32
163  0.28515625 0.2715232 0.038499626         0    0.46   0.22      0.32
164  0.17187500 0.2715232 0.038499626         0    0.46   0.22      0.32
165  1.00000000 0.2715232 0.038499626         0    0.46   0.22      0.32
166  0.16015625 0.2715232 0.038499626         0    0.46   0.22      0.32
167  0.25390625 0.2715232 0.038499626         0    0.46   0.22      0.32
168  0.27734375 0.2715232 0.038499626         0    0.46   0.22      0.32
169  0.07031250 0.2715232 0.038499626         0    0.46   0.22      0.32
170  1.00000000 0.2715232 0.038499626         0    0.46   0.22      0.32
171  1.00000000 0.2715232 0.038499626         0    0.46   0.22      0.32
172  0.29296875 0.2715232 0.038499626         0    0.46   0.22      0.32
173  0.26171875 0.2715232 0.038499626         0    0.46   0.22      0.32
174  0.41406250 0.2715232 0.038499626         0    0.46   0.22      0.32
175  0.17968750 0.2715232 0.038499626         0    0.46   0.22      0.32
176  0.06640625 0.2715232 0.038499626         0    0.46   0.22      0.32
177  0.18750000 0.2715232 0.038499626         0    0.46   0.22      0.32
178  0.17187500 0.2715232 0.038499626         0    0.46   0.22      0.32
179  0.17968750 0.2715232 0.038499626         0    0.46   0.22      0.32
180  1.00000000 0.2715232 0.038499626         0    0.46   0.22      0.32
181  0.40625000 0.2715232 0.038499626         0    0.46   0.22      0.32
182  0.13281250 0.2715232 0.038499626         0    0.46   0.22      0.32
183  1.00000000 0.2715232 0.038499626         0    0.46   0.22      0.32
184  1.00000000 0.2715232 0.038499626         0    0.46   0.22      0.32
185  0.51562500 0.2715232 0.038499626         0    0.46   0.22      0.32
186  0.14843750 0.2715232 0.038499626         0    0.46   0.22      0.32
187  0.17187500 0.2715232 0.038499626         0    0.46   0.22      0.32
188  0.69921875 0.2715232 0.038499626         0    0.46   0.22      0.32
189  0.21093750 0.2715232 0.038499626         0    0.46   0.22      0.32
190  1.00000000 0.2715232 0.038499626         0    0.46   0.22      0.32
191  0.54687500 0.2715232 0.038499626         0    0.46   0.22      0.32
192  1.00000000 0.2715232 0.038499626         0    0.46   0.22      0.32
193  0.33203125 0.2715232 0.038499626         0    0.46   0.22      0.32
194  0.25000000 0.2715232 0.038499626         0    0.46   0.22      0.32
195  0.16796875 0.2715232 0.038499626         0    0.46   0.22      0.32
196  1.00000000 0.2715232 0.038499626         0    0.46   0.22      0.32
197  0.21875000 0.2715232 0.038499626         0    0.46   0.22      0.32
198  0.18750000 0.2715232 0.038499626         0    0.46   0.22      0.32
199  0.19140625 0.2715232 0.038499626         0    0.46   0.22      0.32
200  0.22656250 0.2715232 0.038499626         0    0.46   0.22      0.32
201  1.00000000 0.2685014 0.043301273         0    0.36   0.27      0.37
202  1.00000000 0.2685014 0.043301273         0    0.36   0.27      0.37
203  1.00000000 0.2685014 0.043301273         0    0.36   0.27      0.37
204  0.24218750 0.2685014 0.043301273         0    0.36   0.27      0.37
205  0.23046875 0.2685014 0.043301273         0    0.36   0.27      0.37
206  0.26953125 0.2685014 0.043301273         0    0.36   0.27      0.37
207  0.16796875 0.2685014 0.043301273         0    0.36   0.27      0.37
208  0.70703125 0.2685014 0.043301273         0    0.36   0.27      0.37
209  0.21875000 0.2685014 0.043301273         0    0.36   0.27      0.37
210  0.37890625 0.2685014 0.043301273         0    0.36   0.27      0.37
211  0.28125000 0.2685014 0.043301273         0    0.36   0.27      0.37
212  1.00000000 0.2685014 0.043301273         0    0.36   0.27      0.37
213  0.23828125 0.2685014 0.043301273         0    0.36   0.27      0.37
214  0.25000000 0.2685014 0.043301273         0    0.36   0.27      0.37
215  0.46484375 0.2685014 0.043301273         0    0.36   0.27      0.37
216  0.31640625 0.2685014 0.043301273         0    0.36   0.27      0.37
217  0.16796875 0.2685014 0.043301273         0    0.36   0.27      0.37
218  0.32031250 0.2685014 0.043301273         0    0.36   0.27      0.37
219  0.18750000 0.2685014 0.043301273         0    0.36   0.27      0.37
220  0.16796875 0.2685014 0.043301273         0    0.36   0.27      0.37
221  0.32031250 0.2685014 0.043301273         0    0.36   0.27      0.37
222  1.00000000 0.2685014 0.043301273         0    0.36   0.27      0.37
223  1.00000000 0.2685014 0.043301273         0    0.36   0.27      0.37
224  0.21875000 0.2685014 0.043301273         0    0.36   0.27      0.37
225  0.30468750 0.2685014 0.043301273         0    0.36   0.27      0.37
226  0.17968750 0.2685014 0.043301273         0    0.36   0.27      0.37
227  1.00000000 0.2685014 0.043301273         0    0.36   0.27      0.37
228  0.16796875 0.2685014 0.043301273         0    0.36   0.27      0.37
229  1.00000000 0.2685014 0.043301273         0    0.36   0.27      0.37
230  0.64453125 0.2685014 0.043301273         0    0.36   0.27      0.37
231  1.00000000 0.2685014 0.043301273         0    0.36   0.27      0.37
232  0.28906250 0.2685014 0.043301273         0    0.36   0.27      0.37
233  0.19531250 0.2685014 0.043301273         0    0.36   0.27      0.37
234  0.23828125 0.2685014 0.043301273         0    0.36   0.27      0.37
235  1.00000000 0.2685014 0.043301273         0    0.36   0.27      0.37
236  0.26953125 0.2685014 0.043301273         0    0.36   0.27      0.37
237  0.28906250 0.2685014 0.043301273         0    0.36   0.27      0.37
238  1.00000000 0.2685014 0.043301273         0    0.36   0.27      0.37
239  0.08593750 0.2685014 0.043301273         0    0.36   0.27      0.37
240  1.00000000 0.2685014 0.043301273         0    0.36   0.27      0.37
241  0.57421875 0.2685014 0.043301273         0    0.36   0.27      0.37
242  0.46484375 0.2685014 0.043301273         0    0.36   0.27      0.37
243  0.18750000 0.2685014 0.043301273         0    0.36   0.27      0.37
244  0.17578125 0.2685014 0.043301273         0    0.36   0.27      0.37
245  0.16406250 0.2685014 0.043301273         0    0.36   0.27      0.37
246  0.19531250 0.2685014 0.043301273         0    0.36   0.27      0.37
247  0.22265625 0.2685014 0.043301273         0    0.36   0.27      0.37
248  1.00000000 0.2685014 0.043301273         0    0.36   0.27      0.37
249  0.13671875 0.2685014 0.043301273         0    0.36   0.27      0.37
250  0.32812500 0.2685014 0.043301273         0    0.36   0.27      0.37
251  0.22265625 0.2685014 0.043301273         0    0.36   0.27      0.37
252  0.26953125 0.2685014 0.043301273         0    0.36   0.27      0.37
253  0.25000000 0.2685014 0.043301273         0    0.36   0.27      0.37
254  1.00000000 0.2685014 0.043301273         0    0.36   0.27      0.37
255  0.13671875 0.2685014 0.043301273         0    0.36   0.27      0.37
256  0.11328125 0.2685014 0.043301273         0    0.36   0.27      0.37
257  0.73828125 0.2685014 0.043301273         0    0.36   0.27      0.37
258  0.19531250 0.2685014 0.043301273         0    0.36   0.27      0.37
259  1.00000000 0.2685014 0.043301273         0    0.36   0.27      0.37
260  0.16015625 0.2685014 0.043301273         0    0.36   0.27      0.37
261  0.40234375 0.2685014 0.043301273         0    0.36   0.27      0.37
262  1.00000000 0.2685014 0.043301273         0    0.36   0.27      0.37
263  0.35546875 0.2685014 0.043301273         0    0.36   0.27      0.37
264  0.30078125 0.2685014 0.043301273         0    0.36   0.27      0.37
265  0.18359375 0.2685014 0.043301273         0    0.36   0.27      0.37
266  0.27734375 0.2685014 0.043301273         0    0.36   0.27      0.37
267  0.29296875 0.2685014 0.043301273         0    0.36   0.27      0.37
268  1.00000000 0.2685014 0.043301273         0    0.36   0.27      0.37
269  1.00000000 0.2685014 0.043301273         0    0.36   0.27      0.37
270  0.27343750 0.2685014 0.043301273         0    0.36   0.27      0.37
271  0.33593750 0.2685014 0.043301273         0    0.36   0.27      0.37
272  1.00000000 0.2685014 0.043301273         0    0.36   0.27      0.37
273  1.00000000 0.2685014 0.043301273         0    0.36   0.27      0.37
274  0.25000000 0.2685014 0.043301273         0    0.36   0.27      0.37
275  0.49218750 0.2685014 0.043301273         0    0.36   0.27      0.37
276  0.29296875 0.2685014 0.043301273         0    0.36   0.27      0.37
277  0.59765625 0.2685014 0.043301273         0    0.36   0.27      0.37
278  0.38281250 0.2685014 0.043301273         0    0.36   0.27      0.37
279  0.30078125 0.2685014 0.043301273         0    0.36   0.27      0.37
280  0.21093750 0.2685014 0.043301273         0    0.36   0.27      0.37
281  0.28515625 0.2685014 0.043301273         0    0.36   0.27      0.37
282  1.00000000 0.2685014 0.043301273         0    0.36   0.27      0.37
283  0.28906250 0.2685014 0.043301273         0    0.36   0.27      0.37
284  1.00000000 0.2685014 0.043301273         0    0.36   0.27      0.37
285  1.00000000 0.2685014 0.043301273         0    0.36   0.27      0.37
286  1.00000000 0.2685014 0.043301273         0    0.36   0.27      0.37
287  0.44140625 0.2685014 0.043301273         0    0.36   0.27      0.37
288  1.00000000 0.2685014 0.043301273         0    0.36   0.27      0.37
289  1.00000000 0.2685014 0.043301273         0    0.36   0.27      0.37
290  1.00000000 0.2685014 0.043301273         0    0.36   0.27      0.37
291  0.40234375 0.2685014 0.043301273         0    0.36   0.27      0.37
292  1.00000000 0.2685014 0.043301273         0    0.36   0.27      0.37
293  0.30468750 0.2685014 0.043301273         0    0.36   0.27      0.37
294  1.00000000 0.2685014 0.043301273         0    0.36   0.27      0.37
295  0.50000000 0.2685014 0.043301273         0    0.36   0.27      0.37
296  0.13671875 0.2685014 0.043301273         0    0.36   0.27      0.37
297  0.39062500 0.2685014 0.043301273         0    0.36   0.27      0.37
298  0.76562500 0.2685014 0.043301273         0    0.36   0.27      0.37
299  0.34765625 0.2685014 0.043301273         0    0.36   0.27      0.37
300  0.30468750 0.2685014 0.043301273         0    0.36   0.27      0.37
301  0.63671875 0.4823484 0.066637879         0    0.29   0.25      0.46
302  0.25000000 0.4823484 0.066637879         0    0.29   0.25      0.46
303  1.00000000 0.4823484 0.066637879         0    0.29   0.25      0.46
304  0.71093750 0.4823484 0.066637879         0    0.29   0.25      0.46
305  1.00000000 0.4823484 0.066637879         0    0.29   0.25      0.46
306  1.00000000 0.4823484 0.066637879         0    0.29   0.25      0.46
307  0.31250000 0.4823484 0.066637879         0    0.29   0.25      0.46
308  0.41015625 0.4823484 0.066637879         0    0.29   0.25      0.46
309  0.78515625 0.4823484 0.066637879         0    0.29   0.25      0.46
310  0.43750000 0.4823484 0.066637879         0    0.29   0.25      0.46
311  0.59375000 0.4823484 0.066637879         0    0.29   0.25      0.46
312  1.00000000 0.4823484 0.066637879         0    0.29   0.25      0.46
313  0.20312500 0.4823484 0.066637879         0    0.29   0.25      0.46
314  1.00000000 0.4823484 0.066637879         0    0.29   0.25      0.46
315  1.00000000 0.4823484 0.066637879         0    0.29   0.25      0.46
316  1.00000000 0.4823484 0.066637879         0    0.29   0.25      0.46
317  1.00000000 0.4823484 0.066637879         0    0.29   0.25      0.46
318  0.27343750 0.4823484 0.066637879         0    0.29   0.25      0.46
319  1.00000000 0.4823484 0.066637879         0    0.29   0.25      0.46
320  0.24609375 0.4823484 0.066637879         0    0.29   0.25      0.46
321  0.69531250 0.4823484 0.066637879         0    0.29   0.25      0.46
322  1.00000000 0.4823484 0.066637879         0    0.29   0.25      0.46
323  1.00000000 0.4823484 0.066637879         0    0.29   0.25      0.46
324  0.24218750 0.4823484 0.066637879         0    0.29   0.25      0.46
325  0.25781250 0.4823484 0.066637879         0    0.29   0.25      0.46
326  0.40234375 0.4823484 0.066637879         0    0.29   0.25      0.46
327  1.00000000 0.4823484 0.066637879         0    0.29   0.25      0.46
328  1.00000000 0.4823484 0.066637879         0    0.29   0.25      0.46
329  0.59375000 0.4823484 0.066637879         0    0.29   0.25      0.46
330  0.73828125 0.4823484 0.066637879         0    0.29   0.25      0.46
331  1.00000000 0.4823484 0.066637879         0    0.29   0.25      0.46
332  0.51562500 0.4823484 0.066637879         0    0.29   0.25      0.46
333  0.34375000 0.4823484 0.066637879         0    0.29   0.25      0.46
334  1.00000000 0.4823484 0.066637879         0    0.29   0.25      0.46
335  0.31640625 0.4823484 0.066637879         0    0.29   0.25      0.46
336  1.00000000 0.4823484 0.066637879         0    0.29   0.25      0.46
337  0.27734375 0.4823484 0.066637879         0    0.29   0.25      0.46
338  0.41796875 0.4823484 0.066637879         0    0.29   0.25      0.46
339  1.00000000 0.4823484 0.066637879         0    0.29   0.25      0.46
340  1.00000000 0.4823484 0.066637879         0    0.29   0.25      0.46
341  0.78515625 0.4823484 0.066637879         0    0.29   0.25      0.46
342  0.68359375 0.4823484 0.066637879         0    0.29   0.25      0.46
343  0.43359375 0.4823484 0.066637879         0    0.29   0.25      0.46
344  0.32031250 0.4823484 0.066637879         0    0.29   0.25      0.46
345  1.00000000 0.4823484 0.066637879         0    0.29   0.25      0.46
346  0.39453125 0.4823484 0.066637879         0    0.29   0.25      0.46
347  1.00000000 0.4823484 0.066637879         0    0.29   0.25      0.46
348  0.79296875 0.4823484 0.066637879         0    0.29   0.25      0.46
349  1.00000000 0.4823484 0.066637879         0    0.29   0.25      0.46
350  0.23046875 0.4823484 0.066637879         0    0.29   0.25      0.46
351  0.46875000 0.4823484 0.066637879         0    0.29   0.25      0.46
352  0.37500000 0.4823484 0.066637879         0    0.29   0.25      0.46
353  1.00000000 0.4823484 0.066637879         0    0.29   0.25      0.46
354  0.54687500 0.4823484 0.066637879         0    0.29   0.25      0.46
355  1.00000000 0.4823484 0.066637879         0    0.29   0.25      0.46
356  0.24218750 0.4823484 0.066637879         0    0.29   0.25      0.46
357  0.35546875 0.4823484 0.066637879         0    0.29   0.25      0.46
358  0.37109375 0.4823484 0.066637879         0    0.29   0.25      0.46
359  0.35937500 0.4823484 0.066637879         0    0.29   0.25      0.46
360  1.00000000 0.4823484 0.066637879         0    0.29   0.25      0.46
361  0.45703125 0.4823484 0.066637879         0    0.29   0.25      0.46
362  1.00000000 0.4823484 0.066637879         0    0.29   0.25      0.46
363  0.44921875 0.4823484 0.066637879         0    0.29   0.25      0.46
364  0.30859375 0.4823484 0.066637879         0    0.29   0.25      0.46
365  0.33984375 0.4823484 0.066637879         0    0.29   0.25      0.46
366  0.69531250 0.4823484 0.066637879         0    0.29   0.25      0.46
367  1.00000000 0.4823484 0.066637879         0    0.29   0.25      0.46
368  1.00000000 0.4823484 0.066637879         0    0.29   0.25      0.46
369  0.31250000 0.4823484 0.066637879         0    0.29   0.25      0.46
370  1.00000000 0.4823484 0.066637879         0    0.29   0.25      0.46
371  0.31640625 0.4823484 0.066637879         0    0.29   0.25      0.46
372  0.71875000 0.4823484 0.066637879         0    0.29   0.25      0.46
373  0.51562500 0.4823484 0.066637879         0    0.29   0.25      0.46
374  0.39062500 0.4823484 0.066637879         0    0.29   0.25      0.46
375  1.00000000 0.4823484 0.066637879         0    0.29   0.25      0.46
376  0.33203125 0.4823484 0.066637879         0    0.29   0.25      0.46
377  0.51562500 0.4823484 0.066637879         0    0.29   0.25      0.46
378  0.25390625 0.4823484 0.066637879         0    0.29   0.25      0.46
379  1.00000000 0.4823484 0.066637879         0    0.29   0.25      0.46
380  0.24609375 0.4823484 0.066637879         0    0.29   0.25      0.46
381  1.00000000 0.4823484 0.066637879         0    0.29   0.25      0.46
382  1.00000000 0.4823484 0.066637879         0    0.29   0.25      0.46
383  0.40234375 0.4823484 0.066637879         0    0.29   0.25      0.46
384  1.00000000 0.4823484 0.066637879         0    0.29   0.25      0.46
385  0.40234375 0.4823484 0.066637879         0    0.29   0.25      0.46
386  0.67968750 0.4823484 0.066637879         0    0.29   0.25      0.46
387  0.32031250 0.4823484 0.066637879         0    0.29   0.25      0.46
388  1.00000000 0.4823484 0.066637879         0    0.29   0.25      0.46
389  0.25390625 0.4823484 0.066637879         0    0.29   0.25      0.46
390  0.39062500 0.4823484 0.066637879         0    0.29   0.25      0.46
391  0.29296875 0.4823484 0.066637879         0    0.29   0.25      0.46
392  1.00000000 0.4823484 0.066637879         0    0.29   0.25      0.46
393  1.00000000 0.4823484 0.066637879         0    0.29   0.25      0.46
394  1.00000000 0.4823484 0.066637879         0    0.29   0.25      0.46
395  0.36328125 0.4823484 0.066637879         0    0.29   0.25      0.46
396  1.00000000 0.4823484 0.066637879         0    0.29   0.25      0.46
397  1.00000000 0.4823484 0.066637879         0    0.29   0.25      0.46
398  1.00000000 0.4823484 0.066637879         0    0.29   0.25      0.46
399  0.25781250 0.4823484 0.066637879         0    0.29   0.25      0.46
400  0.42187500 0.4823484 0.066637879         0    0.29   0.25      0.46
401  0.08593750 0.4156486 0.026499729         0    0.42   0.11      0.47
402  1.00000000 0.4156486 0.026499729         0    0.42   0.11      0.47
403  0.10156250 0.4156486 0.026499729         0    0.42   0.11      0.47
404  1.00000000 0.4156486 0.026499729         0    0.42   0.11      0.47
405  0.14843750 0.4156486 0.026499729         0    0.42   0.11      0.47
406  0.62109375 0.4156486 0.026499729         0    0.42   0.11      0.47
407  1.00000000 0.4156486 0.026499729         0    0.42   0.11      0.47
408  1.00000000 0.4156486 0.026499729         0    0.42   0.11      0.47
409  0.09375000 0.4156486 0.026499729         0    0.42   0.11      0.47
410  0.17187500 0.4156486 0.026499729         0    0.42   0.11      0.47
411  0.18750000 0.4156486 0.026499729         0    0.42   0.11      0.47
412  1.00000000 0.4156486 0.026499729         0    0.42   0.11      0.47
413  0.30468750 0.4156486 0.026499729         0    0.42   0.11      0.47
414  0.10156250 0.4156486 0.026499729         0    0.42   0.11      0.47
415  0.50390625 0.4156486 0.026499729         0    0.42   0.11      0.47
416  1.00000000 0.4156486 0.026499729         0    0.42   0.11      0.47
417  0.11328125 0.4156486 0.026499729         0    0.42   0.11      0.47
418  0.36328125 0.4156486 0.026499729         0    0.42   0.11      0.47
419  0.20312500 0.4156486 0.026499729         0    0.42   0.11      0.47
420  1.00000000 0.4156486 0.026499729         0    0.42   0.11      0.47
421  0.11328125 0.4156486 0.026499729         0    0.42   0.11      0.47
422  0.49218750 0.4156486 0.026499729         0    0.42   0.11      0.47
423  0.32812500 0.4156486 0.026499729         0    0.42   0.11      0.47
424  1.00000000 0.4156486 0.026499729         0    0.42   0.11      0.47
425  0.05078125 0.4156486 0.026499729         0    0.42   0.11      0.47
426  1.00000000 0.4156486 0.026499729         0    0.42   0.11      0.47
427  0.53125000 0.4156486 0.026499729         0    0.42   0.11      0.47
428  1.00000000 0.4156486 0.026499729         0    0.42   0.11      0.47
429  0.07031250 0.4156486 0.026499729         0    0.42   0.11      0.47
430  0.16796875 0.4156486 0.026499729         0    0.42   0.11      0.47
431  0.10937500 0.4156486 0.026499729         0    0.42   0.11      0.47
432  0.12500000 0.4156486 0.026499729         0    0.42   0.11      0.47
433  1.00000000 0.4156486 0.026499729         0    0.42   0.11      0.47
434  1.00000000 0.4156486 0.026499729         0    0.42   0.11      0.47
435  0.32812500 0.4156486 0.026499729         0    0.42   0.11      0.47
436  1.00000000 0.4156486 0.026499729         0    0.42   0.11      0.47
437  1.00000000 0.4156486 0.026499729         0    0.42   0.11      0.47
438  0.63281250 0.4156486 0.026499729         0    0.42   0.11      0.47
439  1.00000000 0.4156486 0.026499729         0    0.42   0.11      0.47
440  0.55859375 0.4156486 0.026499729         0    0.42   0.11      0.47
441  0.07031250 0.4156486 0.026499729         0    0.42   0.11      0.47
442  1.00000000 0.4156486 0.026499729         0    0.42   0.11      0.47
443  1.00000000 0.4156486 0.026499729         0    0.42   0.11      0.47
444  0.15234375 0.4156486 0.026499729         0    0.42   0.11      0.47
445  0.08984375 0.4156486 0.026499729         0    0.42   0.11      0.47
446  1.00000000 0.4156486 0.026499729         0    0.42   0.11      0.47
447  0.12109375 0.4156486 0.026499729         0    0.42   0.11      0.47
448  1.00000000 0.4156486 0.026499729         0    0.42   0.11      0.47
449  1.00000000 0.4156486 0.026499729         0    0.42   0.11      0.47
450  0.45312500 0.4156486 0.026499729         0    0.42   0.11      0.47
451  1.00000000 0.4156486 0.026499729         0    0.42   0.11      0.47
452  1.00000000 0.4156486 0.026499729         0    0.42   0.11      0.47
453  0.31640625 0.4156486 0.026499729         0    0.42   0.11      0.47
454  0.21875000 0.4156486 0.026499729         0    0.42   0.11      0.47
455  1.00000000 0.4156486 0.026499729         0    0.42   0.11      0.47
456  0.21093750 0.4156486 0.026499729         0    0.42   0.11      0.47
457  1.00000000 0.4156486 0.026499729         0    0.42   0.11      0.47
458  1.00000000 0.4156486 0.026499729         0    0.42   0.11      0.47
459  0.12890625 0.4156486 0.026499729         0    0.42   0.11      0.47
460  0.18359375 0.4156486 0.026499729         0    0.42   0.11      0.47
461  0.07812500 0.4156486 0.026499729         0    0.42   0.11      0.47
462  0.14843750 0.4156486 0.026499729         0    0.42   0.11      0.47
463  1.00000000 0.4156486 0.026499729         0    0.42   0.11      0.47
464  0.61718750 0.4156486 0.026499729         0    0.42   0.11      0.47
465  1.00000000 0.4156486 0.026499729         0    0.42   0.11      0.47
466  0.09375000 0.4156486 0.026499729         0    0.42   0.11      0.47
467  0.36328125 0.4156486 0.026499729         0    0.42   0.11      0.47
468  1.00000000 0.4156486 0.026499729         0    0.42   0.11      0.47
469  0.37500000 0.4156486 0.026499729         0    0.42   0.11      0.47
470  1.00000000 0.4156486 0.026499729         0    0.42   0.11      0.47
471  0.12500000 0.4156486 0.026499729         0    0.42   0.11      0.47
472  1.00000000 0.4156486 0.026499729         0    0.42   0.11      0.47
473  0.37109375 0.4156486 0.026499729         0    0.42   0.11      0.47
474  1.00000000 0.4156486 0.026499729         0    0.42   0.11      0.47
475  0.10937500 0.4156486 0.026499729         0    0.42   0.11      0.47
476  0.07421875 0.4156486 0.026499729         0    0.42   0.11      0.47
477  1.00000000 0.4156486 0.026499729         0    0.42   0.11      0.47
478  1.00000000 0.4156486 0.026499729         0    0.42   0.11      0.47
479  1.00000000 0.4156486 0.026499729         0    0.42   0.11      0.47
480  1.00000000 0.4156486 0.026499729         0    0.42   0.11      0.47
481  1.00000000 0.4156486 0.026499729         0    0.42   0.11      0.47
482  0.09375000 0.4156486 0.026499729         0    0.42   0.11      0.47
483  1.00000000 0.4156486 0.026499729         0    0.42   0.11      0.47
484  1.00000000 0.4156486 0.026499729         0    0.42   0.11      0.47
485  0.19531250 0.4156486 0.026499729         0    0.42   0.11      0.47
486  0.07421875 0.4156486 0.026499729         0    0.42   0.11      0.47
487  1.00000000 0.4156486 0.026499729         0    0.42   0.11      0.47
488  1.00000000 0.4156486 0.026499729         0    0.42   0.11      0.47
489  0.16406250 0.4156486 0.026499729         0    0.42   0.11      0.47
490  0.09765625 0.4156486 0.026499729         0    0.42   0.11      0.47
491  1.00000000 0.4156486 0.026499729         0    0.42   0.11      0.47
492  0.09765625 0.4156486 0.026499729         0    0.42   0.11      0.47
493  0.16406250 0.4156486 0.026499729         0    0.42   0.11      0.47
494  1.00000000 0.4156486 0.026499729         0    0.42   0.11      0.47
495  0.12109375 0.4156486 0.026499729         0    0.42   0.11      0.47
496  1.00000000 0.4156486 0.026499729         0    0.42   0.11      0.47
497  0.16015625 0.4156486 0.026499729         0    0.42   0.11      0.47
498  1.00000000 0.4156486 0.026499729         0    0.42   0.11      0.47
499  0.40234375 0.4156486 0.026499729         0    0.42   0.11      0.47
500  1.00000000 0.4156486 0.026499729         0    0.42   0.11      0.47
501  1.00000000 0.4681899 0.009520458         0    0.41   0.11      0.48
502  1.00000000 0.4681899 0.009520458         0    0.41   0.11      0.48
503  0.07421875 0.4681899 0.009520458         0    0.41   0.11      0.48
504  0.14062500 0.4681899 0.009520458         0    0.41   0.11      0.48
505  1.00000000 0.4681899 0.009520458         0    0.41   0.11      0.48
506  0.01953125 0.4681899 0.009520458         0    0.41   0.11      0.48
507  0.05468750 0.4681899 0.009520458         0    0.41   0.11      0.48
508  1.00000000 0.4681899 0.009520458         0    0.41   0.11      0.48
509  1.00000000 0.4681899 0.009520458         0    0.41   0.11      0.48
510  1.00000000 0.4681899 0.009520458         0    0.41   0.11      0.48
511  0.06250000 0.4681899 0.009520458         0    0.41   0.11      0.48
512  0.02734375 0.4681899 0.009520458         0    0.41   0.11      0.48
513  1.00000000 0.4681899 0.009520458         0    0.41   0.11      0.48
514  0.12109375 0.4681899 0.009520458         0    0.41   0.11      0.48
515  0.02734375 0.4681899 0.009520458         0    0.41   0.11      0.48
516  1.00000000 0.4681899 0.009520458         0    0.41   0.11      0.48
517  0.00000000 0.4681899 0.009520458         0    0.41   0.11      0.48
518  0.25390625 0.4681899 0.009520458         0    0.41   0.11      0.48
519  0.08593750 0.4681899 0.009520458         0    0.41   0.11      0.48
520  0.01562500 0.4681899 0.009520458         0    0.41   0.11      0.48
521  0.04687500 0.4681899 0.009520458         0    0.41   0.11      0.48
522  0.06250000 0.4681899 0.009520458         0    0.41   0.11      0.48
523  1.00000000 0.4681899 0.009520458         0    0.41   0.11      0.48
524  0.01562500 0.4681899 0.009520458         0    0.41   0.11      0.48
525  0.02734375 0.4681899 0.009520458         0    0.41   0.11      0.48
526  0.03906250 0.4681899 0.009520458         0    0.41   0.11      0.48
527  0.02734375 0.4681899 0.009520458         0    0.41   0.11      0.48
528  1.00000000 0.4681899 0.009520458         0    0.41   0.11      0.48
529  1.00000000 0.4681899 0.009520458         0    0.41   0.11      0.48
530  1.00000000 0.4681899 0.009520458         0    0.41   0.11      0.48
531  0.01171875 0.4681899 0.009520458         0    0.41   0.11      0.48
532  1.00000000 0.4681899 0.009520458         0    0.41   0.11      0.48
533  1.00000000 0.4681899 0.009520458         0    0.41   0.11      0.48
534  1.00000000 0.4681899 0.009520458         0    0.41   0.11      0.48
535  0.01171875 0.4681899 0.009520458         0    0.41   0.11      0.48
536  0.00390625 0.4681899 0.009520458         0    0.41   0.11      0.48
537  0.13281250 0.4681899 0.009520458         0    0.41   0.11      0.48
538  1.00000000 0.4681899 0.009520458         0    0.41   0.11      0.48
539  0.01171875 0.4681899 0.009520458         0    0.41   0.11      0.48
540  0.04296875 0.4681899 0.009520458         0    0.41   0.11      0.48
541  0.01171875 0.4681899 0.009520458         0    0.41   0.11      0.48
542  1.00000000 0.4681899 0.009520458         0    0.41   0.11      0.48
543  1.00000000 0.4681899 0.009520458         0    0.41   0.11      0.48
544  0.09765625 0.4681899 0.009520458         0    0.41   0.11      0.48
545  1.00000000 0.4681899 0.009520458         0    0.41   0.11      0.48
546  1.00000000 0.4681899 0.009520458         0    0.41   0.11      0.48
547  1.00000000 0.4681899 0.009520458         0    0.41   0.11      0.48
548  0.00781250 0.4681899 0.009520458         0    0.41   0.11      0.48
549  0.14062500 0.4681899 0.009520458         0    0.41   0.11      0.48
550  0.13281250 0.4681899 0.009520458         0    0.41   0.11      0.48
551  1.00000000 0.4681899 0.009520458         0    0.41   0.11      0.48
552  0.06250000 0.4681899 0.009520458         0    0.41   0.11      0.48
553  1.00000000 0.4681899 0.009520458         0    0.41   0.11      0.48
554  1.00000000 0.4681899 0.009520458         0    0.41   0.11      0.48
555  0.14062500 0.4681899 0.009520458         0    0.41   0.11      0.48
556  0.05468750 0.4681899 0.009520458         0    0.41   0.11      0.48
557  1.00000000 0.4681899 0.009520458         0    0.41   0.11      0.48
558  0.26562500 0.4681899 0.009520458         0    0.41   0.11      0.48
559  1.00000000 0.4681899 0.009520458         0    0.41   0.11      0.48
560  0.09375000 0.4681899 0.009520458         0    0.41   0.11      0.48
561  1.00000000 0.4681899 0.009520458         0    0.41   0.11      0.48
562  0.01562500 0.4681899 0.009520458         0    0.41   0.11      0.48
563  1.00000000 0.4681899 0.009520458         0    0.41   0.11      0.48
564  1.00000000 0.4681899 0.009520458         0    0.41   0.11      0.48
565  0.06250000 0.4681899 0.009520458         0    0.41   0.11      0.48
566  0.27343750 0.4681899 0.009520458         0    0.41   0.11      0.48
567  1.00000000 0.4681899 0.009520458         0    0.41   0.11      0.48
568  0.05859375 0.4681899 0.009520458         0    0.41   0.11      0.48
569  0.01171875 0.4681899 0.009520458         0    0.41   0.11      0.48
570  0.21093750 0.4681899 0.009520458         0    0.41   0.11      0.48
571  1.00000000 0.4681899 0.009520458         0    0.41   0.11      0.48
572  1.00000000 0.4681899 0.009520458         0    0.41   0.11      0.48
573  0.08984375 0.4681899 0.009520458         0    0.41   0.11      0.48
574  1.00000000 0.4681899 0.009520458         0    0.41   0.11      0.48
575  0.09375000 0.4681899 0.009520458         0    0.41   0.11      0.48
576  0.04296875 0.4681899 0.009520458         0    0.41   0.11      0.48
577  1.00000000 0.4681899 0.009520458         0    0.41   0.11      0.48
578  1.00000000 0.4681899 0.009520458         0    0.41   0.11      0.48
579  1.00000000 0.4681899 0.009520458         0    0.41   0.11      0.48
580  1.00000000 0.4681899 0.009520458         0    0.41   0.11      0.48
581  0.17578125 0.4681899 0.009520458         0    0.41   0.11      0.48
582  1.00000000 0.4681899 0.009520458         0    0.41   0.11      0.48
583  1.00000000 0.4681899 0.009520458         0    0.41   0.11      0.48
584  0.03125000 0.4681899 0.009520458         0    0.41   0.11      0.48
585  1.00000000 0.4681899 0.009520458         0    0.41   0.11      0.48
586  0.14843750 0.4681899 0.009520458         0    0.41   0.11      0.48
587  0.02343750 0.4681899 0.009520458         0    0.41   0.11      0.48
588  1.00000000 0.4681899 0.009520458         0    0.41   0.11      0.48
589  0.06640625 0.4681899 0.009520458         0    0.41   0.11      0.48
590  0.11718750 0.4681899 0.009520458         0    0.41   0.11      0.48
591  0.02734375 0.4681899 0.009520458         0    0.41   0.11      0.48
592  1.00000000 0.4681899 0.009520458         0    0.41   0.11      0.48
593  1.00000000 0.4681899 0.009520458         0    0.41   0.11      0.48
594  1.00000000 0.4681899 0.009520458         0    0.41   0.11      0.48
595  1.00000000 0.4681899 0.009520458         0    0.41   0.11      0.48
596  1.00000000 0.4681899 0.009520458         0    0.41   0.11      0.48
597  1.00000000 0.4681899 0.009520458         0    0.41   0.11      0.48
598  0.01953125 0.4681899 0.009520458         0    0.41   0.11      0.48
599  0.07031250 0.4681899 0.009520458         0    0.41   0.11      0.48
600  1.00000000 0.4681899 0.009520458         0    0.41   0.11      0.48
601  1.00000000 0.3526086 0.056505217         0    0.33   0.26      0.41
602  0.37890625 0.3526086 0.056505217         0    0.33   0.26      0.41
603  0.38281250 0.3526086 0.056505217         0    0.33   0.26      0.41
604  0.60937500 0.3526086 0.056505217         0    0.33   0.26      0.41
605  0.31250000 0.3526086 0.056505217         0    0.33   0.26      0.41
606  0.24218750 0.3526086 0.056505217         0    0.33   0.26      0.41
607  0.33593750 0.3526086 0.056505217         0    0.33   0.26      0.41
608  1.00000000 0.3526086 0.056505217         0    0.33   0.26      0.41
609  0.26953125 0.3526086 0.056505217         0    0.33   0.26      0.41
610  0.26562500 0.3526086 0.056505217         0    0.33   0.26      0.41
611  0.29687500 0.3526086 0.056505217         0    0.33   0.26      0.41
612  1.00000000 0.3526086 0.056505217         0    0.33   0.26      0.41
613  0.32421875 0.3526086 0.056505217         0    0.33   0.26      0.41
614  1.00000000 0.3526086 0.056505217         0    0.33   0.26      0.41
615  1.00000000 0.3526086 0.056505217         0    0.33   0.26      0.41
616  0.44921875 0.3526086 0.056505217         0    0.33   0.26      0.41
617  0.64453125 0.3526086 0.056505217         0    0.33   0.26      0.41
618  0.08203125 0.3526086 0.056505217         0    0.33   0.26      0.41
619  0.44531250 0.3526086 0.056505217         0    0.33   0.26      0.41
620  1.00000000 0.3526086 0.056505217         0    0.33   0.26      0.41
621  0.35156250 0.3526086 0.056505217         0    0.33   0.26      0.41
622  0.38281250 0.3526086 0.056505217         0    0.33   0.26      0.41
623  1.00000000 0.3526086 0.056505217         0    0.33   0.26      0.41
624  1.00000000 0.3526086 0.056505217         0    0.33   0.26      0.41
625  0.28125000 0.3526086 0.056505217         0    0.33   0.26      0.41
626  1.00000000 0.3526086 0.056505217         0    0.33   0.26      0.41
627  0.28906250 0.3526086 0.056505217         0    0.33   0.26      0.41
628  0.37109375 0.3526086 0.056505217         0    0.33   0.26      0.41
629  1.00000000 0.3526086 0.056505217         0    0.33   0.26      0.41
630  1.00000000 0.3526086 0.056505217         0    0.33   0.26      0.41
631  1.00000000 0.3526086 0.056505217         0    0.33   0.26      0.41
632  0.53125000 0.3526086 0.056505217         0    0.33   0.26      0.41
633  1.00000000 0.3526086 0.056505217         0    0.33   0.26      0.41
634  1.00000000 0.3526086 0.056505217         0    0.33   0.26      0.41
635  0.54687500 0.3526086 0.056505217         0    0.33   0.26      0.41
636  0.46484375 0.3526086 0.056505217         0    0.33   0.26      0.41
637  0.31250000 0.3526086 0.056505217         0    0.33   0.26      0.41
638  0.60937500 0.3526086 0.056505217         0    0.33   0.26      0.41
639  1.00000000 0.3526086 0.056505217         0    0.33   0.26      0.41
640  1.00000000 0.3526086 0.056505217         0    0.33   0.26      0.41
641  0.29687500 0.3526086 0.056505217         0    0.33   0.26      0.41
642  0.45312500 0.3526086 0.056505217         0    0.33   0.26      0.41
643  0.21875000 0.3526086 0.056505217         0    0.33   0.26      0.41
644  1.00000000 0.3526086 0.056505217         0    0.33   0.26      0.41
645  0.12890625 0.3526086 0.056505217         0    0.33   0.26      0.41
646  0.26953125 0.3526086 0.056505217         0    0.33   0.26      0.41
647  0.31250000 0.3526086 0.056505217         0    0.33   0.26      0.41
648  0.15625000 0.3526086 0.056505217         0    0.33   0.26      0.41
649  0.41015625 0.3526086 0.056505217         0    0.33   0.26      0.41
650  0.35937500 0.3526086 0.056505217         0    0.33   0.26      0.41
651  0.51562500 0.3526086 0.056505217         0    0.33   0.26      0.41
652  1.00000000 0.3526086 0.056505217         0    0.33   0.26      0.41
653  0.31640625 0.3526086 0.056505217         0    0.33   0.26      0.41
654  0.32812500 0.3526086 0.056505217         0    0.33   0.26      0.41
655  0.69531250 0.3526086 0.056505217         0    0.33   0.26      0.41
656  0.37890625 0.3526086 0.056505217         0    0.33   0.26      0.41
657  0.39062500 0.3526086 0.056505217         0    0.33   0.26      0.41
658  1.00000000 0.3526086 0.056505217         0    0.33   0.26      0.41
659  0.25390625 0.3526086 0.056505217         0    0.33   0.26      0.41
660  0.60546875 0.3526086 0.056505217         0    0.33   0.26      0.41
661  1.00000000 0.3526086 0.056505217         0    0.33   0.26      0.41
662  0.28515625 0.3526086 0.056505217         0    0.33   0.26      0.41
663  0.61718750 0.3526086 0.056505217         0    0.33   0.26      0.41
664  0.89062500 0.3526086 0.056505217         0    0.33   0.26      0.41
665  1.00000000 0.3526086 0.056505217         0    0.33   0.26      0.41
666  1.00000000 0.3526086 0.056505217         0    0.33   0.26      0.41
667  1.00000000 0.3526086 0.056505217         0    0.33   0.26      0.41
668  0.42968750 0.3526086 0.056505217         0    0.33   0.26      0.41
669  0.43359375 0.3526086 0.056505217         0    0.33   0.26      0.41
670  1.00000000 0.3526086 0.056505217         0    0.33   0.26      0.41
671  0.37109375 0.3526086 0.056505217         0    0.33   0.26      0.41
672  0.17968750 0.3526086 0.056505217         0    0.33   0.26      0.41
673  0.32421875 0.3526086 0.056505217         0    0.33   0.26      0.41
674  0.39453125 0.3526086 0.056505217         0    0.33   0.26      0.41
675  0.36718750 0.3526086 0.056505217         0    0.33   0.26      0.41
676  0.69921875 0.3526086 0.056505217         0    0.33   0.26      0.41
677  0.71093750 0.3526086 0.056505217         0    0.33   0.26      0.41
678  0.64453125 0.3526086 0.056505217         0    0.33   0.26      0.41
679  1.00000000 0.3526086 0.056505217         0    0.33   0.26      0.41
680  0.26953125 0.3526086 0.056505217         0    0.33   0.26      0.41
681  0.36718750 0.3526086 0.056505217         0    0.33   0.26      0.41
682  0.35156250 0.3526086 0.056505217         0    0.33   0.26      0.41
683  0.27734375 0.3526086 0.056505217         0    0.33   0.26      0.41
684  0.33593750 0.3526086 0.056505217         0    0.33   0.26      0.41
685  1.00000000 0.3526086 0.056505217         0    0.33   0.26      0.41
686  1.00000000 0.3526086 0.056505217         0    0.33   0.26      0.41
687  0.37500000 0.3526086 0.056505217         0    0.33   0.26      0.41
688  1.00000000 0.3526086 0.056505217         0    0.33   0.26      0.41
689  0.53906250 0.3526086 0.056505217         0    0.33   0.26      0.41
690  0.40234375 0.3526086 0.056505217         0    0.33   0.26      0.41
691  0.25781250 0.3526086 0.056505217         0    0.33   0.26      0.41
692  0.66015625 0.3526086 0.056505217         0    0.33   0.26      0.41
693  0.30078125 0.3526086 0.056505217         0    0.33   0.26      0.41
694  0.25390625 0.3526086 0.056505217         0    0.33   0.26      0.41
695  1.00000000 0.3526086 0.056505217         0    0.33   0.26      0.41
696  1.00000000 0.3526086 0.056505217         0    0.33   0.26      0.41
697  0.15625000 0.3526086 0.056505217         0    0.33   0.26      0.41
698  0.22656250 0.3526086 0.056505217         0    0.33   0.26      0.41
699  1.00000000 0.3526086 0.056505217         0    0.33   0.26      0.41
700  0.39843750 0.3526086 0.056505217         0    0.33   0.26      0.41
701  0.14453125 0.3728485 0.030192129         0    0.40   0.17      0.43
702  0.57812500 0.3728485 0.030192129         0    0.40   0.17      0.43
703  1.00000000 0.3728485 0.030192129         0    0.40   0.17      0.43
704  0.81250000 0.3728485 0.030192129         0    0.40   0.17      0.43
705  1.00000000 0.3728485 0.030192129         0    0.40   0.17      0.43
706  0.55859375 0.3728485 0.030192129         0    0.40   0.17      0.43
707  1.00000000 0.3728485 0.030192129         0    0.40   0.17      0.43
708  0.03515625 0.3728485 0.030192129         0    0.40   0.17      0.43
709  0.33203125 0.3728485 0.030192129         0    0.40   0.17      0.43
710  0.16406250 0.3728485 0.030192129         0    0.40   0.17      0.43
711  0.17187500 0.3728485 0.030192129         0    0.40   0.17      0.43
712  1.00000000 0.3728485 0.030192129         0    0.40   0.17      0.43
713  1.00000000 0.3728485 0.030192129         0    0.40   0.17      0.43
714  1.00000000 0.3728485 0.030192129         0    0.40   0.17      0.43
715  0.19921875 0.3728485 0.030192129         0    0.40   0.17      0.43
716  0.15625000 0.3728485 0.030192129         0    0.40   0.17      0.43
717  1.00000000 0.3728485 0.030192129         0    0.40   0.17      0.43
718  1.00000000 0.3728485 0.030192129         0    0.40   0.17      0.43
719  0.19921875 0.3728485 0.030192129         0    0.40   0.17      0.43
720  0.35937500 0.3728485 0.030192129         0    0.40   0.17      0.43
721  1.00000000 0.3728485 0.030192129         0    0.40   0.17      0.43
722  0.05078125 0.3728485 0.030192129         0    0.40   0.17      0.43
723  0.14062500 0.3728485 0.030192129         0    0.40   0.17      0.43
724  0.37109375 0.3728485 0.030192129         0    0.40   0.17      0.43
725  0.21875000 0.3728485 0.030192129         0    0.40   0.17      0.43
726  1.00000000 0.3728485 0.030192129         0    0.40   0.17      0.43
727  1.00000000 0.3728485 0.030192129         0    0.40   0.17      0.43
728  0.29296875 0.3728485 0.030192129         0    0.40   0.17      0.43
729  0.26171875 0.3728485 0.030192129         0    0.40   0.17      0.43
730  0.14843750 0.3728485 0.030192129         0    0.40   0.17      0.43
731  0.11718750 0.3728485 0.030192129         0    0.40   0.17      0.43
732  1.00000000 0.3728485 0.030192129         0    0.40   0.17      0.43
733  1.00000000 0.3728485 0.030192129         0    0.40   0.17      0.43
734  0.28125000 0.3728485 0.030192129         0    0.40   0.17      0.43
735  0.18359375 0.3728485 0.030192129         0    0.40   0.17      0.43
736  1.00000000 0.3728485 0.030192129         0    0.40   0.17      0.43
737  0.10937500 0.3728485 0.030192129         0    0.40   0.17      0.43
738  0.39453125 0.3728485 0.030192129         0    0.40   0.17      0.43
739  0.10937500 0.3728485 0.030192129         0    0.40   0.17      0.43
740  1.00000000 0.3728485 0.030192129         0    0.40   0.17      0.43
741  1.00000000 0.3728485 0.030192129         0    0.40   0.17      0.43
742  0.61328125 0.3728485 0.030192129         0    0.40   0.17      0.43
743  0.12109375 0.3728485 0.030192129         0    0.40   0.17      0.43
744  0.09765625 0.3728485 0.030192129         0    0.40   0.17      0.43
745  1.00000000 0.3728485 0.030192129         0    0.40   0.17      0.43
746  0.36328125 0.3728485 0.030192129         0    0.40   0.17      0.43
747  1.00000000 0.3728485 0.030192129         0    0.40   0.17      0.43
748  1.00000000 0.3728485 0.030192129         0    0.40   0.17      0.43
749  1.00000000 0.3728485 0.030192129         0    0.40   0.17      0.43
750  0.07812500 0.3728485 0.030192129         0    0.40   0.17      0.43
751  0.08203125 0.3728485 0.030192129         0    0.40   0.17      0.43
752  1.00000000 0.3728485 0.030192129         0    0.40   0.17      0.43
753  1.00000000 0.3728485 0.030192129         0    0.40   0.17      0.43
754  0.62500000 0.3728485 0.030192129         0    0.40   0.17      0.43
755  0.21484375 0.3728485 0.030192129         0    0.40   0.17      0.43
756  0.11718750 0.3728485 0.030192129         0    0.40   0.17      0.43
757  0.22656250 0.3728485 0.030192129         0    0.40   0.17      0.43
758  1.00000000 0.3728485 0.030192129         0    0.40   0.17      0.43
759  1.00000000 0.3728485 0.030192129         0    0.40   0.17      0.43
760  1.00000000 0.3728485 0.030192129         0    0.40   0.17      0.43
761  1.00000000 0.3728485 0.030192129         0    0.40   0.17      0.43
762  0.13671875 0.3728485 0.030192129         0    0.40   0.17      0.43
763  0.23046875 0.3728485 0.030192129         0    0.40   0.17      0.43
764  1.00000000 0.3728485 0.030192129         0    0.40   0.17      0.43
765  0.18359375 0.3728485 0.030192129         0    0.40   0.17      0.43
766  1.00000000 0.3728485 0.030192129         0    0.40   0.17      0.43
767  0.17578125 0.3728485 0.030192129         0    0.40   0.17      0.43
768  1.00000000 0.3728485 0.030192129         0    0.40   0.17      0.43
769  1.00000000 0.3728485 0.030192129         0    0.40   0.17      0.43
770  0.37890625 0.3728485 0.030192129         0    0.40   0.17      0.43
771  1.00000000 0.3728485 0.030192129         0    0.40   0.17      0.43
772  0.21093750 0.3728485 0.030192129         0    0.40   0.17      0.43
773  1.00000000 0.3728485 0.030192129         0    0.40   0.17      0.43
774  0.11328125 0.3728485 0.030192129         0    0.40   0.17      0.43
775  0.08203125 0.3728485 0.030192129         0    0.40   0.17      0.43
776  1.00000000 0.3728485 0.030192129         0    0.40   0.17      0.43
777  0.10937500 0.3728485 0.030192129         0    0.40   0.17      0.43
778  1.00000000 0.3728485 0.030192129         0    0.40   0.17      0.43
779  0.17968750 0.3728485 0.030192129         0    0.40   0.17      0.43
780  0.14453125 0.3728485 0.030192129         0    0.40   0.17      0.43
781  0.50390625 0.3728485 0.030192129         0    0.40   0.17      0.43
782  0.09765625 0.3728485 0.030192129         0    0.40   0.17      0.43
783  0.28125000 0.3728485 0.030192129         0    0.40   0.17      0.43
784  1.00000000 0.3728485 0.030192129         0    0.40   0.17      0.43
785  1.00000000 0.3728485 0.030192129         0    0.40   0.17      0.43
786  1.00000000 0.3728485 0.030192129         0    0.40   0.17      0.43
787  1.00000000 0.3728485 0.030192129         0    0.40   0.17      0.43
788  1.00000000 0.3728485 0.030192129         0    0.40   0.17      0.43
789  0.07421875 0.3728485 0.030192129         0    0.40   0.17      0.43
790  0.15234375 0.3728485 0.030192129         0    0.40   0.17      0.43
791  1.00000000 0.3728485 0.030192129         0    0.40   0.17      0.43
792  1.00000000 0.3728485 0.030192129         0    0.40   0.17      0.43
793  1.00000000 0.3728485 0.030192129         0    0.40   0.17      0.43
794  0.14062500 0.3728485 0.030192129         0    0.40   0.17      0.43
795  1.00000000 0.3728485 0.030192129         0    0.40   0.17      0.43
796  0.16406250 0.3728485 0.030192129         0    0.40   0.17      0.43
797  0.10156250 0.3728485 0.030192129         0    0.40   0.17      0.43
798  0.16406250 0.3728485 0.030192129         0    0.40   0.17      0.43
799  0.07421875 0.3728485 0.030192129         0    0.40   0.17      0.43
800  0.55468750 0.3728485 0.030192129         0    0.40   0.17      0.43
801  0.25000000 0.5688382 0.051079803         0    0.36   0.18      0.46
802  1.00000000 0.5688382 0.051079803         0    0.36   0.18      0.46
803  0.17187500 0.5688382 0.051079803         0    0.36   0.18      0.46
804  1.00000000 0.5688382 0.051079803         0    0.36   0.18      0.46
805  1.00000000 0.5688382 0.051079803         0    0.36   0.18      0.46
806  0.44531250 0.5688382 0.051079803         0    0.36   0.18      0.46
807  0.28906250 0.5688382 0.051079803         0    0.36   0.18      0.46
808  1.00000000 0.5688382 0.051079803         0    0.36   0.18      0.46
809  0.16796875 0.5688382 0.051079803         0    0.36   0.18      0.46
810  0.35156250 0.5688382 0.051079803         0    0.36   0.18      0.46
811  0.22265625 0.5688382 0.051079803         0    0.36   0.18      0.46
812  0.10156250 0.5688382 0.051079803         0    0.36   0.18      0.46
813  1.00000000 0.5688382 0.051079803         0    0.36   0.18      0.46
814  0.44140625 0.5688382 0.051079803         0    0.36   0.18      0.46
815  0.21875000 0.5688382 0.051079803         0    0.36   0.18      0.46
816  0.50390625 0.5688382 0.051079803         0    0.36   0.18      0.46
817  0.09375000 0.5688382 0.051079803         0    0.36   0.18      0.46
818  0.43359375 0.5688382 0.051079803         0    0.36   0.18      0.46
819  1.00000000 0.5688382 0.051079803         0    0.36   0.18      0.46
820  0.42578125 0.5688382 0.051079803         0    0.36   0.18      0.46
821  0.22656250 0.5688382 0.051079803         0    0.36   0.18      0.46
822  0.23046875 0.5688382 0.051079803         0    0.36   0.18      0.46
823  1.00000000 0.5688382 0.051079803         0    0.36   0.18      0.46
824  1.00000000 0.5688382 0.051079803         0    0.36   0.18      0.46
825  1.00000000 0.5688382 0.051079803         0    0.36   0.18      0.46
826  1.00000000 0.5688382 0.051079803         0    0.36   0.18      0.46
827  0.17968750 0.5688382 0.051079803         0    0.36   0.18      0.46
828  1.00000000 0.5688382 0.051079803         0    0.36   0.18      0.46
829  1.00000000 0.5688382 0.051079803         0    0.36   0.18      0.46
830  0.19921875 0.5688382 0.051079803         0    0.36   0.18      0.46
831  0.56640625 0.5688382 0.051079803         0    0.36   0.18      0.46
832  1.00000000 0.5688382 0.051079803         0    0.36   0.18      0.46
833  0.35156250 0.5688382 0.051079803         0    0.36   0.18      0.46
834  1.00000000 0.5688382 0.051079803         0    0.36   0.18      0.46
835  0.63281250 0.5688382 0.051079803         0    0.36   0.18      0.46
836  0.33984375 0.5688382 0.051079803         0    0.36   0.18      0.46
837  1.00000000 0.5688382 0.051079803         0    0.36   0.18      0.46
838  0.60156250 0.5688382 0.051079803         0    0.36   0.18      0.46
839  0.21875000 0.5688382 0.051079803         0    0.36   0.18      0.46
840  1.00000000 0.5688382 0.051079803         0    0.36   0.18      0.46
841  0.23046875 0.5688382 0.051079803         0    0.36   0.18      0.46
842  0.19921875 0.5688382 0.051079803         0    0.36   0.18      0.46
843  0.58203125 0.5688382 0.051079803         0    0.36   0.18      0.46
844  0.23828125 0.5688382 0.051079803         0    0.36   0.18      0.46
845  1.00000000 0.5688382 0.051079803         0    0.36   0.18      0.46
846  1.00000000 0.5688382 0.051079803         0    0.36   0.18      0.46
847  0.23046875 0.5688382 0.051079803         0    0.36   0.18      0.46
848  1.00000000 0.5688382 0.051079803         0    0.36   0.18      0.46
849  1.00000000 0.5688382 0.051079803         0    0.36   0.18      0.46
850  1.00000000 0.5688382 0.051079803         0    0.36   0.18      0.46
851  0.17187500 0.5688382 0.051079803         0    0.36   0.18      0.46
852  0.15625000 0.5688382 0.051079803         0    0.36   0.18      0.46
853  0.24218750 0.5688382 0.051079803         0    0.36   0.18      0.46
854  0.17968750 0.5688382 0.051079803         0    0.36   0.18      0.46
855  0.18750000 0.5688382 0.051079803         0    0.36   0.18      0.46
856  1.00000000 0.5688382 0.051079803         0    0.36   0.18      0.46
857  0.13671875 0.5688382 0.051079803         0    0.36   0.18      0.46
858  1.00000000 0.5688382 0.051079803         0    0.36   0.18      0.46
859  0.20703125 0.5688382 0.051079803         0    0.36   0.18      0.46
860  0.16796875 0.5688382 0.051079803         0    0.36   0.18      0.46
861  0.27343750 0.5688382 0.051079803         0    0.36   0.18      0.46
862  1.00000000 0.5688382 0.051079803         0    0.36   0.18      0.46
863  0.12890625 0.5688382 0.051079803         0    0.36   0.18      0.46
864  0.40234375 0.5688382 0.051079803         0    0.36   0.18      0.46
865  0.21484375 0.5688382 0.051079803         0    0.36   0.18      0.46
866  0.28515625 0.5688382 0.051079803         0    0.36   0.18      0.46
867  1.00000000 0.5688382 0.051079803         0    0.36   0.18      0.46
868  0.33203125 0.5688382 0.051079803         0    0.36   0.18      0.46
869  1.00000000 0.5688382 0.051079803         0    0.36   0.18      0.46
870  0.64843750 0.5688382 0.051079803         0    0.36   0.18      0.46
871  0.43359375 0.5688382 0.051079803         0    0.36   0.18      0.46
872  0.22265625 0.5688382 0.051079803         0    0.36   0.18      0.46
873  1.00000000 0.5688382 0.051079803         0    0.36   0.18      0.46
874  0.25000000 0.5688382 0.051079803         0    0.36   0.18      0.46
875  1.00000000 0.5688382 0.051079803         0    0.36   0.18      0.46
876  0.28515625 0.5688382 0.051079803         0    0.36   0.18      0.46
877  1.00000000 0.5688382 0.051079803         0    0.36   0.18      0.46
878  1.00000000 0.5688382 0.051079803         0    0.36   0.18      0.46
879  0.14843750 0.5688382 0.051079803         0    0.36   0.18      0.46
880  1.00000000 0.5688382 0.051079803         0    0.36   0.18      0.46
881  1.00000000 0.5688382 0.051079803         0    0.36   0.18      0.46
882  1.00000000 0.5688382 0.051079803         0    0.36   0.18      0.46
883  1.00000000 0.5688382 0.051079803         0    0.36   0.18      0.46
884  1.00000000 0.5688382 0.051079803         0    0.36   0.18      0.46
885  1.00000000 0.5688382 0.051079803         0    0.36   0.18      0.46
886  1.00000000 0.5688382 0.051079803         0    0.36   0.18      0.46
887  0.21093750 0.5688382 0.051079803         0    0.36   0.18      0.46
888  0.54687500 0.5688382 0.051079803         0    0.36   0.18      0.46
889  1.00000000 0.5688382 0.051079803         0    0.36   0.18      0.46
890  0.10156250 0.5688382 0.051079803         0    0.36   0.18      0.46
891  1.00000000 0.5688382 0.051079803         0    0.36   0.18      0.46
892  0.26953125 0.5688382 0.051079803         0    0.36   0.18      0.46
893  0.26562500 0.5688382 0.051079803         0    0.36   0.18      0.46
894  1.00000000 0.5688382 0.051079803         0    0.36   0.18      0.46
895  0.34375000 0.5688382 0.051079803         0    0.36   0.18      0.46
896  1.00000000 0.5688382 0.051079803         0    0.36   0.18      0.46
897  1.00000000 0.5688382 0.051079803         0    0.36   0.18      0.46
898  0.23046875 0.5688382 0.051079803         0    0.36   0.18      0.46
899  0.13281250 0.5688382 0.051079803         0    0.36   0.18      0.46
900  0.24609375 0.5688382 0.051079803         0    0.36   0.18      0.46
901  0.17968750 0.2522476 0.049574307         0    0.33   0.29      0.38
902  0.61328125 0.2522476 0.049574307         0    0.33   0.29      0.38
903  0.65625000 0.2522476 0.049574307         0    0.33   0.29      0.38
904  0.30859375 0.2522476 0.049574307         0    0.33   0.29      0.38
905  0.56250000 0.2522476 0.049574307         0    0.33   0.29      0.38
906  1.00000000 0.2522476 0.049574307         0    0.33   0.29      0.38
907  1.00000000 0.2522476 0.049574307         0    0.33   0.29      0.38
908  0.17578125 0.2522476 0.049574307         0    0.33   0.29      0.38
909  0.25781250 0.2522476 0.049574307         0    0.33   0.29      0.38
910  1.00000000 0.2522476 0.049574307         0    0.33   0.29      0.38
911  0.30859375 0.2522476 0.049574307         0    0.33   0.29      0.38
912  0.66015625 0.2522476 0.049574307         0    0.33   0.29      0.38
913  1.00000000 0.2522476 0.049574307         0    0.33   0.29      0.38
914  0.29296875 0.2522476 0.049574307         0    0.33   0.29      0.38
915  1.00000000 0.2522476 0.049574307         0    0.33   0.29      0.38
916  0.18750000 0.2522476 0.049574307         0    0.33   0.29      0.38
917  0.42187500 0.2522476 0.049574307         0    0.33   0.29      0.38
918  0.20703125 0.2522476 0.049574307         0    0.33   0.29      0.38
919  0.42187500 0.2522476 0.049574307         0    0.33   0.29      0.38
920  0.21093750 0.2522476 0.049574307         0    0.33   0.29      0.38
921  0.51171875 0.2522476 0.049574307         0    0.33   0.29      0.38
922  0.16015625 0.2522476 0.049574307         0    0.33   0.29      0.38
923  0.49218750 0.2522476 0.049574307         0    0.33   0.29      0.38
924  0.17968750 0.2522476 0.049574307         0    0.33   0.29      0.38
925  0.28515625 0.2522476 0.049574307         0    0.33   0.29      0.38
926  1.00000000 0.2522476 0.049574307         0    0.33   0.29      0.38
927  0.26562500 0.2522476 0.049574307         0    0.33   0.29      0.38
928  1.00000000 0.2522476 0.049574307         0    0.33   0.29      0.38
929  0.26562500 0.2522476 0.049574307         0    0.33   0.29      0.38
930  0.26953125 0.2522476 0.049574307         0    0.33   0.29      0.38
931  0.61328125 0.2522476 0.049574307         0    0.33   0.29      0.38
932  0.58203125 0.2522476 0.049574307         0    0.33   0.29      0.38
933  0.26953125 0.2522476 0.049574307         0    0.33   0.29      0.38
934  0.28515625 0.2522476 0.049574307         0    0.33   0.29      0.38
935  0.28515625 0.2522476 0.049574307         0    0.33   0.29      0.38
936  0.30468750 0.2522476 0.049574307         0    0.33   0.29      0.38
937  0.31640625 0.2522476 0.049574307         0    0.33   0.29      0.38
938  0.27343750 0.2522476 0.049574307         0    0.33   0.29      0.38
939  1.00000000 0.2522476 0.049574307         0    0.33   0.29      0.38
940  0.30078125 0.2522476 0.049574307         0    0.33   0.29      0.38
941  0.19921875 0.2522476 0.049574307         0    0.33   0.29      0.38
942  1.00000000 0.2522476 0.049574307         0    0.33   0.29      0.38
943  0.24609375 0.2522476 0.049574307         0    0.33   0.29      0.38
944  1.00000000 0.2522476 0.049574307         0    0.33   0.29      0.38
945  1.00000000 0.2522476 0.049574307         0    0.33   0.29      0.38
946  0.23828125 0.2522476 0.049574307         0    0.33   0.29      0.38
947  1.00000000 0.2522476 0.049574307         0    0.33   0.29      0.38
948  0.36718750 0.2522476 0.049574307         0    0.33   0.29      0.38
949  1.00000000 0.2522476 0.049574307         0    0.33   0.29      0.38
950  1.00000000 0.2522476 0.049574307         0    0.33   0.29      0.38
951  0.42578125 0.2522476 0.049574307         0    0.33   0.29      0.38
952  1.00000000 0.2522476 0.049574307         0    0.33   0.29      0.38
953  0.30859375 0.2522476 0.049574307         0    0.33   0.29      0.38
954  0.26562500 0.2522476 0.049574307         0    0.33   0.29      0.38
955  0.30468750 0.2522476 0.049574307         0    0.33   0.29      0.38
956  0.36328125 0.2522476 0.049574307         0    0.33   0.29      0.38
957  1.00000000 0.2522476 0.049574307         0    0.33   0.29      0.38
958  1.00000000 0.2522476 0.049574307         0    0.33   0.29      0.38
959  0.10937500 0.2522476 0.049574307         0    0.33   0.29      0.38
960  0.21093750 0.2522476 0.049574307         0    0.33   0.29      0.38
961  1.00000000 0.2522476 0.049574307         0    0.33   0.29      0.38
962  0.43359375 0.2522476 0.049574307         0    0.33   0.29      0.38
963  0.29687500 0.2522476 0.049574307         0    0.33   0.29      0.38
964  0.60937500 0.2522476 0.049574307         0    0.33   0.29      0.38
965  0.16796875 0.2522476 0.049574307         0    0.33   0.29      0.38
966  0.19531250 0.2522476 0.049574307         0    0.33   0.29      0.38
967  0.58984375 0.2522476 0.049574307         0    0.33   0.29      0.38
968  0.25781250 0.2522476 0.049574307         0    0.33   0.29      0.38
969  0.22265625 0.2522476 0.049574307         0    0.33   0.29      0.38
970  0.27343750 0.2522476 0.049574307         0    0.33   0.29      0.38
971  1.00000000 0.2522476 0.049574307         0    0.33   0.29      0.38
972  1.00000000 0.2522476 0.049574307         0    0.33   0.29      0.38
973  0.31640625 0.2522476 0.049574307         0    0.33   0.29      0.38
974  1.00000000 0.2522476 0.049574307         0    0.33   0.29      0.38
975  0.42187500 0.2522476 0.049574307         0    0.33   0.29      0.38
976  0.26953125 0.2522476 0.049574307         0    0.33   0.29      0.38
977  0.33593750 0.2522476 0.049574307         0    0.33   0.29      0.38
978  0.44140625 0.2522476 0.049574307         0    0.33   0.29      0.38
979  0.27734375 0.2522476 0.049574307         0    0.33   0.29      0.38
980  1.00000000 0.2522476 0.049574307         0    0.33   0.29      0.38
981  0.27343750 0.2522476 0.049574307         0    0.33   0.29      0.38
982  0.49609375 0.2522476 0.049574307         0    0.33   0.29      0.38
983  0.29687500 0.2522476 0.049574307         0    0.33   0.29      0.38
984  0.19140625 0.2522476 0.049574307         0    0.33   0.29      0.38
985  1.00000000 0.2522476 0.049574307         0    0.33   0.29      0.38
986  1.00000000 0.2522476 0.049574307         0    0.33   0.29      0.38
987  1.00000000 0.2522476 0.049574307         0    0.33   0.29      0.38
988  1.00000000 0.2522476 0.049574307         0    0.33   0.29      0.38
989  0.26171875 0.2522476 0.049574307         0    0.33   0.29      0.38
990  1.00000000 0.2522476 0.049574307         0    0.33   0.29      0.38
991  0.41015625 0.2522476 0.049574307         0    0.33   0.29      0.38
992  0.21093750 0.2522476 0.049574307         0    0.33   0.29      0.38
993  0.15625000 0.2522476 0.049574307         0    0.33   0.29      0.38
994  1.00000000 0.2522476 0.049574307         0    0.33   0.29      0.38
995  1.00000000 0.2522476 0.049574307         0    0.33   0.29      0.38
996  0.28515625 0.2522476 0.049574307         0    0.33   0.29      0.38
997  0.30078125 0.2522476 0.049574307         0    0.33   0.29      0.38
998  0.55859375 0.2522476 0.049574307         0    0.33   0.29      0.38
999  0.34765625 0.2522476 0.049574307         0    0.33   0.29      0.38
1000 0.21875000 0.2522476 0.049574307         0    0.33   0.29      0.38
