      prop.aneu prob.meio  prob.mito dispersal euploid mosaic aneuploid
1    0.02734375 0.4606954 0.01547734         0    0.41   0.16      0.43
2    0.06250000 0.4606954 0.01547734         0    0.41   0.16      0.43
3    0.18359375 0.4606954 0.01547734         0    0.41   0.16      0.43
4    0.24218750 0.4606954 0.01547734         0    0.41   0.16      0.43
5    0.02734375 0.4606954 0.01547734         0    0.41   0.16      0.43
6    1.00000000 0.4606954 0.01547734         0    0.41   0.16      0.43
7    0.03515625 0.4606954 0.01547734         0    0.41   0.16      0.43
8    0.07812500 0.4606954 0.01547734         0    0.41   0.16      0.43
9    1.00000000 0.4606954 0.01547734         0    0.41   0.16      0.43
10   1.00000000 0.4606954 0.01547734         0    0.41   0.16      0.43
11   1.00000000 0.4606954 0.01547734         0    0.41   0.16      0.43
12   1.00000000 0.4606954 0.01547734         0    0.41   0.16      0.43
13   0.25390625 0.4606954 0.01547734         0    0.41   0.16      0.43
14   1.00000000 0.4606954 0.01547734         0    0.41   0.16      0.43
15   0.09765625 0.4606954 0.01547734         0    0.41   0.16      0.43
16   1.00000000 0.4606954 0.01547734         0    0.41   0.16      0.43
17   1.00000000 0.4606954 0.01547734         0    0.41   0.16      0.43
18   0.05468750 0.4606954 0.01547734         0    0.41   0.16      0.43
19   0.05859375 0.4606954 0.01547734         0    0.41   0.16      0.43
20   1.00000000 0.4606954 0.01547734         0    0.41   0.16      0.43
21   0.14843750 0.4606954 0.01547734         0    0.41   0.16      0.43
22   0.05078125 0.4606954 0.01547734         0    0.41   0.16      0.43
23   1.00000000 0.4606954 0.01547734         0    0.41   0.16      0.43
24   0.07812500 0.4606954 0.01547734         0    0.41   0.16      0.43
25   1.00000000 0.4606954 0.01547734         0    0.41   0.16      0.43
26   0.02343750 0.4606954 0.01547734         0    0.41   0.16      0.43
27   0.05859375 0.4606954 0.01547734         0    0.41   0.16      0.43
28   0.04296875 0.4606954 0.01547734         0    0.41   0.16      0.43
29   1.00000000 0.4606954 0.01547734         0    0.41   0.16      0.43
30   0.09375000 0.4606954 0.01547734         0    0.41   0.16      0.43
31   1.00000000 0.4606954 0.01547734         0    0.41   0.16      0.43
32   1.00000000 0.4606954 0.01547734         0    0.41   0.16      0.43
33   0.04687500 0.4606954 0.01547734         0    0.41   0.16      0.43
34   0.06640625 0.4606954 0.01547734         0    0.41   0.16      0.43
35   1.00000000 0.4606954 0.01547734         0    0.41   0.16      0.43
36   0.05859375 0.4606954 0.01547734         0    0.41   0.16      0.43
37   0.02343750 0.4606954 0.01547734         0    0.41   0.16      0.43
38   0.03515625 0.4606954 0.01547734         0    0.41   0.16      0.43
39   0.11718750 0.4606954 0.01547734         0    0.41   0.16      0.43
40   0.06250000 0.4606954 0.01547734         0    0.41   0.16      0.43
41   0.50000000 0.4606954 0.01547734         0    0.41   0.16      0.43
42   1.00000000 0.4606954 0.01547734         0    0.41   0.16      0.43
43   0.06250000 0.4606954 0.01547734         0    0.41   0.16      0.43
44   1.00000000 0.4606954 0.01547734         0    0.41   0.16      0.43
45   1.00000000 0.4606954 0.01547734         0    0.41   0.16      0.43
46   1.00000000 0.4606954 0.01547734         0    0.41   0.16      0.43
47   1.00000000 0.4606954 0.01547734         0    0.41   0.16      0.43
48   0.10546875 0.4606954 0.01547734         0    0.41   0.16      0.43
49   0.03515625 0.4606954 0.01547734         0    0.41   0.16      0.43
50   1.00000000 0.4606954 0.01547734         0    0.41   0.16      0.43
51   0.03906250 0.4606954 0.01547734         0    0.41   0.16      0.43
52   0.05468750 0.4606954 0.01547734         0    0.41   0.16      0.43
53   1.00000000 0.4606954 0.01547734         0    0.41   0.16      0.43
54   0.07812500 0.4606954 0.01547734         0    0.41   0.16      0.43
55   1.00000000 0.4606954 0.01547734         0    0.41   0.16      0.43
56   1.00000000 0.4606954 0.01547734         0    0.41   0.16      0.43
57   0.17578125 0.4606954 0.01547734         0    0.41   0.16      0.43
58   0.03515625 0.4606954 0.01547734         0    0.41   0.16      0.43
59   1.00000000 0.4606954 0.01547734         0    0.41   0.16      0.43
60   0.02343750 0.4606954 0.01547734         0    0.41   0.16      0.43
61   1.00000000 0.4606954 0.01547734         0    0.41   0.16      0.43
62   0.10546875 0.4606954 0.01547734         0    0.41   0.16      0.43
63   1.00000000 0.4606954 0.01547734         0    0.41   0.16      0.43
64   1.00000000 0.4606954 0.01547734         0    0.41   0.16      0.43
65   0.07031250 0.4606954 0.01547734         0    0.41   0.16      0.43
66   1.00000000 0.4606954 0.01547734         0    0.41   0.16      0.43
67   0.06250000 0.4606954 0.01547734         0    0.41   0.16      0.43
68   0.08203125 0.4606954 0.01547734         0    0.41   0.16      0.43
69   1.00000000 0.4606954 0.01547734         0    0.41   0.16      0.43
70   1.00000000 0.4606954 0.01547734         0    0.41   0.16      0.43
71   0.03515625 0.4606954 0.01547734         0    0.41   0.16      0.43
72   1.00000000 0.4606954 0.01547734         0    0.41   0.16      0.43
73   1.00000000 0.4606954 0.01547734         0    0.41   0.16      0.43
74   0.11328125 0.4606954 0.01547734         0    0.41   0.16      0.43
75   0.07031250 0.4606954 0.01547734         0    0.41   0.16      0.43
76   0.28515625 0.4606954 0.01547734         0    0.41   0.16      0.43
77   0.02734375 0.4606954 0.01547734         0    0.41   0.16      0.43
78   1.00000000 0.4606954 0.01547734         0    0.41   0.16      0.43
79   0.32031250 0.4606954 0.01547734         0    0.41   0.16      0.43
80   0.51953125 0.4606954 0.01547734         0    0.41   0.16      0.43
81   0.06640625 0.4606954 0.01547734         0    0.41   0.16      0.43
82   0.11718750 0.4606954 0.01547734         0    0.41   0.16      0.43
83   0.40234375 0.4606954 0.01547734         0    0.41   0.16      0.43
84   1.00000000 0.4606954 0.01547734         0    0.41   0.16      0.43
85   0.03125000 0.4606954 0.01547734         0    0.41   0.16      0.43
86   1.00000000 0.4606954 0.01547734         0    0.41   0.16      0.43
87   0.05859375 0.4606954 0.01547734         0    0.41   0.16      0.43
88   0.11718750 0.4606954 0.01547734         0    0.41   0.16      0.43
89   1.00000000 0.4606954 0.01547734         0    0.41   0.16      0.43
90   0.08984375 0.4606954 0.01547734         0    0.41   0.16      0.43
91   0.05859375 0.4606954 0.01547734         0    0.41   0.16      0.43
92   0.04687500 0.4606954 0.01547734         0    0.41   0.16      0.43
93   0.01953125 0.4606954 0.01547734         0    0.41   0.16      0.43
94   0.02734375 0.4606954 0.01547734         0    0.41   0.16      0.43
95   1.00000000 0.4606954 0.01547734         0    0.41   0.16      0.43
96   0.32031250 0.4606954 0.01547734         0    0.41   0.16      0.43
97   1.00000000 0.4606954 0.01547734         0    0.41   0.16      0.43
98   1.00000000 0.4606954 0.01547734         0    0.41   0.16      0.43
99   1.00000000 0.4606954 0.01547734         0    0.41   0.16      0.43
100  1.00000000 0.4606954 0.01547734         0    0.41   0.16      0.43
101  0.18750000 0.2959359 0.01157030         0    0.51   0.11      0.38
102  1.00000000 0.2959359 0.01157030         0    0.51   0.11      0.38
103  1.00000000 0.2959359 0.01157030         0    0.51   0.11      0.38
104  0.26953125 0.2959359 0.01157030         0    0.51   0.11      0.38
105  0.01562500 0.2959359 0.01157030         0    0.51   0.11      0.38
106  0.02343750 0.2959359 0.01157030         0    0.51   0.11      0.38
107  1.00000000 0.2959359 0.01157030         0    0.51   0.11      0.38
108  1.00000000 0.2959359 0.01157030         0    0.51   0.11      0.38
109  1.00000000 0.2959359 0.01157030         0    0.51   0.11      0.38
110  0.09765625 0.2959359 0.01157030         0    0.51   0.11      0.38
111  1.00000000 0.2959359 0.01157030         0    0.51   0.11      0.38
112  0.02734375 0.2959359 0.01157030         0    0.51   0.11      0.38
113  0.06250000 0.2959359 0.01157030         0    0.51   0.11      0.38
114  0.18359375 0.2959359 0.01157030         0    0.51   0.11      0.38
115  0.16796875 0.2959359 0.01157030         0    0.51   0.11      0.38
116  0.07812500 0.2959359 0.01157030         0    0.51   0.11      0.38
117  0.03906250 0.2959359 0.01157030         0    0.51   0.11      0.38
118  0.17578125 0.2959359 0.01157030         0    0.51   0.11      0.38
119  1.00000000 0.2959359 0.01157030         0    0.51   0.11      0.38
120  1.00000000 0.2959359 0.01157030         0    0.51   0.11      0.38
121  0.01953125 0.2959359 0.01157030         0    0.51   0.11      0.38
122  0.02343750 0.2959359 0.01157030         0    0.51   0.11      0.38
123  1.00000000 0.2959359 0.01157030         0    0.51   0.11      0.38
124  0.50000000 0.2959359 0.01157030         0    0.51   0.11      0.38
125  1.00000000 0.2959359 0.01157030         0    0.51   0.11      0.38
126  0.05859375 0.2959359 0.01157030         0    0.51   0.11      0.38
127  0.07812500 0.2959359 0.01157030         0    0.51   0.11      0.38
128  0.53906250 0.2959359 0.01157030         0    0.51   0.11      0.38
129  0.07031250 0.2959359 0.01157030         0    0.51   0.11      0.38
130  0.01562500 0.2959359 0.01157030         0    0.51   0.11      0.38
131  1.00000000 0.2959359 0.01157030         0    0.51   0.11      0.38
132  1.00000000 0.2959359 0.01157030         0    0.51   0.11      0.38
133  1.00000000 0.2959359 0.01157030         0    0.51   0.11      0.38
134  1.00000000 0.2959359 0.01157030         0    0.51   0.11      0.38
135  0.30078125 0.2959359 0.01157030         0    0.51   0.11      0.38
136  0.12500000 0.2959359 0.01157030         0    0.51   0.11      0.38
137  0.07812500 0.2959359 0.01157030         0    0.51   0.11      0.38
138  1.00000000 0.2959359 0.01157030         0    0.51   0.11      0.38
139  0.01953125 0.2959359 0.01157030         0    0.51   0.11      0.38
140  0.09375000 0.2959359 0.01157030         0    0.51   0.11      0.38
141  0.02734375 0.2959359 0.01157030         0    0.51   0.11      0.38
142  1.00000000 0.2959359 0.01157030         0    0.51   0.11      0.38
143  0.07031250 0.2959359 0.01157030         0    0.51   0.11      0.38
144  0.05078125 0.2959359 0.01157030         0    0.51   0.11      0.38
145  1.00000000 0.2959359 0.01157030         0    0.51   0.11      0.38
146  0.14453125 0.2959359 0.01157030         0    0.51   0.11      0.38
147  1.00000000 0.2959359 0.01157030         0    0.51   0.11      0.38
148  0.07421875 0.2959359 0.01157030         0    0.51   0.11      0.38
149  0.13671875 0.2959359 0.01157030         0    0.51   0.11      0.38
150  0.11328125 0.2959359 0.01157030         0    0.51   0.11      0.38
151  1.00000000 0.2959359 0.01157030         0    0.51   0.11      0.38
152  1.00000000 0.2959359 0.01157030         0    0.51   0.11      0.38
153  0.14843750 0.2959359 0.01157030         0    0.51   0.11      0.38
154  0.06640625 0.2959359 0.01157030         0    0.51   0.11      0.38
155  1.00000000 0.2959359 0.01157030         0    0.51   0.11      0.38
156  1.00000000 0.2959359 0.01157030         0    0.51   0.11      0.38
157  1.00000000 0.2959359 0.01157030         0    0.51   0.11      0.38
158  0.26171875 0.2959359 0.01157030         0    0.51   0.11      0.38
159  0.03515625 0.2959359 0.01157030         0    0.51   0.11      0.38
160  0.01953125 0.2959359 0.01157030         0    0.51   0.11      0.38
161  0.03125000 0.2959359 0.01157030         0    0.51   0.11      0.38
162  0.10937500 0.2959359 0.01157030         0    0.51   0.11      0.38
163  1.00000000 0.2959359 0.01157030         0    0.51   0.11      0.38
164  0.05078125 0.2959359 0.01157030         0    0.51   0.11      0.38
165  0.26171875 0.2959359 0.01157030         0    0.51   0.11      0.38
166  0.06250000 0.2959359 0.01157030         0    0.51   0.11      0.38
167  1.00000000 0.2959359 0.01157030         0    0.51   0.11      0.38
168  1.00000000 0.2959359 0.01157030         0    0.51   0.11      0.38
169  0.03906250 0.2959359 0.01157030         0    0.51   0.11      0.38
170  0.14843750 0.2959359 0.01157030         0    0.51   0.11      0.38
171  0.06640625 0.2959359 0.01157030         0    0.51   0.11      0.38
172  0.07421875 0.2959359 0.01157030         0    0.51   0.11      0.38
173  1.00000000 0.2959359 0.01157030         0    0.51   0.11      0.38
174  1.00000000 0.2959359 0.01157030         0    0.51   0.11      0.38
175  0.02734375 0.2959359 0.01157030         0    0.51   0.11      0.38
176  0.02734375 0.2959359 0.01157030         0    0.51   0.11      0.38
177  1.00000000 0.2959359 0.01157030         0    0.51   0.11      0.38
178  0.05078125 0.2959359 0.01157030         0    0.51   0.11      0.38
179  0.21875000 0.2959359 0.01157030         0    0.51   0.11      0.38
180  0.00781250 0.2959359 0.01157030         0    0.51   0.11      0.38
181  1.00000000 0.2959359 0.01157030         0    0.51   0.11      0.38
182  0.13281250 0.2959359 0.01157030         0    0.51   0.11      0.38
183  0.04687500 0.2959359 0.01157030         0    0.51   0.11      0.38
184  0.10156250 0.2959359 0.01157030         0    0.51   0.11      0.38
185  0.50781250 0.2959359 0.01157030         0    0.51   0.11      0.38
186  1.00000000 0.2959359 0.01157030         0    0.51   0.11      0.38
187  0.07812500 0.2959359 0.01157030         0    0.51   0.11      0.38
188  1.00000000 0.2959359 0.01157030         0    0.51   0.11      0.38
189  1.00000000 0.2959359 0.01157030         0    0.51   0.11      0.38
190  1.00000000 0.2959359 0.01157030         0    0.51   0.11      0.38
191  0.04296875 0.2959359 0.01157030         0    0.51   0.11      0.38
192  0.02734375 0.2959359 0.01157030         0    0.51   0.11      0.38
193  0.06640625 0.2959359 0.01157030         0    0.51   0.11      0.38
194  0.01953125 0.2959359 0.01157030         0    0.51   0.11      0.38
195  0.20703125 0.2959359 0.01157030         0    0.51   0.11      0.38
196  1.00000000 0.2959359 0.01157030         0    0.51   0.11      0.38
197  1.00000000 0.2959359 0.01157030         0    0.51   0.11      0.38
198  0.03125000 0.2959359 0.01157030         0    0.51   0.11      0.38
199  0.21093750 0.2959359 0.01157030         0    0.51   0.11      0.38
200  1.00000000 0.2959359 0.01157030         0    0.51   0.11      0.38
201  0.13281250 0.3423498 0.02267382         0    0.49   0.11      0.40
202  0.16015625 0.3423498 0.02267382         0    0.49   0.11      0.40
203  0.10546875 0.3423498 0.02267382         0    0.49   0.11      0.40
204  1.00000000 0.3423498 0.02267382         0    0.49   0.11      0.40
205  0.43750000 0.3423498 0.02267382         0    0.49   0.11      0.40
206  1.00000000 0.3423498 0.02267382         0    0.49   0.11      0.40
207  0.14062500 0.3423498 0.02267382         0    0.49   0.11      0.40
208  0.09375000 0.3423498 0.02267382         0    0.49   0.11      0.40
209  1.00000000 0.3423498 0.02267382         0    0.49   0.11      0.40
210  0.11328125 0.3423498 0.02267382         0    0.49   0.11      0.40
211  1.00000000 0.3423498 0.02267382         0    0.49   0.11      0.40
212  0.07812500 0.3423498 0.02267382         0    0.49   0.11      0.40
213  1.00000000 0.3423498 0.02267382         0    0.49   0.11      0.40
214  0.02734375 0.3423498 0.02267382         0    0.49   0.11      0.40
215  1.00000000 0.3423498 0.02267382         0    0.49   0.11      0.40
216  0.05468750 0.3423498 0.02267382         0    0.49   0.11      0.40
217  1.00000000 0.3423498 0.02267382         0    0.49   0.11      0.40
218  1.00000000 0.3423498 0.02267382         0    0.49   0.11      0.40
219  0.08593750 0.3423498 0.02267382         0    0.49   0.11      0.40
220  1.00000000 0.3423498 0.02267382         0    0.49   0.11      0.40
221  0.03515625 0.3423498 0.02267382         0    0.49   0.11      0.40
222  0.28906250 0.3423498 0.02267382         0    0.49   0.11      0.40
223  1.00000000 0.3423498 0.02267382         0    0.49   0.11      0.40
224  0.12890625 0.3423498 0.02267382         0    0.49   0.11      0.40
225  0.28906250 0.3423498 0.02267382         0    0.49   0.11      0.40
226  1.00000000 0.3423498 0.02267382         0    0.49   0.11      0.40
227  0.07031250 0.3423498 0.02267382         0    0.49   0.11      0.40
228  1.00000000 0.3423498 0.02267382         0    0.49   0.11      0.40
229  0.07421875 0.3423498 0.02267382         0    0.49   0.11      0.40
230  0.07812500 0.3423498 0.02267382         0    0.49   0.11      0.40
231  1.00000000 0.3423498 0.02267382         0    0.49   0.11      0.40
232  0.18750000 0.3423498 0.02267382         0    0.49   0.11      0.40
233  0.12109375 0.3423498 0.02267382         0    0.49   0.11      0.40
234  0.02343750 0.3423498 0.02267382         0    0.49   0.11      0.40
235  0.07812500 0.3423498 0.02267382         0    0.49   0.11      0.40
236  1.00000000 0.3423498 0.02267382         0    0.49   0.11      0.40
237  0.06640625 0.3423498 0.02267382         0    0.49   0.11      0.40
238  0.23046875 0.3423498 0.02267382         0    0.49   0.11      0.40
239  0.14062500 0.3423498 0.02267382         0    0.49   0.11      0.40
240  0.07421875 0.3423498 0.02267382         0    0.49   0.11      0.40
241  0.09375000 0.3423498 0.02267382         0    0.49   0.11      0.40
242  0.05078125 0.3423498 0.02267382         0    0.49   0.11      0.40
243  1.00000000 0.3423498 0.02267382         0    0.49   0.11      0.40
244  1.00000000 0.3423498 0.02267382         0    0.49   0.11      0.40
245  0.08984375 0.3423498 0.02267382         0    0.49   0.11      0.40
246  1.00000000 0.3423498 0.02267382         0    0.49   0.11      0.40
247  0.07031250 0.3423498 0.02267382         0    0.49   0.11      0.40
248  0.16015625 0.3423498 0.02267382         0    0.49   0.11      0.40
249  0.12109375 0.3423498 0.02267382         0    0.49   0.11      0.40
250  1.00000000 0.3423498 0.02267382         0    0.49   0.11      0.40
251  0.06640625 0.3423498 0.02267382         0    0.49   0.11      0.40
252  1.00000000 0.3423498 0.02267382         0    0.49   0.11      0.40
253  0.07031250 0.3423498 0.02267382         0    0.49   0.11      0.40
254  1.00000000 0.3423498 0.02267382         0    0.49   0.11      0.40
255  0.07812500 0.3423498 0.02267382         0    0.49   0.11      0.40
256  1.00000000 0.3423498 0.02267382         0    0.49   0.11      0.40
257  0.07031250 0.3423498 0.02267382         0    0.49   0.11      0.40
258  0.12500000 0.3423498 0.02267382         0    0.49   0.11      0.40
259  0.31640625 0.3423498 0.02267382         0    0.49   0.11      0.40
260  1.00000000 0.3423498 0.02267382         0    0.49   0.11      0.40
261  1.00000000 0.3423498 0.02267382         0    0.49   0.11      0.40
262  0.08984375 0.3423498 0.02267382         0    0.49   0.11      0.40
263  0.09375000 0.3423498 0.02267382         0    0.49   0.11      0.40
264  0.23046875 0.3423498 0.02267382         0    0.49   0.11      0.40
265  1.00000000 0.3423498 0.02267382         0    0.49   0.11      0.40
266  1.00000000 0.3423498 0.02267382         0    0.49   0.11      0.40
267  0.10937500 0.3423498 0.02267382         0    0.49   0.11      0.40
268  0.21875000 0.3423498 0.02267382         0    0.49   0.11      0.40
269  1.00000000 0.3423498 0.02267382         0    0.49   0.11      0.40
270  0.21875000 0.3423498 0.02267382         0    0.49   0.11      0.40
271  0.09375000 0.3423498 0.02267382         0    0.49   0.11      0.40
272  0.10156250 0.3423498 0.02267382         0    0.49   0.11      0.40
273  0.05468750 0.3423498 0.02267382         0    0.49   0.11      0.40
274  0.51171875 0.3423498 0.02267382         0    0.49   0.11      0.40
275  1.00000000 0.3423498 0.02267382         0    0.49   0.11      0.40
276  0.06250000 0.3423498 0.02267382         0    0.49   0.11      0.40
277  1.00000000 0.3423498 0.02267382         0    0.49   0.11      0.40
278  1.00000000 0.3423498 0.02267382         0    0.49   0.11      0.40
279  1.00000000 0.3423498 0.02267382         0    0.49   0.11      0.40
280  1.00000000 0.3423498 0.02267382         0    0.49   0.11      0.40
281  0.07421875 0.3423498 0.02267382         0    0.49   0.11      0.40
282  0.03906250 0.3423498 0.02267382         0    0.49   0.11      0.40
283  0.07812500 0.3423498 0.02267382         0    0.49   0.11      0.40
284  0.09765625 0.3423498 0.02267382         0    0.49   0.11      0.40
285  1.00000000 0.3423498 0.02267382         0    0.49   0.11      0.40
286  1.00000000 0.3423498 0.02267382         0    0.49   0.11      0.40
287  0.18750000 0.3423498 0.02267382         0    0.49   0.11      0.40
288  1.00000000 0.3423498 0.02267382         0    0.49   0.11      0.40
289  0.19921875 0.3423498 0.02267382         0    0.49   0.11      0.40
290  0.12500000 0.3423498 0.02267382         0    0.49   0.11      0.40
291  1.00000000 0.3423498 0.02267382         0    0.49   0.11      0.40
292  0.06640625 0.3423498 0.02267382         0    0.49   0.11      0.40
293  1.00000000 0.3423498 0.02267382         0    0.49   0.11      0.40
294  1.00000000 0.3423498 0.02267382         0    0.49   0.11      0.40
295  0.25390625 0.3423498 0.02267382         0    0.49   0.11      0.40
296  1.00000000 0.3423498 0.02267382         0    0.49   0.11      0.40
297  0.17187500 0.3423498 0.02267382         0    0.49   0.11      0.40
298  0.33984375 0.3423498 0.02267382         0    0.49   0.11      0.40
299  0.29296875 0.3423498 0.02267382         0    0.49   0.11      0.40
300  0.17968750 0.3423498 0.02267382         0    0.49   0.11      0.40
301  0.32031250 0.4242316 0.03127498         0    0.45   0.17      0.38
302  0.13281250 0.4242316 0.03127498         0    0.45   0.17      0.38
303  0.06640625 0.4242316 0.03127498         0    0.45   0.17      0.38
304  0.38281250 0.4242316 0.03127498         0    0.45   0.17      0.38
305  0.37500000 0.4242316 0.03127498         0    0.45   0.17      0.38
306  0.29296875 0.4242316 0.03127498         0    0.45   0.17      0.38
307  0.08984375 0.4242316 0.03127498         0    0.45   0.17      0.38
308  0.12890625 0.4242316 0.03127498         0    0.45   0.17      0.38
309  0.12890625 0.4242316 0.03127498         0    0.45   0.17      0.38
310  0.15234375 0.4242316 0.03127498         0    0.45   0.17      0.38
311  1.00000000 0.4242316 0.03127498         0    0.45   0.17      0.38
312  0.29296875 0.4242316 0.03127498         0    0.45   0.17      0.38
313  0.07031250 0.4242316 0.03127498         0    0.45   0.17      0.38
314  0.07031250 0.4242316 0.03127498         0    0.45   0.17      0.38
315  1.00000000 0.4242316 0.03127498         0    0.45   0.17      0.38
316  0.35937500 0.4242316 0.03127498         0    0.45   0.17      0.38
317  1.00000000 0.4242316 0.03127498         0    0.45   0.17      0.38
318  0.11328125 0.4242316 0.03127498         0    0.45   0.17      0.38
319  1.00000000 0.4242316 0.03127498         0    0.45   0.17      0.38
320  0.16796875 0.4242316 0.03127498         0    0.45   0.17      0.38
321  0.07812500 0.4242316 0.03127498         0    0.45   0.17      0.38
322  1.00000000 0.4242316 0.03127498         0    0.45   0.17      0.38
323  0.12890625 0.4242316 0.03127498         0    0.45   0.17      0.38
324  1.00000000 0.4242316 0.03127498         0    0.45   0.17      0.38
325  1.00000000 0.4242316 0.03127498         0    0.45   0.17      0.38
326  1.00000000 0.4242316 0.03127498         0    0.45   0.17      0.38
327  0.48046875 0.4242316 0.03127498         0    0.45   0.17      0.38
328  1.00000000 0.4242316 0.03127498         0    0.45   0.17      0.38
329  0.08203125 0.4242316 0.03127498         0    0.45   0.17      0.38
330  0.21093750 0.4242316 0.03127498         0    0.45   0.17      0.38
331  0.19921875 0.4242316 0.03127498         0    0.45   0.17      0.38
332  1.00000000 0.4242316 0.03127498         0    0.45   0.17      0.38
333  0.12890625 0.4242316 0.03127498         0    0.45   0.17      0.38
334  0.12500000 0.4242316 0.03127498         0    0.45   0.17      0.38
335  0.09375000 0.4242316 0.03127498         0    0.45   0.17      0.38
336  1.00000000 0.4242316 0.03127498         0    0.45   0.17      0.38
337  1.00000000 0.4242316 0.03127498         0    0.45   0.17      0.38
338  0.13671875 0.4242316 0.03127498         0    0.45   0.17      0.38
339  0.42968750 0.4242316 0.03127498         0    0.45   0.17      0.38
340  1.00000000 0.4242316 0.03127498         0    0.45   0.17      0.38
341  1.00000000 0.4242316 0.03127498         0    0.45   0.17      0.38
342  0.11718750 0.4242316 0.03127498         0    0.45   0.17      0.38
343  0.13671875 0.4242316 0.03127498         0    0.45   0.17      0.38
344  1.00000000 0.4242316 0.03127498         0    0.45   0.17      0.38
345  0.12890625 0.4242316 0.03127498         0    0.45   0.17      0.38
346  0.07031250 0.4242316 0.03127498         0    0.45   0.17      0.38
347  0.25390625 0.4242316 0.03127498         0    0.45   0.17      0.38
348  0.17578125 0.4242316 0.03127498         0    0.45   0.17      0.38
349  0.26562500 0.4242316 0.03127498         0    0.45   0.17      0.38
350  1.00000000 0.4242316 0.03127498         0    0.45   0.17      0.38
351  0.11718750 0.4242316 0.03127498         0    0.45   0.17      0.38
352  0.16015625 0.4242316 0.03127498         0    0.45   0.17      0.38
353  0.16796875 0.4242316 0.03127498         0    0.45   0.17      0.38
354  0.18359375 0.4242316 0.03127498         0    0.45   0.17      0.38
355  0.12500000 0.4242316 0.03127498         0    0.45   0.17      0.38
356  0.19140625 0.4242316 0.03127498         0    0.45   0.17      0.38
357  0.31640625 0.4242316 0.03127498         0    0.45   0.17      0.38
358  1.00000000 0.4242316 0.03127498         0    0.45   0.17      0.38
359  1.00000000 0.4242316 0.03127498         0    0.45   0.17      0.38
360  0.33984375 0.4242316 0.03127498         0    0.45   0.17      0.38
361  0.26171875 0.4242316 0.03127498         0    0.45   0.17      0.38
362  1.00000000 0.4242316 0.03127498         0    0.45   0.17      0.38
363  0.19921875 0.4242316 0.03127498         0    0.45   0.17      0.38
364  1.00000000 0.4242316 0.03127498         0    0.45   0.17      0.38
365  0.20703125 0.4242316 0.03127498         0    0.45   0.17      0.38
366  0.13671875 0.4242316 0.03127498         0    0.45   0.17      0.38
367  1.00000000 0.4242316 0.03127498         0    0.45   0.17      0.38
368  0.23437500 0.4242316 0.03127498         0    0.45   0.17      0.38
369  0.10156250 0.4242316 0.03127498         0    0.45   0.17      0.38
370  1.00000000 0.4242316 0.03127498         0    0.45   0.17      0.38
371  0.12109375 0.4242316 0.03127498         0    0.45   0.17      0.38
372  0.19531250 0.4242316 0.03127498         0    0.45   0.17      0.38
373  0.12109375 0.4242316 0.03127498         0    0.45   0.17      0.38
374  1.00000000 0.4242316 0.03127498         0    0.45   0.17      0.38
375  0.22265625 0.4242316 0.03127498         0    0.45   0.17      0.38
376  1.00000000 0.4242316 0.03127498         0    0.45   0.17      0.38
377  1.00000000 0.4242316 0.03127498         0    0.45   0.17      0.38
378  0.16796875 0.4242316 0.03127498         0    0.45   0.17      0.38
379  0.22656250 0.4242316 0.03127498         0    0.45   0.17      0.38
380  0.08593750 0.4242316 0.03127498         0    0.45   0.17      0.38
381  1.00000000 0.4242316 0.03127498         0    0.45   0.17      0.38
382  0.27734375 0.4242316 0.03127498         0    0.45   0.17      0.38
383  1.00000000 0.4242316 0.03127498         0    0.45   0.17      0.38
384  0.16406250 0.4242316 0.03127498         0    0.45   0.17      0.38
385  1.00000000 0.4242316 0.03127498         0    0.45   0.17      0.38
386  1.00000000 0.4242316 0.03127498         0    0.45   0.17      0.38
387  0.16796875 0.4242316 0.03127498         0    0.45   0.17      0.38
388  0.19140625 0.4242316 0.03127498         0    0.45   0.17      0.38
389  1.00000000 0.4242316 0.03127498         0    0.45   0.17      0.38
390  0.23046875 0.4242316 0.03127498         0    0.45   0.17      0.38
391  1.00000000 0.4242316 0.03127498         0    0.45   0.17      0.38
392  1.00000000 0.4242316 0.03127498         0    0.45   0.17      0.38
393  1.00000000 0.4242316 0.03127498         0    0.45   0.17      0.38
394  0.54687500 0.4242316 0.03127498         0    0.45   0.17      0.38
395  0.14843750 0.4242316 0.03127498         0    0.45   0.17      0.38
396  0.18750000 0.4242316 0.03127498         0    0.45   0.17      0.38
397  1.00000000 0.4242316 0.03127498         0    0.45   0.17      0.38
398  0.19140625 0.4242316 0.03127498         0    0.45   0.17      0.38
399  0.32031250 0.4242316 0.03127498         0    0.45   0.17      0.38
400  0.61328125 0.4242316 0.03127498         0    0.45   0.17      0.38
401  1.00000000 0.4005256 0.01888567         0    0.45   0.21      0.34
402  1.00000000 0.4005256 0.01888567         0    0.45   0.21      0.34
403  0.13671875 0.4005256 0.01888567         0    0.45   0.21      0.34
404  0.13671875 0.4005256 0.01888567         0    0.45   0.21      0.34
405  0.15234375 0.4005256 0.01888567         0    0.45   0.21      0.34
406  1.00000000 0.4005256 0.01888567         0    0.45   0.21      0.34
407  0.10937500 0.4005256 0.01888567         0    0.45   0.21      0.34
408  1.00000000 0.4005256 0.01888567         0    0.45   0.21      0.34
409  1.00000000 0.4005256 0.01888567         0    0.45   0.21      0.34
410  1.00000000 0.4005256 0.01888567         0    0.45   0.21      0.34
411  0.10937500 0.4005256 0.01888567         0    0.45   0.21      0.34
412  0.07031250 0.4005256 0.01888567         0    0.45   0.21      0.34
413  0.17578125 0.4005256 0.01888567         0    0.45   0.21      0.34
414  1.00000000 0.4005256 0.01888567         0    0.45   0.21      0.34
415  0.28906250 0.4005256 0.01888567         0    0.45   0.21      0.34
416  0.13671875 0.4005256 0.01888567         0    0.45   0.21      0.34
417  0.12109375 0.4005256 0.01888567         0    0.45   0.21      0.34
418  0.23046875 0.4005256 0.01888567         0    0.45   0.21      0.34
419  0.04296875 0.4005256 0.01888567         0    0.45   0.21      0.34
420  0.29296875 0.4005256 0.01888567         0    0.45   0.21      0.34
421  0.23828125 0.4005256 0.01888567         0    0.45   0.21      0.34
422  0.04687500 0.4005256 0.01888567         0    0.45   0.21      0.34
423  0.10156250 0.4005256 0.01888567         0    0.45   0.21      0.34
424  0.07421875 0.4005256 0.01888567         0    0.45   0.21      0.34
425  1.00000000 0.4005256 0.01888567         0    0.45   0.21      0.34
426  0.22265625 0.4005256 0.01888567         0    0.45   0.21      0.34
427  0.18359375 0.4005256 0.01888567         0    0.45   0.21      0.34
428  0.05468750 0.4005256 0.01888567         0    0.45   0.21      0.34
429  0.16796875 0.4005256 0.01888567         0    0.45   0.21      0.34
430  0.17187500 0.4005256 0.01888567         0    0.45   0.21      0.34
431  1.00000000 0.4005256 0.01888567         0    0.45   0.21      0.34
432  1.00000000 0.4005256 0.01888567         0    0.45   0.21      0.34
433  1.00000000 0.4005256 0.01888567         0    0.45   0.21      0.34
434  0.07421875 0.4005256 0.01888567         0    0.45   0.21      0.34
435  0.16406250 0.4005256 0.01888567         0    0.45   0.21      0.34
436  1.00000000 0.4005256 0.01888567         0    0.45   0.21      0.34
437  1.00000000 0.4005256 0.01888567         0    0.45   0.21      0.34
438  0.33984375 0.4005256 0.01888567         0    0.45   0.21      0.34
439  0.34765625 0.4005256 0.01888567         0    0.45   0.21      0.34
440  1.00000000 0.4005256 0.01888567         0    0.45   0.21      0.34
441  0.05468750 0.4005256 0.01888567         0    0.45   0.21      0.34
442  0.05468750 0.4005256 0.01888567         0    0.45   0.21      0.34
443  1.00000000 0.4005256 0.01888567         0    0.45   0.21      0.34
444  0.06250000 0.4005256 0.01888567         0    0.45   0.21      0.34
445  0.07031250 0.4005256 0.01888567         0    0.45   0.21      0.34
446  0.15625000 0.4005256 0.01888567         0    0.45   0.21      0.34
447  1.00000000 0.4005256 0.01888567         0    0.45   0.21      0.34
448  1.00000000 0.4005256 0.01888567         0    0.45   0.21      0.34
449  0.04296875 0.4005256 0.01888567         0    0.45   0.21      0.34
450  0.10937500 0.4005256 0.01888567         0    0.45   0.21      0.34
451  0.13671875 0.4005256 0.01888567         0    0.45   0.21      0.34
452  0.07031250 0.4005256 0.01888567         0    0.45   0.21      0.34
453  1.00000000 0.4005256 0.01888567         0    0.45   0.21      0.34
454  0.10156250 0.4005256 0.01888567         0    0.45   0.21      0.34
455  0.08984375 0.4005256 0.01888567         0    0.45   0.21      0.34
456  1.00000000 0.4005256 0.01888567         0    0.45   0.21      0.34
457  0.08593750 0.4005256 0.01888567         0    0.45   0.21      0.34
458  1.00000000 0.4005256 0.01888567         0    0.45   0.21      0.34
459  0.15234375 0.4005256 0.01888567         0    0.45   0.21      0.34
460  1.00000000 0.4005256 0.01888567         0    0.45   0.21      0.34
461  1.00000000 0.4005256 0.01888567         0    0.45   0.21      0.34
462  0.29687500 0.4005256 0.01888567         0    0.45   0.21      0.34
463  1.00000000 0.4005256 0.01888567         0    0.45   0.21      0.34
464  1.00000000 0.4005256 0.01888567         0    0.45   0.21      0.34
465  1.00000000 0.4005256 0.01888567         0    0.45   0.21      0.34
466  0.28906250 0.4005256 0.01888567         0    0.45   0.21      0.34
467  0.05078125 0.4005256 0.01888567         0    0.45   0.21      0.34
468  0.03906250 0.4005256 0.01888567         0    0.45   0.21      0.34
469  0.10937500 0.4005256 0.01888567         0    0.45   0.21      0.34
470  1.00000000 0.4005256 0.01888567         0    0.45   0.21      0.34
471  0.09375000 0.4005256 0.01888567         0    0.45   0.21      0.34
472  0.06640625 0.4005256 0.01888567         0    0.45   0.21      0.34
473  0.09375000 0.4005256 0.01888567         0    0.45   0.21      0.34
474  0.15234375 0.4005256 0.01888567         0    0.45   0.21      0.34
475  0.51171875 0.4005256 0.01888567         0    0.45   0.21      0.34
476  0.08203125 0.4005256 0.01888567         0    0.45   0.21      0.34
477  0.11718750 0.4005256 0.01888567         0    0.45   0.21      0.34
478  0.14453125 0.4005256 0.01888567         0    0.45   0.21      0.34
479  0.05468750 0.4005256 0.01888567         0    0.45   0.21      0.34
480  0.51562500 0.4005256 0.01888567         0    0.45   0.21      0.34
481  0.12109375 0.4005256 0.01888567         0    0.45   0.21      0.34
482  1.00000000 0.4005256 0.01888567         0    0.45   0.21      0.34
483  1.00000000 0.4005256 0.01888567         0    0.45   0.21      0.34
484  0.11328125 0.4005256 0.01888567         0    0.45   0.21      0.34
485  0.14453125 0.4005256 0.01888567         0    0.45   0.21      0.34
486  0.35937500 0.4005256 0.01888567         0    0.45   0.21      0.34
487  0.03125000 0.4005256 0.01888567         0    0.45   0.21      0.34
488  0.24218750 0.4005256 0.01888567         0    0.45   0.21      0.34
489  0.07812500 0.4005256 0.01888567         0    0.45   0.21      0.34
490  0.06250000 0.4005256 0.01888567         0    0.45   0.21      0.34
491  0.04687500 0.4005256 0.01888567         0    0.45   0.21      0.34
492  0.10156250 0.4005256 0.01888567         0    0.45   0.21      0.34
493  0.11718750 0.4005256 0.01888567         0    0.45   0.21      0.34
494  0.23046875 0.4005256 0.01888567         0    0.45   0.21      0.34
495  1.00000000 0.4005256 0.01888567         0    0.45   0.21      0.34
496  1.00000000 0.4005256 0.01888567         0    0.45   0.21      0.34
497  1.00000000 0.4005256 0.01888567         0    0.45   0.21      0.34
498  1.00000000 0.4005256 0.01888567         0    0.45   0.21      0.34
499  1.00000000 0.4005256 0.01888567         0    0.45   0.21      0.34
500  0.19531250 0.4005256 0.01888567         0    0.45   0.21      0.34
501  1.00000000 0.5712976 0.02401317         0    0.40   0.11      0.49
502  1.00000000 0.5712976 0.02401317         0    0.40   0.11      0.49
503  1.00000000 0.5712976 0.02401317         0    0.40   0.11      0.49
504  0.27343750 0.5712976 0.02401317         0    0.40   0.11      0.49
505  0.10937500 0.5712976 0.02401317         0    0.40   0.11      0.49
506  0.19921875 0.5712976 0.02401317         0    0.40   0.11      0.49
507  0.07031250 0.5712976 0.02401317         0    0.40   0.11      0.49
508  1.00000000 0.5712976 0.02401317         0    0.40   0.11      0.49
509  1.00000000 0.5712976 0.02401317         0    0.40   0.11      0.49
510  1.00000000 0.5712976 0.02401317         0    0.40   0.11      0.49
511  1.00000000 0.5712976 0.02401317         0    0.40   0.11      0.49
512  0.10937500 0.5712976 0.02401317         0    0.40   0.11      0.49
513  0.47265625 0.5712976 0.02401317         0    0.40   0.11      0.49
514  0.15234375 0.5712976 0.02401317         0    0.40   0.11      0.49
515  0.16796875 0.5712976 0.02401317         0    0.40   0.11      0.49
516  1.00000000 0.5712976 0.02401317         0    0.40   0.11      0.49
517  1.00000000 0.5712976 0.02401317         0    0.40   0.11      0.49
518  1.00000000 0.5712976 0.02401317         0    0.40   0.11      0.49
519  1.00000000 0.5712976 0.02401317         0    0.40   0.11      0.49
520  0.26953125 0.5712976 0.02401317         0    0.40   0.11      0.49
521  0.07421875 0.5712976 0.02401317         0    0.40   0.11      0.49
522  1.00000000 0.5712976 0.02401317         0    0.40   0.11      0.49
523  0.17187500 0.5712976 0.02401317         0    0.40   0.11      0.49
524  0.10156250 0.5712976 0.02401317         0    0.40   0.11      0.49
525  1.00000000 0.5712976 0.02401317         0    0.40   0.11      0.49
526  0.05859375 0.5712976 0.02401317         0    0.40   0.11      0.49
527  1.00000000 0.5712976 0.02401317         0    0.40   0.11      0.49
528  1.00000000 0.5712976 0.02401317         0    0.40   0.11      0.49
529  0.54687500 0.5712976 0.02401317         0    0.40   0.11      0.49
530  0.28125000 0.5712976 0.02401317         0    0.40   0.11      0.49
531  0.18359375 0.5712976 0.02401317         0    0.40   0.11      0.49
532  0.10156250 0.5712976 0.02401317         0    0.40   0.11      0.49
533  0.08593750 0.5712976 0.02401317         0    0.40   0.11      0.49
534  1.00000000 0.5712976 0.02401317         0    0.40   0.11      0.49
535  1.00000000 0.5712976 0.02401317         0    0.40   0.11      0.49
536  1.00000000 0.5712976 0.02401317         0    0.40   0.11      0.49
537  0.23828125 0.5712976 0.02401317         0    0.40   0.11      0.49
538  0.10156250 0.5712976 0.02401317         0    0.40   0.11      0.49
539  1.00000000 0.5712976 0.02401317         0    0.40   0.11      0.49
540  1.00000000 0.5712976 0.02401317         0    0.40   0.11      0.49
541  1.00000000 0.5712976 0.02401317         0    0.40   0.11      0.49
542  1.00000000 0.5712976 0.02401317         0    0.40   0.11      0.49
543  1.00000000 0.5712976 0.02401317         0    0.40   0.11      0.49
544  1.00000000 0.5712976 0.02401317         0    0.40   0.11      0.49
545  1.00000000 0.5712976 0.02401317         0    0.40   0.11      0.49
546  1.00000000 0.5712976 0.02401317         0    0.40   0.11      0.49
547  1.00000000 0.5712976 0.02401317         0    0.40   0.11      0.49
548  1.00000000 0.5712976 0.02401317         0    0.40   0.11      0.49
549  0.03906250 0.5712976 0.02401317         0    0.40   0.11      0.49
550  0.04296875 0.5712976 0.02401317         0    0.40   0.11      0.49
551  0.15625000 0.5712976 0.02401317         0    0.40   0.11      0.49
552  1.00000000 0.5712976 0.02401317         0    0.40   0.11      0.49
553  1.00000000 0.5712976 0.02401317         0    0.40   0.11      0.49
554  1.00000000 0.5712976 0.02401317         0    0.40   0.11      0.49
555  0.16796875 0.5712976 0.02401317         0    0.40   0.11      0.49
556  0.12500000 0.5712976 0.02401317         0    0.40   0.11      0.49
557  0.16015625 0.5712976 0.02401317         0    0.40   0.11      0.49
558  0.52734375 0.5712976 0.02401317         0    0.40   0.11      0.49
559  0.07421875 0.5712976 0.02401317         0    0.40   0.11      0.49
560  0.17578125 0.5712976 0.02401317         0    0.40   0.11      0.49
561  1.00000000 0.5712976 0.02401317         0    0.40   0.11      0.49
562  1.00000000 0.5712976 0.02401317         0    0.40   0.11      0.49
563  1.00000000 0.5712976 0.02401317         0    0.40   0.11      0.49
564  0.14843750 0.5712976 0.02401317         0    0.40   0.11      0.49
565  0.08203125 0.5712976 0.02401317         0    0.40   0.11      0.49
566  1.00000000 0.5712976 0.02401317         0    0.40   0.11      0.49
567  1.00000000 0.5712976 0.02401317         0    0.40   0.11      0.49
568  0.16015625 0.5712976 0.02401317         0    0.40   0.11      0.49
569  0.14062500 0.5712976 0.02401317         0    0.40   0.11      0.49
570  0.20312500 0.5712976 0.02401317         0    0.40   0.11      0.49
571  0.20703125 0.5712976 0.02401317         0    0.40   0.11      0.49
572  0.14843750 0.5712976 0.02401317         0    0.40   0.11      0.49
573  1.00000000 0.5712976 0.02401317         0    0.40   0.11      0.49
574  0.09375000 0.5712976 0.02401317         0    0.40   0.11      0.49
575  0.07421875 0.5712976 0.02401317         0    0.40   0.11      0.49
576  1.00000000 0.5712976 0.02401317         0    0.40   0.11      0.49
577  0.32031250 0.5712976 0.02401317         0    0.40   0.11      0.49
578  1.00000000 0.5712976 0.02401317         0    0.40   0.11      0.49
579  0.37109375 0.5712976 0.02401317         0    0.40   0.11      0.49
580  1.00000000 0.5712976 0.02401317         0    0.40   0.11      0.49
581  0.07812500 0.5712976 0.02401317         0    0.40   0.11      0.49
582  0.12500000 0.5712976 0.02401317         0    0.40   0.11      0.49
583  1.00000000 0.5712976 0.02401317         0    0.40   0.11      0.49
584  0.08984375 0.5712976 0.02401317         0    0.40   0.11      0.49
585  1.00000000 0.5712976 0.02401317         0    0.40   0.11      0.49
586  1.00000000 0.5712976 0.02401317         0    0.40   0.11      0.49
587  1.00000000 0.5712976 0.02401317         0    0.40   0.11      0.49
588  0.13671875 0.5712976 0.02401317         0    0.40   0.11      0.49
589  0.03906250 0.5712976 0.02401317         0    0.40   0.11      0.49
590  0.25390625 0.5712976 0.02401317         0    0.40   0.11      0.49
591  0.19531250 0.5712976 0.02401317         0    0.40   0.11      0.49
592  1.00000000 0.5712976 0.02401317         0    0.40   0.11      0.49
593  1.00000000 0.5712976 0.02401317         0    0.40   0.11      0.49
594  0.11328125 0.5712976 0.02401317         0    0.40   0.11      0.49
595  0.05468750 0.5712976 0.02401317         0    0.40   0.11      0.49
596  0.10156250 0.5712976 0.02401317         0    0.40   0.11      0.49
597  1.00000000 0.5712976 0.02401317         0    0.40   0.11      0.49
598  0.29687500 0.5712976 0.02401317         0    0.40   0.11      0.49
599  0.28515625 0.5712976 0.02401317         0    0.40   0.11      0.49
600  0.19140625 0.5712976 0.02401317         0    0.40   0.11      0.49
601  1.00000000 0.3448590 0.01680872         0    0.49   0.11      0.40
602  0.08984375 0.3448590 0.01680872         0    0.49   0.11      0.40
603  0.08203125 0.3448590 0.01680872         0    0.49   0.11      0.40
604  0.03906250 0.3448590 0.01680872         0    0.49   0.11      0.40
605  1.00000000 0.3448590 0.01680872         0    0.49   0.11      0.40
606  0.31250000 0.3448590 0.01680872         0    0.49   0.11      0.40
607  1.00000000 0.3448590 0.01680872         0    0.49   0.11      0.40
608  1.00000000 0.3448590 0.01680872         0    0.49   0.11      0.40
609  1.00000000 0.3448590 0.01680872         0    0.49   0.11      0.40
610  0.16796875 0.3448590 0.01680872         0    0.49   0.11      0.40
611  1.00000000 0.3448590 0.01680872         0    0.49   0.11      0.40
612  0.16796875 0.3448590 0.01680872         0    0.49   0.11      0.40
613  0.05078125 0.3448590 0.01680872         0    0.49   0.11      0.40
614  0.05859375 0.3448590 0.01680872         0    0.49   0.11      0.40
615  0.07031250 0.3448590 0.01680872         0    0.49   0.11      0.40
616  0.28125000 0.3448590 0.01680872         0    0.49   0.11      0.40
617  0.13671875 0.3448590 0.01680872         0    0.49   0.11      0.40
618  0.04296875 0.3448590 0.01680872         0    0.49   0.11      0.40
619  1.00000000 0.3448590 0.01680872         0    0.49   0.11      0.40
620  0.02343750 0.3448590 0.01680872         0    0.49   0.11      0.40
621  0.02734375 0.3448590 0.01680872         0    0.49   0.11      0.40
622  1.00000000 0.3448590 0.01680872         0    0.49   0.11      0.40
623  0.21093750 0.3448590 0.01680872         0    0.49   0.11      0.40
624  0.06640625 0.3448590 0.01680872         0    0.49   0.11      0.40
625  1.00000000 0.3448590 0.01680872         0    0.49   0.11      0.40
626  0.12500000 0.3448590 0.01680872         0    0.49   0.11      0.40
627  0.03125000 0.3448590 0.01680872         0    0.49   0.11      0.40
628  0.06250000 0.3448590 0.01680872         0    0.49   0.11      0.40
629  1.00000000 0.3448590 0.01680872         0    0.49   0.11      0.40
630  0.04687500 0.3448590 0.01680872         0    0.49   0.11      0.40
631  0.30078125 0.3448590 0.01680872         0    0.49   0.11      0.40
632  0.16796875 0.3448590 0.01680872         0    0.49   0.11      0.40
633  0.10937500 0.3448590 0.01680872         0    0.49   0.11      0.40
634  1.00000000 0.3448590 0.01680872         0    0.49   0.11      0.40
635  0.28515625 0.3448590 0.01680872         0    0.49   0.11      0.40
636  1.00000000 0.3448590 0.01680872         0    0.49   0.11      0.40
637  0.10546875 0.3448590 0.01680872         0    0.49   0.11      0.40
638  1.00000000 0.3448590 0.01680872         0    0.49   0.11      0.40
639  0.06640625 0.3448590 0.01680872         0    0.49   0.11      0.40
640  0.05859375 0.3448590 0.01680872         0    0.49   0.11      0.40
641  1.00000000 0.3448590 0.01680872         0    0.49   0.11      0.40
642  1.00000000 0.3448590 0.01680872         0    0.49   0.11      0.40
643  0.14843750 0.3448590 0.01680872         0    0.49   0.11      0.40
644  0.05468750 0.3448590 0.01680872         0    0.49   0.11      0.40
645  1.00000000 0.3448590 0.01680872         0    0.49   0.11      0.40
646  1.00000000 0.3448590 0.01680872         0    0.49   0.11      0.40
647  0.09765625 0.3448590 0.01680872         0    0.49   0.11      0.40
648  0.64453125 0.3448590 0.01680872         0    0.49   0.11      0.40
649  0.02343750 0.3448590 0.01680872         0    0.49   0.11      0.40
650  0.44531250 0.3448590 0.01680872         0    0.49   0.11      0.40
651  1.00000000 0.3448590 0.01680872         0    0.49   0.11      0.40
652  0.05078125 0.3448590 0.01680872         0    0.49   0.11      0.40
653  0.07421875 0.3448590 0.01680872         0    0.49   0.11      0.40
654  0.16406250 0.3448590 0.01680872         0    0.49   0.11      0.40
655  0.11328125 0.3448590 0.01680872         0    0.49   0.11      0.40
656  1.00000000 0.3448590 0.01680872         0    0.49   0.11      0.40
657  0.09375000 0.3448590 0.01680872         0    0.49   0.11      0.40
658  0.04296875 0.3448590 0.01680872         0    0.49   0.11      0.40
659  0.29296875 0.3448590 0.01680872         0    0.49   0.11      0.40
660  0.07421875 0.3448590 0.01680872         0    0.49   0.11      0.40
661  1.00000000 0.3448590 0.01680872         0    0.49   0.11      0.40
662  0.75390625 0.3448590 0.01680872         0    0.49   0.11      0.40
663  0.11328125 0.3448590 0.01680872         0    0.49   0.11      0.40
664  1.00000000 0.3448590 0.01680872         0    0.49   0.11      0.40
665  0.07812500 0.3448590 0.01680872         0    0.49   0.11      0.40
666  0.04687500 0.3448590 0.01680872         0    0.49   0.11      0.40
667  1.00000000 0.3448590 0.01680872         0    0.49   0.11      0.40
668  1.00000000 0.3448590 0.01680872         0    0.49   0.11      0.40
669  0.59375000 0.3448590 0.01680872         0    0.49   0.11      0.40
670  0.03125000 0.3448590 0.01680872         0    0.49   0.11      0.40
671  0.10546875 0.3448590 0.01680872         0    0.49   0.11      0.40
672  1.00000000 0.3448590 0.01680872         0    0.49   0.11      0.40
673  0.04687500 0.3448590 0.01680872         0    0.49   0.11      0.40
674  0.18359375 0.3448590 0.01680872         0    0.49   0.11      0.40
675  0.09375000 0.3448590 0.01680872         0    0.49   0.11      0.40
676  1.00000000 0.3448590 0.01680872         0    0.49   0.11      0.40
677  1.00000000 0.3448590 0.01680872         0    0.49   0.11      0.40
678  1.00000000 0.3448590 0.01680872         0    0.49   0.11      0.40
679  0.05468750 0.3448590 0.01680872         0    0.49   0.11      0.40
680  0.03906250 0.3448590 0.01680872         0    0.49   0.11      0.40
681  1.00000000 0.3448590 0.01680872         0    0.49   0.11      0.40
682  1.00000000 0.3448590 0.01680872         0    0.49   0.11      0.40
683  0.06250000 0.3448590 0.01680872         0    0.49   0.11      0.40
684  0.10156250 0.3448590 0.01680872         0    0.49   0.11      0.40
685  1.00000000 0.3448590 0.01680872         0    0.49   0.11      0.40
686  1.00000000 0.3448590 0.01680872         0    0.49   0.11      0.40
687  1.00000000 0.3448590 0.01680872         0    0.49   0.11      0.40
688  0.19531250 0.3448590 0.01680872         0    0.49   0.11      0.40
689  0.22265625 0.3448590 0.01680872         0    0.49   0.11      0.40
690  1.00000000 0.3448590 0.01680872         0    0.49   0.11      0.40
691  1.00000000 0.3448590 0.01680872         0    0.49   0.11      0.40
692  0.14843750 0.3448590 0.01680872         0    0.49   0.11      0.40
693  0.13671875 0.3448590 0.01680872         0    0.49   0.11      0.40
694  1.00000000 0.3448590 0.01680872         0    0.49   0.11      0.40
695  0.30078125 0.3448590 0.01680872         0    0.49   0.11      0.40
696  0.07812500 0.3448590 0.01680872         0    0.49   0.11      0.40
697  0.07031250 0.3448590 0.01680872         0    0.49   0.11      0.40
698  0.02734375 0.3448590 0.01680872         0    0.49   0.11      0.40
699  0.51953125 0.3448590 0.01680872         0    0.49   0.11      0.40
700  1.00000000 0.3448590 0.01680872         0    0.49   0.11      0.40
701  1.00000000 0.4002844 0.02723402         0    0.35   0.15      0.50
702  0.14062500 0.4002844 0.02723402         0    0.35   0.15      0.50
703  0.27343750 0.4002844 0.02723402         0    0.35   0.15      0.50
704  0.35156250 0.4002844 0.02723402         0    0.35   0.15      0.50
705  0.23437500 0.4002844 0.02723402         0    0.35   0.15      0.50
706  0.20703125 0.4002844 0.02723402         0    0.35   0.15      0.50
707  1.00000000 0.4002844 0.02723402         0    0.35   0.15      0.50
708  1.00000000 0.4002844 0.02723402         0    0.35   0.15      0.50
709  1.00000000 0.4002844 0.02723402         0    0.35   0.15      0.50
710  0.25000000 0.4002844 0.02723402         0    0.35   0.15      0.50
711  0.33203125 0.4002844 0.02723402         0    0.35   0.15      0.50
712  0.17187500 0.4002844 0.02723402         0    0.35   0.15      0.50
713  1.00000000 0.4002844 0.02723402         0    0.35   0.15      0.50
714  0.06640625 0.4002844 0.02723402         0    0.35   0.15      0.50
715  0.08984375 0.4002844 0.02723402         0    0.35   0.15      0.50
716  0.23046875 0.4002844 0.02723402         0    0.35   0.15      0.50
717  0.21093750 0.4002844 0.02723402         0    0.35   0.15      0.50
718  1.00000000 0.4002844 0.02723402         0    0.35   0.15      0.50
719  1.00000000 0.4002844 0.02723402         0    0.35   0.15      0.50
720  1.00000000 0.4002844 0.02723402         0    0.35   0.15      0.50
721  0.14453125 0.4002844 0.02723402         0    0.35   0.15      0.50
722  1.00000000 0.4002844 0.02723402         0    0.35   0.15      0.50
723  0.03906250 0.4002844 0.02723402         0    0.35   0.15      0.50
724  1.00000000 0.4002844 0.02723402         0    0.35   0.15      0.50
725  1.00000000 0.4002844 0.02723402         0    0.35   0.15      0.50
726  0.10937500 0.4002844 0.02723402         0    0.35   0.15      0.50
727  0.10156250 0.4002844 0.02723402         0    0.35   0.15      0.50
728  0.08203125 0.4002844 0.02723402         0    0.35   0.15      0.50
729  1.00000000 0.4002844 0.02723402         0    0.35   0.15      0.50
730  0.14453125 0.4002844 0.02723402         0    0.35   0.15      0.50
731  0.55078125 0.4002844 0.02723402         0    0.35   0.15      0.50
732  0.31250000 0.4002844 0.02723402         0    0.35   0.15      0.50
733  1.00000000 0.4002844 0.02723402         0    0.35   0.15      0.50
734  1.00000000 0.4002844 0.02723402         0    0.35   0.15      0.50
735  1.00000000 0.4002844 0.02723402         0    0.35   0.15      0.50
736  1.00000000 0.4002844 0.02723402         0    0.35   0.15      0.50
737  0.41796875 0.4002844 0.02723402         0    0.35   0.15      0.50
738  0.13281250 0.4002844 0.02723402         0    0.35   0.15      0.50
739  0.41015625 0.4002844 0.02723402         0    0.35   0.15      0.50
740  1.00000000 0.4002844 0.02723402         0    0.35   0.15      0.50
741  1.00000000 0.4002844 0.02723402         0    0.35   0.15      0.50
742  1.00000000 0.4002844 0.02723402         0    0.35   0.15      0.50
743  1.00000000 0.4002844 0.02723402         0    0.35   0.15      0.50
744  1.00000000 0.4002844 0.02723402         0    0.35   0.15      0.50
745  0.20312500 0.4002844 0.02723402         0    0.35   0.15      0.50
746  0.20703125 0.4002844 0.02723402         0    0.35   0.15      0.50
747  1.00000000 0.4002844 0.02723402         0    0.35   0.15      0.50
748  1.00000000 0.4002844 0.02723402         0    0.35   0.15      0.50
749  0.12890625 0.4002844 0.02723402         0    0.35   0.15      0.50
750  1.00000000 0.4002844 0.02723402         0    0.35   0.15      0.50
751  0.55078125 0.4002844 0.02723402         0    0.35   0.15      0.50
752  1.00000000 0.4002844 0.02723402         0    0.35   0.15      0.50
753  1.00000000 0.4002844 0.02723402         0    0.35   0.15      0.50
754  1.00000000 0.4002844 0.02723402         0    0.35   0.15      0.50
755  1.00000000 0.4002844 0.02723402         0    0.35   0.15      0.50
756  0.08593750 0.4002844 0.02723402         0    0.35   0.15      0.50
757  0.25781250 0.4002844 0.02723402         0    0.35   0.15      0.50
758  1.00000000 0.4002844 0.02723402         0    0.35   0.15      0.50
759  1.00000000 0.4002844 0.02723402         0    0.35   0.15      0.50
760  0.26953125 0.4002844 0.02723402         0    0.35   0.15      0.50
761  0.18750000 0.4002844 0.02723402         0    0.35   0.15      0.50
762  0.21093750 0.4002844 0.02723402         0    0.35   0.15      0.50
763  1.00000000 0.4002844 0.02723402         0    0.35   0.15      0.50
764  0.43750000 0.4002844 0.02723402         0    0.35   0.15      0.50
765  1.00000000 0.4002844 0.02723402         0    0.35   0.15      0.50
766  0.10156250 0.4002844 0.02723402         0    0.35   0.15      0.50
767  1.00000000 0.4002844 0.02723402         0    0.35   0.15      0.50
768  1.00000000 0.4002844 0.02723402         0    0.35   0.15      0.50
769  0.17968750 0.4002844 0.02723402         0    0.35   0.15      0.50
770  1.00000000 0.4002844 0.02723402         0    0.35   0.15      0.50
771  0.60156250 0.4002844 0.02723402         0    0.35   0.15      0.50
772  0.08203125 0.4002844 0.02723402         0    0.35   0.15      0.50
773  1.00000000 0.4002844 0.02723402         0    0.35   0.15      0.50
774  0.58984375 0.4002844 0.02723402         0    0.35   0.15      0.50
775  0.23828125 0.4002844 0.02723402         0    0.35   0.15      0.50
776  0.12500000 0.4002844 0.02723402         0    0.35   0.15      0.50
777  0.07812500 0.4002844 0.02723402         0    0.35   0.15      0.50
778  0.26562500 0.4002844 0.02723402         0    0.35   0.15      0.50
779  1.00000000 0.4002844 0.02723402         0    0.35   0.15      0.50
780  0.07421875 0.4002844 0.02723402         0    0.35   0.15      0.50
781  1.00000000 0.4002844 0.02723402         0    0.35   0.15      0.50
782  1.00000000 0.4002844 0.02723402         0    0.35   0.15      0.50
783  0.08593750 0.4002844 0.02723402         0    0.35   0.15      0.50
784  0.13281250 0.4002844 0.02723402         0    0.35   0.15      0.50
785  0.15625000 0.4002844 0.02723402         0    0.35   0.15      0.50
786  0.29687500 0.4002844 0.02723402         0    0.35   0.15      0.50
787  1.00000000 0.4002844 0.02723402         0    0.35   0.15      0.50
788  1.00000000 0.4002844 0.02723402         0    0.35   0.15      0.50
789  1.00000000 0.4002844 0.02723402         0    0.35   0.15      0.50
790  0.15625000 0.4002844 0.02723402         0    0.35   0.15      0.50
791  0.23437500 0.4002844 0.02723402         0    0.35   0.15      0.50
792  1.00000000 0.4002844 0.02723402         0    0.35   0.15      0.50
793  1.00000000 0.4002844 0.02723402         0    0.35   0.15      0.50
794  0.09375000 0.4002844 0.02723402         0    0.35   0.15      0.50
795  1.00000000 0.4002844 0.02723402         0    0.35   0.15      0.50
796  0.16406250 0.4002844 0.02723402         0    0.35   0.15      0.50
797  0.24218750 0.4002844 0.02723402         0    0.35   0.15      0.50
798  0.08203125 0.4002844 0.02723402         0    0.35   0.15      0.50
799  0.53906250 0.4002844 0.02723402         0    0.35   0.15      0.50
800  1.00000000 0.4002844 0.02723402         0    0.35   0.15      0.50
801  1.00000000 0.3988256 0.02012840         0    0.53   0.13      0.34
802  0.23828125 0.3988256 0.02012840         0    0.53   0.13      0.34
803  0.08203125 0.3988256 0.02012840         0    0.53   0.13      0.34
804  0.06250000 0.3988256 0.02012840         0    0.53   0.13      0.34
805  1.00000000 0.3988256 0.02012840         0    0.53   0.13      0.34
806  1.00000000 0.3988256 0.02012840         0    0.53   0.13      0.34
807  0.10156250 0.3988256 0.02012840         0    0.53   0.13      0.34
808  0.54296875 0.3988256 0.02012840         0    0.53   0.13      0.34
809  0.11328125 0.3988256 0.02012840         0    0.53   0.13      0.34
810  1.00000000 0.3988256 0.02012840         0    0.53   0.13      0.34
811  0.15625000 0.3988256 0.02012840         0    0.53   0.13      0.34
812  1.00000000 0.3988256 0.02012840         0    0.53   0.13      0.34
813  0.04687500 0.3988256 0.02012840         0    0.53   0.13      0.34
814  1.00000000 0.3988256 0.02012840         0    0.53   0.13      0.34
815  0.07421875 0.3988256 0.02012840         0    0.53   0.13      0.34
816  0.06250000 0.3988256 0.02012840         0    0.53   0.13      0.34
817  0.14843750 0.3988256 0.02012840         0    0.53   0.13      0.34
818  1.00000000 0.3988256 0.02012840         0    0.53   0.13      0.34
819  0.05859375 0.3988256 0.02012840         0    0.53   0.13      0.34
820  0.07031250 0.3988256 0.02012840         0    0.53   0.13      0.34
821  0.07421875 0.3988256 0.02012840         0    0.53   0.13      0.34
822  0.09765625 0.3988256 0.02012840         0    0.53   0.13      0.34
823  0.09375000 0.3988256 0.02012840         0    0.53   0.13      0.34
824  1.00000000 0.3988256 0.02012840         0    0.53   0.13      0.34
825  1.00000000 0.3988256 0.02012840         0    0.53   0.13      0.34
826  1.00000000 0.3988256 0.02012840         0    0.53   0.13      0.34
827  0.10937500 0.3988256 0.02012840         0    0.53   0.13      0.34
828  0.09765625 0.3988256 0.02012840         0    0.53   0.13      0.34
829  0.11718750 0.3988256 0.02012840         0    0.53   0.13      0.34
830  1.00000000 0.3988256 0.02012840         0    0.53   0.13      0.34
831  1.00000000 0.3988256 0.02012840         0    0.53   0.13      0.34
832  0.06640625 0.3988256 0.02012840         0    0.53   0.13      0.34
833  0.10937500 0.3988256 0.02012840         0    0.53   0.13      0.34
834  1.00000000 0.3988256 0.02012840         0    0.53   0.13      0.34
835  1.00000000 0.3988256 0.02012840         0    0.53   0.13      0.34
836  0.10156250 0.3988256 0.02012840         0    0.53   0.13      0.34
837  1.00000000 0.3988256 0.02012840         0    0.53   0.13      0.34
838  0.11718750 0.3988256 0.02012840         0    0.53   0.13      0.34
839  0.14453125 0.3988256 0.02012840         0    0.53   0.13      0.34
840  1.00000000 0.3988256 0.02012840         0    0.53   0.13      0.34
841  1.00000000 0.3988256 0.02012840         0    0.53   0.13      0.34
842  0.12890625 0.3988256 0.02012840         0    0.53   0.13      0.34
843  0.26953125 0.3988256 0.02012840         0    0.53   0.13      0.34
844  0.21484375 0.3988256 0.02012840         0    0.53   0.13      0.34
845  1.00000000 0.3988256 0.02012840         0    0.53   0.13      0.34
846  0.28515625 0.3988256 0.02012840         0    0.53   0.13      0.34
847  0.57421875 0.3988256 0.02012840         0    0.53   0.13      0.34
848  0.15625000 0.3988256 0.02012840         0    0.53   0.13      0.34
849  1.00000000 0.3988256 0.02012840         0    0.53   0.13      0.34
850  0.21875000 0.3988256 0.02012840         0    0.53   0.13      0.34
851  0.05468750 0.3988256 0.02012840         0    0.53   0.13      0.34
852  1.00000000 0.3988256 0.02012840         0    0.53   0.13      0.34
853  1.00000000 0.3988256 0.02012840         0    0.53   0.13      0.34
854  0.12500000 0.3988256 0.02012840         0    0.53   0.13      0.34
855  0.05078125 0.3988256 0.02012840         0    0.53   0.13      0.34
856  0.05468750 0.3988256 0.02012840         0    0.53   0.13      0.34
857  0.25781250 0.3988256 0.02012840         0    0.53   0.13      0.34
858  0.03515625 0.3988256 0.02012840         0    0.53   0.13      0.34
859  0.17187500 0.3988256 0.02012840         0    0.53   0.13      0.34
860  0.26953125 0.3988256 0.02012840         0    0.53   0.13      0.34
861  0.13281250 0.3988256 0.02012840         0    0.53   0.13      0.34
862  0.09375000 0.3988256 0.02012840         0    0.53   0.13      0.34
863  0.05468750 0.3988256 0.02012840         0    0.53   0.13      0.34
864  0.07421875 0.3988256 0.02012840         0    0.53   0.13      0.34
865  1.00000000 0.3988256 0.02012840         0    0.53   0.13      0.34
866  1.00000000 0.3988256 0.02012840         0    0.53   0.13      0.34
867  0.12109375 0.3988256 0.02012840         0    0.53   0.13      0.34
868  0.11718750 0.3988256 0.02012840         0    0.53   0.13      0.34
869  0.18750000 0.3988256 0.02012840         0    0.53   0.13      0.34
870  0.10937500 0.3988256 0.02012840         0    0.53   0.13      0.34
871  0.19140625 0.3988256 0.02012840         0    0.53   0.13      0.34
872  1.00000000 0.3988256 0.02012840         0    0.53   0.13      0.34
873  1.00000000 0.3988256 0.02012840         0    0.53   0.13      0.34
874  0.53906250 0.3988256 0.02012840         0    0.53   0.13      0.34
875  1.00000000 0.3988256 0.02012840         0    0.53   0.13      0.34
876  0.12109375 0.3988256 0.02012840         0    0.53   0.13      0.34
877  0.10546875 0.3988256 0.02012840         0    0.53   0.13      0.34
878  0.12109375 0.3988256 0.02012840         0    0.53   0.13      0.34
879  1.00000000 0.3988256 0.02012840         0    0.53   0.13      0.34
880  0.21484375 0.3988256 0.02012840         0    0.53   0.13      0.34
881  0.10156250 0.3988256 0.02012840         0    0.53   0.13      0.34
882  0.09375000 0.3988256 0.02012840         0    0.53   0.13      0.34
883  0.07812500 0.3988256 0.02012840         0    0.53   0.13      0.34
884  1.00000000 0.3988256 0.02012840         0    0.53   0.13      0.34
885  0.57421875 0.3988256 0.02012840         0    0.53   0.13      0.34
886  1.00000000 0.3988256 0.02012840         0    0.53   0.13      0.34
887  0.08593750 0.3988256 0.02012840         0    0.53   0.13      0.34
888  0.12890625 0.3988256 0.02012840         0    0.53   0.13      0.34
889  0.08593750 0.3988256 0.02012840         0    0.53   0.13      0.34
890  0.14843750 0.3988256 0.02012840         0    0.53   0.13      0.34
891  0.09765625 0.3988256 0.02012840         0    0.53   0.13      0.34
892  1.00000000 0.3988256 0.02012840         0    0.53   0.13      0.34
893  1.00000000 0.3988256 0.02012840         0    0.53   0.13      0.34
894  0.19140625 0.3988256 0.02012840         0    0.53   0.13      0.34
895  1.00000000 0.3988256 0.02012840         0    0.53   0.13      0.34
896  0.02734375 0.3988256 0.02012840         0    0.53   0.13      0.34
897  0.07031250 0.3988256 0.02012840         0    0.53   0.13      0.34
898  0.07421875 0.3988256 0.02012840         0    0.53   0.13      0.34
899  1.00000000 0.3988256 0.02012840         0    0.53   0.13      0.34
900  0.23046875 0.3988256 0.02012840         0    0.53   0.13      0.34
901  0.08984375 0.4841766 0.02442397         0    0.36   0.13      0.51
902  1.00000000 0.4841766 0.02442397         0    0.36   0.13      0.51
903  0.82812500 0.4841766 0.02442397         0    0.36   0.13      0.51
904  0.08203125 0.4841766 0.02442397         0    0.36   0.13      0.51
905  1.00000000 0.4841766 0.02442397         0    0.36   0.13      0.51
906  0.07812500 0.4841766 0.02442397         0    0.36   0.13      0.51
907  0.11718750 0.4841766 0.02442397         0    0.36   0.13      0.51
908  1.00000000 0.4841766 0.02442397         0    0.36   0.13      0.51
909  1.00000000 0.4841766 0.02442397         0    0.36   0.13      0.51
910  1.00000000 0.4841766 0.02442397         0    0.36   0.13      0.51
911  0.06250000 0.4841766 0.02442397         0    0.36   0.13      0.51
912  1.00000000 0.4841766 0.02442397         0    0.36   0.13      0.51
913  0.14062500 0.4841766 0.02442397         0    0.36   0.13      0.51
914  1.00000000 0.4841766 0.02442397         0    0.36   0.13      0.51
915  1.00000000 0.4841766 0.02442397         0    0.36   0.13      0.51
916  0.16406250 0.4841766 0.02442397         0    0.36   0.13      0.51
917  1.00000000 0.4841766 0.02442397         0    0.36   0.13      0.51
918  0.15234375 0.4841766 0.02442397         0    0.36   0.13      0.51
919  1.00000000 0.4841766 0.02442397         0    0.36   0.13      0.51
920  0.09765625 0.4841766 0.02442397         0    0.36   0.13      0.51
921  1.00000000 0.4841766 0.02442397         0    0.36   0.13      0.51
922  1.00000000 0.4841766 0.02442397         0    0.36   0.13      0.51
923  0.08984375 0.4841766 0.02442397         0    0.36   0.13      0.51
924  0.07812500 0.4841766 0.02442397         0    0.36   0.13      0.51
925  0.11718750 0.4841766 0.02442397         0    0.36   0.13      0.51
926  1.00000000 0.4841766 0.02442397         0    0.36   0.13      0.51
927  0.60937500 0.4841766 0.02442397         0    0.36   0.13      0.51
928  1.00000000 0.4841766 0.02442397         0    0.36   0.13      0.51
929  1.00000000 0.4841766 0.02442397         0    0.36   0.13      0.51
930  1.00000000 0.4841766 0.02442397         0    0.36   0.13      0.51
931  1.00000000 0.4841766 0.02442397         0    0.36   0.13      0.51
932  1.00000000 0.4841766 0.02442397         0    0.36   0.13      0.51
933  0.53125000 0.4841766 0.02442397         0    0.36   0.13      0.51
934  1.00000000 0.4841766 0.02442397         0    0.36   0.13      0.51
935  1.00000000 0.4841766 0.02442397         0    0.36   0.13      0.51
936  0.07812500 0.4841766 0.02442397         0    0.36   0.13      0.51
937  0.26171875 0.4841766 0.02442397         0    0.36   0.13      0.51
938  0.08203125 0.4841766 0.02442397         0    0.36   0.13      0.51
939  0.07031250 0.4841766 0.02442397         0    0.36   0.13      0.51
940  0.15234375 0.4841766 0.02442397         0    0.36   0.13      0.51
941  0.12890625 0.4841766 0.02442397         0    0.36   0.13      0.51
942  1.00000000 0.4841766 0.02442397         0    0.36   0.13      0.51
943  0.08203125 0.4841766 0.02442397         0    0.36   0.13      0.51
944  1.00000000 0.4841766 0.02442397         0    0.36   0.13      0.51
945  0.28906250 0.4841766 0.02442397         0    0.36   0.13      0.51
946  1.00000000 0.4841766 0.02442397         0    0.36   0.13      0.51
947  0.24218750 0.4841766 0.02442397         0    0.36   0.13      0.51
948  0.08984375 0.4841766 0.02442397         0    0.36   0.13      0.51
949  1.00000000 0.4841766 0.02442397         0    0.36   0.13      0.51
950  0.19921875 0.4841766 0.02442397         0    0.36   0.13      0.51
951  0.08984375 0.4841766 0.02442397         0    0.36   0.13      0.51
952  0.06250000 0.4841766 0.02442397         0    0.36   0.13      0.51
953  1.00000000 0.4841766 0.02442397         0    0.36   0.13      0.51
954  1.00000000 0.4841766 0.02442397         0    0.36   0.13      0.51
955  1.00000000 0.4841766 0.02442397         0    0.36   0.13      0.51
956  0.37500000 0.4841766 0.02442397         0    0.36   0.13      0.51
957  0.03906250 0.4841766 0.02442397         0    0.36   0.13      0.51
958  1.00000000 0.4841766 0.02442397         0    0.36   0.13      0.51
959  0.57812500 0.4841766 0.02442397         0    0.36   0.13      0.51
960  0.09765625 0.4841766 0.02442397         0    0.36   0.13      0.51
961  0.09375000 0.4841766 0.02442397         0    0.36   0.13      0.51
962  0.12500000 0.4841766 0.02442397         0    0.36   0.13      0.51
963  0.15234375 0.4841766 0.02442397         0    0.36   0.13      0.51
964  0.05078125 0.4841766 0.02442397         0    0.36   0.13      0.51
965  1.00000000 0.4841766 0.02442397         0    0.36   0.13      0.51
966  0.11328125 0.4841766 0.02442397         0    0.36   0.13      0.51
967  0.27343750 0.4841766 0.02442397         0    0.36   0.13      0.51
968  1.00000000 0.4841766 0.02442397         0    0.36   0.13      0.51
969  0.27734375 0.4841766 0.02442397         0    0.36   0.13      0.51
970  0.19531250 0.4841766 0.02442397         0    0.36   0.13      0.51
971  1.00000000 0.4841766 0.02442397         0    0.36   0.13      0.51
972  1.00000000 0.4841766 0.02442397         0    0.36   0.13      0.51
973  1.00000000 0.4841766 0.02442397         0    0.36   0.13      0.51
974  1.00000000 0.4841766 0.02442397         0    0.36   0.13      0.51
975  0.20703125 0.4841766 0.02442397         0    0.36   0.13      0.51
976  1.00000000 0.4841766 0.02442397         0    0.36   0.13      0.51
977  0.05468750 0.4841766 0.02442397         0    0.36   0.13      0.51
978  1.00000000 0.4841766 0.02442397         0    0.36   0.13      0.51
979  1.00000000 0.4841766 0.02442397         0    0.36   0.13      0.51
980  1.00000000 0.4841766 0.02442397         0    0.36   0.13      0.51
981  1.00000000 0.4841766 0.02442397         0    0.36   0.13      0.51
982  0.09765625 0.4841766 0.02442397         0    0.36   0.13      0.51
983  0.10937500 0.4841766 0.02442397         0    0.36   0.13      0.51
984  0.15234375 0.4841766 0.02442397         0    0.36   0.13      0.51
985  0.06640625 0.4841766 0.02442397         0    0.36   0.13      0.51
986  0.14062500 0.4841766 0.02442397         0    0.36   0.13      0.51
987  1.00000000 0.4841766 0.02442397         0    0.36   0.13      0.51
988  1.00000000 0.4841766 0.02442397         0    0.36   0.13      0.51
989  1.00000000 0.4841766 0.02442397         0    0.36   0.13      0.51
990  1.00000000 0.4841766 0.02442397         0    0.36   0.13      0.51
991  1.00000000 0.4841766 0.02442397         0    0.36   0.13      0.51
992  1.00000000 0.4841766 0.02442397         0    0.36   0.13      0.51
993  0.05468750 0.4841766 0.02442397         0    0.36   0.13      0.51
994  1.00000000 0.4841766 0.02442397         0    0.36   0.13      0.51
995  0.09375000 0.4841766 0.02442397         0    0.36   0.13      0.51
996  1.00000000 0.4841766 0.02442397         0    0.36   0.13      0.51
997  0.07812500 0.4841766 0.02442397         0    0.36   0.13      0.51
998  1.00000000 0.4841766 0.02442397         0    0.36   0.13      0.51
999  0.10546875 0.4841766 0.02442397         0    0.36   0.13      0.51
1000 0.19531250 0.4841766 0.02442397         0    0.36   0.13      0.51
