      prop.aneu prob.meio  prob.mito dispersal euploid mosaic aneuploid
1    0.14062500 0.3808832 0.02455100         0    0.40   0.18      0.42
2    0.08593750 0.3808832 0.02455100         0    0.40   0.18      0.42
3    0.20312500 0.3808832 0.02455100         0    0.40   0.18      0.42
4    1.00000000 0.3808832 0.02455100         0    0.40   0.18      0.42
5    1.00000000 0.3808832 0.02455100         0    0.40   0.18      0.42
6    0.11718750 0.3808832 0.02455100         0    0.40   0.18      0.42
7    0.09375000 0.3808832 0.02455100         0    0.40   0.18      0.42
8    0.58203125 0.3808832 0.02455100         0    0.40   0.18      0.42
9    0.19140625 0.3808832 0.02455100         0    0.40   0.18      0.42
10   0.19921875 0.3808832 0.02455100         0    0.40   0.18      0.42
11   1.00000000 0.3808832 0.02455100         0    0.40   0.18      0.42
12   0.24218750 0.3808832 0.02455100         0    0.40   0.18      0.42
13   1.00000000 0.3808832 0.02455100         0    0.40   0.18      0.42
14   0.07421875 0.3808832 0.02455100         0    0.40   0.18      0.42
15   1.00000000 0.3808832 0.02455100         0    0.40   0.18      0.42
16   1.00000000 0.3808832 0.02455100         0    0.40   0.18      0.42
17   1.00000000 0.3808832 0.02455100         0    0.40   0.18      0.42
18   1.00000000 0.3808832 0.02455100         0    0.40   0.18      0.42
19   0.04687500 0.3808832 0.02455100         0    0.40   0.18      0.42
20   1.00000000 0.3808832 0.02455100         0    0.40   0.18      0.42
21   0.07031250 0.3808832 0.02455100         0    0.40   0.18      0.42
22   1.00000000 0.3808832 0.02455100         0    0.40   0.18      0.42
23   1.00000000 0.3808832 0.02455100         0    0.40   0.18      0.42
24   0.13281250 0.3808832 0.02455100         0    0.40   0.18      0.42
25   0.33984375 0.3808832 0.02455100         0    0.40   0.18      0.42
26   0.10546875 0.3808832 0.02455100         0    0.40   0.18      0.42
27   1.00000000 0.3808832 0.02455100         0    0.40   0.18      0.42
28   1.00000000 0.3808832 0.02455100         0    0.40   0.18      0.42
29   0.30468750 0.3808832 0.02455100         0    0.40   0.18      0.42
30   0.33203125 0.3808832 0.02455100         0    0.40   0.18      0.42
31   0.06250000 0.3808832 0.02455100         0    0.40   0.18      0.42
32   0.07812500 0.3808832 0.02455100         0    0.40   0.18      0.42
33   0.35546875 0.3808832 0.02455100         0    0.40   0.18      0.42
34   0.28515625 0.3808832 0.02455100         0    0.40   0.18      0.42
35   1.00000000 0.3808832 0.02455100         0    0.40   0.18      0.42
36   1.00000000 0.3808832 0.02455100         0    0.40   0.18      0.42
37   1.00000000 0.3808832 0.02455100         0    0.40   0.18      0.42
38   0.12890625 0.3808832 0.02455100         0    0.40   0.18      0.42
39   0.17578125 0.3808832 0.02455100         0    0.40   0.18      0.42
40   0.12109375 0.3808832 0.02455100         0    0.40   0.18      0.42
41   1.00000000 0.3808832 0.02455100         0    0.40   0.18      0.42
42   1.00000000 0.3808832 0.02455100         0    0.40   0.18      0.42
43   1.00000000 0.3808832 0.02455100         0    0.40   0.18      0.42
44   1.00000000 0.3808832 0.02455100         0    0.40   0.18      0.42
45   0.03906250 0.3808832 0.02455100         0    0.40   0.18      0.42
46   0.41796875 0.3808832 0.02455100         0    0.40   0.18      0.42
47   1.00000000 0.3808832 0.02455100         0    0.40   0.18      0.42
48   1.00000000 0.3808832 0.02455100         0    0.40   0.18      0.42
49   0.13281250 0.3808832 0.02455100         0    0.40   0.18      0.42
50   0.51562500 0.3808832 0.02455100         0    0.40   0.18      0.42
51   0.28125000 0.3808832 0.02455100         0    0.40   0.18      0.42
52   0.62109375 0.3808832 0.02455100         0    0.40   0.18      0.42
53   1.00000000 0.3808832 0.02455100         0    0.40   0.18      0.42
54   0.61718750 0.3808832 0.02455100         0    0.40   0.18      0.42
55   0.14062500 0.3808832 0.02455100         0    0.40   0.18      0.42
56   0.10156250 0.3808832 0.02455100         0    0.40   0.18      0.42
57   1.00000000 0.3808832 0.02455100         0    0.40   0.18      0.42
58   0.56640625 0.3808832 0.02455100         0    0.40   0.18      0.42
59   0.19921875 0.3808832 0.02455100         0    0.40   0.18      0.42
60   0.06640625 0.3808832 0.02455100         0    0.40   0.18      0.42
61   0.05468750 0.3808832 0.02455100         0    0.40   0.18      0.42
62   0.09375000 0.3808832 0.02455100         0    0.40   0.18      0.42
63   0.19921875 0.3808832 0.02455100         0    0.40   0.18      0.42
64   1.00000000 0.3808832 0.02455100         0    0.40   0.18      0.42
65   0.06640625 0.3808832 0.02455100         0    0.40   0.18      0.42
66   1.00000000 0.3808832 0.02455100         0    0.40   0.18      0.42
67   1.00000000 0.3808832 0.02455100         0    0.40   0.18      0.42
68   0.11718750 0.3808832 0.02455100         0    0.40   0.18      0.42
69   0.09765625 0.3808832 0.02455100         0    0.40   0.18      0.42
70   0.18359375 0.3808832 0.02455100         0    0.40   0.18      0.42
71   0.05078125 0.3808832 0.02455100         0    0.40   0.18      0.42
72   0.42968750 0.3808832 0.02455100         0    0.40   0.18      0.42
73   0.06640625 0.3808832 0.02455100         0    0.40   0.18      0.42
74   1.00000000 0.3808832 0.02455100         0    0.40   0.18      0.42
75   1.00000000 0.3808832 0.02455100         0    0.40   0.18      0.42
76   1.00000000 0.3808832 0.02455100         0    0.40   0.18      0.42
77   0.08593750 0.3808832 0.02455100         0    0.40   0.18      0.42
78   1.00000000 0.3808832 0.02455100         0    0.40   0.18      0.42
79   1.00000000 0.3808832 0.02455100         0    0.40   0.18      0.42
80   1.00000000 0.3808832 0.02455100         0    0.40   0.18      0.42
81   0.55468750 0.3808832 0.02455100         0    0.40   0.18      0.42
82   1.00000000 0.3808832 0.02455100         0    0.40   0.18      0.42
83   0.16406250 0.3808832 0.02455100         0    0.40   0.18      0.42
84   1.00000000 0.3808832 0.02455100         0    0.40   0.18      0.42
85   1.00000000 0.3808832 0.02455100         0    0.40   0.18      0.42
86   0.11328125 0.3808832 0.02455100         0    0.40   0.18      0.42
87   0.24609375 0.3808832 0.02455100         0    0.40   0.18      0.42
88   0.05859375 0.3808832 0.02455100         0    0.40   0.18      0.42
89   0.23828125 0.3808832 0.02455100         0    0.40   0.18      0.42
90   1.00000000 0.3808832 0.02455100         0    0.40   0.18      0.42
91   0.22656250 0.3808832 0.02455100         0    0.40   0.18      0.42
92   0.26953125 0.3808832 0.02455100         0    0.40   0.18      0.42
93   0.20703125 0.3808832 0.02455100         0    0.40   0.18      0.42
94   0.23437500 0.3808832 0.02455100         0    0.40   0.18      0.42
95   0.12890625 0.3808832 0.02455100         0    0.40   0.18      0.42
96   1.00000000 0.3808832 0.02455100         0    0.40   0.18      0.42
97   1.00000000 0.3808832 0.02455100         0    0.40   0.18      0.42
98   0.08203125 0.3808832 0.02455100         0    0.40   0.18      0.42
99   0.19531250 0.3808832 0.02455100         0    0.40   0.18      0.42
100  0.10937500 0.3808832 0.02455100         0    0.40   0.18      0.42
101  1.00000000 0.3151407 0.04762881         0    0.37   0.26      0.37
102  0.23046875 0.3151407 0.04762881         0    0.37   0.26      0.37
103  1.00000000 0.3151407 0.04762881         0    0.37   0.26      0.37
104  0.13281250 0.3151407 0.04762881         0    0.37   0.26      0.37
105  1.00000000 0.3151407 0.04762881         0    0.37   0.26      0.37
106  0.42578125 0.3151407 0.04762881         0    0.37   0.26      0.37
107  1.00000000 0.3151407 0.04762881         0    0.37   0.26      0.37
108  1.00000000 0.3151407 0.04762881         0    0.37   0.26      0.37
109  0.26562500 0.3151407 0.04762881         0    0.37   0.26      0.37
110  0.18750000 0.3151407 0.04762881         0    0.37   0.26      0.37
111  0.25781250 0.3151407 0.04762881         0    0.37   0.26      0.37
112  0.28515625 0.3151407 0.04762881         0    0.37   0.26      0.37
113  0.20312500 0.3151407 0.04762881         0    0.37   0.26      0.37
114  0.17187500 0.3151407 0.04762881         0    0.37   0.26      0.37
115  0.43750000 0.3151407 0.04762881         0    0.37   0.26      0.37
116  0.37500000 0.3151407 0.04762881         0    0.37   0.26      0.37
117  0.14843750 0.3151407 0.04762881         0    0.37   0.26      0.37
118  1.00000000 0.3151407 0.04762881         0    0.37   0.26      0.37
119  0.44921875 0.3151407 0.04762881         0    0.37   0.26      0.37
120  0.17187500 0.3151407 0.04762881         0    0.37   0.26      0.37
121  0.61718750 0.3151407 0.04762881         0    0.37   0.26      0.37
122  0.27734375 0.3151407 0.04762881         0    0.37   0.26      0.37
123  0.40234375 0.3151407 0.04762881         0    0.37   0.26      0.37
124  1.00000000 0.3151407 0.04762881         0    0.37   0.26      0.37
125  0.21093750 0.3151407 0.04762881         0    0.37   0.26      0.37
126  0.32812500 0.3151407 0.04762881         0    0.37   0.26      0.37
127  0.18750000 0.3151407 0.04762881         0    0.37   0.26      0.37
128  1.00000000 0.3151407 0.04762881         0    0.37   0.26      0.37
129  0.25390625 0.3151407 0.04762881         0    0.37   0.26      0.37
130  0.19140625 0.3151407 0.04762881         0    0.37   0.26      0.37
131  1.00000000 0.3151407 0.04762881         0    0.37   0.26      0.37
132  0.41406250 0.3151407 0.04762881         0    0.37   0.26      0.37
133  1.00000000 0.3151407 0.04762881         0    0.37   0.26      0.37
134  1.00000000 0.3151407 0.04762881         0    0.37   0.26      0.37
135  0.22265625 0.3151407 0.04762881         0    0.37   0.26      0.37
136  0.51171875 0.3151407 0.04762881         0    0.37   0.26      0.37
137  1.00000000 0.3151407 0.04762881         0    0.37   0.26      0.37
138  1.00000000 0.3151407 0.04762881         0    0.37   0.26      0.37
139  0.66796875 0.3151407 0.04762881         0    0.37   0.26      0.37
140  0.19140625 0.3151407 0.04762881         0    0.37   0.26      0.37
141  0.21093750 0.3151407 0.04762881         0    0.37   0.26      0.37
142  1.00000000 0.3151407 0.04762881         0    0.37   0.26      0.37
143  0.28125000 0.3151407 0.04762881         0    0.37   0.26      0.37
144  1.00000000 0.3151407 0.04762881         0    0.37   0.26      0.37
145  0.33593750 0.3151407 0.04762881         0    0.37   0.26      0.37
146  0.25000000 0.3151407 0.04762881         0    0.37   0.26      0.37
147  0.46484375 0.3151407 0.04762881         0    0.37   0.26      0.37
148  1.00000000 0.3151407 0.04762881         0    0.37   0.26      0.37
149  0.38281250 0.3151407 0.04762881         0    0.37   0.26      0.37
150  0.30859375 0.3151407 0.04762881         0    0.37   0.26      0.37
151  1.00000000 0.3151407 0.04762881         0    0.37   0.26      0.37
152  1.00000000 0.3151407 0.04762881         0    0.37   0.26      0.37
153  0.28125000 0.3151407 0.04762881         0    0.37   0.26      0.37
154  0.64843750 0.3151407 0.04762881         0    0.37   0.26      0.37
155  1.00000000 0.3151407 0.04762881         0    0.37   0.26      0.37
156  0.17968750 0.3151407 0.04762881         0    0.37   0.26      0.37
157  1.00000000 0.3151407 0.04762881         0    0.37   0.26      0.37
158  0.24609375 0.3151407 0.04762881         0    0.37   0.26      0.37
159  0.22656250 0.3151407 0.04762881         0    0.37   0.26      0.37
160  0.25000000 0.3151407 0.04762881         0    0.37   0.26      0.37
161  0.31250000 0.3151407 0.04762881         0    0.37   0.26      0.37
162  0.26562500 0.3151407 0.04762881         0    0.37   0.26      0.37
163  0.20312500 0.3151407 0.04762881         0    0.37   0.26      0.37
164  0.14453125 0.3151407 0.04762881         0    0.37   0.26      0.37
165  0.60937500 0.3151407 0.04762881         0    0.37   0.26      0.37
166  0.28125000 0.3151407 0.04762881         0    0.37   0.26      0.37
167  0.37500000 0.3151407 0.04762881         0    0.37   0.26      0.37
168  0.62500000 0.3151407 0.04762881         0    0.37   0.26      0.37
169  0.12500000 0.3151407 0.04762881         0    0.37   0.26      0.37
170  1.00000000 0.3151407 0.04762881         0    0.37   0.26      0.37
171  0.23828125 0.3151407 0.04762881         0    0.37   0.26      0.37
172  1.00000000 0.3151407 0.04762881         0    0.37   0.26      0.37
173  0.10937500 0.3151407 0.04762881         0    0.37   0.26      0.37
174  1.00000000 0.3151407 0.04762881         0    0.37   0.26      0.37
175  0.30859375 0.3151407 0.04762881         0    0.37   0.26      0.37
176  0.16406250 0.3151407 0.04762881         0    0.37   0.26      0.37
177  0.17968750 0.3151407 0.04762881         0    0.37   0.26      0.37
178  0.37500000 0.3151407 0.04762881         0    0.37   0.26      0.37
179  0.40234375 0.3151407 0.04762881         0    0.37   0.26      0.37
180  0.25000000 0.3151407 0.04762881         0    0.37   0.26      0.37
181  0.21875000 0.3151407 0.04762881         0    0.37   0.26      0.37
182  0.42968750 0.3151407 0.04762881         0    0.37   0.26      0.37
183  1.00000000 0.3151407 0.04762881         0    0.37   0.26      0.37
184  0.21875000 0.3151407 0.04762881         0    0.37   0.26      0.37
185  0.42968750 0.3151407 0.04762881         0    0.37   0.26      0.37
186  0.32812500 0.3151407 0.04762881         0    0.37   0.26      0.37
187  0.14453125 0.3151407 0.04762881         0    0.37   0.26      0.37
188  0.30859375 0.3151407 0.04762881         0    0.37   0.26      0.37
189  0.27343750 0.3151407 0.04762881         0    0.37   0.26      0.37
190  1.00000000 0.3151407 0.04762881         0    0.37   0.26      0.37
191  0.35156250 0.3151407 0.04762881         0    0.37   0.26      0.37
192  1.00000000 0.3151407 0.04762881         0    0.37   0.26      0.37
193  0.34765625 0.3151407 0.04762881         0    0.37   0.26      0.37
194  1.00000000 0.3151407 0.04762881         0    0.37   0.26      0.37
195  0.69140625 0.3151407 0.04762881         0    0.37   0.26      0.37
196  0.45703125 0.3151407 0.04762881         0    0.37   0.26      0.37
197  0.43359375 0.3151407 0.04762881         0    0.37   0.26      0.37
198  0.22265625 0.3151407 0.04762881         0    0.37   0.26      0.37
199  1.00000000 0.3151407 0.04762881         0    0.37   0.26      0.37
200  0.24609375 0.3151407 0.04762881         0    0.37   0.26      0.37
201  1.00000000 0.4282203 0.03942581         0    0.31   0.20      0.49
202  1.00000000 0.4282203 0.03942581         0    0.31   0.20      0.49
203  0.39843750 0.4282203 0.03942581         0    0.31   0.20      0.49
204  1.00000000 0.4282203 0.03942581         0    0.31   0.20      0.49
205  1.00000000 0.4282203 0.03942581         0    0.31   0.20      0.49
206  1.00000000 0.4282203 0.03942581         0    0.31   0.20      0.49
207  0.33593750 0.4282203 0.03942581         0    0.31   0.20      0.49
208  1.00000000 0.4282203 0.03942581         0    0.31   0.20      0.49
209  1.00000000 0.4282203 0.03942581         0    0.31   0.20      0.49
210  0.67968750 0.4282203 0.03942581         0    0.31   0.20      0.49
211  0.16406250 0.4282203 0.03942581         0    0.31   0.20      0.49
212  0.21093750 0.4282203 0.03942581         0    0.31   0.20      0.49
213  0.22265625 0.4282203 0.03942581         0    0.31   0.20      0.49
214  1.00000000 0.4282203 0.03942581         0    0.31   0.20      0.49
215  0.11718750 0.4282203 0.03942581         0    0.31   0.20      0.49
216  1.00000000 0.4282203 0.03942581         0    0.31   0.20      0.49
217  1.00000000 0.4282203 0.03942581         0    0.31   0.20      0.49
218  0.28515625 0.4282203 0.03942581         0    0.31   0.20      0.49
219  1.00000000 0.4282203 0.03942581         0    0.31   0.20      0.49
220  1.00000000 0.4282203 0.03942581         0    0.31   0.20      0.49
221  0.07812500 0.4282203 0.03942581         0    0.31   0.20      0.49
222  0.16015625 0.4282203 0.03942581         0    0.31   0.20      0.49
223  1.00000000 0.4282203 0.03942581         0    0.31   0.20      0.49
224  1.00000000 0.4282203 0.03942581         0    0.31   0.20      0.49
225  0.10546875 0.4282203 0.03942581         0    0.31   0.20      0.49
226  0.58203125 0.4282203 0.03942581         0    0.31   0.20      0.49
227  0.17187500 0.4282203 0.03942581         0    0.31   0.20      0.49
228  1.00000000 0.4282203 0.03942581         0    0.31   0.20      0.49
229  0.25781250 0.4282203 0.03942581         0    0.31   0.20      0.49
230  0.26562500 0.4282203 0.03942581         0    0.31   0.20      0.49
231  1.00000000 0.4282203 0.03942581         0    0.31   0.20      0.49
232  0.11718750 0.4282203 0.03942581         0    0.31   0.20      0.49
233  1.00000000 0.4282203 0.03942581         0    0.31   0.20      0.49
234  0.23437500 0.4282203 0.03942581         0    0.31   0.20      0.49
235  1.00000000 0.4282203 0.03942581         0    0.31   0.20      0.49
236  1.00000000 0.4282203 0.03942581         0    0.31   0.20      0.49
237  0.16796875 0.4282203 0.03942581         0    0.31   0.20      0.49
238  1.00000000 0.4282203 0.03942581         0    0.31   0.20      0.49
239  1.00000000 0.4282203 0.03942581         0    0.31   0.20      0.49
240  0.22656250 0.4282203 0.03942581         0    0.31   0.20      0.49
241  0.17578125 0.4282203 0.03942581         0    0.31   0.20      0.49
242  0.27343750 0.4282203 0.03942581         0    0.31   0.20      0.49
243  1.00000000 0.4282203 0.03942581         0    0.31   0.20      0.49
244  0.21093750 0.4282203 0.03942581         0    0.31   0.20      0.49
245  0.14843750 0.4282203 0.03942581         0    0.31   0.20      0.49
246  1.00000000 0.4282203 0.03942581         0    0.31   0.20      0.49
247  1.00000000 0.4282203 0.03942581         0    0.31   0.20      0.49
248  0.12500000 0.4282203 0.03942581         0    0.31   0.20      0.49
249  1.00000000 0.4282203 0.03942581         0    0.31   0.20      0.49
250  0.21093750 0.4282203 0.03942581         0    0.31   0.20      0.49
251  0.33593750 0.4282203 0.03942581         0    0.31   0.20      0.49
252  1.00000000 0.4282203 0.03942581         0    0.31   0.20      0.49
253  0.60546875 0.4282203 0.03942581         0    0.31   0.20      0.49
254  0.31640625 0.4282203 0.03942581         0    0.31   0.20      0.49
255  0.36718750 0.4282203 0.03942581         0    0.31   0.20      0.49
256  0.30468750 0.4282203 0.03942581         0    0.31   0.20      0.49
257  1.00000000 0.4282203 0.03942581         0    0.31   0.20      0.49
258  1.00000000 0.4282203 0.03942581         0    0.31   0.20      0.49
259  0.19921875 0.4282203 0.03942581         0    0.31   0.20      0.49
260  1.00000000 0.4282203 0.03942581         0    0.31   0.20      0.49
261  0.15234375 0.4282203 0.03942581         0    0.31   0.20      0.49
262  1.00000000 0.4282203 0.03942581         0    0.31   0.20      0.49
263  1.00000000 0.4282203 0.03942581         0    0.31   0.20      0.49
264  0.17968750 0.4282203 0.03942581         0    0.31   0.20      0.49
265  0.08984375 0.4282203 0.03942581         0    0.31   0.20      0.49
266  0.22656250 0.4282203 0.03942581         0    0.31   0.20      0.49
267  0.17968750 0.4282203 0.03942581         0    0.31   0.20      0.49
268  0.54296875 0.4282203 0.03942581         0    0.31   0.20      0.49
269  0.20312500 0.4282203 0.03942581         0    0.31   0.20      0.49
270  0.19531250 0.4282203 0.03942581         0    0.31   0.20      0.49
271  1.00000000 0.4282203 0.03942581         0    0.31   0.20      0.49
272  0.26171875 0.4282203 0.03942581         0    0.31   0.20      0.49
273  0.23046875 0.4282203 0.03942581         0    0.31   0.20      0.49
274  0.15234375 0.4282203 0.03942581         0    0.31   0.20      0.49
275  1.00000000 0.4282203 0.03942581         0    0.31   0.20      0.49
276  0.44140625 0.4282203 0.03942581         0    0.31   0.20      0.49
277  0.23437500 0.4282203 0.03942581         0    0.31   0.20      0.49
278  1.00000000 0.4282203 0.03942581         0    0.31   0.20      0.49
279  0.29687500 0.4282203 0.03942581         0    0.31   0.20      0.49
280  1.00000000 0.4282203 0.03942581         0    0.31   0.20      0.49
281  0.22265625 0.4282203 0.03942581         0    0.31   0.20      0.49
282  0.20312500 0.4282203 0.03942581         0    0.31   0.20      0.49
283  1.00000000 0.4282203 0.03942581         0    0.31   0.20      0.49
284  0.20703125 0.4282203 0.03942581         0    0.31   0.20      0.49
285  0.58984375 0.4282203 0.03942581         0    0.31   0.20      0.49
286  1.00000000 0.4282203 0.03942581         0    0.31   0.20      0.49
287  1.00000000 0.4282203 0.03942581         0    0.31   0.20      0.49
288  0.62890625 0.4282203 0.03942581         0    0.31   0.20      0.49
289  1.00000000 0.4282203 0.03942581         0    0.31   0.20      0.49
290  0.14453125 0.4282203 0.03942581         0    0.31   0.20      0.49
291  1.00000000 0.4282203 0.03942581         0    0.31   0.20      0.49
292  0.16015625 0.4282203 0.03942581         0    0.31   0.20      0.49
293  0.12500000 0.4282203 0.03942581         0    0.31   0.20      0.49
294  1.00000000 0.4282203 0.03942581         0    0.31   0.20      0.49
295  1.00000000 0.4282203 0.03942581         0    0.31   0.20      0.49
296  0.25000000 0.4282203 0.03942581         0    0.31   0.20      0.49
297  1.00000000 0.4282203 0.03942581         0    0.31   0.20      0.49
298  0.16406250 0.4282203 0.03942581         0    0.31   0.20      0.49
299  1.00000000 0.4282203 0.03942581         0    0.31   0.20      0.49
300  1.00000000 0.4282203 0.03942581         0    0.31   0.20      0.49
301  1.00000000 0.3706818 0.04172713         0    0.31   0.26      0.43
302  1.00000000 0.3706818 0.04172713         0    0.31   0.26      0.43
303  1.00000000 0.3706818 0.04172713         0    0.31   0.26      0.43
304  1.00000000 0.3706818 0.04172713         0    0.31   0.26      0.43
305  0.32421875 0.3706818 0.04172713         0    0.31   0.26      0.43
306  0.30078125 0.3706818 0.04172713         0    0.31   0.26      0.43
307  0.21875000 0.3706818 0.04172713         0    0.31   0.26      0.43
308  1.00000000 0.3706818 0.04172713         0    0.31   0.26      0.43
309  0.14843750 0.3706818 0.04172713         0    0.31   0.26      0.43
310  1.00000000 0.3706818 0.04172713         0    0.31   0.26      0.43
311  0.17968750 0.3706818 0.04172713         0    0.31   0.26      0.43
312  0.31640625 0.3706818 0.04172713         0    0.31   0.26      0.43
313  1.00000000 0.3706818 0.04172713         0    0.31   0.26      0.43
314  0.35156250 0.3706818 0.04172713         0    0.31   0.26      0.43
315  0.16015625 0.3706818 0.04172713         0    0.31   0.26      0.43
316  1.00000000 0.3706818 0.04172713         0    0.31   0.26      0.43
317  1.00000000 0.3706818 0.04172713         0    0.31   0.26      0.43
318  1.00000000 0.3706818 0.04172713         0    0.31   0.26      0.43
319  1.00000000 0.3706818 0.04172713         0    0.31   0.26      0.43
320  1.00000000 0.3706818 0.04172713         0    0.31   0.26      0.43
321  0.28906250 0.3706818 0.04172713         0    0.31   0.26      0.43
322  1.00000000 0.3706818 0.04172713         0    0.31   0.26      0.43
323  0.12500000 0.3706818 0.04172713         0    0.31   0.26      0.43
324  0.16015625 0.3706818 0.04172713         0    0.31   0.26      0.43
325  0.27343750 0.3706818 0.04172713         0    0.31   0.26      0.43
326  0.05859375 0.3706818 0.04172713         0    0.31   0.26      0.43
327  0.22656250 0.3706818 0.04172713         0    0.31   0.26      0.43
328  0.23437500 0.3706818 0.04172713         0    0.31   0.26      0.43
329  1.00000000 0.3706818 0.04172713         0    0.31   0.26      0.43
330  0.61718750 0.3706818 0.04172713         0    0.31   0.26      0.43
331  0.61718750 0.3706818 0.04172713         0    0.31   0.26      0.43
332  0.22656250 0.3706818 0.04172713         0    0.31   0.26      0.43
333  1.00000000 0.3706818 0.04172713         0    0.31   0.26      0.43
334  0.37109375 0.3706818 0.04172713         0    0.31   0.26      0.43
335  1.00000000 0.3706818 0.04172713         0    0.31   0.26      0.43
336  0.16015625 0.3706818 0.04172713         0    0.31   0.26      0.43
337  0.32031250 0.3706818 0.04172713         0    0.31   0.26      0.43
338  0.27734375 0.3706818 0.04172713         0    0.31   0.26      0.43
339  0.33984375 0.3706818 0.04172713         0    0.31   0.26      0.43
340  0.35156250 0.3706818 0.04172713         0    0.31   0.26      0.43
341  0.11328125 0.3706818 0.04172713         0    0.31   0.26      0.43
342  0.30859375 0.3706818 0.04172713         0    0.31   0.26      0.43
343  0.28906250 0.3706818 0.04172713         0    0.31   0.26      0.43
344  0.28515625 0.3706818 0.04172713         0    0.31   0.26      0.43
345  1.00000000 0.3706818 0.04172713         0    0.31   0.26      0.43
346  1.00000000 0.3706818 0.04172713         0    0.31   0.26      0.43
347  0.35156250 0.3706818 0.04172713         0    0.31   0.26      0.43
348  0.25000000 0.3706818 0.04172713         0    0.31   0.26      0.43
349  0.32421875 0.3706818 0.04172713         0    0.31   0.26      0.43
350  1.00000000 0.3706818 0.04172713         0    0.31   0.26      0.43
351  1.00000000 0.3706818 0.04172713         0    0.31   0.26      0.43
352  0.69531250 0.3706818 0.04172713         0    0.31   0.26      0.43
353  0.14453125 0.3706818 0.04172713         0    0.31   0.26      0.43
354  0.17968750 0.3706818 0.04172713         0    0.31   0.26      0.43
355  1.00000000 0.3706818 0.04172713         0    0.31   0.26      0.43
356  0.29687500 0.3706818 0.04172713         0    0.31   0.26      0.43
357  0.34375000 0.3706818 0.04172713         0    0.31   0.26      0.43
358  0.23046875 0.3706818 0.04172713         0    0.31   0.26      0.43
359  0.52343750 0.3706818 0.04172713         0    0.31   0.26      0.43
360  1.00000000 0.3706818 0.04172713         0    0.31   0.26      0.43
361  1.00000000 0.3706818 0.04172713         0    0.31   0.26      0.43
362  0.16796875 0.3706818 0.04172713         0    0.31   0.26      0.43
363  1.00000000 0.3706818 0.04172713         0    0.31   0.26      0.43
364  1.00000000 0.3706818 0.04172713         0    0.31   0.26      0.43
365  0.36718750 0.3706818 0.04172713         0    0.31   0.26      0.43
366  0.22656250 0.3706818 0.04172713         0    0.31   0.26      0.43
367  1.00000000 0.3706818 0.04172713         0    0.31   0.26      0.43
368  1.00000000 0.3706818 0.04172713         0    0.31   0.26      0.43
369  0.30078125 0.3706818 0.04172713         0    0.31   0.26      0.43
370  1.00000000 0.3706818 0.04172713         0    0.31   0.26      0.43
371  0.17187500 0.3706818 0.04172713         0    0.31   0.26      0.43
372  1.00000000 0.3706818 0.04172713         0    0.31   0.26      0.43
373  0.22656250 0.3706818 0.04172713         0    0.31   0.26      0.43
374  1.00000000 0.3706818 0.04172713         0    0.31   0.26      0.43
375  0.23046875 0.3706818 0.04172713         0    0.31   0.26      0.43
376  0.52734375 0.3706818 0.04172713         0    0.31   0.26      0.43
377  1.00000000 0.3706818 0.04172713         0    0.31   0.26      0.43
378  0.25390625 0.3706818 0.04172713         0    0.31   0.26      0.43
379  1.00000000 0.3706818 0.04172713         0    0.31   0.26      0.43
380  1.00000000 0.3706818 0.04172713         0    0.31   0.26      0.43
381  0.57812500 0.3706818 0.04172713         0    0.31   0.26      0.43
382  1.00000000 0.3706818 0.04172713         0    0.31   0.26      0.43
383  0.23046875 0.3706818 0.04172713         0    0.31   0.26      0.43
384  0.57421875 0.3706818 0.04172713         0    0.31   0.26      0.43
385  0.25781250 0.3706818 0.04172713         0    0.31   0.26      0.43
386  0.57031250 0.3706818 0.04172713         0    0.31   0.26      0.43
387  1.00000000 0.3706818 0.04172713         0    0.31   0.26      0.43
388  1.00000000 0.3706818 0.04172713         0    0.31   0.26      0.43
389  0.55859375 0.3706818 0.04172713         0    0.31   0.26      0.43
390  0.35546875 0.3706818 0.04172713         0    0.31   0.26      0.43
391  0.08984375 0.3706818 0.04172713         0    0.31   0.26      0.43
392  1.00000000 0.3706818 0.04172713         0    0.31   0.26      0.43
393  1.00000000 0.3706818 0.04172713         0    0.31   0.26      0.43
394  0.33593750 0.3706818 0.04172713         0    0.31   0.26      0.43
395  1.00000000 0.3706818 0.04172713         0    0.31   0.26      0.43
396  0.14843750 0.3706818 0.04172713         0    0.31   0.26      0.43
397  0.46093750 0.3706818 0.04172713         0    0.31   0.26      0.43
398  0.35156250 0.3706818 0.04172713         0    0.31   0.26      0.43
399  0.33593750 0.3706818 0.04172713         0    0.31   0.26      0.43
400  0.59375000 0.3706818 0.04172713         0    0.31   0.26      0.43
401  1.00000000 0.4803155 0.03344024         0    0.34   0.15      0.51
402  1.00000000 0.4803155 0.03344024         0    0.34   0.15      0.51
403  0.17187500 0.4803155 0.03344024         0    0.34   0.15      0.51
404  0.33984375 0.4803155 0.03344024         0    0.34   0.15      0.51
405  1.00000000 0.4803155 0.03344024         0    0.34   0.15      0.51
406  0.13281250 0.4803155 0.03344024         0    0.34   0.15      0.51
407  0.60156250 0.4803155 0.03344024         0    0.34   0.15      0.51
408  0.12109375 0.4803155 0.03344024         0    0.34   0.15      0.51
409  0.36328125 0.4803155 0.03344024         0    0.34   0.15      0.51
410  0.28906250 0.4803155 0.03344024         0    0.34   0.15      0.51
411  0.20703125 0.4803155 0.03344024         0    0.34   0.15      0.51
412  0.38281250 0.4803155 0.03344024         0    0.34   0.15      0.51
413  0.19921875 0.4803155 0.03344024         0    0.34   0.15      0.51
414  0.69531250 0.4803155 0.03344024         0    0.34   0.15      0.51
415  1.00000000 0.4803155 0.03344024         0    0.34   0.15      0.51
416  1.00000000 0.4803155 0.03344024         0    0.34   0.15      0.51
417  0.52343750 0.4803155 0.03344024         0    0.34   0.15      0.51
418  1.00000000 0.4803155 0.03344024         0    0.34   0.15      0.51
419  1.00000000 0.4803155 0.03344024         0    0.34   0.15      0.51
420  1.00000000 0.4803155 0.03344024         0    0.34   0.15      0.51
421  1.00000000 0.4803155 0.03344024         0    0.34   0.15      0.51
422  0.16796875 0.4803155 0.03344024         0    0.34   0.15      0.51
423  0.35546875 0.4803155 0.03344024         0    0.34   0.15      0.51
424  0.23437500 0.4803155 0.03344024         0    0.34   0.15      0.51
425  1.00000000 0.4803155 0.03344024         0    0.34   0.15      0.51
426  1.00000000 0.4803155 0.03344024         0    0.34   0.15      0.51
427  0.65625000 0.4803155 0.03344024         0    0.34   0.15      0.51
428  1.00000000 0.4803155 0.03344024         0    0.34   0.15      0.51
429  0.55078125 0.4803155 0.03344024         0    0.34   0.15      0.51
430  0.19921875 0.4803155 0.03344024         0    0.34   0.15      0.51
431  1.00000000 0.4803155 0.03344024         0    0.34   0.15      0.51
432  0.22265625 0.4803155 0.03344024         0    0.34   0.15      0.51
433  1.00000000 0.4803155 0.03344024         0    0.34   0.15      0.51
434  0.24218750 0.4803155 0.03344024         0    0.34   0.15      0.51
435  1.00000000 0.4803155 0.03344024         0    0.34   0.15      0.51
436  0.16015625 0.4803155 0.03344024         0    0.34   0.15      0.51
437  0.24609375 0.4803155 0.03344024         0    0.34   0.15      0.51
438  0.31640625 0.4803155 0.03344024         0    0.34   0.15      0.51
439  0.41015625 0.4803155 0.03344024         0    0.34   0.15      0.51
440  0.66796875 0.4803155 0.03344024         0    0.34   0.15      0.51
441  0.63671875 0.4803155 0.03344024         0    0.34   0.15      0.51
442  1.00000000 0.4803155 0.03344024         0    0.34   0.15      0.51
443  1.00000000 0.4803155 0.03344024         0    0.34   0.15      0.51
444  0.26953125 0.4803155 0.03344024         0    0.34   0.15      0.51
445  1.00000000 0.4803155 0.03344024         0    0.34   0.15      0.51
446  0.37109375 0.4803155 0.03344024         0    0.34   0.15      0.51
447  0.10937500 0.4803155 0.03344024         0    0.34   0.15      0.51
448  0.11328125 0.4803155 0.03344024         0    0.34   0.15      0.51
449  0.24609375 0.4803155 0.03344024         0    0.34   0.15      0.51
450  1.00000000 0.4803155 0.03344024         0    0.34   0.15      0.51
451  1.00000000 0.4803155 0.03344024         0    0.34   0.15      0.51
452  1.00000000 0.4803155 0.03344024         0    0.34   0.15      0.51
453  1.00000000 0.4803155 0.03344024         0    0.34   0.15      0.51
454  0.52734375 0.4803155 0.03344024         0    0.34   0.15      0.51
455  0.13671875 0.4803155 0.03344024         0    0.34   0.15      0.51
456  1.00000000 0.4803155 0.03344024         0    0.34   0.15      0.51
457  1.00000000 0.4803155 0.03344024         0    0.34   0.15      0.51
458  0.07031250 0.4803155 0.03344024         0    0.34   0.15      0.51
459  0.23828125 0.4803155 0.03344024         0    0.34   0.15      0.51
460  1.00000000 0.4803155 0.03344024         0    0.34   0.15      0.51
461  1.00000000 0.4803155 0.03344024         0    0.34   0.15      0.51
462  1.00000000 0.4803155 0.03344024         0    0.34   0.15      0.51
463  0.13671875 0.4803155 0.03344024         0    0.34   0.15      0.51
464  0.36718750 0.4803155 0.03344024         0    0.34   0.15      0.51
465  1.00000000 0.4803155 0.03344024         0    0.34   0.15      0.51
466  1.00000000 0.4803155 0.03344024         0    0.34   0.15      0.51
467  1.00000000 0.4803155 0.03344024         0    0.34   0.15      0.51
468  0.12890625 0.4803155 0.03344024         0    0.34   0.15      0.51
469  0.08593750 0.4803155 0.03344024         0    0.34   0.15      0.51
470  1.00000000 0.4803155 0.03344024         0    0.34   0.15      0.51
471  1.00000000 0.4803155 0.03344024         0    0.34   0.15      0.51
472  1.00000000 0.4803155 0.03344024         0    0.34   0.15      0.51
473  0.31250000 0.4803155 0.03344024         0    0.34   0.15      0.51
474  0.07031250 0.4803155 0.03344024         0    0.34   0.15      0.51
475  1.00000000 0.4803155 0.03344024         0    0.34   0.15      0.51
476  0.26171875 0.4803155 0.03344024         0    0.34   0.15      0.51
477  0.06250000 0.4803155 0.03344024         0    0.34   0.15      0.51
478  0.16796875 0.4803155 0.03344024         0    0.34   0.15      0.51
479  1.00000000 0.4803155 0.03344024         0    0.34   0.15      0.51
480  1.00000000 0.4803155 0.03344024         0    0.34   0.15      0.51
481  0.36328125 0.4803155 0.03344024         0    0.34   0.15      0.51
482  1.00000000 0.4803155 0.03344024         0    0.34   0.15      0.51
483  0.03906250 0.4803155 0.03344024         0    0.34   0.15      0.51
484  0.05859375 0.4803155 0.03344024         0    0.34   0.15      0.51
485  1.00000000 0.4803155 0.03344024         0    0.34   0.15      0.51
486  0.20703125 0.4803155 0.03344024         0    0.34   0.15      0.51
487  1.00000000 0.4803155 0.03344024         0    0.34   0.15      0.51
488  0.17578125 0.4803155 0.03344024         0    0.34   0.15      0.51
489  1.00000000 0.4803155 0.03344024         0    0.34   0.15      0.51
490  1.00000000 0.4803155 0.03344024         0    0.34   0.15      0.51
491  0.34375000 0.4803155 0.03344024         0    0.34   0.15      0.51
492  1.00000000 0.4803155 0.03344024         0    0.34   0.15      0.51
493  1.00000000 0.4803155 0.03344024         0    0.34   0.15      0.51
494  0.08984375 0.4803155 0.03344024         0    0.34   0.15      0.51
495  1.00000000 0.4803155 0.03344024         0    0.34   0.15      0.51
496  0.10937500 0.4803155 0.03344024         0    0.34   0.15      0.51
497  0.43359375 0.4803155 0.03344024         0    0.34   0.15      0.51
498  0.28125000 0.4803155 0.03344024         0    0.34   0.15      0.51
499  0.22265625 0.4803155 0.03344024         0    0.34   0.15      0.51
500  1.00000000 0.4803155 0.03344024         0    0.34   0.15      0.51
501  1.00000000 0.4940031 0.02192222         0    0.38   0.17      0.45
502  1.00000000 0.4940031 0.02192222         0    0.38   0.17      0.45
503  0.17968750 0.4940031 0.02192222         0    0.38   0.17      0.45
504  0.05078125 0.4940031 0.02192222         0    0.38   0.17      0.45
505  0.10546875 0.4940031 0.02192222         0    0.38   0.17      0.45
506  1.00000000 0.4940031 0.02192222         0    0.38   0.17      0.45
507  0.19140625 0.4940031 0.02192222         0    0.38   0.17      0.45
508  0.03906250 0.4940031 0.02192222         0    0.38   0.17      0.45
509  0.12890625 0.4940031 0.02192222         0    0.38   0.17      0.45
510  0.23828125 0.4940031 0.02192222         0    0.38   0.17      0.45
511  0.03125000 0.4940031 0.02192222         0    0.38   0.17      0.45
512  0.57812500 0.4940031 0.02192222         0    0.38   0.17      0.45
513  0.60546875 0.4940031 0.02192222         0    0.38   0.17      0.45
514  1.00000000 0.4940031 0.02192222         0    0.38   0.17      0.45
515  0.08984375 0.4940031 0.02192222         0    0.38   0.17      0.45
516  0.11328125 0.4940031 0.02192222         0    0.38   0.17      0.45
517  0.32421875 0.4940031 0.02192222         0    0.38   0.17      0.45
518  0.58593750 0.4940031 0.02192222         0    0.38   0.17      0.45
519  0.29296875 0.4940031 0.02192222         0    0.38   0.17      0.45
520  0.11718750 0.4940031 0.02192222         0    0.38   0.17      0.45
521  1.00000000 0.4940031 0.02192222         0    0.38   0.17      0.45
522  1.00000000 0.4940031 0.02192222         0    0.38   0.17      0.45
523  0.18359375 0.4940031 0.02192222         0    0.38   0.17      0.45
524  1.00000000 0.4940031 0.02192222         0    0.38   0.17      0.45
525  1.00000000 0.4940031 0.02192222         0    0.38   0.17      0.45
526  1.00000000 0.4940031 0.02192222         0    0.38   0.17      0.45
527  0.34375000 0.4940031 0.02192222         0    0.38   0.17      0.45
528  0.08593750 0.4940031 0.02192222         0    0.38   0.17      0.45
529  0.17187500 0.4940031 0.02192222         0    0.38   0.17      0.45
530  0.08984375 0.4940031 0.02192222         0    0.38   0.17      0.45
531  0.10937500 0.4940031 0.02192222         0    0.38   0.17      0.45
532  0.06640625 0.4940031 0.02192222         0    0.38   0.17      0.45
533  0.14843750 0.4940031 0.02192222         0    0.38   0.17      0.45
534  1.00000000 0.4940031 0.02192222         0    0.38   0.17      0.45
535  0.03515625 0.4940031 0.02192222         0    0.38   0.17      0.45
536  0.21484375 0.4940031 0.02192222         0    0.38   0.17      0.45
537  1.00000000 0.4940031 0.02192222         0    0.38   0.17      0.45
538  1.00000000 0.4940031 0.02192222         0    0.38   0.17      0.45
539  0.33593750 0.4940031 0.02192222         0    0.38   0.17      0.45
540  0.11328125 0.4940031 0.02192222         0    0.38   0.17      0.45
541  1.00000000 0.4940031 0.02192222         0    0.38   0.17      0.45
542  1.00000000 0.4940031 0.02192222         0    0.38   0.17      0.45
543  0.04687500 0.4940031 0.02192222         0    0.38   0.17      0.45
544  0.19531250 0.4940031 0.02192222         0    0.38   0.17      0.45
545  1.00000000 0.4940031 0.02192222         0    0.38   0.17      0.45
546  1.00000000 0.4940031 0.02192222         0    0.38   0.17      0.45
547  0.07421875 0.4940031 0.02192222         0    0.38   0.17      0.45
548  1.00000000 0.4940031 0.02192222         0    0.38   0.17      0.45
549  1.00000000 0.4940031 0.02192222         0    0.38   0.17      0.45
550  0.17968750 0.4940031 0.02192222         0    0.38   0.17      0.45
551  1.00000000 0.4940031 0.02192222         0    0.38   0.17      0.45
552  0.25781250 0.4940031 0.02192222         0    0.38   0.17      0.45
553  1.00000000 0.4940031 0.02192222         0    0.38   0.17      0.45
554  0.05468750 0.4940031 0.02192222         0    0.38   0.17      0.45
555  1.00000000 0.4940031 0.02192222         0    0.38   0.17      0.45
556  1.00000000 0.4940031 0.02192222         0    0.38   0.17      0.45
557  1.00000000 0.4940031 0.02192222         0    0.38   0.17      0.45
558  1.00000000 0.4940031 0.02192222         0    0.38   0.17      0.45
559  0.05859375 0.4940031 0.02192222         0    0.38   0.17      0.45
560  1.00000000 0.4940031 0.02192222         0    0.38   0.17      0.45
561  1.00000000 0.4940031 0.02192222         0    0.38   0.17      0.45
562  0.10156250 0.4940031 0.02192222         0    0.38   0.17      0.45
563  0.17187500 0.4940031 0.02192222         0    0.38   0.17      0.45
564  1.00000000 0.4940031 0.02192222         0    0.38   0.17      0.45
565  0.24218750 0.4940031 0.02192222         0    0.38   0.17      0.45
566  1.00000000 0.4940031 0.02192222         0    0.38   0.17      0.45
567  0.31250000 0.4940031 0.02192222         0    0.38   0.17      0.45
568  0.13671875 0.4940031 0.02192222         0    0.38   0.17      0.45
569  1.00000000 0.4940031 0.02192222         0    0.38   0.17      0.45
570  0.09375000 0.4940031 0.02192222         0    0.38   0.17      0.45
571  0.14453125 0.4940031 0.02192222         0    0.38   0.17      0.45
572  0.12890625 0.4940031 0.02192222         0    0.38   0.17      0.45
573  0.07421875 0.4940031 0.02192222         0    0.38   0.17      0.45
574  0.07812500 0.4940031 0.02192222         0    0.38   0.17      0.45
575  1.00000000 0.4940031 0.02192222         0    0.38   0.17      0.45
576  1.00000000 0.4940031 0.02192222         0    0.38   0.17      0.45
577  1.00000000 0.4940031 0.02192222         0    0.38   0.17      0.45
578  1.00000000 0.4940031 0.02192222         0    0.38   0.17      0.45
579  0.11718750 0.4940031 0.02192222         0    0.38   0.17      0.45
580  0.21093750 0.4940031 0.02192222         0    0.38   0.17      0.45
581  1.00000000 0.4940031 0.02192222         0    0.38   0.17      0.45
582  1.00000000 0.4940031 0.02192222         0    0.38   0.17      0.45
583  0.09375000 0.4940031 0.02192222         0    0.38   0.17      0.45
584  0.14843750 0.4940031 0.02192222         0    0.38   0.17      0.45
585  0.08984375 0.4940031 0.02192222         0    0.38   0.17      0.45
586  0.22265625 0.4940031 0.02192222         0    0.38   0.17      0.45
587  1.00000000 0.4940031 0.02192222         0    0.38   0.17      0.45
588  1.00000000 0.4940031 0.02192222         0    0.38   0.17      0.45
589  1.00000000 0.4940031 0.02192222         0    0.38   0.17      0.45
590  0.05468750 0.4940031 0.02192222         0    0.38   0.17      0.45
591  0.25000000 0.4940031 0.02192222         0    0.38   0.17      0.45
592  1.00000000 0.4940031 0.02192222         0    0.38   0.17      0.45
593  0.21093750 0.4940031 0.02192222         0    0.38   0.17      0.45
594  0.05859375 0.4940031 0.02192222         0    0.38   0.17      0.45
595  0.35546875 0.4940031 0.02192222         0    0.38   0.17      0.45
596  0.51562500 0.4940031 0.02192222         0    0.38   0.17      0.45
597  1.00000000 0.4940031 0.02192222         0    0.38   0.17      0.45
598  1.00000000 0.4940031 0.02192222         0    0.38   0.17      0.45
599  1.00000000 0.4940031 0.02192222         0    0.38   0.17      0.45
600  1.00000000 0.4940031 0.02192222         0    0.38   0.17      0.45
601  0.14453125 0.3089643 0.02507322         0    0.45   0.17      0.38
602  0.07421875 0.3089643 0.02507322         0    0.45   0.17      0.38
603  1.00000000 0.3089643 0.02507322         0    0.45   0.17      0.38
604  0.15625000 0.3089643 0.02507322         0    0.45   0.17      0.38
605  1.00000000 0.3089643 0.02507322         0    0.45   0.17      0.38
606  0.19531250 0.3089643 0.02507322         0    0.45   0.17      0.38
607  0.10937500 0.3089643 0.02507322         0    0.45   0.17      0.38
608  0.19140625 0.3089643 0.02507322         0    0.45   0.17      0.38
609  0.09765625 0.3089643 0.02507322         0    0.45   0.17      0.38
610  0.25390625 0.3089643 0.02507322         0    0.45   0.17      0.38
611  1.00000000 0.3089643 0.02507322         0    0.45   0.17      0.38
612  0.48046875 0.3089643 0.02507322         0    0.45   0.17      0.38
613  0.10546875 0.3089643 0.02507322         0    0.45   0.17      0.38
614  0.21875000 0.3089643 0.02507322         0    0.45   0.17      0.38
615  1.00000000 0.3089643 0.02507322         0    0.45   0.17      0.38
616  1.00000000 0.3089643 0.02507322         0    0.45   0.17      0.38
617  0.07812500 0.3089643 0.02507322         0    0.45   0.17      0.38
618  0.17578125 0.3089643 0.02507322         0    0.45   0.17      0.38
619  0.09765625 0.3089643 0.02507322         0    0.45   0.17      0.38
620  1.00000000 0.3089643 0.02507322         0    0.45   0.17      0.38
621  0.28125000 0.3089643 0.02507322         0    0.45   0.17      0.38
622  1.00000000 0.3089643 0.02507322         0    0.45   0.17      0.38
623  0.35156250 0.3089643 0.02507322         0    0.45   0.17      0.38
624  1.00000000 0.3089643 0.02507322         0    0.45   0.17      0.38
625  1.00000000 0.3089643 0.02507322         0    0.45   0.17      0.38
626  1.00000000 0.3089643 0.02507322         0    0.45   0.17      0.38
627  0.41406250 0.3089643 0.02507322         0    0.45   0.17      0.38
628  1.00000000 0.3089643 0.02507322         0    0.45   0.17      0.38
629  1.00000000 0.3089643 0.02507322         0    0.45   0.17      0.38
630  0.06250000 0.3089643 0.02507322         0    0.45   0.17      0.38
631  0.39062500 0.3089643 0.02507322         0    0.45   0.17      0.38
632  0.23046875 0.3089643 0.02507322         0    0.45   0.17      0.38
633  0.51171875 0.3089643 0.02507322         0    0.45   0.17      0.38
634  0.10156250 0.3089643 0.02507322         0    0.45   0.17      0.38
635  0.78906250 0.3089643 0.02507322         0    0.45   0.17      0.38
636  1.00000000 0.3089643 0.02507322         0    0.45   0.17      0.38
637  0.16406250 0.3089643 0.02507322         0    0.45   0.17      0.38
638  0.10546875 0.3089643 0.02507322         0    0.45   0.17      0.38
639  0.55468750 0.3089643 0.02507322         0    0.45   0.17      0.38
640  0.07812500 0.3089643 0.02507322         0    0.45   0.17      0.38
641  0.14843750 0.3089643 0.02507322         0    0.45   0.17      0.38
642  0.10546875 0.3089643 0.02507322         0    0.45   0.17      0.38
643  1.00000000 0.3089643 0.02507322         0    0.45   0.17      0.38
644  1.00000000 0.3089643 0.02507322         0    0.45   0.17      0.38
645  0.17968750 0.3089643 0.02507322         0    0.45   0.17      0.38
646  1.00000000 0.3089643 0.02507322         0    0.45   0.17      0.38
647  0.55859375 0.3089643 0.02507322         0    0.45   0.17      0.38
648  0.25781250 0.3089643 0.02507322         0    0.45   0.17      0.38
649  0.09765625 0.3089643 0.02507322         0    0.45   0.17      0.38
650  0.16015625 0.3089643 0.02507322         0    0.45   0.17      0.38
651  1.00000000 0.3089643 0.02507322         0    0.45   0.17      0.38
652  1.00000000 0.3089643 0.02507322         0    0.45   0.17      0.38
653  0.06250000 0.3089643 0.02507322         0    0.45   0.17      0.38
654  0.08203125 0.3089643 0.02507322         0    0.45   0.17      0.38
655  0.20312500 0.3089643 0.02507322         0    0.45   0.17      0.38
656  1.00000000 0.3089643 0.02507322         0    0.45   0.17      0.38
657  1.00000000 0.3089643 0.02507322         0    0.45   0.17      0.38
658  0.23828125 0.3089643 0.02507322         0    0.45   0.17      0.38
659  0.15234375 0.3089643 0.02507322         0    0.45   0.17      0.38
660  0.13671875 0.3089643 0.02507322         0    0.45   0.17      0.38
661  0.09765625 0.3089643 0.02507322         0    0.45   0.17      0.38
662  0.17187500 0.3089643 0.02507322         0    0.45   0.17      0.38
663  0.05078125 0.3089643 0.02507322         0    0.45   0.17      0.38
664  1.00000000 0.3089643 0.02507322         0    0.45   0.17      0.38
665  0.14453125 0.3089643 0.02507322         0    0.45   0.17      0.38
666  1.00000000 0.3089643 0.02507322         0    0.45   0.17      0.38
667  0.19140625 0.3089643 0.02507322         0    0.45   0.17      0.38
668  0.55468750 0.3089643 0.02507322         0    0.45   0.17      0.38
669  1.00000000 0.3089643 0.02507322         0    0.45   0.17      0.38
670  1.00000000 0.3089643 0.02507322         0    0.45   0.17      0.38
671  0.06640625 0.3089643 0.02507322         0    0.45   0.17      0.38
672  0.17968750 0.3089643 0.02507322         0    0.45   0.17      0.38
673  0.07812500 0.3089643 0.02507322         0    0.45   0.17      0.38
674  0.24609375 0.3089643 0.02507322         0    0.45   0.17      0.38
675  0.33984375 0.3089643 0.02507322         0    0.45   0.17      0.38
676  0.09375000 0.3089643 0.02507322         0    0.45   0.17      0.38
677  1.00000000 0.3089643 0.02507322         0    0.45   0.17      0.38
678  0.21093750 0.3089643 0.02507322         0    0.45   0.17      0.38
679  1.00000000 0.3089643 0.02507322         0    0.45   0.17      0.38
680  0.08203125 0.3089643 0.02507322         0    0.45   0.17      0.38
681  1.00000000 0.3089643 0.02507322         0    0.45   0.17      0.38
682  0.11718750 0.3089643 0.02507322         0    0.45   0.17      0.38
683  0.19531250 0.3089643 0.02507322         0    0.45   0.17      0.38
684  1.00000000 0.3089643 0.02507322         0    0.45   0.17      0.38
685  1.00000000 0.3089643 0.02507322         0    0.45   0.17      0.38
686  1.00000000 0.3089643 0.02507322         0    0.45   0.17      0.38
687  0.05078125 0.3089643 0.02507322         0    0.45   0.17      0.38
688  0.35156250 0.3089643 0.02507322         0    0.45   0.17      0.38
689  0.16796875 0.3089643 0.02507322         0    0.45   0.17      0.38
690  1.00000000 0.3089643 0.02507322         0    0.45   0.17      0.38
691  0.07421875 0.3089643 0.02507322         0    0.45   0.17      0.38
692  0.04296875 0.3089643 0.02507322         0    0.45   0.17      0.38
693  0.29296875 0.3089643 0.02507322         0    0.45   0.17      0.38
694  1.00000000 0.3089643 0.02507322         0    0.45   0.17      0.38
695  0.07421875 0.3089643 0.02507322         0    0.45   0.17      0.38
696  0.23828125 0.3089643 0.02507322         0    0.45   0.17      0.38
697  1.00000000 0.3089643 0.02507322         0    0.45   0.17      0.38
698  1.00000000 0.3089643 0.02507322         0    0.45   0.17      0.38
699  1.00000000 0.3089643 0.02507322         0    0.45   0.17      0.38
700  1.00000000 0.3089643 0.02507322         0    0.45   0.17      0.38
701  1.00000000 0.2852675 0.01842054         0    0.49   0.16      0.35
702  1.00000000 0.2852675 0.01842054         0    0.49   0.16      0.35
703  0.12500000 0.2852675 0.01842054         0    0.49   0.16      0.35
704  0.05468750 0.2852675 0.01842054         0    0.49   0.16      0.35
705  0.13671875 0.2852675 0.01842054         0    0.49   0.16      0.35
706  1.00000000 0.2852675 0.01842054         0    0.49   0.16      0.35
707  0.03515625 0.2852675 0.01842054         0    0.49   0.16      0.35
708  0.10546875 0.2852675 0.01842054         0    0.49   0.16      0.35
709  0.27343750 0.2852675 0.01842054         0    0.49   0.16      0.35
710  0.01562500 0.2852675 0.01842054         0    0.49   0.16      0.35
711  0.16015625 0.2852675 0.01842054         0    0.49   0.16      0.35
712  0.28125000 0.2852675 0.01842054         0    0.49   0.16      0.35
713  0.11328125 0.2852675 0.01842054         0    0.49   0.16      0.35
714  1.00000000 0.2852675 0.01842054         0    0.49   0.16      0.35
715  0.28906250 0.2852675 0.01842054         0    0.49   0.16      0.35
716  0.12890625 0.2852675 0.01842054         0    0.49   0.16      0.35
717  0.18750000 0.2852675 0.01842054         0    0.49   0.16      0.35
718  0.06640625 0.2852675 0.01842054         0    0.49   0.16      0.35
719  0.09765625 0.2852675 0.01842054         0    0.49   0.16      0.35
720  0.16796875 0.2852675 0.01842054         0    0.49   0.16      0.35
721  1.00000000 0.2852675 0.01842054         0    0.49   0.16      0.35
722  0.15234375 0.2852675 0.01842054         0    0.49   0.16      0.35
723  1.00000000 0.2852675 0.01842054         0    0.49   0.16      0.35
724  0.19531250 0.2852675 0.01842054         0    0.49   0.16      0.35
725  0.10546875 0.2852675 0.01842054         0    0.49   0.16      0.35
726  1.00000000 0.2852675 0.01842054         0    0.49   0.16      0.35
727  0.03906250 0.2852675 0.01842054         0    0.49   0.16      0.35
728  1.00000000 0.2852675 0.01842054         0    0.49   0.16      0.35
729  1.00000000 0.2852675 0.01842054         0    0.49   0.16      0.35
730  1.00000000 0.2852675 0.01842054         0    0.49   0.16      0.35
731  0.17187500 0.2852675 0.01842054         0    0.49   0.16      0.35
732  0.18359375 0.2852675 0.01842054         0    0.49   0.16      0.35
733  0.65625000 0.2852675 0.01842054         0    0.49   0.16      0.35
734  0.33203125 0.2852675 0.01842054         0    0.49   0.16      0.35
735  0.19921875 0.2852675 0.01842054         0    0.49   0.16      0.35
736  0.19140625 0.2852675 0.01842054         0    0.49   0.16      0.35
737  0.16406250 0.2852675 0.01842054         0    0.49   0.16      0.35
738  0.24609375 0.2852675 0.01842054         0    0.49   0.16      0.35
739  0.34375000 0.2852675 0.01842054         0    0.49   0.16      0.35
740  0.08203125 0.2852675 0.01842054         0    0.49   0.16      0.35
741  1.00000000 0.2852675 0.01842054         0    0.49   0.16      0.35
742  0.08984375 0.2852675 0.01842054         0    0.49   0.16      0.35
743  0.05078125 0.2852675 0.01842054         0    0.49   0.16      0.35
744  0.03906250 0.2852675 0.01842054         0    0.49   0.16      0.35
745  0.16406250 0.2852675 0.01842054         0    0.49   0.16      0.35
746  0.12109375 0.2852675 0.01842054         0    0.49   0.16      0.35
747  1.00000000 0.2852675 0.01842054         0    0.49   0.16      0.35
748  1.00000000 0.2852675 0.01842054         0    0.49   0.16      0.35
749  0.13281250 0.2852675 0.01842054         0    0.49   0.16      0.35
750  1.00000000 0.2852675 0.01842054         0    0.49   0.16      0.35
751  1.00000000 0.2852675 0.01842054         0    0.49   0.16      0.35
752  0.28515625 0.2852675 0.01842054         0    0.49   0.16      0.35
753  0.10546875 0.2852675 0.01842054         0    0.49   0.16      0.35
754  1.00000000 0.2852675 0.01842054         0    0.49   0.16      0.35
755  0.03125000 0.2852675 0.01842054         0    0.49   0.16      0.35
756  1.00000000 0.2852675 0.01842054         0    0.49   0.16      0.35
757  0.06640625 0.2852675 0.01842054         0    0.49   0.16      0.35
758  1.00000000 0.2852675 0.01842054         0    0.49   0.16      0.35
759  0.07031250 0.2852675 0.01842054         0    0.49   0.16      0.35
760  1.00000000 0.2852675 0.01842054         0    0.49   0.16      0.35
761  0.10546875 0.2852675 0.01842054         0    0.49   0.16      0.35
762  0.04687500 0.2852675 0.01842054         0    0.49   0.16      0.35
763  0.15625000 0.2852675 0.01842054         0    0.49   0.16      0.35
764  1.00000000 0.2852675 0.01842054         0    0.49   0.16      0.35
765  0.26953125 0.2852675 0.01842054         0    0.49   0.16      0.35
766  0.09765625 0.2852675 0.01842054         0    0.49   0.16      0.35
767  0.09765625 0.2852675 0.01842054         0    0.49   0.16      0.35
768  1.00000000 0.2852675 0.01842054         0    0.49   0.16      0.35
769  0.10156250 0.2852675 0.01842054         0    0.49   0.16      0.35
770  0.12109375 0.2852675 0.01842054         0    0.49   0.16      0.35
771  0.03906250 0.2852675 0.01842054         0    0.49   0.16      0.35
772  0.12500000 0.2852675 0.01842054         0    0.49   0.16      0.35
773  1.00000000 0.2852675 0.01842054         0    0.49   0.16      0.35
774  0.13671875 0.2852675 0.01842054         0    0.49   0.16      0.35
775  0.07812500 0.2852675 0.01842054         0    0.49   0.16      0.35
776  1.00000000 0.2852675 0.01842054         0    0.49   0.16      0.35
777  0.19140625 0.2852675 0.01842054         0    0.49   0.16      0.35
778  0.16015625 0.2852675 0.01842054         0    0.49   0.16      0.35
779  1.00000000 0.2852675 0.01842054         0    0.49   0.16      0.35
780  0.11718750 0.2852675 0.01842054         0    0.49   0.16      0.35
781  1.00000000 0.2852675 0.01842054         0    0.49   0.16      0.35
782  0.09375000 0.2852675 0.01842054         0    0.49   0.16      0.35
783  1.00000000 0.2852675 0.01842054         0    0.49   0.16      0.35
784  0.10546875 0.2852675 0.01842054         0    0.49   0.16      0.35
785  0.09765625 0.2852675 0.01842054         0    0.49   0.16      0.35
786  0.16796875 0.2852675 0.01842054         0    0.49   0.16      0.35
787  0.12890625 0.2852675 0.01842054         0    0.49   0.16      0.35
788  0.08203125 0.2852675 0.01842054         0    0.49   0.16      0.35
789  0.03125000 0.2852675 0.01842054         0    0.49   0.16      0.35
790  0.07421875 0.2852675 0.01842054         0    0.49   0.16      0.35
791  0.05859375 0.2852675 0.01842054         0    0.49   0.16      0.35
792  1.00000000 0.2852675 0.01842054         0    0.49   0.16      0.35
793  1.00000000 0.2852675 0.01842054         0    0.49   0.16      0.35
794  1.00000000 0.2852675 0.01842054         0    0.49   0.16      0.35
795  1.00000000 0.2852675 0.01842054         0    0.49   0.16      0.35
796  1.00000000 0.2852675 0.01842054         0    0.49   0.16      0.35
797  0.13281250 0.2852675 0.01842054         0    0.49   0.16      0.35
798  0.04296875 0.2852675 0.01842054         0    0.49   0.16      0.35
799  0.17578125 0.2852675 0.01842054         0    0.49   0.16      0.35
800  0.22265625 0.2852675 0.01842054         0    0.49   0.16      0.35
801  0.26562500 0.3556265 0.01262109         0    0.49   0.15      0.36
802  1.00000000 0.3556265 0.01262109         0    0.49   0.15      0.36
803  1.00000000 0.3556265 0.01262109         0    0.49   0.15      0.36
804  0.02734375 0.3556265 0.01262109         0    0.49   0.15      0.36
805  1.00000000 0.3556265 0.01262109         0    0.49   0.15      0.36
806  0.16796875 0.3556265 0.01262109         0    0.49   0.15      0.36
807  0.01953125 0.3556265 0.01262109         0    0.49   0.15      0.36
808  0.03906250 0.3556265 0.01262109         0    0.49   0.15      0.36
809  0.35156250 0.3556265 0.01262109         0    0.49   0.15      0.36
810  0.07031250 0.3556265 0.01262109         0    0.49   0.15      0.36
811  1.00000000 0.3556265 0.01262109         0    0.49   0.15      0.36
812  0.32031250 0.3556265 0.01262109         0    0.49   0.15      0.36
813  1.00000000 0.3556265 0.01262109         0    0.49   0.15      0.36
814  1.00000000 0.3556265 0.01262109         0    0.49   0.15      0.36
815  0.16796875 0.3556265 0.01262109         0    0.49   0.15      0.36
816  0.10156250 0.3556265 0.01262109         0    0.49   0.15      0.36
817  0.05078125 0.3556265 0.01262109         0    0.49   0.15      0.36
818  0.09765625 0.3556265 0.01262109         0    0.49   0.15      0.36
819  1.00000000 0.3556265 0.01262109         0    0.49   0.15      0.36
820  0.05859375 0.3556265 0.01262109         0    0.49   0.15      0.36
821  0.07031250 0.3556265 0.01262109         0    0.49   0.15      0.36
822  1.00000000 0.3556265 0.01262109         0    0.49   0.15      0.36
823  1.00000000 0.3556265 0.01262109         0    0.49   0.15      0.36
824  0.06640625 0.3556265 0.01262109         0    0.49   0.15      0.36
825  1.00000000 0.3556265 0.01262109         0    0.49   0.15      0.36
826  1.00000000 0.3556265 0.01262109         0    0.49   0.15      0.36
827  1.00000000 0.3556265 0.01262109         0    0.49   0.15      0.36
828  0.10156250 0.3556265 0.01262109         0    0.49   0.15      0.36
829  0.02343750 0.3556265 0.01262109         0    0.49   0.15      0.36
830  0.07812500 0.3556265 0.01262109         0    0.49   0.15      0.36
831  1.00000000 0.3556265 0.01262109         0    0.49   0.15      0.36
832  1.00000000 0.3556265 0.01262109         0    0.49   0.15      0.36
833  0.02343750 0.3556265 0.01262109         0    0.49   0.15      0.36
834  0.18359375 0.3556265 0.01262109         0    0.49   0.15      0.36
835  1.00000000 0.3556265 0.01262109         0    0.49   0.15      0.36
836  1.00000000 0.3556265 0.01262109         0    0.49   0.15      0.36
837  0.03906250 0.3556265 0.01262109         0    0.49   0.15      0.36
838  0.06250000 0.3556265 0.01262109         0    0.49   0.15      0.36
839  0.14843750 0.3556265 0.01262109         0    0.49   0.15      0.36
840  0.02734375 0.3556265 0.01262109         0    0.49   0.15      0.36
841  0.07031250 0.3556265 0.01262109         0    0.49   0.15      0.36
842  1.00000000 0.3556265 0.01262109         0    0.49   0.15      0.36
843  0.09375000 0.3556265 0.01262109         0    0.49   0.15      0.36
844  0.03906250 0.3556265 0.01262109         0    0.49   0.15      0.36
845  0.12500000 0.3556265 0.01262109         0    0.49   0.15      0.36
846  0.14843750 0.3556265 0.01262109         0    0.49   0.15      0.36
847  0.01953125 0.3556265 0.01262109         0    0.49   0.15      0.36
848  1.00000000 0.3556265 0.01262109         0    0.49   0.15      0.36
849  0.08203125 0.3556265 0.01262109         0    0.49   0.15      0.36
850  0.00781250 0.3556265 0.01262109         0    0.49   0.15      0.36
851  0.03515625 0.3556265 0.01262109         0    0.49   0.15      0.36
852  1.00000000 0.3556265 0.01262109         0    0.49   0.15      0.36
853  0.01953125 0.3556265 0.01262109         0    0.49   0.15      0.36
854  1.00000000 0.3556265 0.01262109         0    0.49   0.15      0.36
855  0.05468750 0.3556265 0.01262109         0    0.49   0.15      0.36
856  1.00000000 0.3556265 0.01262109         0    0.49   0.15      0.36
857  0.03906250 0.3556265 0.01262109         0    0.49   0.15      0.36
858  0.09375000 0.3556265 0.01262109         0    0.49   0.15      0.36
859  1.00000000 0.3556265 0.01262109         0    0.49   0.15      0.36
860  0.18359375 0.3556265 0.01262109         0    0.49   0.15      0.36
861  0.07812500 0.3556265 0.01262109         0    0.49   0.15      0.36
862  0.05468750 0.3556265 0.01262109         0    0.49   0.15      0.36
863  0.10546875 0.3556265 0.01262109         0    0.49   0.15      0.36
864  0.16406250 0.3556265 0.01262109         0    0.49   0.15      0.36
865  0.10156250 0.3556265 0.01262109         0    0.49   0.15      0.36
866  0.01953125 0.3556265 0.01262109         0    0.49   0.15      0.36
867  0.08984375 0.3556265 0.01262109         0    0.49   0.15      0.36
868  1.00000000 0.3556265 0.01262109         0    0.49   0.15      0.36
869  0.02734375 0.3556265 0.01262109         0    0.49   0.15      0.36
870  0.04296875 0.3556265 0.01262109         0    0.49   0.15      0.36
871  0.00000000 0.3556265 0.01262109         0    0.49   0.15      0.36
872  0.03906250 0.3556265 0.01262109         0    0.49   0.15      0.36
873  1.00000000 0.3556265 0.01262109         0    0.49   0.15      0.36
874  1.00000000 0.3556265 0.01262109         0    0.49   0.15      0.36
875  0.75781250 0.3556265 0.01262109         0    0.49   0.15      0.36
876  0.04296875 0.3556265 0.01262109         0    0.49   0.15      0.36
877  1.00000000 0.3556265 0.01262109         0    0.49   0.15      0.36
878  1.00000000 0.3556265 0.01262109         0    0.49   0.15      0.36
879  0.04687500 0.3556265 0.01262109         0    0.49   0.15      0.36
880  1.00000000 0.3556265 0.01262109         0    0.49   0.15      0.36
881  0.07031250 0.3556265 0.01262109         0    0.49   0.15      0.36
882  0.17968750 0.3556265 0.01262109         0    0.49   0.15      0.36
883  1.00000000 0.3556265 0.01262109         0    0.49   0.15      0.36
884  1.00000000 0.3556265 0.01262109         0    0.49   0.15      0.36
885  0.15625000 0.3556265 0.01262109         0    0.49   0.15      0.36
886  1.00000000 0.3556265 0.01262109         0    0.49   0.15      0.36
887  0.09765625 0.3556265 0.01262109         0    0.49   0.15      0.36
888  0.08203125 0.3556265 0.01262109         0    0.49   0.15      0.36
889  0.19531250 0.3556265 0.01262109         0    0.49   0.15      0.36
890  0.06640625 0.3556265 0.01262109         0    0.49   0.15      0.36
891  0.18750000 0.3556265 0.01262109         0    0.49   0.15      0.36
892  1.00000000 0.3556265 0.01262109         0    0.49   0.15      0.36
893  0.62890625 0.3556265 0.01262109         0    0.49   0.15      0.36
894  0.09375000 0.3556265 0.01262109         0    0.49   0.15      0.36
895  1.00000000 0.3556265 0.01262109         0    0.49   0.15      0.36
896  1.00000000 0.3556265 0.01262109         0    0.49   0.15      0.36
897  0.06640625 0.3556265 0.01262109         0    0.49   0.15      0.36
898  1.00000000 0.3556265 0.01262109         0    0.49   0.15      0.36
899  0.11328125 0.3556265 0.01262109         0    0.49   0.15      0.36
900  1.00000000 0.3556265 0.01262109         0    0.49   0.15      0.36
901  0.37500000 0.3946651 0.03522440         0    0.37   0.25      0.38
902  0.57031250 0.3946651 0.03522440         0    0.37   0.25      0.38
903  0.10937500 0.3946651 0.03522440         0    0.37   0.25      0.38
904  0.36328125 0.3946651 0.03522440         0    0.37   0.25      0.38
905  0.19921875 0.3946651 0.03522440         0    0.37   0.25      0.38
906  1.00000000 0.3946651 0.03522440         0    0.37   0.25      0.38
907  0.12890625 0.3946651 0.03522440         0    0.37   0.25      0.38
908  1.00000000 0.3946651 0.03522440         0    0.37   0.25      0.38
909  0.35937500 0.3946651 0.03522440         0    0.37   0.25      0.38
910  0.27343750 0.3946651 0.03522440         0    0.37   0.25      0.38
911  1.00000000 0.3946651 0.03522440         0    0.37   0.25      0.38
912  1.00000000 0.3946651 0.03522440         0    0.37   0.25      0.38
913  1.00000000 0.3946651 0.03522440         0    0.37   0.25      0.38
914  1.00000000 0.3946651 0.03522440         0    0.37   0.25      0.38
915  0.30078125 0.3946651 0.03522440         0    0.37   0.25      0.38
916  0.18750000 0.3946651 0.03522440         0    0.37   0.25      0.38
917  0.16796875 0.3946651 0.03522440         0    0.37   0.25      0.38
918  1.00000000 0.3946651 0.03522440         0    0.37   0.25      0.38
919  0.37890625 0.3946651 0.03522440         0    0.37   0.25      0.38
920  0.17578125 0.3946651 0.03522440         0    0.37   0.25      0.38
921  0.34375000 0.3946651 0.03522440         0    0.37   0.25      0.38
922  1.00000000 0.3946651 0.03522440         0    0.37   0.25      0.38
923  1.00000000 0.3946651 0.03522440         0    0.37   0.25      0.38
924  0.30468750 0.3946651 0.03522440         0    0.37   0.25      0.38
925  0.35156250 0.3946651 0.03522440         0    0.37   0.25      0.38
926  0.32031250 0.3946651 0.03522440         0    0.37   0.25      0.38
927  0.17968750 0.3946651 0.03522440         0    0.37   0.25      0.38
928  1.00000000 0.3946651 0.03522440         0    0.37   0.25      0.38
929  0.51953125 0.3946651 0.03522440         0    0.37   0.25      0.38
930  0.35156250 0.3946651 0.03522440         0    0.37   0.25      0.38
931  0.28515625 0.3946651 0.03522440         0    0.37   0.25      0.38
932  1.00000000 0.3946651 0.03522440         0    0.37   0.25      0.38
933  1.00000000 0.3946651 0.03522440         0    0.37   0.25      0.38
934  0.25390625 0.3946651 0.03522440         0    0.37   0.25      0.38
935  0.58203125 0.3946651 0.03522440         0    0.37   0.25      0.38
936  1.00000000 0.3946651 0.03522440         0    0.37   0.25      0.38
937  0.25390625 0.3946651 0.03522440         0    0.37   0.25      0.38
938  0.35937500 0.3946651 0.03522440         0    0.37   0.25      0.38
939  0.22656250 0.3946651 0.03522440         0    0.37   0.25      0.38
940  0.07031250 0.3946651 0.03522440         0    0.37   0.25      0.38
941  0.43750000 0.3946651 0.03522440         0    0.37   0.25      0.38
942  1.00000000 0.3946651 0.03522440         0    0.37   0.25      0.38
943  1.00000000 0.3946651 0.03522440         0    0.37   0.25      0.38
944  0.15234375 0.3946651 0.03522440         0    0.37   0.25      0.38
945  1.00000000 0.3946651 0.03522440         0    0.37   0.25      0.38
946  0.66796875 0.3946651 0.03522440         0    0.37   0.25      0.38
947  0.39843750 0.3946651 0.03522440         0    0.37   0.25      0.38
948  0.31640625 0.3946651 0.03522440         0    0.37   0.25      0.38
949  1.00000000 0.3946651 0.03522440         0    0.37   0.25      0.38
950  0.23046875 0.3946651 0.03522440         0    0.37   0.25      0.38
951  1.00000000 0.3946651 0.03522440         0    0.37   0.25      0.38
952  0.09375000 0.3946651 0.03522440         0    0.37   0.25      0.38
953  0.36328125 0.3946651 0.03522440         0    0.37   0.25      0.38
954  1.00000000 0.3946651 0.03522440         0    0.37   0.25      0.38
955  1.00000000 0.3946651 0.03522440         0    0.37   0.25      0.38
956  1.00000000 0.3946651 0.03522440         0    0.37   0.25      0.38
957  1.00000000 0.3946651 0.03522440         0    0.37   0.25      0.38
958  0.10937500 0.3946651 0.03522440         0    0.37   0.25      0.38
959  1.00000000 0.3946651 0.03522440         0    0.37   0.25      0.38
960  1.00000000 0.3946651 0.03522440         0    0.37   0.25      0.38
961  0.13281250 0.3946651 0.03522440         0    0.37   0.25      0.38
962  0.07031250 0.3946651 0.03522440         0    0.37   0.25      0.38
963  0.35156250 0.3946651 0.03522440         0    0.37   0.25      0.38
964  0.20312500 0.3946651 0.03522440         0    0.37   0.25      0.38
965  0.13671875 0.3946651 0.03522440         0    0.37   0.25      0.38
966  0.27343750 0.3946651 0.03522440         0    0.37   0.25      0.38
967  0.13671875 0.3946651 0.03522440         0    0.37   0.25      0.38
968  1.00000000 0.3946651 0.03522440         0    0.37   0.25      0.38
969  1.00000000 0.3946651 0.03522440         0    0.37   0.25      0.38
970  0.11328125 0.3946651 0.03522440         0    0.37   0.25      0.38
971  0.19531250 0.3946651 0.03522440         0    0.37   0.25      0.38
972  0.25781250 0.3946651 0.03522440         0    0.37   0.25      0.38
973  0.10546875 0.3946651 0.03522440         0    0.37   0.25      0.38
974  0.56640625 0.3946651 0.03522440         0    0.37   0.25      0.38
975  1.00000000 0.3946651 0.03522440         0    0.37   0.25      0.38
976  0.25390625 0.3946651 0.03522440         0    0.37   0.25      0.38
977  1.00000000 0.3946651 0.03522440         0    0.37   0.25      0.38
978  1.00000000 0.3946651 0.03522440         0    0.37   0.25      0.38
979  1.00000000 0.3946651 0.03522440         0    0.37   0.25      0.38
980  0.17187500 0.3946651 0.03522440         0    0.37   0.25      0.38
981  1.00000000 0.3946651 0.03522440         0    0.37   0.25      0.38
982  0.29296875 0.3946651 0.03522440         0    0.37   0.25      0.38
983  0.48437500 0.3946651 0.03522440         0    0.37   0.25      0.38
984  0.21093750 0.3946651 0.03522440         0    0.37   0.25      0.38
985  0.15625000 0.3946651 0.03522440         0    0.37   0.25      0.38
986  0.23046875 0.3946651 0.03522440         0    0.37   0.25      0.38
987  0.18359375 0.3946651 0.03522440         0    0.37   0.25      0.38
988  0.66796875 0.3946651 0.03522440         0    0.37   0.25      0.38
989  0.31250000 0.3946651 0.03522440         0    0.37   0.25      0.38
990  0.14453125 0.3946651 0.03522440         0    0.37   0.25      0.38
991  0.41406250 0.3946651 0.03522440         0    0.37   0.25      0.38
992  0.63671875 0.3946651 0.03522440         0    0.37   0.25      0.38
993  0.39453125 0.3946651 0.03522440         0    0.37   0.25      0.38
994  1.00000000 0.3946651 0.03522440         0    0.37   0.25      0.38
995  0.55468750 0.3946651 0.03522440         0    0.37   0.25      0.38
996  0.14843750 0.3946651 0.03522440         0    0.37   0.25      0.38
997  0.58203125 0.3946651 0.03522440         0    0.37   0.25      0.38
998  1.00000000 0.3946651 0.03522440         0    0.37   0.25      0.38
999  0.14843750 0.3946651 0.03522440         0    0.37   0.25      0.38
1000 0.39843750 0.3946651 0.03522440         0    0.37   0.25      0.38
