      prop.aneu prob.meio  prob.mito dispersal euploid mosaic aneuploid
1    0.23437500 0.3587510 0.03049459         0    0.40   0.21      0.39
2    1.00000000 0.3587510 0.03049459         0    0.40   0.21      0.39
3    1.00000000 0.3587510 0.03049459         0    0.40   0.21      0.39
4    1.00000000 0.3587510 0.03049459         0    0.40   0.21      0.39
5    1.00000000 0.3587510 0.03049459         0    0.40   0.21      0.39
6    0.15625000 0.3587510 0.03049459         0    0.40   0.21      0.39
7    0.16796875 0.3587510 0.03049459         0    0.40   0.21      0.39
8    0.08593750 0.3587510 0.03049459         0    0.40   0.21      0.39
9    0.17187500 0.3587510 0.03049459         0    0.40   0.21      0.39
10   1.00000000 0.3587510 0.03049459         0    0.40   0.21      0.39
11   0.24218750 0.3587510 0.03049459         0    0.40   0.21      0.39
12   0.25000000 0.3587510 0.03049459         0    0.40   0.21      0.39
13   1.00000000 0.3587510 0.03049459         0    0.40   0.21      0.39
14   0.51171875 0.3587510 0.03049459         0    0.40   0.21      0.39
15   1.00000000 0.3587510 0.03049459         0    0.40   0.21      0.39
16   0.35156250 0.3587510 0.03049459         0    0.40   0.21      0.39
17   0.13671875 0.3587510 0.03049459         0    0.40   0.21      0.39
18   0.05468750 0.3587510 0.03049459         0    0.40   0.21      0.39
19   1.00000000 0.3587510 0.03049459         0    0.40   0.21      0.39
20   0.18359375 0.3587510 0.03049459         0    0.40   0.21      0.39
21   1.00000000 0.3587510 0.03049459         0    0.40   0.21      0.39
22   0.06250000 0.3587510 0.03049459         0    0.40   0.21      0.39
23   1.00000000 0.3587510 0.03049459         0    0.40   0.21      0.39
24   1.00000000 0.3587510 0.03049459         0    0.40   0.21      0.39
25   0.52734375 0.3587510 0.03049459         0    0.40   0.21      0.39
26   0.25781250 0.3587510 0.03049459         0    0.40   0.21      0.39
27   1.00000000 0.3587510 0.03049459         0    0.40   0.21      0.39
28   0.16796875 0.3587510 0.03049459         0    0.40   0.21      0.39
29   0.16015625 0.3587510 0.03049459         0    0.40   0.21      0.39
30   1.00000000 0.3587510 0.03049459         0    0.40   0.21      0.39
31   0.18750000 0.3587510 0.03049459         0    0.40   0.21      0.39
32   0.13671875 0.3587510 0.03049459         0    0.40   0.21      0.39
33   0.16015625 0.3587510 0.03049459         0    0.40   0.21      0.39
34   0.40625000 0.3587510 0.03049459         0    0.40   0.21      0.39
35   0.16406250 0.3587510 0.03049459         0    0.40   0.21      0.39
36   1.00000000 0.3587510 0.03049459         0    0.40   0.21      0.39
37   0.13671875 0.3587510 0.03049459         0    0.40   0.21      0.39
38   1.00000000 0.3587510 0.03049459         0    0.40   0.21      0.39
39   0.09765625 0.3587510 0.03049459         0    0.40   0.21      0.39
40   0.32812500 0.3587510 0.03049459         0    0.40   0.21      0.39
41   0.14843750 0.3587510 0.03049459         0    0.40   0.21      0.39
42   1.00000000 0.3587510 0.03049459         0    0.40   0.21      0.39
43   0.08984375 0.3587510 0.03049459         0    0.40   0.21      0.39
44   0.09765625 0.3587510 0.03049459         0    0.40   0.21      0.39
45   0.07812500 0.3587510 0.03049459         0    0.40   0.21      0.39
46   0.28906250 0.3587510 0.03049459         0    0.40   0.21      0.39
47   0.12890625 0.3587510 0.03049459         0    0.40   0.21      0.39
48   0.08984375 0.3587510 0.03049459         0    0.40   0.21      0.39
49   0.13281250 0.3587510 0.03049459         0    0.40   0.21      0.39
50   0.32812500 0.3587510 0.03049459         0    0.40   0.21      0.39
51   0.40625000 0.3587510 0.03049459         0    0.40   0.21      0.39
52   1.00000000 0.3587510 0.03049459         0    0.40   0.21      0.39
53   0.17578125 0.3587510 0.03049459         0    0.40   0.21      0.39
54   0.12109375 0.3587510 0.03049459         0    0.40   0.21      0.39
55   1.00000000 0.3587510 0.03049459         0    0.40   0.21      0.39
56   0.20312500 0.3587510 0.03049459         0    0.40   0.21      0.39
57   0.39453125 0.3587510 0.03049459         0    0.40   0.21      0.39
58   1.00000000 0.3587510 0.03049459         0    0.40   0.21      0.39
59   0.10546875 0.3587510 0.03049459         0    0.40   0.21      0.39
60   0.20703125 0.3587510 0.03049459         0    0.40   0.21      0.39
61   1.00000000 0.3587510 0.03049459         0    0.40   0.21      0.39
62   0.30859375 0.3587510 0.03049459         0    0.40   0.21      0.39
63   0.09375000 0.3587510 0.03049459         0    0.40   0.21      0.39
64   1.00000000 0.3587510 0.03049459         0    0.40   0.21      0.39
65   0.15234375 0.3587510 0.03049459         0    0.40   0.21      0.39
66   0.11328125 0.3587510 0.03049459         0    0.40   0.21      0.39
67   0.19921875 0.3587510 0.03049459         0    0.40   0.21      0.39
68   1.00000000 0.3587510 0.03049459         0    0.40   0.21      0.39
69   0.18750000 0.3587510 0.03049459         0    0.40   0.21      0.39
70   1.00000000 0.3587510 0.03049459         0    0.40   0.21      0.39
71   1.00000000 0.3587510 0.03049459         0    0.40   0.21      0.39
72   1.00000000 0.3587510 0.03049459         0    0.40   0.21      0.39
73   0.28906250 0.3587510 0.03049459         0    0.40   0.21      0.39
74   0.13671875 0.3587510 0.03049459         0    0.40   0.21      0.39
75   1.00000000 0.3587510 0.03049459         0    0.40   0.21      0.39
76   0.14843750 0.3587510 0.03049459         0    0.40   0.21      0.39
77   0.19921875 0.3587510 0.03049459         0    0.40   0.21      0.39
78   0.40625000 0.3587510 0.03049459         0    0.40   0.21      0.39
79   0.31640625 0.3587510 0.03049459         0    0.40   0.21      0.39
80   0.25781250 0.3587510 0.03049459         0    0.40   0.21      0.39
81   0.10156250 0.3587510 0.03049459         0    0.40   0.21      0.39
82   1.00000000 0.3587510 0.03049459         0    0.40   0.21      0.39
83   0.30078125 0.3587510 0.03049459         0    0.40   0.21      0.39
84   0.13281250 0.3587510 0.03049459         0    0.40   0.21      0.39
85   1.00000000 0.3587510 0.03049459         0    0.40   0.21      0.39
86   0.12500000 0.3587510 0.03049459         0    0.40   0.21      0.39
87   0.38281250 0.3587510 0.03049459         0    0.40   0.21      0.39
88   1.00000000 0.3587510 0.03049459         0    0.40   0.21      0.39
89   0.17578125 0.3587510 0.03049459         0    0.40   0.21      0.39
90   1.00000000 0.3587510 0.03049459         0    0.40   0.21      0.39
91   0.23046875 0.3587510 0.03049459         0    0.40   0.21      0.39
92   0.08203125 0.3587510 0.03049459         0    0.40   0.21      0.39
93   0.17578125 0.3587510 0.03049459         0    0.40   0.21      0.39
94   0.25000000 0.3587510 0.03049459         0    0.40   0.21      0.39
95   0.17968750 0.3587510 0.03049459         0    0.40   0.21      0.39
96   0.20703125 0.3587510 0.03049459         0    0.40   0.21      0.39
97   0.38281250 0.3587510 0.03049459         0    0.40   0.21      0.39
98   0.26171875 0.3587510 0.03049459         0    0.40   0.21      0.39
99   0.32812500 0.3587510 0.03049459         0    0.40   0.21      0.39
100  0.53515625 0.3587510 0.03049459         0    0.40   0.21      0.39
101  0.10937500 0.3796958 0.02829486         0    0.40   0.17      0.43
102  0.07031250 0.3796958 0.02829486         0    0.40   0.17      0.43
103  0.14062500 0.3796958 0.02829486         0    0.40   0.17      0.43
104  0.59765625 0.3796958 0.02829486         0    0.40   0.17      0.43
105  0.31640625 0.3796958 0.02829486         0    0.40   0.17      0.43
106  1.00000000 0.3796958 0.02829486         0    0.40   0.17      0.43
107  0.19140625 0.3796958 0.02829486         0    0.40   0.17      0.43
108  0.16015625 0.3796958 0.02829486         0    0.40   0.17      0.43
109  1.00000000 0.3796958 0.02829486         0    0.40   0.17      0.43
110  0.06250000 0.3796958 0.02829486         0    0.40   0.17      0.43
111  0.19531250 0.3796958 0.02829486         0    0.40   0.17      0.43
112  0.26171875 0.3796958 0.02829486         0    0.40   0.17      0.43
113  0.14453125 0.3796958 0.02829486         0    0.40   0.17      0.43
114  0.04296875 0.3796958 0.02829486         0    0.40   0.17      0.43
115  0.09765625 0.3796958 0.02829486         0    0.40   0.17      0.43
116  1.00000000 0.3796958 0.02829486         0    0.40   0.17      0.43
117  1.00000000 0.3796958 0.02829486         0    0.40   0.17      0.43
118  0.13281250 0.3796958 0.02829486         0    0.40   0.17      0.43
119  0.14453125 0.3796958 0.02829486         0    0.40   0.17      0.43
120  0.10937500 0.3796958 0.02829486         0    0.40   0.17      0.43
121  0.16796875 0.3796958 0.02829486         0    0.40   0.17      0.43
122  0.13671875 0.3796958 0.02829486         0    0.40   0.17      0.43
123  0.12890625 0.3796958 0.02829486         0    0.40   0.17      0.43
124  0.04687500 0.3796958 0.02829486         0    0.40   0.17      0.43
125  1.00000000 0.3796958 0.02829486         0    0.40   0.17      0.43
126  1.00000000 0.3796958 0.02829486         0    0.40   0.17      0.43
127  1.00000000 0.3796958 0.02829486         0    0.40   0.17      0.43
128  1.00000000 0.3796958 0.02829486         0    0.40   0.17      0.43
129  1.00000000 0.3796958 0.02829486         0    0.40   0.17      0.43
130  0.09765625 0.3796958 0.02829486         0    0.40   0.17      0.43
131  0.16015625 0.3796958 0.02829486         0    0.40   0.17      0.43
132  0.35546875 0.3796958 0.02829486         0    0.40   0.17      0.43
133  1.00000000 0.3796958 0.02829486         0    0.40   0.17      0.43
134  1.00000000 0.3796958 0.02829486         0    0.40   0.17      0.43
135  0.11328125 0.3796958 0.02829486         0    0.40   0.17      0.43
136  1.00000000 0.3796958 0.02829486         0    0.40   0.17      0.43
137  0.08984375 0.3796958 0.02829486         0    0.40   0.17      0.43
138  1.00000000 0.3796958 0.02829486         0    0.40   0.17      0.43
139  0.22265625 0.3796958 0.02829486         0    0.40   0.17      0.43
140  1.00000000 0.3796958 0.02829486         0    0.40   0.17      0.43
141  1.00000000 0.3796958 0.02829486         0    0.40   0.17      0.43
142  1.00000000 0.3796958 0.02829486         0    0.40   0.17      0.43
143  0.07812500 0.3796958 0.02829486         0    0.40   0.17      0.43
144  0.59375000 0.3796958 0.02829486         0    0.40   0.17      0.43
145  0.22265625 0.3796958 0.02829486         0    0.40   0.17      0.43
146  0.23046875 0.3796958 0.02829486         0    0.40   0.17      0.43
147  1.00000000 0.3796958 0.02829486         0    0.40   0.17      0.43
148  0.07812500 0.3796958 0.02829486         0    0.40   0.17      0.43
149  1.00000000 0.3796958 0.02829486         0    0.40   0.17      0.43
150  0.08593750 0.3796958 0.02829486         0    0.40   0.17      0.43
151  0.12500000 0.3796958 0.02829486         0    0.40   0.17      0.43
152  0.11328125 0.3796958 0.02829486         0    0.40   0.17      0.43
153  0.11328125 0.3796958 0.02829486         0    0.40   0.17      0.43
154  0.12109375 0.3796958 0.02829486         0    0.40   0.17      0.43
155  1.00000000 0.3796958 0.02829486         0    0.40   0.17      0.43
156  1.00000000 0.3796958 0.02829486         0    0.40   0.17      0.43
157  0.16406250 0.3796958 0.02829486         0    0.40   0.17      0.43
158  0.17578125 0.3796958 0.02829486         0    0.40   0.17      0.43
159  1.00000000 0.3796958 0.02829486         0    0.40   0.17      0.43
160  0.23828125 0.3796958 0.02829486         0    0.40   0.17      0.43
161  1.00000000 0.3796958 0.02829486         0    0.40   0.17      0.43
162  1.00000000 0.3796958 0.02829486         0    0.40   0.17      0.43
163  1.00000000 0.3796958 0.02829486         0    0.40   0.17      0.43
164  0.28125000 0.3796958 0.02829486         0    0.40   0.17      0.43
165  0.11718750 0.3796958 0.02829486         0    0.40   0.17      0.43
166  1.00000000 0.3796958 0.02829486         0    0.40   0.17      0.43
167  1.00000000 0.3796958 0.02829486         0    0.40   0.17      0.43
168  0.54687500 0.3796958 0.02829486         0    0.40   0.17      0.43
169  0.10937500 0.3796958 0.02829486         0    0.40   0.17      0.43
170  1.00000000 0.3796958 0.02829486         0    0.40   0.17      0.43
171  1.00000000 0.3796958 0.02829486         0    0.40   0.17      0.43
172  1.00000000 0.3796958 0.02829486         0    0.40   0.17      0.43
173  1.00000000 0.3796958 0.02829486         0    0.40   0.17      0.43
174  0.11328125 0.3796958 0.02829486         0    0.40   0.17      0.43
175  1.00000000 0.3796958 0.02829486         0    0.40   0.17      0.43
176  0.35546875 0.3796958 0.02829486         0    0.40   0.17      0.43
177  1.00000000 0.3796958 0.02829486         0    0.40   0.17      0.43
178  0.10156250 0.3796958 0.02829486         0    0.40   0.17      0.43
179  0.52343750 0.3796958 0.02829486         0    0.40   0.17      0.43
180  0.30859375 0.3796958 0.02829486         0    0.40   0.17      0.43
181  0.08203125 0.3796958 0.02829486         0    0.40   0.17      0.43
182  0.07031250 0.3796958 0.02829486         0    0.40   0.17      0.43
183  1.00000000 0.3796958 0.02829486         0    0.40   0.17      0.43
184  0.46093750 0.3796958 0.02829486         0    0.40   0.17      0.43
185  0.10156250 0.3796958 0.02829486         0    0.40   0.17      0.43
186  0.16406250 0.3796958 0.02829486         0    0.40   0.17      0.43
187  0.24609375 0.3796958 0.02829486         0    0.40   0.17      0.43
188  1.00000000 0.3796958 0.02829486         0    0.40   0.17      0.43
189  0.56640625 0.3796958 0.02829486         0    0.40   0.17      0.43
190  0.07812500 0.3796958 0.02829486         0    0.40   0.17      0.43
191  1.00000000 0.3796958 0.02829486         0    0.40   0.17      0.43
192  1.00000000 0.3796958 0.02829486         0    0.40   0.17      0.43
193  1.00000000 0.3796958 0.02829486         0    0.40   0.17      0.43
194  1.00000000 0.3796958 0.02829486         0    0.40   0.17      0.43
195  1.00000000 0.3796958 0.02829486         0    0.40   0.17      0.43
196  0.10937500 0.3796958 0.02829486         0    0.40   0.17      0.43
197  0.13671875 0.3796958 0.02829486         0    0.40   0.17      0.43
198  0.12109375 0.3796958 0.02829486         0    0.40   0.17      0.43
199  0.17968750 0.3796958 0.02829486         0    0.40   0.17      0.43
200  0.18359375 0.3796958 0.02829486         0    0.40   0.17      0.43
201  0.51953125 0.4409037 0.03665859         0    0.35   0.24      0.41
202  0.42578125 0.4409037 0.03665859         0    0.35   0.24      0.41
203  1.00000000 0.4409037 0.03665859         0    0.35   0.24      0.41
204  0.18359375 0.4409037 0.03665859         0    0.35   0.24      0.41
205  0.29296875 0.4409037 0.03665859         0    0.35   0.24      0.41
206  1.00000000 0.4409037 0.03665859         0    0.35   0.24      0.41
207  0.17187500 0.4409037 0.03665859         0    0.35   0.24      0.41
208  1.00000000 0.4409037 0.03665859         0    0.35   0.24      0.41
209  1.00000000 0.4409037 0.03665859         0    0.35   0.24      0.41
210  0.32812500 0.4409037 0.03665859         0    0.35   0.24      0.41
211  0.56250000 0.4409037 0.03665859         0    0.35   0.24      0.41
212  0.20703125 0.4409037 0.03665859         0    0.35   0.24      0.41
213  0.16406250 0.4409037 0.03665859         0    0.35   0.24      0.41
214  1.00000000 0.4409037 0.03665859         0    0.35   0.24      0.41
215  1.00000000 0.4409037 0.03665859         0    0.35   0.24      0.41
216  1.00000000 0.4409037 0.03665859         0    0.35   0.24      0.41
217  0.56640625 0.4409037 0.03665859         0    0.35   0.24      0.41
218  1.00000000 0.4409037 0.03665859         0    0.35   0.24      0.41
219  0.13281250 0.4409037 0.03665859         0    0.35   0.24      0.41
220  1.00000000 0.4409037 0.03665859         0    0.35   0.24      0.41
221  1.00000000 0.4409037 0.03665859         0    0.35   0.24      0.41
222  0.09765625 0.4409037 0.03665859         0    0.35   0.24      0.41
223  1.00000000 0.4409037 0.03665859         0    0.35   0.24      0.41
224  0.19531250 0.4409037 0.03665859         0    0.35   0.24      0.41
225  1.00000000 0.4409037 0.03665859         0    0.35   0.24      0.41
226  0.16015625 0.4409037 0.03665859         0    0.35   0.24      0.41
227  0.08593750 0.4409037 0.03665859         0    0.35   0.24      0.41
228  0.31250000 0.4409037 0.03665859         0    0.35   0.24      0.41
229  1.00000000 0.4409037 0.03665859         0    0.35   0.24      0.41
230  1.00000000 0.4409037 0.03665859         0    0.35   0.24      0.41
231  0.55859375 0.4409037 0.03665859         0    0.35   0.24      0.41
232  0.59765625 0.4409037 0.03665859         0    0.35   0.24      0.41
233  1.00000000 0.4409037 0.03665859         0    0.35   0.24      0.41
234  0.14843750 0.4409037 0.03665859         0    0.35   0.24      0.41
235  1.00000000 0.4409037 0.03665859         0    0.35   0.24      0.41
236  1.00000000 0.4409037 0.03665859         0    0.35   0.24      0.41
237  1.00000000 0.4409037 0.03665859         0    0.35   0.24      0.41
238  0.66796875 0.4409037 0.03665859         0    0.35   0.24      0.41
239  0.08593750 0.4409037 0.03665859         0    0.35   0.24      0.41
240  0.18750000 0.4409037 0.03665859         0    0.35   0.24      0.41
241  1.00000000 0.4409037 0.03665859         0    0.35   0.24      0.41
242  1.00000000 0.4409037 0.03665859         0    0.35   0.24      0.41
243  0.65234375 0.4409037 0.03665859         0    0.35   0.24      0.41
244  1.00000000 0.4409037 0.03665859         0    0.35   0.24      0.41
245  0.38281250 0.4409037 0.03665859         0    0.35   0.24      0.41
246  1.00000000 0.4409037 0.03665859         0    0.35   0.24      0.41
247  0.24609375 0.4409037 0.03665859         0    0.35   0.24      0.41
248  0.19531250 0.4409037 0.03665859         0    0.35   0.24      0.41
249  0.23828125 0.4409037 0.03665859         0    0.35   0.24      0.41
250  1.00000000 0.4409037 0.03665859         0    0.35   0.24      0.41
251  0.15234375 0.4409037 0.03665859         0    0.35   0.24      0.41
252  0.22265625 0.4409037 0.03665859         0    0.35   0.24      0.41
253  1.00000000 0.4409037 0.03665859         0    0.35   0.24      0.41
254  0.20703125 0.4409037 0.03665859         0    0.35   0.24      0.41
255  0.40625000 0.4409037 0.03665859         0    0.35   0.24      0.41
256  1.00000000 0.4409037 0.03665859         0    0.35   0.24      0.41
257  0.28515625 0.4409037 0.03665859         0    0.35   0.24      0.41
258  0.28125000 0.4409037 0.03665859         0    0.35   0.24      0.41
259  0.39843750 0.4409037 0.03665859         0    0.35   0.24      0.41
260  0.23828125 0.4409037 0.03665859         0    0.35   0.24      0.41
261  0.19531250 0.4409037 0.03665859         0    0.35   0.24      0.41
262  0.39843750 0.4409037 0.03665859         0    0.35   0.24      0.41
263  1.00000000 0.4409037 0.03665859         0    0.35   0.24      0.41
264  0.21093750 0.4409037 0.03665859         0    0.35   0.24      0.41
265  0.51953125 0.4409037 0.03665859         0    0.35   0.24      0.41
266  0.46875000 0.4409037 0.03665859         0    0.35   0.24      0.41
267  0.15625000 0.4409037 0.03665859         0    0.35   0.24      0.41
268  0.20312500 0.4409037 0.03665859         0    0.35   0.24      0.41
269  0.39453125 0.4409037 0.03665859         0    0.35   0.24      0.41
270  0.22656250 0.4409037 0.03665859         0    0.35   0.24      0.41
271  0.17578125 0.4409037 0.03665859         0    0.35   0.24      0.41
272  0.45312500 0.4409037 0.03665859         0    0.35   0.24      0.41
273  0.24609375 0.4409037 0.03665859         0    0.35   0.24      0.41
274  1.00000000 0.4409037 0.03665859         0    0.35   0.24      0.41
275  0.23437500 0.4409037 0.03665859         0    0.35   0.24      0.41
276  0.14062500 0.4409037 0.03665859         0    0.35   0.24      0.41
277  0.08203125 0.4409037 0.03665859         0    0.35   0.24      0.41
278  1.00000000 0.4409037 0.03665859         0    0.35   0.24      0.41
279  1.00000000 0.4409037 0.03665859         0    0.35   0.24      0.41
280  0.14843750 0.4409037 0.03665859         0    0.35   0.24      0.41
281  1.00000000 0.4409037 0.03665859         0    0.35   0.24      0.41
282  0.22265625 0.4409037 0.03665859         0    0.35   0.24      0.41
283  1.00000000 0.4409037 0.03665859         0    0.35   0.24      0.41
284  0.35937500 0.4409037 0.03665859         0    0.35   0.24      0.41
285  0.50781250 0.4409037 0.03665859         0    0.35   0.24      0.41
286  0.33984375 0.4409037 0.03665859         0    0.35   0.24      0.41
287  0.15625000 0.4409037 0.03665859         0    0.35   0.24      0.41
288  0.63671875 0.4409037 0.03665859         0    0.35   0.24      0.41
289  0.21484375 0.4409037 0.03665859         0    0.35   0.24      0.41
290  0.32812500 0.4409037 0.03665859         0    0.35   0.24      0.41
291  1.00000000 0.4409037 0.03665859         0    0.35   0.24      0.41
292  1.00000000 0.4409037 0.03665859         0    0.35   0.24      0.41
293  1.00000000 0.4409037 0.03665859         0    0.35   0.24      0.41
294  1.00000000 0.4409037 0.03665859         0    0.35   0.24      0.41
295  0.17187500 0.4409037 0.03665859         0    0.35   0.24      0.41
296  1.00000000 0.4409037 0.03665859         0    0.35   0.24      0.41
297  1.00000000 0.4409037 0.03665859         0    0.35   0.24      0.41
298  0.16406250 0.4409037 0.03665859         0    0.35   0.24      0.41
299  0.16796875 0.4409037 0.03665859         0    0.35   0.24      0.41
300  0.43359375 0.4409037 0.03665859         0    0.35   0.24      0.41
301  0.27343750 0.4026842 0.03751048         0    0.30   0.26      0.44
302  0.16406250 0.4026842 0.03751048         0    0.30   0.26      0.44
303  0.24218750 0.4026842 0.03751048         0    0.30   0.26      0.44
304  1.00000000 0.4026842 0.03751048         0    0.30   0.26      0.44
305  0.33984375 0.4026842 0.03751048         0    0.30   0.26      0.44
306  1.00000000 0.4026842 0.03751048         0    0.30   0.26      0.44
307  0.18750000 0.4026842 0.03751048         0    0.30   0.26      0.44
308  0.27343750 0.4026842 0.03751048         0    0.30   0.26      0.44
309  0.10156250 0.4026842 0.03751048         0    0.30   0.26      0.44
310  0.08984375 0.4026842 0.03751048         0    0.30   0.26      0.44
311  0.23046875 0.4026842 0.03751048         0    0.30   0.26      0.44
312  1.00000000 0.4026842 0.03751048         0    0.30   0.26      0.44
313  1.00000000 0.4026842 0.03751048         0    0.30   0.26      0.44
314  0.21484375 0.4026842 0.03751048         0    0.30   0.26      0.44
315  0.54296875 0.4026842 0.03751048         0    0.30   0.26      0.44
316  0.10937500 0.4026842 0.03751048         0    0.30   0.26      0.44
317  1.00000000 0.4026842 0.03751048         0    0.30   0.26      0.44
318  1.00000000 0.4026842 0.03751048         0    0.30   0.26      0.44
319  0.50000000 0.4026842 0.03751048         0    0.30   0.26      0.44
320  1.00000000 0.4026842 0.03751048         0    0.30   0.26      0.44
321  1.00000000 0.4026842 0.03751048         0    0.30   0.26      0.44
322  1.00000000 0.4026842 0.03751048         0    0.30   0.26      0.44
323  0.35546875 0.4026842 0.03751048         0    0.30   0.26      0.44
324  0.18359375 0.4026842 0.03751048         0    0.30   0.26      0.44
325  0.12500000 0.4026842 0.03751048         0    0.30   0.26      0.44
326  0.07812500 0.4026842 0.03751048         0    0.30   0.26      0.44
327  1.00000000 0.4026842 0.03751048         0    0.30   0.26      0.44
328  1.00000000 0.4026842 0.03751048         0    0.30   0.26      0.44
329  0.21484375 0.4026842 0.03751048         0    0.30   0.26      0.44
330  0.34765625 0.4026842 0.03751048         0    0.30   0.26      0.44
331  1.00000000 0.4026842 0.03751048         0    0.30   0.26      0.44
332  1.00000000 0.4026842 0.03751048         0    0.30   0.26      0.44
333  0.10156250 0.4026842 0.03751048         0    0.30   0.26      0.44
334  0.55468750 0.4026842 0.03751048         0    0.30   0.26      0.44
335  1.00000000 0.4026842 0.03751048         0    0.30   0.26      0.44
336  0.39453125 0.4026842 0.03751048         0    0.30   0.26      0.44
337  0.22265625 0.4026842 0.03751048         0    0.30   0.26      0.44
338  0.62109375 0.4026842 0.03751048         0    0.30   0.26      0.44
339  0.51171875 0.4026842 0.03751048         0    0.30   0.26      0.44
340  0.26953125 0.4026842 0.03751048         0    0.30   0.26      0.44
341  1.00000000 0.4026842 0.03751048         0    0.30   0.26      0.44
342  0.08984375 0.4026842 0.03751048         0    0.30   0.26      0.44
343  1.00000000 0.4026842 0.03751048         0    0.30   0.26      0.44
344  1.00000000 0.4026842 0.03751048         0    0.30   0.26      0.44
345  1.00000000 0.4026842 0.03751048         0    0.30   0.26      0.44
346  1.00000000 0.4026842 0.03751048         0    0.30   0.26      0.44
347  1.00000000 0.4026842 0.03751048         0    0.30   0.26      0.44
348  1.00000000 0.4026842 0.03751048         0    0.30   0.26      0.44
349  1.00000000 0.4026842 0.03751048         0    0.30   0.26      0.44
350  0.33203125 0.4026842 0.03751048         0    0.30   0.26      0.44
351  0.39062500 0.4026842 0.03751048         0    0.30   0.26      0.44
352  0.29296875 0.4026842 0.03751048         0    0.30   0.26      0.44
353  1.00000000 0.4026842 0.03751048         0    0.30   0.26      0.44
354  1.00000000 0.4026842 0.03751048         0    0.30   0.26      0.44
355  0.17578125 0.4026842 0.03751048         0    0.30   0.26      0.44
356  0.16015625 0.4026842 0.03751048         0    0.30   0.26      0.44
357  0.22265625 0.4026842 0.03751048         0    0.30   0.26      0.44
358  0.49218750 0.4026842 0.03751048         0    0.30   0.26      0.44
359  1.00000000 0.4026842 0.03751048         0    0.30   0.26      0.44
360  1.00000000 0.4026842 0.03751048         0    0.30   0.26      0.44
361  0.39843750 0.4026842 0.03751048         0    0.30   0.26      0.44
362  0.09375000 0.4026842 0.03751048         0    0.30   0.26      0.44
363  1.00000000 0.4026842 0.03751048         0    0.30   0.26      0.44
364  0.10937500 0.4026842 0.03751048         0    0.30   0.26      0.44
365  0.07031250 0.4026842 0.03751048         0    0.30   0.26      0.44
366  0.14843750 0.4026842 0.03751048         0    0.30   0.26      0.44
367  0.14062500 0.4026842 0.03751048         0    0.30   0.26      0.44
368  0.22265625 0.4026842 0.03751048         0    0.30   0.26      0.44
369  0.41015625 0.4026842 0.03751048         0    0.30   0.26      0.44
370  0.63671875 0.4026842 0.03751048         0    0.30   0.26      0.44
371  0.54687500 0.4026842 0.03751048         0    0.30   0.26      0.44
372  0.18750000 0.4026842 0.03751048         0    0.30   0.26      0.44
373  1.00000000 0.4026842 0.03751048         0    0.30   0.26      0.44
374  1.00000000 0.4026842 0.03751048         0    0.30   0.26      0.44
375  0.10156250 0.4026842 0.03751048         0    0.30   0.26      0.44
376  0.19531250 0.4026842 0.03751048         0    0.30   0.26      0.44
377  1.00000000 0.4026842 0.03751048         0    0.30   0.26      0.44
378  0.23828125 0.4026842 0.03751048         0    0.30   0.26      0.44
379  0.33984375 0.4026842 0.03751048         0    0.30   0.26      0.44
380  0.21484375 0.4026842 0.03751048         0    0.30   0.26      0.44
381  1.00000000 0.4026842 0.03751048         0    0.30   0.26      0.44
382  0.40234375 0.4026842 0.03751048         0    0.30   0.26      0.44
383  1.00000000 0.4026842 0.03751048         0    0.30   0.26      0.44
384  0.41796875 0.4026842 0.03751048         0    0.30   0.26      0.44
385  1.00000000 0.4026842 0.03751048         0    0.30   0.26      0.44
386  1.00000000 0.4026842 0.03751048         0    0.30   0.26      0.44
387  1.00000000 0.4026842 0.03751048         0    0.30   0.26      0.44
388  1.00000000 0.4026842 0.03751048         0    0.30   0.26      0.44
389  1.00000000 0.4026842 0.03751048         0    0.30   0.26      0.44
390  0.35156250 0.4026842 0.03751048         0    0.30   0.26      0.44
391  1.00000000 0.4026842 0.03751048         0    0.30   0.26      0.44
392  0.58203125 0.4026842 0.03751048         0    0.30   0.26      0.44
393  1.00000000 0.4026842 0.03751048         0    0.30   0.26      0.44
394  0.22265625 0.4026842 0.03751048         0    0.30   0.26      0.44
395  0.16406250 0.4026842 0.03751048         0    0.30   0.26      0.44
396  0.58593750 0.4026842 0.03751048         0    0.30   0.26      0.44
397  1.00000000 0.4026842 0.03751048         0    0.30   0.26      0.44
398  1.00000000 0.4026842 0.03751048         0    0.30   0.26      0.44
399  1.00000000 0.4026842 0.03751048         0    0.30   0.26      0.44
400  0.69531250 0.4026842 0.03751048         0    0.30   0.26      0.44
401  0.16406250 0.3434436 0.02655416         0    0.41   0.22      0.37
402  0.56250000 0.3434436 0.02655416         0    0.41   0.22      0.37
403  1.00000000 0.3434436 0.02655416         0    0.41   0.22      0.37
404  0.10546875 0.3434436 0.02655416         0    0.41   0.22      0.37
405  1.00000000 0.3434436 0.02655416         0    0.41   0.22      0.37
406  0.12890625 0.3434436 0.02655416         0    0.41   0.22      0.37
407  0.53515625 0.3434436 0.02655416         0    0.41   0.22      0.37
408  0.53515625 0.3434436 0.02655416         0    0.41   0.22      0.37
409  1.00000000 0.3434436 0.02655416         0    0.41   0.22      0.37
410  0.14453125 0.3434436 0.02655416         0    0.41   0.22      0.37
411  0.17968750 0.3434436 0.02655416         0    0.41   0.22      0.37
412  0.30859375 0.3434436 0.02655416         0    0.41   0.22      0.37
413  1.00000000 0.3434436 0.02655416         0    0.41   0.22      0.37
414  0.08203125 0.3434436 0.02655416         0    0.41   0.22      0.37
415  0.19140625 0.3434436 0.02655416         0    0.41   0.22      0.37
416  0.21875000 0.3434436 0.02655416         0    0.41   0.22      0.37
417  1.00000000 0.3434436 0.02655416         0    0.41   0.22      0.37
418  0.13281250 0.3434436 0.02655416         0    0.41   0.22      0.37
419  1.00000000 0.3434436 0.02655416         0    0.41   0.22      0.37
420  0.15625000 0.3434436 0.02655416         0    0.41   0.22      0.37
421  1.00000000 0.3434436 0.02655416         0    0.41   0.22      0.37
422  0.73046875 0.3434436 0.02655416         0    0.41   0.22      0.37
423  0.03906250 0.3434436 0.02655416         0    0.41   0.22      0.37
424  1.00000000 0.3434436 0.02655416         0    0.41   0.22      0.37
425  0.21484375 0.3434436 0.02655416         0    0.41   0.22      0.37
426  0.66406250 0.3434436 0.02655416         0    0.41   0.22      0.37
427  0.15234375 0.3434436 0.02655416         0    0.41   0.22      0.37
428  0.06640625 0.3434436 0.02655416         0    0.41   0.22      0.37
429  0.33203125 0.3434436 0.02655416         0    0.41   0.22      0.37
430  0.33593750 0.3434436 0.02655416         0    0.41   0.22      0.37
431  1.00000000 0.3434436 0.02655416         0    0.41   0.22      0.37
432  1.00000000 0.3434436 0.02655416         0    0.41   0.22      0.37
433  0.19531250 0.3434436 0.02655416         0    0.41   0.22      0.37
434  0.14453125 0.3434436 0.02655416         0    0.41   0.22      0.37
435  1.00000000 0.3434436 0.02655416         0    0.41   0.22      0.37
436  1.00000000 0.3434436 0.02655416         0    0.41   0.22      0.37
437  1.00000000 0.3434436 0.02655416         0    0.41   0.22      0.37
438  1.00000000 0.3434436 0.02655416         0    0.41   0.22      0.37
439  0.09765625 0.3434436 0.02655416         0    0.41   0.22      0.37
440  1.00000000 0.3434436 0.02655416         0    0.41   0.22      0.37
441  0.13281250 0.3434436 0.02655416         0    0.41   0.22      0.37
442  0.38281250 0.3434436 0.02655416         0    0.41   0.22      0.37
443  0.13281250 0.3434436 0.02655416         0    0.41   0.22      0.37
444  0.12109375 0.3434436 0.02655416         0    0.41   0.22      0.37
445  0.11328125 0.3434436 0.02655416         0    0.41   0.22      0.37
446  0.49609375 0.3434436 0.02655416         0    0.41   0.22      0.37
447  1.00000000 0.3434436 0.02655416         0    0.41   0.22      0.37
448  0.03125000 0.3434436 0.02655416         0    0.41   0.22      0.37
449  1.00000000 0.3434436 0.02655416         0    0.41   0.22      0.37
450  0.23437500 0.3434436 0.02655416         0    0.41   0.22      0.37
451  1.00000000 0.3434436 0.02655416         0    0.41   0.22      0.37
452  0.24218750 0.3434436 0.02655416         0    0.41   0.22      0.37
453  0.29296875 0.3434436 0.02655416         0    0.41   0.22      0.37
454  1.00000000 0.3434436 0.02655416         0    0.41   0.22      0.37
455  0.30078125 0.3434436 0.02655416         0    0.41   0.22      0.37
456  1.00000000 0.3434436 0.02655416         0    0.41   0.22      0.37
457  0.85937500 0.3434436 0.02655416         0    0.41   0.22      0.37
458  0.12890625 0.3434436 0.02655416         0    0.41   0.22      0.37
459  0.21875000 0.3434436 0.02655416         0    0.41   0.22      0.37
460  1.00000000 0.3434436 0.02655416         0    0.41   0.22      0.37
461  0.35937500 0.3434436 0.02655416         0    0.41   0.22      0.37
462  0.04687500 0.3434436 0.02655416         0    0.41   0.22      0.37
463  1.00000000 0.3434436 0.02655416         0    0.41   0.22      0.37
464  0.25390625 0.3434436 0.02655416         0    0.41   0.22      0.37
465  0.29296875 0.3434436 0.02655416         0    0.41   0.22      0.37
466  0.13671875 0.3434436 0.02655416         0    0.41   0.22      0.37
467  0.39843750 0.3434436 0.02655416         0    0.41   0.22      0.37
468  1.00000000 0.3434436 0.02655416         0    0.41   0.22      0.37
469  1.00000000 0.3434436 0.02655416         0    0.41   0.22      0.37
470  0.16015625 0.3434436 0.02655416         0    0.41   0.22      0.37
471  0.43750000 0.3434436 0.02655416         0    0.41   0.22      0.37
472  0.14843750 0.3434436 0.02655416         0    0.41   0.22      0.37
473  1.00000000 0.3434436 0.02655416         0    0.41   0.22      0.37
474  1.00000000 0.3434436 0.02655416         0    0.41   0.22      0.37
475  0.37500000 0.3434436 0.02655416         0    0.41   0.22      0.37
476  0.23828125 0.3434436 0.02655416         0    0.41   0.22      0.37
477  0.10546875 0.3434436 0.02655416         0    0.41   0.22      0.37
478  1.00000000 0.3434436 0.02655416         0    0.41   0.22      0.37
479  0.15234375 0.3434436 0.02655416         0    0.41   0.22      0.37
480  0.57031250 0.3434436 0.02655416         0    0.41   0.22      0.37
481  0.45703125 0.3434436 0.02655416         0    0.41   0.22      0.37
482  1.00000000 0.3434436 0.02655416         0    0.41   0.22      0.37
483  0.06250000 0.3434436 0.02655416         0    0.41   0.22      0.37
484  0.35937500 0.3434436 0.02655416         0    0.41   0.22      0.37
485  1.00000000 0.3434436 0.02655416         0    0.41   0.22      0.37
486  1.00000000 0.3434436 0.02655416         0    0.41   0.22      0.37
487  0.53125000 0.3434436 0.02655416         0    0.41   0.22      0.37
488  0.07421875 0.3434436 0.02655416         0    0.41   0.22      0.37
489  0.17578125 0.3434436 0.02655416         0    0.41   0.22      0.37
490  0.10546875 0.3434436 0.02655416         0    0.41   0.22      0.37
491  0.17187500 0.3434436 0.02655416         0    0.41   0.22      0.37
492  0.12500000 0.3434436 0.02655416         0    0.41   0.22      0.37
493  0.54687500 0.3434436 0.02655416         0    0.41   0.22      0.37
494  1.00000000 0.3434436 0.02655416         0    0.41   0.22      0.37
495  0.06640625 0.3434436 0.02655416         0    0.41   0.22      0.37
496  0.49609375 0.3434436 0.02655416         0    0.41   0.22      0.37
497  1.00000000 0.3434436 0.02655416         0    0.41   0.22      0.37
498  1.00000000 0.3434436 0.02655416         0    0.41   0.22      0.37
499  0.65625000 0.3434436 0.02655416         0    0.41   0.22      0.37
500  0.10546875 0.3434436 0.02655416         0    0.41   0.22      0.37
501  0.16796875 0.4938066 0.03236936         0    0.31   0.20      0.49
502  0.30468750 0.4938066 0.03236936         0    0.31   0.20      0.49
503  0.18750000 0.4938066 0.03236936         0    0.31   0.20      0.49
504  0.23437500 0.4938066 0.03236936         0    0.31   0.20      0.49
505  0.09765625 0.4938066 0.03236936         0    0.31   0.20      0.49
506  0.30078125 0.4938066 0.03236936         0    0.31   0.20      0.49
507  0.19140625 0.4938066 0.03236936         0    0.31   0.20      0.49
508  1.00000000 0.4938066 0.03236936         0    0.31   0.20      0.49
509  0.16015625 0.4938066 0.03236936         0    0.31   0.20      0.49
510  1.00000000 0.4938066 0.03236936         0    0.31   0.20      0.49
511  1.00000000 0.4938066 0.03236936         0    0.31   0.20      0.49
512  0.16796875 0.4938066 0.03236936         0    0.31   0.20      0.49
513  1.00000000 0.4938066 0.03236936         0    0.31   0.20      0.49
514  1.00000000 0.4938066 0.03236936         0    0.31   0.20      0.49
515  1.00000000 0.4938066 0.03236936         0    0.31   0.20      0.49
516  0.13281250 0.4938066 0.03236936         0    0.31   0.20      0.49
517  1.00000000 0.4938066 0.03236936         0    0.31   0.20      0.49
518  0.11328125 0.4938066 0.03236936         0    0.31   0.20      0.49
519  0.20312500 0.4938066 0.03236936         0    0.31   0.20      0.49
520  0.13671875 0.4938066 0.03236936         0    0.31   0.20      0.49
521  1.00000000 0.4938066 0.03236936         0    0.31   0.20      0.49
522  0.08593750 0.4938066 0.03236936         0    0.31   0.20      0.49
523  1.00000000 0.4938066 0.03236936         0    0.31   0.20      0.49
524  1.00000000 0.4938066 0.03236936         0    0.31   0.20      0.49
525  0.26171875 0.4938066 0.03236936         0    0.31   0.20      0.49
526  1.00000000 0.4938066 0.03236936         0    0.31   0.20      0.49
527  1.00000000 0.4938066 0.03236936         0    0.31   0.20      0.49
528  0.23046875 0.4938066 0.03236936         0    0.31   0.20      0.49
529  1.00000000 0.4938066 0.03236936         0    0.31   0.20      0.49
530  0.53125000 0.4938066 0.03236936         0    0.31   0.20      0.49
531  0.19921875 0.4938066 0.03236936         0    0.31   0.20      0.49
532  1.00000000 0.4938066 0.03236936         0    0.31   0.20      0.49
533  1.00000000 0.4938066 0.03236936         0    0.31   0.20      0.49
534  1.00000000 0.4938066 0.03236936         0    0.31   0.20      0.49
535  1.00000000 0.4938066 0.03236936         0    0.31   0.20      0.49
536  1.00000000 0.4938066 0.03236936         0    0.31   0.20      0.49
537  1.00000000 0.4938066 0.03236936         0    0.31   0.20      0.49
538  1.00000000 0.4938066 0.03236936         0    0.31   0.20      0.49
539  0.19531250 0.4938066 0.03236936         0    0.31   0.20      0.49
540  0.43750000 0.4938066 0.03236936         0    0.31   0.20      0.49
541  0.32031250 0.4938066 0.03236936         0    0.31   0.20      0.49
542  1.00000000 0.4938066 0.03236936         0    0.31   0.20      0.49
543  0.28906250 0.4938066 0.03236936         0    0.31   0.20      0.49
544  0.08984375 0.4938066 0.03236936         0    0.31   0.20      0.49
545  0.38671875 0.4938066 0.03236936         0    0.31   0.20      0.49
546  0.22265625 0.4938066 0.03236936         0    0.31   0.20      0.49
547  0.21093750 0.4938066 0.03236936         0    0.31   0.20      0.49
548  0.12500000 0.4938066 0.03236936         0    0.31   0.20      0.49
549  1.00000000 0.4938066 0.03236936         0    0.31   0.20      0.49
550  0.08593750 0.4938066 0.03236936         0    0.31   0.20      0.49
551  1.00000000 0.4938066 0.03236936         0    0.31   0.20      0.49
552  0.40625000 0.4938066 0.03236936         0    0.31   0.20      0.49
553  0.17968750 0.4938066 0.03236936         0    0.31   0.20      0.49
554  0.43750000 0.4938066 0.03236936         0    0.31   0.20      0.49
555  0.20312500 0.4938066 0.03236936         0    0.31   0.20      0.49
556  0.23437500 0.4938066 0.03236936         0    0.31   0.20      0.49
557  0.21875000 0.4938066 0.03236936         0    0.31   0.20      0.49
558  0.16406250 0.4938066 0.03236936         0    0.31   0.20      0.49
559  0.13671875 0.4938066 0.03236936         0    0.31   0.20      0.49
560  0.11328125 0.4938066 0.03236936         0    0.31   0.20      0.49
561  0.12500000 0.4938066 0.03236936         0    0.31   0.20      0.49
562  0.29296875 0.4938066 0.03236936         0    0.31   0.20      0.49
563  0.19140625 0.4938066 0.03236936         0    0.31   0.20      0.49
564  0.39062500 0.4938066 0.03236936         0    0.31   0.20      0.49
565  1.00000000 0.4938066 0.03236936         0    0.31   0.20      0.49
566  1.00000000 0.4938066 0.03236936         0    0.31   0.20      0.49
567  1.00000000 0.4938066 0.03236936         0    0.31   0.20      0.49
568  0.17968750 0.4938066 0.03236936         0    0.31   0.20      0.49
569  0.09375000 0.4938066 0.03236936         0    0.31   0.20      0.49
570  1.00000000 0.4938066 0.03236936         0    0.31   0.20      0.49
571  0.10156250 0.4938066 0.03236936         0    0.31   0.20      0.49
572  1.00000000 0.4938066 0.03236936         0    0.31   0.20      0.49
573  0.48046875 0.4938066 0.03236936         0    0.31   0.20      0.49
574  1.00000000 0.4938066 0.03236936         0    0.31   0.20      0.49
575  1.00000000 0.4938066 0.03236936         0    0.31   0.20      0.49
576  1.00000000 0.4938066 0.03236936         0    0.31   0.20      0.49
577  0.19531250 0.4938066 0.03236936         0    0.31   0.20      0.49
578  1.00000000 0.4938066 0.03236936         0    0.31   0.20      0.49
579  1.00000000 0.4938066 0.03236936         0    0.31   0.20      0.49
580  0.20312500 0.4938066 0.03236936         0    0.31   0.20      0.49
581  1.00000000 0.4938066 0.03236936         0    0.31   0.20      0.49
582  0.32031250 0.4938066 0.03236936         0    0.31   0.20      0.49
583  1.00000000 0.4938066 0.03236936         0    0.31   0.20      0.49
584  1.00000000 0.4938066 0.03236936         0    0.31   0.20      0.49
585  1.00000000 0.4938066 0.03236936         0    0.31   0.20      0.49
586  0.10156250 0.4938066 0.03236936         0    0.31   0.20      0.49
587  1.00000000 0.4938066 0.03236936         0    0.31   0.20      0.49
588  1.00000000 0.4938066 0.03236936         0    0.31   0.20      0.49
589  1.00000000 0.4938066 0.03236936         0    0.31   0.20      0.49
590  1.00000000 0.4938066 0.03236936         0    0.31   0.20      0.49
591  1.00000000 0.4938066 0.03236936         0    0.31   0.20      0.49
592  1.00000000 0.4938066 0.03236936         0    0.31   0.20      0.49
593  1.00000000 0.4938066 0.03236936         0    0.31   0.20      0.49
594  0.30468750 0.4938066 0.03236936         0    0.31   0.20      0.49
595  0.16796875 0.4938066 0.03236936         0    0.31   0.20      0.49
596  0.66406250 0.4938066 0.03236936         0    0.31   0.20      0.49
597  0.17578125 0.4938066 0.03236936         0    0.31   0.20      0.49
598  0.25390625 0.4938066 0.03236936         0    0.31   0.20      0.49
599  1.00000000 0.4938066 0.03236936         0    0.31   0.20      0.49
600  1.00000000 0.4938066 0.03236936         0    0.31   0.20      0.49
601  0.59765625 0.3124463 0.08043335         0    0.26   0.28      0.46
602  1.00000000 0.3124463 0.08043335         0    0.26   0.28      0.46
603  0.71875000 0.3124463 0.08043335         0    0.26   0.28      0.46
604  1.00000000 0.3124463 0.08043335         0    0.26   0.28      0.46
605  0.72265625 0.3124463 0.08043335         0    0.26   0.28      0.46
606  1.00000000 0.3124463 0.08043335         0    0.26   0.28      0.46
607  0.63281250 0.3124463 0.08043335         0    0.26   0.28      0.46
608  0.40234375 0.3124463 0.08043335         0    0.26   0.28      0.46
609  1.00000000 0.3124463 0.08043335         0    0.26   0.28      0.46
610  1.00000000 0.3124463 0.08043335         0    0.26   0.28      0.46
611  1.00000000 0.3124463 0.08043335         0    0.26   0.28      0.46
612  0.31250000 0.3124463 0.08043335         0    0.26   0.28      0.46
613  0.39843750 0.3124463 0.08043335         0    0.26   0.28      0.46
614  1.00000000 0.3124463 0.08043335         0    0.26   0.28      0.46
615  1.00000000 0.3124463 0.08043335         0    0.26   0.28      0.46
616  0.39062500 0.3124463 0.08043335         0    0.26   0.28      0.46
617  0.39453125 0.3124463 0.08043335         0    0.26   0.28      0.46
618  0.73437500 0.3124463 0.08043335         0    0.26   0.28      0.46
619  0.40625000 0.3124463 0.08043335         0    0.26   0.28      0.46
620  0.48828125 0.3124463 0.08043335         0    0.26   0.28      0.46
621  0.59375000 0.3124463 0.08043335         0    0.26   0.28      0.46
622  0.39062500 0.3124463 0.08043335         0    0.26   0.28      0.46
623  0.38281250 0.3124463 0.08043335         0    0.26   0.28      0.46
624  1.00000000 0.3124463 0.08043335         0    0.26   0.28      0.46
625  0.30468750 0.3124463 0.08043335         0    0.26   0.28      0.46
626  0.41015625 0.3124463 0.08043335         0    0.26   0.28      0.46
627  0.73828125 0.3124463 0.08043335         0    0.26   0.28      0.46
628  0.28515625 0.3124463 0.08043335         0    0.26   0.28      0.46
629  0.54296875 0.3124463 0.08043335         0    0.26   0.28      0.46
630  0.38281250 0.3124463 0.08043335         0    0.26   0.28      0.46
631  1.00000000 0.3124463 0.08043335         0    0.26   0.28      0.46
632  0.83593750 0.3124463 0.08043335         0    0.26   0.28      0.46
633  0.35156250 0.3124463 0.08043335         0    0.26   0.28      0.46
634  0.48046875 0.3124463 0.08043335         0    0.26   0.28      0.46
635  1.00000000 0.3124463 0.08043335         0    0.26   0.28      0.46
636  0.58203125 0.3124463 0.08043335         0    0.26   0.28      0.46
637  0.52734375 0.3124463 0.08043335         0    0.26   0.28      0.46
638  1.00000000 0.3124463 0.08043335         0    0.26   0.28      0.46
639  0.49218750 0.3124463 0.08043335         0    0.26   0.28      0.46
640  0.49218750 0.3124463 0.08043335         0    0.26   0.28      0.46
641  1.00000000 0.3124463 0.08043335         0    0.26   0.28      0.46
642  0.68359375 0.3124463 0.08043335         0    0.26   0.28      0.46
643  1.00000000 0.3124463 0.08043335         0    0.26   0.28      0.46
644  0.37500000 0.3124463 0.08043335         0    0.26   0.28      0.46
645  0.66406250 0.3124463 0.08043335         0    0.26   0.28      0.46
646  0.62890625 0.3124463 0.08043335         0    0.26   0.28      0.46
647  0.37109375 0.3124463 0.08043335         0    0.26   0.28      0.46
648  0.76953125 0.3124463 0.08043335         0    0.26   0.28      0.46
649  0.23437500 0.3124463 0.08043335         0    0.26   0.28      0.46
650  0.49609375 0.3124463 0.08043335         0    0.26   0.28      0.46
651  1.00000000 0.3124463 0.08043335         0    0.26   0.28      0.46
652  0.33593750 0.3124463 0.08043335         0    0.26   0.28      0.46
653  1.00000000 0.3124463 0.08043335         0    0.26   0.28      0.46
654  1.00000000 0.3124463 0.08043335         0    0.26   0.28      0.46
655  0.57812500 0.3124463 0.08043335         0    0.26   0.28      0.46
656  0.73437500 0.3124463 0.08043335         0    0.26   0.28      0.46
657  1.00000000 0.3124463 0.08043335         0    0.26   0.28      0.46
658  1.00000000 0.3124463 0.08043335         0    0.26   0.28      0.46
659  0.46875000 0.3124463 0.08043335         0    0.26   0.28      0.46
660  1.00000000 0.3124463 0.08043335         0    0.26   0.28      0.46
661  1.00000000 0.3124463 0.08043335         0    0.26   0.28      0.46
662  0.58203125 0.3124463 0.08043335         0    0.26   0.28      0.46
663  0.33593750 0.3124463 0.08043335         0    0.26   0.28      0.46
664  1.00000000 0.3124463 0.08043335         0    0.26   0.28      0.46
665  1.00000000 0.3124463 0.08043335         0    0.26   0.28      0.46
666  0.40234375 0.3124463 0.08043335         0    0.26   0.28      0.46
667  1.00000000 0.3124463 0.08043335         0    0.26   0.28      0.46
668  0.60937500 0.3124463 0.08043335         0    0.26   0.28      0.46
669  1.00000000 0.3124463 0.08043335         0    0.26   0.28      0.46
670  0.55078125 0.3124463 0.08043335         0    0.26   0.28      0.46
671  0.57421875 0.3124463 0.08043335         0    0.26   0.28      0.46
672  0.35937500 0.3124463 0.08043335         0    0.26   0.28      0.46
673  0.46875000 0.3124463 0.08043335         0    0.26   0.28      0.46
674  1.00000000 0.3124463 0.08043335         0    0.26   0.28      0.46
675  0.46875000 0.3124463 0.08043335         0    0.26   0.28      0.46
676  1.00000000 0.3124463 0.08043335         0    0.26   0.28      0.46
677  0.37109375 0.3124463 0.08043335         0    0.26   0.28      0.46
678  1.00000000 0.3124463 0.08043335         0    0.26   0.28      0.46
679  1.00000000 0.3124463 0.08043335         0    0.26   0.28      0.46
680  0.33984375 0.3124463 0.08043335         0    0.26   0.28      0.46
681  0.56640625 0.3124463 0.08043335         0    0.26   0.28      0.46
682  0.42187500 0.3124463 0.08043335         0    0.26   0.28      0.46
683  1.00000000 0.3124463 0.08043335         0    0.26   0.28      0.46
684  0.48437500 0.3124463 0.08043335         0    0.26   0.28      0.46
685  0.29296875 0.3124463 0.08043335         0    0.26   0.28      0.46
686  1.00000000 0.3124463 0.08043335         0    0.26   0.28      0.46
687  1.00000000 0.3124463 0.08043335         0    0.26   0.28      0.46
688  0.40234375 0.3124463 0.08043335         0    0.26   0.28      0.46
689  0.46484375 0.3124463 0.08043335         0    0.26   0.28      0.46
690  1.00000000 0.3124463 0.08043335         0    0.26   0.28      0.46
691  0.41015625 0.3124463 0.08043335         0    0.26   0.28      0.46
692  0.22265625 0.3124463 0.08043335         0    0.26   0.28      0.46
693  1.00000000 0.3124463 0.08043335         0    0.26   0.28      0.46
694  0.36718750 0.3124463 0.08043335         0    0.26   0.28      0.46
695  1.00000000 0.3124463 0.08043335         0    0.26   0.28      0.46
696  1.00000000 0.3124463 0.08043335         0    0.26   0.28      0.46
697  0.40625000 0.3124463 0.08043335         0    0.26   0.28      0.46
698  0.54296875 0.3124463 0.08043335         0    0.26   0.28      0.46
699  1.00000000 0.3124463 0.08043335         0    0.26   0.28      0.46
700  1.00000000 0.3124463 0.08043335         0    0.26   0.28      0.46
701  0.26953125 0.2940167 0.06917180         0    0.29   0.32      0.39
702  0.52343750 0.2940167 0.06917180         0    0.29   0.32      0.39
703  0.35546875 0.2940167 0.06917180         0    0.29   0.32      0.39
704  0.44531250 0.2940167 0.06917180         0    0.29   0.32      0.39
705  0.64453125 0.2940167 0.06917180         0    0.29   0.32      0.39
706  0.27343750 0.2940167 0.06917180         0    0.29   0.32      0.39
707  0.32421875 0.2940167 0.06917180         0    0.29   0.32      0.39
708  0.39453125 0.2940167 0.06917180         0    0.29   0.32      0.39
709  1.00000000 0.2940167 0.06917180         0    0.29   0.32      0.39
710  0.24609375 0.2940167 0.06917180         0    0.29   0.32      0.39
711  0.54687500 0.2940167 0.06917180         0    0.29   0.32      0.39
712  1.00000000 0.2940167 0.06917180         0    0.29   0.32      0.39
713  0.42187500 0.2940167 0.06917180         0    0.29   0.32      0.39
714  0.32421875 0.2940167 0.06917180         0    0.29   0.32      0.39
715  1.00000000 0.2940167 0.06917180         0    0.29   0.32      0.39
716  1.00000000 0.2940167 0.06917180         0    0.29   0.32      0.39
717  0.81640625 0.2940167 0.06917180         0    0.29   0.32      0.39
718  1.00000000 0.2940167 0.06917180         0    0.29   0.32      0.39
719  1.00000000 0.2940167 0.06917180         0    0.29   0.32      0.39
720  0.35937500 0.2940167 0.06917180         0    0.29   0.32      0.39
721  0.58203125 0.2940167 0.06917180         0    0.29   0.32      0.39
722  1.00000000 0.2940167 0.06917180         0    0.29   0.32      0.39
723  0.25390625 0.2940167 0.06917180         0    0.29   0.32      0.39
724  1.00000000 0.2940167 0.06917180         0    0.29   0.32      0.39
725  0.32031250 0.2940167 0.06917180         0    0.29   0.32      0.39
726  0.37500000 0.2940167 0.06917180         0    0.29   0.32      0.39
727  0.31640625 0.2940167 0.06917180         0    0.29   0.32      0.39
728  0.64843750 0.2940167 0.06917180         0    0.29   0.32      0.39
729  1.00000000 0.2940167 0.06917180         0    0.29   0.32      0.39
730  0.32812500 0.2940167 0.06917180         0    0.29   0.32      0.39
731  1.00000000 0.2940167 0.06917180         0    0.29   0.32      0.39
732  0.37500000 0.2940167 0.06917180         0    0.29   0.32      0.39
733  0.34765625 0.2940167 0.06917180         0    0.29   0.32      0.39
734  0.46093750 0.2940167 0.06917180         0    0.29   0.32      0.39
735  0.40234375 0.2940167 0.06917180         0    0.29   0.32      0.39
736  0.34765625 0.2940167 0.06917180         0    0.29   0.32      0.39
737  0.50781250 0.2940167 0.06917180         0    0.29   0.32      0.39
738  0.55468750 0.2940167 0.06917180         0    0.29   0.32      0.39
739  0.32421875 0.2940167 0.06917180         0    0.29   0.32      0.39
740  1.00000000 0.2940167 0.06917180         0    0.29   0.32      0.39
741  0.37500000 0.2940167 0.06917180         0    0.29   0.32      0.39
742  0.25000000 0.2940167 0.06917180         0    0.29   0.32      0.39
743  1.00000000 0.2940167 0.06917180         0    0.29   0.32      0.39
744  0.25390625 0.2940167 0.06917180         0    0.29   0.32      0.39
745  1.00000000 0.2940167 0.06917180         0    0.29   0.32      0.39
746  1.00000000 0.2940167 0.06917180         0    0.29   0.32      0.39
747  0.54296875 0.2940167 0.06917180         0    0.29   0.32      0.39
748  0.44140625 0.2940167 0.06917180         0    0.29   0.32      0.39
749  0.51562500 0.2940167 0.06917180         0    0.29   0.32      0.39
750  0.26171875 0.2940167 0.06917180         0    0.29   0.32      0.39
751  0.66796875 0.2940167 0.06917180         0    0.29   0.32      0.39
752  0.19140625 0.2940167 0.06917180         0    0.29   0.32      0.39
753  0.26171875 0.2940167 0.06917180         0    0.29   0.32      0.39
754  1.00000000 0.2940167 0.06917180         0    0.29   0.32      0.39
755  0.48437500 0.2940167 0.06917180         0    0.29   0.32      0.39
756  0.52734375 0.2940167 0.06917180         0    0.29   0.32      0.39
757  1.00000000 0.2940167 0.06917180         0    0.29   0.32      0.39
758  0.50390625 0.2940167 0.06917180         0    0.29   0.32      0.39
759  0.59765625 0.2940167 0.06917180         0    0.29   0.32      0.39
760  1.00000000 0.2940167 0.06917180         0    0.29   0.32      0.39
761  1.00000000 0.2940167 0.06917180         0    0.29   0.32      0.39
762  0.28906250 0.2940167 0.06917180         0    0.29   0.32      0.39
763  0.24609375 0.2940167 0.06917180         0    0.29   0.32      0.39
764  0.57812500 0.2940167 0.06917180         0    0.29   0.32      0.39
765  0.46093750 0.2940167 0.06917180         0    0.29   0.32      0.39
766  1.00000000 0.2940167 0.06917180         0    0.29   0.32      0.39
767  1.00000000 0.2940167 0.06917180         0    0.29   0.32      0.39
768  0.49609375 0.2940167 0.06917180         0    0.29   0.32      0.39
769  0.74218750 0.2940167 0.06917180         0    0.29   0.32      0.39
770  1.00000000 0.2940167 0.06917180         0    0.29   0.32      0.39
771  0.31640625 0.2940167 0.06917180         0    0.29   0.32      0.39
772  0.50390625 0.2940167 0.06917180         0    0.29   0.32      0.39
773  0.57031250 0.2940167 0.06917180         0    0.29   0.32      0.39
774  0.34375000 0.2940167 0.06917180         0    0.29   0.32      0.39
775  0.48437500 0.2940167 0.06917180         0    0.29   0.32      0.39
776  0.64062500 0.2940167 0.06917180         0    0.29   0.32      0.39
777  1.00000000 0.2940167 0.06917180         0    0.29   0.32      0.39
778  0.39843750 0.2940167 0.06917180         0    0.29   0.32      0.39
779  0.35546875 0.2940167 0.06917180         0    0.29   0.32      0.39
780  0.33984375 0.2940167 0.06917180         0    0.29   0.32      0.39
781  0.26953125 0.2940167 0.06917180         0    0.29   0.32      0.39
782  0.37109375 0.2940167 0.06917180         0    0.29   0.32      0.39
783  0.43359375 0.2940167 0.06917180         0    0.29   0.32      0.39
784  1.00000000 0.2940167 0.06917180         0    0.29   0.32      0.39
785  1.00000000 0.2940167 0.06917180         0    0.29   0.32      0.39
786  1.00000000 0.2940167 0.06917180         0    0.29   0.32      0.39
787  1.00000000 0.2940167 0.06917180         0    0.29   0.32      0.39
788  0.28125000 0.2940167 0.06917180         0    0.29   0.32      0.39
789  0.29296875 0.2940167 0.06917180         0    0.29   0.32      0.39
790  1.00000000 0.2940167 0.06917180         0    0.29   0.32      0.39
791  1.00000000 0.2940167 0.06917180         0    0.29   0.32      0.39
792  0.36328125 0.2940167 0.06917180         0    0.29   0.32      0.39
793  1.00000000 0.2940167 0.06917180         0    0.29   0.32      0.39
794  0.28906250 0.2940167 0.06917180         0    0.29   0.32      0.39
795  0.30468750 0.2940167 0.06917180         0    0.29   0.32      0.39
796  0.67578125 0.2940167 0.06917180         0    0.29   0.32      0.39
797  0.55859375 0.2940167 0.06917180         0    0.29   0.32      0.39
798  0.25390625 0.2940167 0.06917180         0    0.29   0.32      0.39
799  1.00000000 0.2940167 0.06917180         0    0.29   0.32      0.39
800  0.46484375 0.2940167 0.06917180         0    0.29   0.32      0.39
801  1.00000000 0.2915217 0.02803817         0    0.47   0.18      0.35
802  1.00000000 0.2915217 0.02803817         0    0.47   0.18      0.35
803  0.12109375 0.2915217 0.02803817         0    0.47   0.18      0.35
804  0.17187500 0.2915217 0.02803817         0    0.47   0.18      0.35
805  0.10546875 0.2915217 0.02803817         0    0.47   0.18      0.35
806  0.09765625 0.2915217 0.02803817         0    0.47   0.18      0.35
807  0.04687500 0.2915217 0.02803817         0    0.47   0.18      0.35
808  1.00000000 0.2915217 0.02803817         0    0.47   0.18      0.35
809  0.25390625 0.2915217 0.02803817         0    0.47   0.18      0.35
810  0.23046875 0.2915217 0.02803817         0    0.47   0.18      0.35
811  1.00000000 0.2915217 0.02803817         0    0.47   0.18      0.35
812  1.00000000 0.2915217 0.02803817         0    0.47   0.18      0.35
813  0.21875000 0.2915217 0.02803817         0    0.47   0.18      0.35
814  0.23046875 0.2915217 0.02803817         0    0.47   0.18      0.35
815  0.09375000 0.2915217 0.02803817         0    0.47   0.18      0.35
816  0.22265625 0.2915217 0.02803817         0    0.47   0.18      0.35
817  0.17968750 0.2915217 0.02803817         0    0.47   0.18      0.35
818  1.00000000 0.2915217 0.02803817         0    0.47   0.18      0.35
819  0.09375000 0.2915217 0.02803817         0    0.47   0.18      0.35
820  1.00000000 0.2915217 0.02803817         0    0.47   0.18      0.35
821  0.14843750 0.2915217 0.02803817         0    0.47   0.18      0.35
822  0.42578125 0.2915217 0.02803817         0    0.47   0.18      0.35
823  0.08593750 0.2915217 0.02803817         0    0.47   0.18      0.35
824  0.11718750 0.2915217 0.02803817         0    0.47   0.18      0.35
825  0.15625000 0.2915217 0.02803817         0    0.47   0.18      0.35
826  1.00000000 0.2915217 0.02803817         0    0.47   0.18      0.35
827  1.00000000 0.2915217 0.02803817         0    0.47   0.18      0.35
828  1.00000000 0.2915217 0.02803817         0    0.47   0.18      0.35
829  0.19140625 0.2915217 0.02803817         0    0.47   0.18      0.35
830  1.00000000 0.2915217 0.02803817         0    0.47   0.18      0.35
831  0.48046875 0.2915217 0.02803817         0    0.47   0.18      0.35
832  0.31640625 0.2915217 0.02803817         0    0.47   0.18      0.35
833  0.34765625 0.2915217 0.02803817         0    0.47   0.18      0.35
834  1.00000000 0.2915217 0.02803817         0    0.47   0.18      0.35
835  1.00000000 0.2915217 0.02803817         0    0.47   0.18      0.35
836  0.30859375 0.2915217 0.02803817         0    0.47   0.18      0.35
837  0.28515625 0.2915217 0.02803817         0    0.47   0.18      0.35
838  1.00000000 0.2915217 0.02803817         0    0.47   0.18      0.35
839  1.00000000 0.2915217 0.02803817         0    0.47   0.18      0.35
840  0.19140625 0.2915217 0.02803817         0    0.47   0.18      0.35
841  0.16015625 0.2915217 0.02803817         0    0.47   0.18      0.35
842  0.05078125 0.2915217 0.02803817         0    0.47   0.18      0.35
843  0.19140625 0.2915217 0.02803817         0    0.47   0.18      0.35
844  0.24218750 0.2915217 0.02803817         0    0.47   0.18      0.35
845  1.00000000 0.2915217 0.02803817         0    0.47   0.18      0.35
846  0.07812500 0.2915217 0.02803817         0    0.47   0.18      0.35
847  0.23437500 0.2915217 0.02803817         0    0.47   0.18      0.35
848  0.20703125 0.2915217 0.02803817         0    0.47   0.18      0.35
849  0.12109375 0.2915217 0.02803817         0    0.47   0.18      0.35
850  0.07812500 0.2915217 0.02803817         0    0.47   0.18      0.35
851  0.21484375 0.2915217 0.02803817         0    0.47   0.18      0.35
852  0.12500000 0.2915217 0.02803817         0    0.47   0.18      0.35
853  0.19921875 0.2915217 0.02803817         0    0.47   0.18      0.35
854  0.10937500 0.2915217 0.02803817         0    0.47   0.18      0.35
855  0.39453125 0.2915217 0.02803817         0    0.47   0.18      0.35
856  1.00000000 0.2915217 0.02803817         0    0.47   0.18      0.35
857  0.13281250 0.2915217 0.02803817         0    0.47   0.18      0.35
858  0.12109375 0.2915217 0.02803817         0    0.47   0.18      0.35
859  0.16015625 0.2915217 0.02803817         0    0.47   0.18      0.35
860  0.12890625 0.2915217 0.02803817         0    0.47   0.18      0.35
861  0.08984375 0.2915217 0.02803817         0    0.47   0.18      0.35
862  1.00000000 0.2915217 0.02803817         0    0.47   0.18      0.35
863  1.00000000 0.2915217 0.02803817         0    0.47   0.18      0.35
864  1.00000000 0.2915217 0.02803817         0    0.47   0.18      0.35
865  0.19921875 0.2915217 0.02803817         0    0.47   0.18      0.35
866  0.08593750 0.2915217 0.02803817         0    0.47   0.18      0.35
867  0.05078125 0.2915217 0.02803817         0    0.47   0.18      0.35
868  0.27734375 0.2915217 0.02803817         0    0.47   0.18      0.35
869  0.02343750 0.2915217 0.02803817         0    0.47   0.18      0.35
870  0.28906250 0.2915217 0.02803817         0    0.47   0.18      0.35
871  1.00000000 0.2915217 0.02803817         0    0.47   0.18      0.35
872  1.00000000 0.2915217 0.02803817         0    0.47   0.18      0.35
873  0.13671875 0.2915217 0.02803817         0    0.47   0.18      0.35
874  1.00000000 0.2915217 0.02803817         0    0.47   0.18      0.35
875  0.18750000 0.2915217 0.02803817         0    0.47   0.18      0.35
876  0.52343750 0.2915217 0.02803817         0    0.47   0.18      0.35
877  0.12500000 0.2915217 0.02803817         0    0.47   0.18      0.35
878  0.12500000 0.2915217 0.02803817         0    0.47   0.18      0.35
879  0.14843750 0.2915217 0.02803817         0    0.47   0.18      0.35
880  0.18750000 0.2915217 0.02803817         0    0.47   0.18      0.35
881  1.00000000 0.2915217 0.02803817         0    0.47   0.18      0.35
882  1.00000000 0.2915217 0.02803817         0    0.47   0.18      0.35
883  0.07421875 0.2915217 0.02803817         0    0.47   0.18      0.35
884  0.37890625 0.2915217 0.02803817         0    0.47   0.18      0.35
885  0.37500000 0.2915217 0.02803817         0    0.47   0.18      0.35
886  0.05468750 0.2915217 0.02803817         0    0.47   0.18      0.35
887  1.00000000 0.2915217 0.02803817         0    0.47   0.18      0.35
888  0.48437500 0.2915217 0.02803817         0    0.47   0.18      0.35
889  0.36328125 0.2915217 0.02803817         0    0.47   0.18      0.35
890  1.00000000 0.2915217 0.02803817         0    0.47   0.18      0.35
891  0.12500000 0.2915217 0.02803817         0    0.47   0.18      0.35
892  0.23437500 0.2915217 0.02803817         0    0.47   0.18      0.35
893  0.14062500 0.2915217 0.02803817         0    0.47   0.18      0.35
894  0.10156250 0.2915217 0.02803817         0    0.47   0.18      0.35
895  0.61718750 0.2915217 0.02803817         0    0.47   0.18      0.35
896  1.00000000 0.2915217 0.02803817         0    0.47   0.18      0.35
897  0.60546875 0.2915217 0.02803817         0    0.47   0.18      0.35
898  0.51953125 0.2915217 0.02803817         0    0.47   0.18      0.35
899  0.10937500 0.2915217 0.02803817         0    0.47   0.18      0.35
900  1.00000000 0.2915217 0.02803817         0    0.47   0.18      0.35
901  1.00000000 0.3333070 0.01258650         0    0.44   0.11      0.45
902  0.05468750 0.3333070 0.01258650         0    0.44   0.11      0.45
903  0.03515625 0.3333070 0.01258650         0    0.44   0.11      0.45
904  0.02343750 0.3333070 0.01258650         0    0.44   0.11      0.45
905  1.00000000 0.3333070 0.01258650         0    0.44   0.11      0.45
906  0.15234375 0.3333070 0.01258650         0    0.44   0.11      0.45
907  0.04687500 0.3333070 0.01258650         0    0.44   0.11      0.45
908  0.05078125 0.3333070 0.01258650         0    0.44   0.11      0.45
909  0.04687500 0.3333070 0.01258650         0    0.44   0.11      0.45
910  1.00000000 0.3333070 0.01258650         0    0.44   0.11      0.45
911  0.19921875 0.3333070 0.01258650         0    0.44   0.11      0.45
912  0.13281250 0.3333070 0.01258650         0    0.44   0.11      0.45
913  0.08984375 0.3333070 0.01258650         0    0.44   0.11      0.45
914  1.00000000 0.3333070 0.01258650         0    0.44   0.11      0.45
915  1.00000000 0.3333070 0.01258650         0    0.44   0.11      0.45
916  0.26171875 0.3333070 0.01258650         0    0.44   0.11      0.45
917  1.00000000 0.3333070 0.01258650         0    0.44   0.11      0.45
918  1.00000000 0.3333070 0.01258650         0    0.44   0.11      0.45
919  0.06640625 0.3333070 0.01258650         0    0.44   0.11      0.45
920  0.12500000 0.3333070 0.01258650         0    0.44   0.11      0.45
921  1.00000000 0.3333070 0.01258650         0    0.44   0.11      0.45
922  0.07812500 0.3333070 0.01258650         0    0.44   0.11      0.45
923  1.00000000 0.3333070 0.01258650         0    0.44   0.11      0.45
924  0.50000000 0.3333070 0.01258650         0    0.44   0.11      0.45
925  0.55468750 0.3333070 0.01258650         0    0.44   0.11      0.45
926  0.08984375 0.3333070 0.01258650         0    0.44   0.11      0.45
927  1.00000000 0.3333070 0.01258650         0    0.44   0.11      0.45
928  0.05078125 0.3333070 0.01258650         0    0.44   0.11      0.45
929  1.00000000 0.3333070 0.01258650         0    0.44   0.11      0.45
930  1.00000000 0.3333070 0.01258650         0    0.44   0.11      0.45
931  0.06640625 0.3333070 0.01258650         0    0.44   0.11      0.45
932  0.07031250 0.3333070 0.01258650         0    0.44   0.11      0.45
933  0.05859375 0.3333070 0.01258650         0    0.44   0.11      0.45
934  0.06250000 0.3333070 0.01258650         0    0.44   0.11      0.45
935  0.02343750 0.3333070 0.01258650         0    0.44   0.11      0.45
936  0.05078125 0.3333070 0.01258650         0    0.44   0.11      0.45
937  1.00000000 0.3333070 0.01258650         0    0.44   0.11      0.45
938  1.00000000 0.3333070 0.01258650         0    0.44   0.11      0.45
939  1.00000000 0.3333070 0.01258650         0    0.44   0.11      0.45
940  0.03515625 0.3333070 0.01258650         0    0.44   0.11      0.45
941  1.00000000 0.3333070 0.01258650         0    0.44   0.11      0.45
942  1.00000000 0.3333070 0.01258650         0    0.44   0.11      0.45
943  0.08593750 0.3333070 0.01258650         0    0.44   0.11      0.45
944  0.09375000 0.3333070 0.01258650         0    0.44   0.11      0.45
945  0.07031250 0.3333070 0.01258650         0    0.44   0.11      0.45
946  0.03515625 0.3333070 0.01258650         0    0.44   0.11      0.45
947  1.00000000 0.3333070 0.01258650         0    0.44   0.11      0.45
948  0.09375000 0.3333070 0.01258650         0    0.44   0.11      0.45
949  1.00000000 0.3333070 0.01258650         0    0.44   0.11      0.45
950  0.10546875 0.3333070 0.01258650         0    0.44   0.11      0.45
951  1.00000000 0.3333070 0.01258650         0    0.44   0.11      0.45
952  0.08593750 0.3333070 0.01258650         0    0.44   0.11      0.45
953  0.13281250 0.3333070 0.01258650         0    0.44   0.11      0.45
954  0.03906250 0.3333070 0.01258650         0    0.44   0.11      0.45
955  0.09765625 0.3333070 0.01258650         0    0.44   0.11      0.45
956  1.00000000 0.3333070 0.01258650         0    0.44   0.11      0.45
957  0.03515625 0.3333070 0.01258650         0    0.44   0.11      0.45
958  1.00000000 0.3333070 0.01258650         0    0.44   0.11      0.45
959  1.00000000 0.3333070 0.01258650         0    0.44   0.11      0.45
960  0.14843750 0.3333070 0.01258650         0    0.44   0.11      0.45
961  1.00000000 0.3333070 0.01258650         0    0.44   0.11      0.45
962  1.00000000 0.3333070 0.01258650         0    0.44   0.11      0.45
963  0.12109375 0.3333070 0.01258650         0    0.44   0.11      0.45
964  1.00000000 0.3333070 0.01258650         0    0.44   0.11      0.45
965  1.00000000 0.3333070 0.01258650         0    0.44   0.11      0.45
966  0.03515625 0.3333070 0.01258650         0    0.44   0.11      0.45
967  1.00000000 0.3333070 0.01258650         0    0.44   0.11      0.45
968  0.20312500 0.3333070 0.01258650         0    0.44   0.11      0.45
969  0.54687500 0.3333070 0.01258650         0    0.44   0.11      0.45
970  1.00000000 0.3333070 0.01258650         0    0.44   0.11      0.45
971  1.00000000 0.3333070 0.01258650         0    0.44   0.11      0.45
972  0.05078125 0.3333070 0.01258650         0    0.44   0.11      0.45
973  1.00000000 0.3333070 0.01258650         0    0.44   0.11      0.45
974  0.02343750 0.3333070 0.01258650         0    0.44   0.11      0.45
975  0.07031250 0.3333070 0.01258650         0    0.44   0.11      0.45
976  0.03906250 0.3333070 0.01258650         0    0.44   0.11      0.45
977  0.05859375 0.3333070 0.01258650         0    0.44   0.11      0.45
978  0.06250000 0.3333070 0.01258650         0    0.44   0.11      0.45
979  1.00000000 0.3333070 0.01258650         0    0.44   0.11      0.45
980  1.00000000 0.3333070 0.01258650         0    0.44   0.11      0.45
981  0.17578125 0.3333070 0.01258650         0    0.44   0.11      0.45
982  0.01562500 0.3333070 0.01258650         0    0.44   0.11      0.45
983  1.00000000 0.3333070 0.01258650         0    0.44   0.11      0.45
984  0.05078125 0.3333070 0.01258650         0    0.44   0.11      0.45
985  1.00000000 0.3333070 0.01258650         0    0.44   0.11      0.45
986  0.28515625 0.3333070 0.01258650         0    0.44   0.11      0.45
987  0.03906250 0.3333070 0.01258650         0    0.44   0.11      0.45
988  0.07421875 0.3333070 0.01258650         0    0.44   0.11      0.45
989  0.06640625 0.3333070 0.01258650         0    0.44   0.11      0.45
990  1.00000000 0.3333070 0.01258650         0    0.44   0.11      0.45
991  0.28125000 0.3333070 0.01258650         0    0.44   0.11      0.45
992  1.00000000 0.3333070 0.01258650         0    0.44   0.11      0.45
993  1.00000000 0.3333070 0.01258650         0    0.44   0.11      0.45
994  1.00000000 0.3333070 0.01258650         0    0.44   0.11      0.45
995  0.11718750 0.3333070 0.01258650         0    0.44   0.11      0.45
996  0.09375000 0.3333070 0.01258650         0    0.44   0.11      0.45
997  1.00000000 0.3333070 0.01258650         0    0.44   0.11      0.45
998  0.02734375 0.3333070 0.01258650         0    0.44   0.11      0.45
999  1.00000000 0.3333070 0.01258650         0    0.44   0.11      0.45
1000 1.00000000 0.3333070 0.01258650         0    0.44   0.11      0.45
