      prop.aneu prob.meio  prob.mito dispersal euploid mosaic aneuploid
1    1.00000000 0.4197667 0.05046195         0    0.27   0.23      0.50
2    0.12890625 0.4197667 0.05046195         0    0.27   0.23      0.50
3    0.28515625 0.4197667 0.05046195         0    0.27   0.23      0.50
4    1.00000000 0.4197667 0.05046195         0    0.27   0.23      0.50
5    0.17187500 0.4197667 0.05046195         0    0.27   0.23      0.50
6    1.00000000 0.4197667 0.05046195         0    0.27   0.23      0.50
7    1.00000000 0.4197667 0.05046195         0    0.27   0.23      0.50
8    0.30078125 0.4197667 0.05046195         0    0.27   0.23      0.50
9    0.20312500 0.4197667 0.05046195         0    0.27   0.23      0.50
10   1.00000000 0.4197667 0.05046195         0    0.27   0.23      0.50
11   0.26953125 0.4197667 0.05046195         0    0.27   0.23      0.50
12   1.00000000 0.4197667 0.05046195         0    0.27   0.23      0.50
13   1.00000000 0.4197667 0.05046195         0    0.27   0.23      0.50
14   0.29296875 0.4197667 0.05046195         0    0.27   0.23      0.50
15   0.39062500 0.4197667 0.05046195         0    0.27   0.23      0.50
16   1.00000000 0.4197667 0.05046195         0    0.27   0.23      0.50
17   0.41015625 0.4197667 0.05046195         0    0.27   0.23      0.50
18   0.20312500 0.4197667 0.05046195         0    0.27   0.23      0.50
19   1.00000000 0.4197667 0.05046195         0    0.27   0.23      0.50
20   1.00000000 0.4197667 0.05046195         0    0.27   0.23      0.50
21   0.47656250 0.4197667 0.05046195         0    0.27   0.23      0.50
22   0.06250000 0.4197667 0.05046195         0    0.27   0.23      0.50
23   0.41796875 0.4197667 0.05046195         0    0.27   0.23      0.50
24   1.00000000 0.4197667 0.05046195         0    0.27   0.23      0.50
25   0.19531250 0.4197667 0.05046195         0    0.27   0.23      0.50
26   0.13671875 0.4197667 0.05046195         0    0.27   0.23      0.50
27   0.22265625 0.4197667 0.05046195         0    0.27   0.23      0.50
28   0.41406250 0.4197667 0.05046195         0    0.27   0.23      0.50
29   1.00000000 0.4197667 0.05046195         0    0.27   0.23      0.50
30   1.00000000 0.4197667 0.05046195         0    0.27   0.23      0.50
31   1.00000000 0.4197667 0.05046195         0    0.27   0.23      0.50
32   0.42968750 0.4197667 0.05046195         0    0.27   0.23      0.50
33   0.48046875 0.4197667 0.05046195         0    0.27   0.23      0.50
34   0.25781250 0.4197667 0.05046195         0    0.27   0.23      0.50
35   0.42578125 0.4197667 0.05046195         0    0.27   0.23      0.50
36   1.00000000 0.4197667 0.05046195         0    0.27   0.23      0.50
37   0.17578125 0.4197667 0.05046195         0    0.27   0.23      0.50
38   0.63281250 0.4197667 0.05046195         0    0.27   0.23      0.50
39   1.00000000 0.4197667 0.05046195         0    0.27   0.23      0.50
40   1.00000000 0.4197667 0.05046195         0    0.27   0.23      0.50
41   0.33203125 0.4197667 0.05046195         0    0.27   0.23      0.50
42   1.00000000 0.4197667 0.05046195         0    0.27   0.23      0.50
43   0.14843750 0.4197667 0.05046195         0    0.27   0.23      0.50
44   1.00000000 0.4197667 0.05046195         0    0.27   0.23      0.50
45   0.23046875 0.4197667 0.05046195         0    0.27   0.23      0.50
46   0.39062500 0.4197667 0.05046195         0    0.27   0.23      0.50
47   1.00000000 0.4197667 0.05046195         0    0.27   0.23      0.50
48   0.32031250 0.4197667 0.05046195         0    0.27   0.23      0.50
49   1.00000000 0.4197667 0.05046195         0    0.27   0.23      0.50
50   0.49218750 0.4197667 0.05046195         0    0.27   0.23      0.50
51   0.35546875 0.4197667 0.05046195         0    0.27   0.23      0.50
52   0.08984375 0.4197667 0.05046195         0    0.27   0.23      0.50
53   1.00000000 0.4197667 0.05046195         0    0.27   0.23      0.50
54   1.00000000 0.4197667 0.05046195         0    0.27   0.23      0.50
55   0.31250000 0.4197667 0.05046195         0    0.27   0.23      0.50
56   1.00000000 0.4197667 0.05046195         0    0.27   0.23      0.50
57   0.39843750 0.4197667 0.05046195         0    0.27   0.23      0.50
58   1.00000000 0.4197667 0.05046195         0    0.27   0.23      0.50
59   1.00000000 0.4197667 0.05046195         0    0.27   0.23      0.50
60   1.00000000 0.4197667 0.05046195         0    0.27   0.23      0.50
61   1.00000000 0.4197667 0.05046195         0    0.27   0.23      0.50
62   0.28125000 0.4197667 0.05046195         0    0.27   0.23      0.50
63   0.20312500 0.4197667 0.05046195         0    0.27   0.23      0.50
64   0.32812500 0.4197667 0.05046195         0    0.27   0.23      0.50
65   0.41796875 0.4197667 0.05046195         0    0.27   0.23      0.50
66   0.16796875 0.4197667 0.05046195         0    0.27   0.23      0.50
67   1.00000000 0.4197667 0.05046195         0    0.27   0.23      0.50
68   0.40234375 0.4197667 0.05046195         0    0.27   0.23      0.50
69   0.81640625 0.4197667 0.05046195         0    0.27   0.23      0.50
70   0.19531250 0.4197667 0.05046195         0    0.27   0.23      0.50
71   0.33203125 0.4197667 0.05046195         0    0.27   0.23      0.50
72   1.00000000 0.4197667 0.05046195         0    0.27   0.23      0.50
73   0.38671875 0.4197667 0.05046195         0    0.27   0.23      0.50
74   1.00000000 0.4197667 0.05046195         0    0.27   0.23      0.50
75   0.19921875 0.4197667 0.05046195         0    0.27   0.23      0.50
76   0.75390625 0.4197667 0.05046195         0    0.27   0.23      0.50
77   0.44921875 0.4197667 0.05046195         0    0.27   0.23      0.50
78   0.16406250 0.4197667 0.05046195         0    0.27   0.23      0.50
79   0.47265625 0.4197667 0.05046195         0    0.27   0.23      0.50
80   1.00000000 0.4197667 0.05046195         0    0.27   0.23      0.50
81   0.25781250 0.4197667 0.05046195         0    0.27   0.23      0.50
82   0.35156250 0.4197667 0.05046195         0    0.27   0.23      0.50
83   0.19140625 0.4197667 0.05046195         0    0.27   0.23      0.50
84   1.00000000 0.4197667 0.05046195         0    0.27   0.23      0.50
85   0.25000000 0.4197667 0.05046195         0    0.27   0.23      0.50
86   0.18359375 0.4197667 0.05046195         0    0.27   0.23      0.50
87   1.00000000 0.4197667 0.05046195         0    0.27   0.23      0.50
88   1.00000000 0.4197667 0.05046195         0    0.27   0.23      0.50
89   1.00000000 0.4197667 0.05046195         0    0.27   0.23      0.50
90   0.70703125 0.4197667 0.05046195         0    0.27   0.23      0.50
91   0.17968750 0.4197667 0.05046195         0    0.27   0.23      0.50
92   0.45703125 0.4197667 0.05046195         0    0.27   0.23      0.50
93   0.18750000 0.4197667 0.05046195         0    0.27   0.23      0.50
94   0.15234375 0.4197667 0.05046195         0    0.27   0.23      0.50
95   1.00000000 0.4197667 0.05046195         0    0.27   0.23      0.50
96   0.16015625 0.4197667 0.05046195         0    0.27   0.23      0.50
97   1.00000000 0.4197667 0.05046195         0    0.27   0.23      0.50
98   0.44140625 0.4197667 0.05046195         0    0.27   0.23      0.50
99   1.00000000 0.4197667 0.05046195         0    0.27   0.23      0.50
100  0.61328125 0.4197667 0.05046195         0    0.27   0.23      0.50
101  1.00000000 0.3517329 0.01096506         0    0.51   0.11      0.38
102  1.00000000 0.3517329 0.01096506         0    0.51   0.11      0.38
103  1.00000000 0.3517329 0.01096506         0    0.51   0.11      0.38
104  1.00000000 0.3517329 0.01096506         0    0.51   0.11      0.38
105  1.00000000 0.3517329 0.01096506         0    0.51   0.11      0.38
106  1.00000000 0.3517329 0.01096506         0    0.51   0.11      0.38
107  0.03125000 0.3517329 0.01096506         0    0.51   0.11      0.38
108  0.16406250 0.3517329 0.01096506         0    0.51   0.11      0.38
109  0.03125000 0.3517329 0.01096506         0    0.51   0.11      0.38
110  0.04296875 0.3517329 0.01096506         0    0.51   0.11      0.38
111  1.00000000 0.3517329 0.01096506         0    0.51   0.11      0.38
112  0.05859375 0.3517329 0.01096506         0    0.51   0.11      0.38
113  1.00000000 0.3517329 0.01096506         0    0.51   0.11      0.38
114  0.16015625 0.3517329 0.01096506         0    0.51   0.11      0.38
115  1.00000000 0.3517329 0.01096506         0    0.51   0.11      0.38
116  0.02343750 0.3517329 0.01096506         0    0.51   0.11      0.38
117  0.05859375 0.3517329 0.01096506         0    0.51   0.11      0.38
118  0.17968750 0.3517329 0.01096506         0    0.51   0.11      0.38
119  1.00000000 0.3517329 0.01096506         0    0.51   0.11      0.38
120  1.00000000 0.3517329 0.01096506         0    0.51   0.11      0.38
121  0.01562500 0.3517329 0.01096506         0    0.51   0.11      0.38
122  0.02734375 0.3517329 0.01096506         0    0.51   0.11      0.38
123  1.00000000 0.3517329 0.01096506         0    0.51   0.11      0.38
124  0.01171875 0.3517329 0.01096506         0    0.51   0.11      0.38
125  1.00000000 0.3517329 0.01096506         0    0.51   0.11      0.38
126  0.26171875 0.3517329 0.01096506         0    0.51   0.11      0.38
127  0.01562500 0.3517329 0.01096506         0    0.51   0.11      0.38
128  0.03125000 0.3517329 0.01096506         0    0.51   0.11      0.38
129  1.00000000 0.3517329 0.01096506         0    0.51   0.11      0.38
130  0.51953125 0.3517329 0.01096506         0    0.51   0.11      0.38
131  0.36328125 0.3517329 0.01096506         0    0.51   0.11      0.38
132  0.23046875 0.3517329 0.01096506         0    0.51   0.11      0.38
133  0.04687500 0.3517329 0.01096506         0    0.51   0.11      0.38
134  0.09765625 0.3517329 0.01096506         0    0.51   0.11      0.38
135  1.00000000 0.3517329 0.01096506         0    0.51   0.11      0.38
136  0.10156250 0.3517329 0.01096506         0    0.51   0.11      0.38
137  0.02343750 0.3517329 0.01096506         0    0.51   0.11      0.38
138  0.01171875 0.3517329 0.01096506         0    0.51   0.11      0.38
139  0.03515625 0.3517329 0.01096506         0    0.51   0.11      0.38
140  0.26953125 0.3517329 0.01096506         0    0.51   0.11      0.38
141  0.07031250 0.3517329 0.01096506         0    0.51   0.11      0.38
142  0.05468750 0.3517329 0.01096506         0    0.51   0.11      0.38
143  1.00000000 0.3517329 0.01096506         0    0.51   0.11      0.38
144  0.16796875 0.3517329 0.01096506         0    0.51   0.11      0.38
145  1.00000000 0.3517329 0.01096506         0    0.51   0.11      0.38
146  0.10156250 0.3517329 0.01096506         0    0.51   0.11      0.38
147  1.00000000 0.3517329 0.01096506         0    0.51   0.11      0.38
148  1.00000000 0.3517329 0.01096506         0    0.51   0.11      0.38
149  0.14843750 0.3517329 0.01096506         0    0.51   0.11      0.38
150  0.11718750 0.3517329 0.01096506         0    0.51   0.11      0.38
151  0.01171875 0.3517329 0.01096506         0    0.51   0.11      0.38
152  1.00000000 0.3517329 0.01096506         0    0.51   0.11      0.38
153  0.03125000 0.3517329 0.01096506         0    0.51   0.11      0.38
154  1.00000000 0.3517329 0.01096506         0    0.51   0.11      0.38
155  0.06640625 0.3517329 0.01096506         0    0.51   0.11      0.38
156  0.00781250 0.3517329 0.01096506         0    0.51   0.11      0.38
157  1.00000000 0.3517329 0.01096506         0    0.51   0.11      0.38
158  0.00000000 0.3517329 0.01096506         0    0.51   0.11      0.38
159  1.00000000 0.3517329 0.01096506         0    0.51   0.11      0.38
160  0.02734375 0.3517329 0.01096506         0    0.51   0.11      0.38
161  1.00000000 0.3517329 0.01096506         0    0.51   0.11      0.38
162  0.05859375 0.3517329 0.01096506         0    0.51   0.11      0.38
163  1.00000000 0.3517329 0.01096506         0    0.51   0.11      0.38
164  1.00000000 0.3517329 0.01096506         0    0.51   0.11      0.38
165  1.00000000 0.3517329 0.01096506         0    0.51   0.11      0.38
166  0.04296875 0.3517329 0.01096506         0    0.51   0.11      0.38
167  0.01562500 0.3517329 0.01096506         0    0.51   0.11      0.38
168  1.00000000 0.3517329 0.01096506         0    0.51   0.11      0.38
169  1.00000000 0.3517329 0.01096506         0    0.51   0.11      0.38
170  1.00000000 0.3517329 0.01096506         0    0.51   0.11      0.38
171  1.00000000 0.3517329 0.01096506         0    0.51   0.11      0.38
172  0.00781250 0.3517329 0.01096506         0    0.51   0.11      0.38
173  0.12109375 0.3517329 0.01096506         0    0.51   0.11      0.38
174  0.05859375 0.3517329 0.01096506         0    0.51   0.11      0.38
175  0.11718750 0.3517329 0.01096506         0    0.51   0.11      0.38
176  1.00000000 0.3517329 0.01096506         0    0.51   0.11      0.38
177  0.11328125 0.3517329 0.01096506         0    0.51   0.11      0.38
178  1.00000000 0.3517329 0.01096506         0    0.51   0.11      0.38
179  0.05468750 0.3517329 0.01096506         0    0.51   0.11      0.38
180  0.03125000 0.3517329 0.01096506         0    0.51   0.11      0.38
181  1.00000000 0.3517329 0.01096506         0    0.51   0.11      0.38
182  1.00000000 0.3517329 0.01096506         0    0.51   0.11      0.38
183  0.02734375 0.3517329 0.01096506         0    0.51   0.11      0.38
184  0.15234375 0.3517329 0.01096506         0    0.51   0.11      0.38
185  0.04687500 0.3517329 0.01096506         0    0.51   0.11      0.38
186  0.01953125 0.3517329 0.01096506         0    0.51   0.11      0.38
187  0.11328125 0.3517329 0.01096506         0    0.51   0.11      0.38
188  0.05859375 0.3517329 0.01096506         0    0.51   0.11      0.38
189  0.15625000 0.3517329 0.01096506         0    0.51   0.11      0.38
190  0.02734375 0.3517329 0.01096506         0    0.51   0.11      0.38
191  0.03125000 0.3517329 0.01096506         0    0.51   0.11      0.38
192  0.01171875 0.3517329 0.01096506         0    0.51   0.11      0.38
193  1.00000000 0.3517329 0.01096506         0    0.51   0.11      0.38
194  0.05078125 0.3517329 0.01096506         0    0.51   0.11      0.38
195  0.09375000 0.3517329 0.01096506         0    0.51   0.11      0.38
196  0.01562500 0.3517329 0.01096506         0    0.51   0.11      0.38
197  0.03125000 0.3517329 0.01096506         0    0.51   0.11      0.38
198  1.00000000 0.3517329 0.01096506         0    0.51   0.11      0.38
199  0.01171875 0.3517329 0.01096506         0    0.51   0.11      0.38
200  0.39843750 0.3517329 0.01096506         0    0.51   0.11      0.38
201  0.08203125 0.3210505 0.02768236         0    0.42   0.24      0.34
202  0.53906250 0.3210505 0.02768236         0    0.42   0.24      0.34
203  0.21875000 0.3210505 0.02768236         0    0.42   0.24      0.34
204  0.07031250 0.3210505 0.02768236         0    0.42   0.24      0.34
205  1.00000000 0.3210505 0.02768236         0    0.42   0.24      0.34
206  0.19531250 0.3210505 0.02768236         0    0.42   0.24      0.34
207  1.00000000 0.3210505 0.02768236         0    0.42   0.24      0.34
208  0.18750000 0.3210505 0.02768236         0    0.42   0.24      0.34
209  0.18359375 0.3210505 0.02768236         0    0.42   0.24      0.34
210  0.07031250 0.3210505 0.02768236         0    0.42   0.24      0.34
211  0.53906250 0.3210505 0.02768236         0    0.42   0.24      0.34
212  0.67968750 0.3210505 0.02768236         0    0.42   0.24      0.34
213  0.25390625 0.3210505 0.02768236         0    0.42   0.24      0.34
214  0.26562500 0.3210505 0.02768236         0    0.42   0.24      0.34
215  0.11718750 0.3210505 0.02768236         0    0.42   0.24      0.34
216  0.19140625 0.3210505 0.02768236         0    0.42   0.24      0.34
217  0.33984375 0.3210505 0.02768236         0    0.42   0.24      0.34
218  0.12500000 0.3210505 0.02768236         0    0.42   0.24      0.34
219  0.08984375 0.3210505 0.02768236         0    0.42   0.24      0.34
220  0.12109375 0.3210505 0.02768236         0    0.42   0.24      0.34
221  0.20312500 0.3210505 0.02768236         0    0.42   0.24      0.34
222  0.10156250 0.3210505 0.02768236         0    0.42   0.24      0.34
223  1.00000000 0.3210505 0.02768236         0    0.42   0.24      0.34
224  0.28125000 0.3210505 0.02768236         0    0.42   0.24      0.34
225  0.13671875 0.3210505 0.02768236         0    0.42   0.24      0.34
226  1.00000000 0.3210505 0.02768236         0    0.42   0.24      0.34
227  0.55078125 0.3210505 0.02768236         0    0.42   0.24      0.34
228  0.21093750 0.3210505 0.02768236         0    0.42   0.24      0.34
229  0.15234375 0.3210505 0.02768236         0    0.42   0.24      0.34
230  0.19921875 0.3210505 0.02768236         0    0.42   0.24      0.34
231  1.00000000 0.3210505 0.02768236         0    0.42   0.24      0.34
232  1.00000000 0.3210505 0.02768236         0    0.42   0.24      0.34
233  1.00000000 0.3210505 0.02768236         0    0.42   0.24      0.34
234  1.00000000 0.3210505 0.02768236         0    0.42   0.24      0.34
235  1.00000000 0.3210505 0.02768236         0    0.42   0.24      0.34
236  0.51562500 0.3210505 0.02768236         0    0.42   0.24      0.34
237  0.03515625 0.3210505 0.02768236         0    0.42   0.24      0.34
238  1.00000000 0.3210505 0.02768236         0    0.42   0.24      0.34
239  0.21484375 0.3210505 0.02768236         0    0.42   0.24      0.34
240  0.12500000 0.3210505 0.02768236         0    0.42   0.24      0.34
241  0.16796875 0.3210505 0.02768236         0    0.42   0.24      0.34
242  0.10937500 0.3210505 0.02768236         0    0.42   0.24      0.34
243  1.00000000 0.3210505 0.02768236         0    0.42   0.24      0.34
244  0.03906250 0.3210505 0.02768236         0    0.42   0.24      0.34
245  0.24609375 0.3210505 0.02768236         0    0.42   0.24      0.34
246  0.14453125 0.3210505 0.02768236         0    0.42   0.24      0.34
247  0.22265625 0.3210505 0.02768236         0    0.42   0.24      0.34
248  0.17968750 0.3210505 0.02768236         0    0.42   0.24      0.34
249  1.00000000 0.3210505 0.02768236         0    0.42   0.24      0.34
250  1.00000000 0.3210505 0.02768236         0    0.42   0.24      0.34
251  1.00000000 0.3210505 0.02768236         0    0.42   0.24      0.34
252  0.07812500 0.3210505 0.02768236         0    0.42   0.24      0.34
253  0.05859375 0.3210505 0.02768236         0    0.42   0.24      0.34
254  0.05859375 0.3210505 0.02768236         0    0.42   0.24      0.34
255  0.14843750 0.3210505 0.02768236         0    0.42   0.24      0.34
256  1.00000000 0.3210505 0.02768236         0    0.42   0.24      0.34
257  1.00000000 0.3210505 0.02768236         0    0.42   0.24      0.34
258  1.00000000 0.3210505 0.02768236         0    0.42   0.24      0.34
259  1.00000000 0.3210505 0.02768236         0    0.42   0.24      0.34
260  1.00000000 0.3210505 0.02768236         0    0.42   0.24      0.34
261  0.21484375 0.3210505 0.02768236         0    0.42   0.24      0.34
262  1.00000000 0.3210505 0.02768236         0    0.42   0.24      0.34
263  0.54687500 0.3210505 0.02768236         0    0.42   0.24      0.34
264  0.10546875 0.3210505 0.02768236         0    0.42   0.24      0.34
265  0.14453125 0.3210505 0.02768236         0    0.42   0.24      0.34
266  0.08593750 0.3210505 0.02768236         0    0.42   0.24      0.34
267  1.00000000 0.3210505 0.02768236         0    0.42   0.24      0.34
268  0.12890625 0.3210505 0.02768236         0    0.42   0.24      0.34
269  0.05078125 0.3210505 0.02768236         0    0.42   0.24      0.34
270  1.00000000 0.3210505 0.02768236         0    0.42   0.24      0.34
271  0.15625000 0.3210505 0.02768236         0    0.42   0.24      0.34
272  1.00000000 0.3210505 0.02768236         0    0.42   0.24      0.34
273  0.28515625 0.3210505 0.02768236         0    0.42   0.24      0.34
274  0.07812500 0.3210505 0.02768236         0    0.42   0.24      0.34
275  0.11328125 0.3210505 0.02768236         0    0.42   0.24      0.34
276  1.00000000 0.3210505 0.02768236         0    0.42   0.24      0.34
277  0.06640625 0.3210505 0.02768236         0    0.42   0.24      0.34
278  1.00000000 0.3210505 0.02768236         0    0.42   0.24      0.34
279  0.16015625 0.3210505 0.02768236         0    0.42   0.24      0.34
280  0.10156250 0.3210505 0.02768236         0    0.42   0.24      0.34
281  0.12500000 0.3210505 0.02768236         0    0.42   0.24      0.34
282  1.00000000 0.3210505 0.02768236         0    0.42   0.24      0.34
283  1.00000000 0.3210505 0.02768236         0    0.42   0.24      0.34
284  0.62890625 0.3210505 0.02768236         0    0.42   0.24      0.34
285  1.00000000 0.3210505 0.02768236         0    0.42   0.24      0.34
286  0.03515625 0.3210505 0.02768236         0    0.42   0.24      0.34
287  0.14453125 0.3210505 0.02768236         0    0.42   0.24      0.34
288  0.21484375 0.3210505 0.02768236         0    0.42   0.24      0.34
289  0.34375000 0.3210505 0.02768236         0    0.42   0.24      0.34
290  0.19921875 0.3210505 0.02768236         0    0.42   0.24      0.34
291  0.18750000 0.3210505 0.02768236         0    0.42   0.24      0.34
292  0.14453125 0.3210505 0.02768236         0    0.42   0.24      0.34
293  1.00000000 0.3210505 0.02768236         0    0.42   0.24      0.34
294  1.00000000 0.3210505 0.02768236         0    0.42   0.24      0.34
295  1.00000000 0.3210505 0.02768236         0    0.42   0.24      0.34
296  0.53515625 0.3210505 0.02768236         0    0.42   0.24      0.34
297  0.50390625 0.3210505 0.02768236         0    0.42   0.24      0.34
298  1.00000000 0.3210505 0.02768236         0    0.42   0.24      0.34
299  0.15234375 0.3210505 0.02768236         0    0.42   0.24      0.34
300  0.13281250 0.3210505 0.02768236         0    0.42   0.24      0.34
301  0.17187500 0.2590005 0.04632354         0    0.36   0.26      0.38
302  0.47265625 0.2590005 0.04632354         0    0.36   0.26      0.38
303  0.29687500 0.2590005 0.04632354         0    0.36   0.26      0.38
304  0.58593750 0.2590005 0.04632354         0    0.36   0.26      0.38
305  1.00000000 0.2590005 0.04632354         0    0.36   0.26      0.38
306  0.60156250 0.2590005 0.04632354         0    0.36   0.26      0.38
307  0.66406250 0.2590005 0.04632354         0    0.36   0.26      0.38
308  1.00000000 0.2590005 0.04632354         0    0.36   0.26      0.38
309  0.21484375 0.2590005 0.04632354         0    0.36   0.26      0.38
310  0.15625000 0.2590005 0.04632354         0    0.36   0.26      0.38
311  1.00000000 0.2590005 0.04632354         0    0.36   0.26      0.38
312  0.26562500 0.2590005 0.04632354         0    0.36   0.26      0.38
313  0.24218750 0.2590005 0.04632354         0    0.36   0.26      0.38
314  1.00000000 0.2590005 0.04632354         0    0.36   0.26      0.38
315  0.21484375 0.2590005 0.04632354         0    0.36   0.26      0.38
316  0.29296875 0.2590005 0.04632354         0    0.36   0.26      0.38
317  1.00000000 0.2590005 0.04632354         0    0.36   0.26      0.38
318  0.15625000 0.2590005 0.04632354         0    0.36   0.26      0.38
319  0.22656250 0.2590005 0.04632354         0    0.36   0.26      0.38
320  1.00000000 0.2590005 0.04632354         0    0.36   0.26      0.38
321  0.34765625 0.2590005 0.04632354         0    0.36   0.26      0.38
322  0.17578125 0.2590005 0.04632354         0    0.36   0.26      0.38
323  1.00000000 0.2590005 0.04632354         0    0.36   0.26      0.38
324  0.11718750 0.2590005 0.04632354         0    0.36   0.26      0.38
325  0.17968750 0.2590005 0.04632354         0    0.36   0.26      0.38
326  0.17968750 0.2590005 0.04632354         0    0.36   0.26      0.38
327  1.00000000 0.2590005 0.04632354         0    0.36   0.26      0.38
328  1.00000000 0.2590005 0.04632354         0    0.36   0.26      0.38
329  0.46093750 0.2590005 0.04632354         0    0.36   0.26      0.38
330  0.37109375 0.2590005 0.04632354         0    0.36   0.26      0.38
331  1.00000000 0.2590005 0.04632354         0    0.36   0.26      0.38
332  0.56250000 0.2590005 0.04632354         0    0.36   0.26      0.38
333  0.60937500 0.2590005 0.04632354         0    0.36   0.26      0.38
334  1.00000000 0.2590005 0.04632354         0    0.36   0.26      0.38
335  0.37890625 0.2590005 0.04632354         0    0.36   0.26      0.38
336  0.24609375 0.2590005 0.04632354         0    0.36   0.26      0.38
337  1.00000000 0.2590005 0.04632354         0    0.36   0.26      0.38
338  0.59375000 0.2590005 0.04632354         0    0.36   0.26      0.38
339  0.28515625 0.2590005 0.04632354         0    0.36   0.26      0.38
340  1.00000000 0.2590005 0.04632354         0    0.36   0.26      0.38
341  0.11718750 0.2590005 0.04632354         0    0.36   0.26      0.38
342  0.17187500 0.2590005 0.04632354         0    0.36   0.26      0.38
343  0.21484375 0.2590005 0.04632354         0    0.36   0.26      0.38
344  0.43750000 0.2590005 0.04632354         0    0.36   0.26      0.38
345  0.47265625 0.2590005 0.04632354         0    0.36   0.26      0.38
346  0.26953125 0.2590005 0.04632354         0    0.36   0.26      0.38
347  0.47265625 0.2590005 0.04632354         0    0.36   0.26      0.38
348  0.38281250 0.2590005 0.04632354         0    0.36   0.26      0.38
349  0.17187500 0.2590005 0.04632354         0    0.36   0.26      0.38
350  0.25390625 0.2590005 0.04632354         0    0.36   0.26      0.38
351  0.21875000 0.2590005 0.04632354         0    0.36   0.26      0.38
352  0.39843750 0.2590005 0.04632354         0    0.36   0.26      0.38
353  0.53125000 0.2590005 0.04632354         0    0.36   0.26      0.38
354  1.00000000 0.2590005 0.04632354         0    0.36   0.26      0.38
355  0.61328125 0.2590005 0.04632354         0    0.36   0.26      0.38
356  0.13671875 0.2590005 0.04632354         0    0.36   0.26      0.38
357  0.30859375 0.2590005 0.04632354         0    0.36   0.26      0.38
358  1.00000000 0.2590005 0.04632354         0    0.36   0.26      0.38
359  0.23828125 0.2590005 0.04632354         0    0.36   0.26      0.38
360  1.00000000 0.2590005 0.04632354         0    0.36   0.26      0.38
361  1.00000000 0.2590005 0.04632354         0    0.36   0.26      0.38
362  1.00000000 0.2590005 0.04632354         0    0.36   0.26      0.38
363  0.28515625 0.2590005 0.04632354         0    0.36   0.26      0.38
364  0.21484375 0.2590005 0.04632354         0    0.36   0.26      0.38
365  0.30078125 0.2590005 0.04632354         0    0.36   0.26      0.38
366  1.00000000 0.2590005 0.04632354         0    0.36   0.26      0.38
367  0.22656250 0.2590005 0.04632354         0    0.36   0.26      0.38
368  1.00000000 0.2590005 0.04632354         0    0.36   0.26      0.38
369  0.10937500 0.2590005 0.04632354         0    0.36   0.26      0.38
370  0.25000000 0.2590005 0.04632354         0    0.36   0.26      0.38
371  0.29687500 0.2590005 0.04632354         0    0.36   0.26      0.38
372  0.07421875 0.2590005 0.04632354         0    0.36   0.26      0.38
373  0.18359375 0.2590005 0.04632354         0    0.36   0.26      0.38
374  0.63281250 0.2590005 0.04632354         0    0.36   0.26      0.38
375  0.26953125 0.2590005 0.04632354         0    0.36   0.26      0.38
376  0.26953125 0.2590005 0.04632354         0    0.36   0.26      0.38
377  0.55468750 0.2590005 0.04632354         0    0.36   0.26      0.38
378  0.29296875 0.2590005 0.04632354         0    0.36   0.26      0.38
379  1.00000000 0.2590005 0.04632354         0    0.36   0.26      0.38
380  1.00000000 0.2590005 0.04632354         0    0.36   0.26      0.38
381  0.24609375 0.2590005 0.04632354         0    0.36   0.26      0.38
382  0.33593750 0.2590005 0.04632354         0    0.36   0.26      0.38
383  0.16015625 0.2590005 0.04632354         0    0.36   0.26      0.38
384  1.00000000 0.2590005 0.04632354         0    0.36   0.26      0.38
385  0.34765625 0.2590005 0.04632354         0    0.36   0.26      0.38
386  0.26171875 0.2590005 0.04632354         0    0.36   0.26      0.38
387  0.18359375 0.2590005 0.04632354         0    0.36   0.26      0.38
388  0.28906250 0.2590005 0.04632354         0    0.36   0.26      0.38
389  1.00000000 0.2590005 0.04632354         0    0.36   0.26      0.38
390  0.12500000 0.2590005 0.04632354         0    0.36   0.26      0.38
391  1.00000000 0.2590005 0.04632354         0    0.36   0.26      0.38
392  1.00000000 0.2590005 0.04632354         0    0.36   0.26      0.38
393  0.21093750 0.2590005 0.04632354         0    0.36   0.26      0.38
394  1.00000000 0.2590005 0.04632354         0    0.36   0.26      0.38
395  1.00000000 0.2590005 0.04632354         0    0.36   0.26      0.38
396  1.00000000 0.2590005 0.04632354         0    0.36   0.26      0.38
397  1.00000000 0.2590005 0.04632354         0    0.36   0.26      0.38
398  0.33203125 0.2590005 0.04632354         0    0.36   0.26      0.38
399  0.34375000 0.2590005 0.04632354         0    0.36   0.26      0.38
400  0.17578125 0.2590005 0.04632354         0    0.36   0.26      0.38
401  1.00000000 0.2226628 0.03812710         0    0.41   0.23      0.36
402  0.30859375 0.2226628 0.03812710         0    0.41   0.23      0.36
403  0.26171875 0.2226628 0.03812710         0    0.41   0.23      0.36
404  0.25781250 0.2226628 0.03812710         0    0.41   0.23      0.36
405  0.17968750 0.2226628 0.03812710         0    0.41   0.23      0.36
406  1.00000000 0.2226628 0.03812710         0    0.41   0.23      0.36
407  1.00000000 0.2226628 0.03812710         0    0.41   0.23      0.36
408  1.00000000 0.2226628 0.03812710         0    0.41   0.23      0.36
409  0.26171875 0.2226628 0.03812710         0    0.41   0.23      0.36
410  0.35937500 0.2226628 0.03812710         0    0.41   0.23      0.36
411  1.00000000 0.2226628 0.03812710         0    0.41   0.23      0.36
412  0.19140625 0.2226628 0.03812710         0    0.41   0.23      0.36
413  0.39453125 0.2226628 0.03812710         0    0.41   0.23      0.36
414  0.08984375 0.2226628 0.03812710         0    0.41   0.23      0.36
415  1.00000000 0.2226628 0.03812710         0    0.41   0.23      0.36
416  1.00000000 0.2226628 0.03812710         0    0.41   0.23      0.36
417  0.23437500 0.2226628 0.03812710         0    0.41   0.23      0.36
418  0.38671875 0.2226628 0.03812710         0    0.41   0.23      0.36
419  0.30078125 0.2226628 0.03812710         0    0.41   0.23      0.36
420  1.00000000 0.2226628 0.03812710         0    0.41   0.23      0.36
421  0.17187500 0.2226628 0.03812710         0    0.41   0.23      0.36
422  0.19531250 0.2226628 0.03812710         0    0.41   0.23      0.36
423  0.23437500 0.2226628 0.03812710         0    0.41   0.23      0.36
424  0.36718750 0.2226628 0.03812710         0    0.41   0.23      0.36
425  0.12500000 0.2226628 0.03812710         0    0.41   0.23      0.36
426  0.23046875 0.2226628 0.03812710         0    0.41   0.23      0.36
427  0.23437500 0.2226628 0.03812710         0    0.41   0.23      0.36
428  0.39843750 0.2226628 0.03812710         0    0.41   0.23      0.36
429  0.25000000 0.2226628 0.03812710         0    0.41   0.23      0.36
430  0.15625000 0.2226628 0.03812710         0    0.41   0.23      0.36
431  0.17187500 0.2226628 0.03812710         0    0.41   0.23      0.36
432  0.14062500 0.2226628 0.03812710         0    0.41   0.23      0.36
433  0.18750000 0.2226628 0.03812710         0    0.41   0.23      0.36
434  0.18750000 0.2226628 0.03812710         0    0.41   0.23      0.36
435  0.23046875 0.2226628 0.03812710         0    0.41   0.23      0.36
436  0.12109375 0.2226628 0.03812710         0    0.41   0.23      0.36
437  1.00000000 0.2226628 0.03812710         0    0.41   0.23      0.36
438  0.16406250 0.2226628 0.03812710         0    0.41   0.23      0.36
439  0.25390625 0.2226628 0.03812710         0    0.41   0.23      0.36
440  1.00000000 0.2226628 0.03812710         0    0.41   0.23      0.36
441  0.18359375 0.2226628 0.03812710         0    0.41   0.23      0.36
442  1.00000000 0.2226628 0.03812710         0    0.41   0.23      0.36
443  0.44140625 0.2226628 0.03812710         0    0.41   0.23      0.36
444  0.25000000 0.2226628 0.03812710         0    0.41   0.23      0.36
445  0.13281250 0.2226628 0.03812710         0    0.41   0.23      0.36
446  0.17968750 0.2226628 0.03812710         0    0.41   0.23      0.36
447  0.53125000 0.2226628 0.03812710         0    0.41   0.23      0.36
448  0.10546875 0.2226628 0.03812710         0    0.41   0.23      0.36
449  0.48828125 0.2226628 0.03812710         0    0.41   0.23      0.36
450  1.00000000 0.2226628 0.03812710         0    0.41   0.23      0.36
451  0.26171875 0.2226628 0.03812710         0    0.41   0.23      0.36
452  0.26562500 0.2226628 0.03812710         0    0.41   0.23      0.36
453  1.00000000 0.2226628 0.03812710         0    0.41   0.23      0.36
454  1.00000000 0.2226628 0.03812710         0    0.41   0.23      0.36
455  0.13281250 0.2226628 0.03812710         0    0.41   0.23      0.36
456  0.23046875 0.2226628 0.03812710         0    0.41   0.23      0.36
457  0.20703125 0.2226628 0.03812710         0    0.41   0.23      0.36
458  0.33984375 0.2226628 0.03812710         0    0.41   0.23      0.36
459  0.26953125 0.2226628 0.03812710         0    0.41   0.23      0.36
460  1.00000000 0.2226628 0.03812710         0    0.41   0.23      0.36
461  0.36328125 0.2226628 0.03812710         0    0.41   0.23      0.36
462  0.26171875 0.2226628 0.03812710         0    0.41   0.23      0.36
463  0.28906250 0.2226628 0.03812710         0    0.41   0.23      0.36
464  0.05859375 0.2226628 0.03812710         0    0.41   0.23      0.36
465  1.00000000 0.2226628 0.03812710         0    0.41   0.23      0.36
466  0.17968750 0.2226628 0.03812710         0    0.41   0.23      0.36
467  1.00000000 0.2226628 0.03812710         0    0.41   0.23      0.36
468  0.10546875 0.2226628 0.03812710         0    0.41   0.23      0.36
469  0.22656250 0.2226628 0.03812710         0    0.41   0.23      0.36
470  0.16015625 0.2226628 0.03812710         0    0.41   0.23      0.36
471  0.30859375 0.2226628 0.03812710         0    0.41   0.23      0.36
472  0.32031250 0.2226628 0.03812710         0    0.41   0.23      0.36
473  0.55078125 0.2226628 0.03812710         0    0.41   0.23      0.36
474  0.10546875 0.2226628 0.03812710         0    0.41   0.23      0.36
475  0.34765625 0.2226628 0.03812710         0    0.41   0.23      0.36
476  0.23437500 0.2226628 0.03812710         0    0.41   0.23      0.36
477  0.13671875 0.2226628 0.03812710         0    0.41   0.23      0.36
478  0.24609375 0.2226628 0.03812710         0    0.41   0.23      0.36
479  0.15234375 0.2226628 0.03812710         0    0.41   0.23      0.36
480  1.00000000 0.2226628 0.03812710         0    0.41   0.23      0.36
481  1.00000000 0.2226628 0.03812710         0    0.41   0.23      0.36
482  1.00000000 0.2226628 0.03812710         0    0.41   0.23      0.36
483  0.27734375 0.2226628 0.03812710         0    0.41   0.23      0.36
484  1.00000000 0.2226628 0.03812710         0    0.41   0.23      0.36
485  0.62109375 0.2226628 0.03812710         0    0.41   0.23      0.36
486  0.20312500 0.2226628 0.03812710         0    0.41   0.23      0.36
487  1.00000000 0.2226628 0.03812710         0    0.41   0.23      0.36
488  0.30468750 0.2226628 0.03812710         0    0.41   0.23      0.36
489  0.17187500 0.2226628 0.03812710         0    0.41   0.23      0.36
490  1.00000000 0.2226628 0.03812710         0    0.41   0.23      0.36
491  0.19140625 0.2226628 0.03812710         0    0.41   0.23      0.36
492  0.14453125 0.2226628 0.03812710         0    0.41   0.23      0.36
493  0.36328125 0.2226628 0.03812710         0    0.41   0.23      0.36
494  0.79687500 0.2226628 0.03812710         0    0.41   0.23      0.36
495  0.13281250 0.2226628 0.03812710         0    0.41   0.23      0.36
496  0.41015625 0.2226628 0.03812710         0    0.41   0.23      0.36
497  1.00000000 0.2226628 0.03812710         0    0.41   0.23      0.36
498  0.19531250 0.2226628 0.03812710         0    0.41   0.23      0.36
499  0.38281250 0.2226628 0.03812710         0    0.41   0.23      0.36
500  1.00000000 0.2226628 0.03812710         0    0.41   0.23      0.36
501  1.00000000 0.5027779 0.02766422         0    0.36   0.13      0.51
502  1.00000000 0.5027779 0.02766422         0    0.36   0.13      0.51
503  0.30859375 0.5027779 0.02766422         0    0.36   0.13      0.51
504  1.00000000 0.5027779 0.02766422         0    0.36   0.13      0.51
505  0.10546875 0.5027779 0.02766422         0    0.36   0.13      0.51
506  0.08984375 0.5027779 0.02766422         0    0.36   0.13      0.51
507  0.37109375 0.5027779 0.02766422         0    0.36   0.13      0.51
508  0.13281250 0.5027779 0.02766422         0    0.36   0.13      0.51
509  1.00000000 0.5027779 0.02766422         0    0.36   0.13      0.51
510  1.00000000 0.5027779 0.02766422         0    0.36   0.13      0.51
511  1.00000000 0.5027779 0.02766422         0    0.36   0.13      0.51
512  0.26562500 0.5027779 0.02766422         0    0.36   0.13      0.51
513  0.07031250 0.5027779 0.02766422         0    0.36   0.13      0.51
514  0.16015625 0.5027779 0.02766422         0    0.36   0.13      0.51
515  1.00000000 0.5027779 0.02766422         0    0.36   0.13      0.51
516  1.00000000 0.5027779 0.02766422         0    0.36   0.13      0.51
517  1.00000000 0.5027779 0.02766422         0    0.36   0.13      0.51
518  0.17187500 0.5027779 0.02766422         0    0.36   0.13      0.51
519  1.00000000 0.5027779 0.02766422         0    0.36   0.13      0.51
520  1.00000000 0.5027779 0.02766422         0    0.36   0.13      0.51
521  0.25781250 0.5027779 0.02766422         0    0.36   0.13      0.51
522  0.16406250 0.5027779 0.02766422         0    0.36   0.13      0.51
523  0.18750000 0.5027779 0.02766422         0    0.36   0.13      0.51
524  1.00000000 0.5027779 0.02766422         0    0.36   0.13      0.51
525  1.00000000 0.5027779 0.02766422         0    0.36   0.13      0.51
526  0.09375000 0.5027779 0.02766422         0    0.36   0.13      0.51
527  1.00000000 0.5027779 0.02766422         0    0.36   0.13      0.51
528  1.00000000 0.5027779 0.02766422         0    0.36   0.13      0.51
529  1.00000000 0.5027779 0.02766422         0    0.36   0.13      0.51
530  1.00000000 0.5027779 0.02766422         0    0.36   0.13      0.51
531  1.00000000 0.5027779 0.02766422         0    0.36   0.13      0.51
532  0.07031250 0.5027779 0.02766422         0    0.36   0.13      0.51
533  0.09765625 0.5027779 0.02766422         0    0.36   0.13      0.51
534  1.00000000 0.5027779 0.02766422         0    0.36   0.13      0.51
535  0.28125000 0.5027779 0.02766422         0    0.36   0.13      0.51
536  0.10546875 0.5027779 0.02766422         0    0.36   0.13      0.51
537  1.00000000 0.5027779 0.02766422         0    0.36   0.13      0.51
538  0.07812500 0.5027779 0.02766422         0    0.36   0.13      0.51
539  0.13281250 0.5027779 0.02766422         0    0.36   0.13      0.51
540  0.08203125 0.5027779 0.02766422         0    0.36   0.13      0.51
541  1.00000000 0.5027779 0.02766422         0    0.36   0.13      0.51
542  1.00000000 0.5027779 0.02766422         0    0.36   0.13      0.51
543  1.00000000 0.5027779 0.02766422         0    0.36   0.13      0.51
544  0.17578125 0.5027779 0.02766422         0    0.36   0.13      0.51
545  1.00000000 0.5027779 0.02766422         0    0.36   0.13      0.51
546  0.08203125 0.5027779 0.02766422         0    0.36   0.13      0.51
547  0.43359375 0.5027779 0.02766422         0    0.36   0.13      0.51
548  1.00000000 0.5027779 0.02766422         0    0.36   0.13      0.51
549  1.00000000 0.5027779 0.02766422         0    0.36   0.13      0.51
550  0.16796875 0.5027779 0.02766422         0    0.36   0.13      0.51
551  0.11328125 0.5027779 0.02766422         0    0.36   0.13      0.51
552  1.00000000 0.5027779 0.02766422         0    0.36   0.13      0.51
553  0.58203125 0.5027779 0.02766422         0    0.36   0.13      0.51
554  0.26953125 0.5027779 0.02766422         0    0.36   0.13      0.51
555  1.00000000 0.5027779 0.02766422         0    0.36   0.13      0.51
556  1.00000000 0.5027779 0.02766422         0    0.36   0.13      0.51
557  1.00000000 0.5027779 0.02766422         0    0.36   0.13      0.51
558  1.00000000 0.5027779 0.02766422         0    0.36   0.13      0.51
559  1.00000000 0.5027779 0.02766422         0    0.36   0.13      0.51
560  1.00000000 0.5027779 0.02766422         0    0.36   0.13      0.51
561  0.10546875 0.5027779 0.02766422         0    0.36   0.13      0.51
562  0.12890625 0.5027779 0.02766422         0    0.36   0.13      0.51
563  0.12890625 0.5027779 0.02766422         0    0.36   0.13      0.51
564  1.00000000 0.5027779 0.02766422         0    0.36   0.13      0.51
565  0.10546875 0.5027779 0.02766422         0    0.36   0.13      0.51
566  0.13671875 0.5027779 0.02766422         0    0.36   0.13      0.51
567  1.00000000 0.5027779 0.02766422         0    0.36   0.13      0.51
568  1.00000000 0.5027779 0.02766422         0    0.36   0.13      0.51
569  1.00000000 0.5027779 0.02766422         0    0.36   0.13      0.51
570  1.00000000 0.5027779 0.02766422         0    0.36   0.13      0.51
571  1.00000000 0.5027779 0.02766422         0    0.36   0.13      0.51
572  0.15625000 0.5027779 0.02766422         0    0.36   0.13      0.51
573  0.17578125 0.5027779 0.02766422         0    0.36   0.13      0.51
574  0.10937500 0.5027779 0.02766422         0    0.36   0.13      0.51
575  0.56640625 0.5027779 0.02766422         0    0.36   0.13      0.51
576  0.21875000 0.5027779 0.02766422         0    0.36   0.13      0.51
577  0.24609375 0.5027779 0.02766422         0    0.36   0.13      0.51
578  0.05078125 0.5027779 0.02766422         0    0.36   0.13      0.51
579  1.00000000 0.5027779 0.02766422         0    0.36   0.13      0.51
580  1.00000000 0.5027779 0.02766422         0    0.36   0.13      0.51
581  0.57421875 0.5027779 0.02766422         0    0.36   0.13      0.51
582  1.00000000 0.5027779 0.02766422         0    0.36   0.13      0.51
583  1.00000000 0.5027779 0.02766422         0    0.36   0.13      0.51
584  1.00000000 0.5027779 0.02766422         0    0.36   0.13      0.51
585  1.00000000 0.5027779 0.02766422         0    0.36   0.13      0.51
586  1.00000000 0.5027779 0.02766422         0    0.36   0.13      0.51
587  0.08203125 0.5027779 0.02766422         0    0.36   0.13      0.51
588  1.00000000 0.5027779 0.02766422         0    0.36   0.13      0.51
589  0.10546875 0.5027779 0.02766422         0    0.36   0.13      0.51
590  1.00000000 0.5027779 0.02766422         0    0.36   0.13      0.51
591  0.17578125 0.5027779 0.02766422         0    0.36   0.13      0.51
592  0.11328125 0.5027779 0.02766422         0    0.36   0.13      0.51
593  1.00000000 0.5027779 0.02766422         0    0.36   0.13      0.51
594  0.12500000 0.5027779 0.02766422         0    0.36   0.13      0.51
595  0.08203125 0.5027779 0.02766422         0    0.36   0.13      0.51
596  0.06640625 0.5027779 0.02766422         0    0.36   0.13      0.51
597  1.00000000 0.5027779 0.02766422         0    0.36   0.13      0.51
598  0.19531250 0.5027779 0.02766422         0    0.36   0.13      0.51
599  0.08593750 0.5027779 0.02766422         0    0.36   0.13      0.51
600  0.08984375 0.5027779 0.02766422         0    0.36   0.13      0.51
601  0.64453125 0.4932697 0.04358701         0    0.25   0.25      0.50
602  0.37500000 0.4932697 0.04358701         0    0.25   0.25      0.50
603  1.00000000 0.4932697 0.04358701         0    0.25   0.25      0.50
604  0.33593750 0.4932697 0.04358701         0    0.25   0.25      0.50
605  0.62890625 0.4932697 0.04358701         0    0.25   0.25      0.50
606  0.17578125 0.4932697 0.04358701         0    0.25   0.25      0.50
607  0.25390625 0.4932697 0.04358701         0    0.25   0.25      0.50
608  0.31250000 0.4932697 0.04358701         0    0.25   0.25      0.50
609  0.34375000 0.4932697 0.04358701         0    0.25   0.25      0.50
610  0.17578125 0.4932697 0.04358701         0    0.25   0.25      0.50
611  0.35156250 0.4932697 0.04358701         0    0.25   0.25      0.50
612  1.00000000 0.4932697 0.04358701         0    0.25   0.25      0.50
613  0.37109375 0.4932697 0.04358701         0    0.25   0.25      0.50
614  0.59375000 0.4932697 0.04358701         0    0.25   0.25      0.50
615  1.00000000 0.4932697 0.04358701         0    0.25   0.25      0.50
616  0.33203125 0.4932697 0.04358701         0    0.25   0.25      0.50
617  0.25000000 0.4932697 0.04358701         0    0.25   0.25      0.50
618  0.23046875 0.4932697 0.04358701         0    0.25   0.25      0.50
619  1.00000000 0.4932697 0.04358701         0    0.25   0.25      0.50
620  1.00000000 0.4932697 0.04358701         0    0.25   0.25      0.50
621  1.00000000 0.4932697 0.04358701         0    0.25   0.25      0.50
622  1.00000000 0.4932697 0.04358701         0    0.25   0.25      0.50
623  1.00000000 0.4932697 0.04358701         0    0.25   0.25      0.50
624  1.00000000 0.4932697 0.04358701         0    0.25   0.25      0.50
625  0.67578125 0.4932697 0.04358701         0    0.25   0.25      0.50
626  1.00000000 0.4932697 0.04358701         0    0.25   0.25      0.50
627  1.00000000 0.4932697 0.04358701         0    0.25   0.25      0.50
628  1.00000000 0.4932697 0.04358701         0    0.25   0.25      0.50
629  1.00000000 0.4932697 0.04358701         0    0.25   0.25      0.50
630  1.00000000 0.4932697 0.04358701         0    0.25   0.25      0.50
631  0.29687500 0.4932697 0.04358701         0    0.25   0.25      0.50
632  0.26562500 0.4932697 0.04358701         0    0.25   0.25      0.50
633  0.18750000 0.4932697 0.04358701         0    0.25   0.25      0.50
634  0.22265625 0.4932697 0.04358701         0    0.25   0.25      0.50
635  0.32421875 0.4932697 0.04358701         0    0.25   0.25      0.50
636  0.21093750 0.4932697 0.04358701         0    0.25   0.25      0.50
637  0.16015625 0.4932697 0.04358701         0    0.25   0.25      0.50
638  1.00000000 0.4932697 0.04358701         0    0.25   0.25      0.50
639  0.19140625 0.4932697 0.04358701         0    0.25   0.25      0.50
640  0.42968750 0.4932697 0.04358701         0    0.25   0.25      0.50
641  0.20703125 0.4932697 0.04358701         0    0.25   0.25      0.50
642  0.23046875 0.4932697 0.04358701         0    0.25   0.25      0.50
643  1.00000000 0.4932697 0.04358701         0    0.25   0.25      0.50
644  1.00000000 0.4932697 0.04358701         0    0.25   0.25      0.50
645  1.00000000 0.4932697 0.04358701         0    0.25   0.25      0.50
646  0.36718750 0.4932697 0.04358701         0    0.25   0.25      0.50
647  1.00000000 0.4932697 0.04358701         0    0.25   0.25      0.50
648  1.00000000 0.4932697 0.04358701         0    0.25   0.25      0.50
649  1.00000000 0.4932697 0.04358701         0    0.25   0.25      0.50
650  0.23437500 0.4932697 0.04358701         0    0.25   0.25      0.50
651  0.20703125 0.4932697 0.04358701         0    0.25   0.25      0.50
652  1.00000000 0.4932697 0.04358701         0    0.25   0.25      0.50
653  0.09375000 0.4932697 0.04358701         0    0.25   0.25      0.50
654  1.00000000 0.4932697 0.04358701         0    0.25   0.25      0.50
655  1.00000000 0.4932697 0.04358701         0    0.25   0.25      0.50
656  0.26562500 0.4932697 0.04358701         0    0.25   0.25      0.50
657  0.17968750 0.4932697 0.04358701         0    0.25   0.25      0.50
658  0.25000000 0.4932697 0.04358701         0    0.25   0.25      0.50
659  1.00000000 0.4932697 0.04358701         0    0.25   0.25      0.50
660  0.54296875 0.4932697 0.04358701         0    0.25   0.25      0.50
661  0.23046875 0.4932697 0.04358701         0    0.25   0.25      0.50
662  0.37500000 0.4932697 0.04358701         0    0.25   0.25      0.50
663  1.00000000 0.4932697 0.04358701         0    0.25   0.25      0.50
664  0.16015625 0.4932697 0.04358701         0    0.25   0.25      0.50
665  1.00000000 0.4932697 0.04358701         0    0.25   0.25      0.50
666  0.28125000 0.4932697 0.04358701         0    0.25   0.25      0.50
667  0.14062500 0.4932697 0.04358701         0    0.25   0.25      0.50
668  1.00000000 0.4932697 0.04358701         0    0.25   0.25      0.50
669  0.57421875 0.4932697 0.04358701         0    0.25   0.25      0.50
670  1.00000000 0.4932697 0.04358701         0    0.25   0.25      0.50
671  0.30078125 0.4932697 0.04358701         0    0.25   0.25      0.50
672  1.00000000 0.4932697 0.04358701         0    0.25   0.25      0.50
673  1.00000000 0.4932697 0.04358701         0    0.25   0.25      0.50
674  0.21875000 0.4932697 0.04358701         0    0.25   0.25      0.50
675  1.00000000 0.4932697 0.04358701         0    0.25   0.25      0.50
676  0.43750000 0.4932697 0.04358701         0    0.25   0.25      0.50
677  0.56250000 0.4932697 0.04358701         0    0.25   0.25      0.50
678  1.00000000 0.4932697 0.04358701         0    0.25   0.25      0.50
679  0.22656250 0.4932697 0.04358701         0    0.25   0.25      0.50
680  0.14453125 0.4932697 0.04358701         0    0.25   0.25      0.50
681  1.00000000 0.4932697 0.04358701         0    0.25   0.25      0.50
682  1.00000000 0.4932697 0.04358701         0    0.25   0.25      0.50
683  1.00000000 0.4932697 0.04358701         0    0.25   0.25      0.50
684  0.31250000 0.4932697 0.04358701         0    0.25   0.25      0.50
685  0.31250000 0.4932697 0.04358701         0    0.25   0.25      0.50
686  0.12500000 0.4932697 0.04358701         0    0.25   0.25      0.50
687  1.00000000 0.4932697 0.04358701         0    0.25   0.25      0.50
688  1.00000000 0.4932697 0.04358701         0    0.25   0.25      0.50
689  0.17187500 0.4932697 0.04358701         0    0.25   0.25      0.50
690  0.13281250 0.4932697 0.04358701         0    0.25   0.25      0.50
691  0.26953125 0.4932697 0.04358701         0    0.25   0.25      0.50
692  1.00000000 0.4932697 0.04358701         0    0.25   0.25      0.50
693  0.45312500 0.4932697 0.04358701         0    0.25   0.25      0.50
694  1.00000000 0.4932697 0.04358701         0    0.25   0.25      0.50
695  0.36328125 0.4932697 0.04358701         0    0.25   0.25      0.50
696  1.00000000 0.4932697 0.04358701         0    0.25   0.25      0.50
697  0.33593750 0.4932697 0.04358701         0    0.25   0.25      0.50
698  0.13671875 0.4932697 0.04358701         0    0.25   0.25      0.50
699  1.00000000 0.4932697 0.04358701         0    0.25   0.25      0.50
700  1.00000000 0.4932697 0.04358701         0    0.25   0.25      0.50
701  0.68750000 0.3511875 0.06388518         0    0.24   0.26      0.50
702  0.33984375 0.3511875 0.06388518         0    0.24   0.26      0.50
703  0.66796875 0.3511875 0.06388518         0    0.24   0.26      0.50
704  0.32812500 0.3511875 0.06388518         0    0.24   0.26      0.50
705  1.00000000 0.3511875 0.06388518         0    0.24   0.26      0.50
706  0.71875000 0.3511875 0.06388518         0    0.24   0.26      0.50
707  0.38671875 0.3511875 0.06388518         0    0.24   0.26      0.50
708  1.00000000 0.3511875 0.06388518         0    0.24   0.26      0.50
709  0.41406250 0.3511875 0.06388518         0    0.24   0.26      0.50
710  0.21093750 0.3511875 0.06388518         0    0.24   0.26      0.50
711  0.21875000 0.3511875 0.06388518         0    0.24   0.26      0.50
712  1.00000000 0.3511875 0.06388518         0    0.24   0.26      0.50
713  1.00000000 0.3511875 0.06388518         0    0.24   0.26      0.50
714  0.63671875 0.3511875 0.06388518         0    0.24   0.26      0.50
715  0.60546875 0.3511875 0.06388518         0    0.24   0.26      0.50
716  1.00000000 0.3511875 0.06388518         0    0.24   0.26      0.50
717  1.00000000 0.3511875 0.06388518         0    0.24   0.26      0.50
718  1.00000000 0.3511875 0.06388518         0    0.24   0.26      0.50
719  0.69531250 0.3511875 0.06388518         0    0.24   0.26      0.50
720  1.00000000 0.3511875 0.06388518         0    0.24   0.26      0.50
721  0.30468750 0.3511875 0.06388518         0    0.24   0.26      0.50
722  1.00000000 0.3511875 0.06388518         0    0.24   0.26      0.50
723  0.31640625 0.3511875 0.06388518         0    0.24   0.26      0.50
724  0.36718750 0.3511875 0.06388518         0    0.24   0.26      0.50
725  1.00000000 0.3511875 0.06388518         0    0.24   0.26      0.50
726  1.00000000 0.3511875 0.06388518         0    0.24   0.26      0.50
727  0.40234375 0.3511875 0.06388518         0    0.24   0.26      0.50
728  1.00000000 0.3511875 0.06388518         0    0.24   0.26      0.50
729  1.00000000 0.3511875 0.06388518         0    0.24   0.26      0.50
730  0.72656250 0.3511875 0.06388518         0    0.24   0.26      0.50
731  0.28515625 0.3511875 0.06388518         0    0.24   0.26      0.50
732  1.00000000 0.3511875 0.06388518         0    0.24   0.26      0.50
733  1.00000000 0.3511875 0.06388518         0    0.24   0.26      0.50
734  0.26562500 0.3511875 0.06388518         0    0.24   0.26      0.50
735  1.00000000 0.3511875 0.06388518         0    0.24   0.26      0.50
736  0.33203125 0.3511875 0.06388518         0    0.24   0.26      0.50
737  0.41015625 0.3511875 0.06388518         0    0.24   0.26      0.50
738  0.36328125 0.3511875 0.06388518         0    0.24   0.26      0.50
739  1.00000000 0.3511875 0.06388518         0    0.24   0.26      0.50
740  1.00000000 0.3511875 0.06388518         0    0.24   0.26      0.50
741  0.57031250 0.3511875 0.06388518         0    0.24   0.26      0.50
742  1.00000000 0.3511875 0.06388518         0    0.24   0.26      0.50
743  0.44531250 0.3511875 0.06388518         0    0.24   0.26      0.50
744  0.20703125 0.3511875 0.06388518         0    0.24   0.26      0.50
745  0.23046875 0.3511875 0.06388518         0    0.24   0.26      0.50
746  0.56640625 0.3511875 0.06388518         0    0.24   0.26      0.50
747  0.39843750 0.3511875 0.06388518         0    0.24   0.26      0.50
748  0.46093750 0.3511875 0.06388518         0    0.24   0.26      0.50
749  0.16015625 0.3511875 0.06388518         0    0.24   0.26      0.50
750  0.28515625 0.3511875 0.06388518         0    0.24   0.26      0.50
751  0.34765625 0.3511875 0.06388518         0    0.24   0.26      0.50
752  0.20312500 0.3511875 0.06388518         0    0.24   0.26      0.50
753  0.59765625 0.3511875 0.06388518         0    0.24   0.26      0.50
754  1.00000000 0.3511875 0.06388518         0    0.24   0.26      0.50
755  0.53515625 0.3511875 0.06388518         0    0.24   0.26      0.50
756  1.00000000 0.3511875 0.06388518         0    0.24   0.26      0.50
757  0.19531250 0.3511875 0.06388518         0    0.24   0.26      0.50
758  0.38281250 0.3511875 0.06388518         0    0.24   0.26      0.50
759  0.54687500 0.3511875 0.06388518         0    0.24   0.26      0.50
760  0.41406250 0.3511875 0.06388518         0    0.24   0.26      0.50
761  1.00000000 0.3511875 0.06388518         0    0.24   0.26      0.50
762  0.37109375 0.3511875 0.06388518         0    0.24   0.26      0.50
763  1.00000000 0.3511875 0.06388518         0    0.24   0.26      0.50
764  1.00000000 0.3511875 0.06388518         0    0.24   0.26      0.50
765  0.34765625 0.3511875 0.06388518         0    0.24   0.26      0.50
766  1.00000000 0.3511875 0.06388518         0    0.24   0.26      0.50
767  0.33984375 0.3511875 0.06388518         0    0.24   0.26      0.50
768  0.17968750 0.3511875 0.06388518         0    0.24   0.26      0.50
769  0.26171875 0.3511875 0.06388518         0    0.24   0.26      0.50
770  1.00000000 0.3511875 0.06388518         0    0.24   0.26      0.50
771  1.00000000 0.3511875 0.06388518         0    0.24   0.26      0.50
772  0.36718750 0.3511875 0.06388518         0    0.24   0.26      0.50
773  0.30078125 0.3511875 0.06388518         0    0.24   0.26      0.50
774  0.41015625 0.3511875 0.06388518         0    0.24   0.26      0.50
775  0.62890625 0.3511875 0.06388518         0    0.24   0.26      0.50
776  0.33203125 0.3511875 0.06388518         0    0.24   0.26      0.50
777  1.00000000 0.3511875 0.06388518         0    0.24   0.26      0.50
778  1.00000000 0.3511875 0.06388518         0    0.24   0.26      0.50
779  1.00000000 0.3511875 0.06388518         0    0.24   0.26      0.50
780  1.00000000 0.3511875 0.06388518         0    0.24   0.26      0.50
781  0.54687500 0.3511875 0.06388518         0    0.24   0.26      0.50
782  0.46484375 0.3511875 0.06388518         0    0.24   0.26      0.50
783  0.67187500 0.3511875 0.06388518         0    0.24   0.26      0.50
784  1.00000000 0.3511875 0.06388518         0    0.24   0.26      0.50
785  0.12500000 0.3511875 0.06388518         0    0.24   0.26      0.50
786  0.27343750 0.3511875 0.06388518         0    0.24   0.26      0.50
787  1.00000000 0.3511875 0.06388518         0    0.24   0.26      0.50
788  0.26953125 0.3511875 0.06388518         0    0.24   0.26      0.50
789  1.00000000 0.3511875 0.06388518         0    0.24   0.26      0.50
790  0.37890625 0.3511875 0.06388518         0    0.24   0.26      0.50
791  1.00000000 0.3511875 0.06388518         0    0.24   0.26      0.50
792  1.00000000 0.3511875 0.06388518         0    0.24   0.26      0.50
793  1.00000000 0.3511875 0.06388518         0    0.24   0.26      0.50
794  0.27343750 0.3511875 0.06388518         0    0.24   0.26      0.50
795  0.33593750 0.3511875 0.06388518         0    0.24   0.26      0.50
796  1.00000000 0.3511875 0.06388518         0    0.24   0.26      0.50
797  0.44921875 0.3511875 0.06388518         0    0.24   0.26      0.50
798  0.47265625 0.3511875 0.06388518         0    0.24   0.26      0.50
799  0.47265625 0.3511875 0.06388518         0    0.24   0.26      0.50
800  0.38671875 0.3511875 0.06388518         0    0.24   0.26      0.50
801  0.23437500 0.2765721 0.04221673         0    0.30   0.28      0.42
802  1.00000000 0.2765721 0.04221673         0    0.30   0.28      0.42
803  0.56250000 0.2765721 0.04221673         0    0.30   0.28      0.42
804  0.44531250 0.2765721 0.04221673         0    0.30   0.28      0.42
805  1.00000000 0.2765721 0.04221673         0    0.30   0.28      0.42
806  0.35156250 0.2765721 0.04221673         0    0.30   0.28      0.42
807  0.20312500 0.2765721 0.04221673         0    0.30   0.28      0.42
808  0.23828125 0.2765721 0.04221673         0    0.30   0.28      0.42
809  1.00000000 0.2765721 0.04221673         0    0.30   0.28      0.42
810  1.00000000 0.2765721 0.04221673         0    0.30   0.28      0.42
811  1.00000000 0.2765721 0.04221673         0    0.30   0.28      0.42
812  0.63671875 0.2765721 0.04221673         0    0.30   0.28      0.42
813  1.00000000 0.2765721 0.04221673         0    0.30   0.28      0.42
814  0.27734375 0.2765721 0.04221673         0    0.30   0.28      0.42
815  1.00000000 0.2765721 0.04221673         0    0.30   0.28      0.42
816  1.00000000 0.2765721 0.04221673         0    0.30   0.28      0.42
817  1.00000000 0.2765721 0.04221673         0    0.30   0.28      0.42
818  0.25390625 0.2765721 0.04221673         0    0.30   0.28      0.42
819  1.00000000 0.2765721 0.04221673         0    0.30   0.28      0.42
820  1.00000000 0.2765721 0.04221673         0    0.30   0.28      0.42
821  1.00000000 0.2765721 0.04221673         0    0.30   0.28      0.42
822  1.00000000 0.2765721 0.04221673         0    0.30   0.28      0.42
823  0.28906250 0.2765721 0.04221673         0    0.30   0.28      0.42
824  1.00000000 0.2765721 0.04221673         0    0.30   0.28      0.42
825  0.21093750 0.2765721 0.04221673         0    0.30   0.28      0.42
826  0.56250000 0.2765721 0.04221673         0    0.30   0.28      0.42
827  1.00000000 0.2765721 0.04221673         0    0.30   0.28      0.42
828  0.67187500 0.2765721 0.04221673         0    0.30   0.28      0.42
829  1.00000000 0.2765721 0.04221673         0    0.30   0.28      0.42
830  0.14843750 0.2765721 0.04221673         0    0.30   0.28      0.42
831  1.00000000 0.2765721 0.04221673         0    0.30   0.28      0.42
832  0.37109375 0.2765721 0.04221673         0    0.30   0.28      0.42
833  0.14062500 0.2765721 0.04221673         0    0.30   0.28      0.42
834  0.57812500 0.2765721 0.04221673         0    0.30   0.28      0.42
835  1.00000000 0.2765721 0.04221673         0    0.30   0.28      0.42
836  0.17187500 0.2765721 0.04221673         0    0.30   0.28      0.42
837  1.00000000 0.2765721 0.04221673         0    0.30   0.28      0.42
838  0.34375000 0.2765721 0.04221673         0    0.30   0.28      0.42
839  0.24609375 0.2765721 0.04221673         0    0.30   0.28      0.42
840  0.22656250 0.2765721 0.04221673         0    0.30   0.28      0.42
841  0.10546875 0.2765721 0.04221673         0    0.30   0.28      0.42
842  0.41796875 0.2765721 0.04221673         0    0.30   0.28      0.42
843  0.40625000 0.2765721 0.04221673         0    0.30   0.28      0.42
844  0.15625000 0.2765721 0.04221673         0    0.30   0.28      0.42
845  0.16015625 0.2765721 0.04221673         0    0.30   0.28      0.42
846  0.18750000 0.2765721 0.04221673         0    0.30   0.28      0.42
847  1.00000000 0.2765721 0.04221673         0    0.30   0.28      0.42
848  0.24218750 0.2765721 0.04221673         0    0.30   0.28      0.42
849  0.27343750 0.2765721 0.04221673         0    0.30   0.28      0.42
850  0.18359375 0.2765721 0.04221673         0    0.30   0.28      0.42
851  1.00000000 0.2765721 0.04221673         0    0.30   0.28      0.42
852  1.00000000 0.2765721 0.04221673         0    0.30   0.28      0.42
853  0.12109375 0.2765721 0.04221673         0    0.30   0.28      0.42
854  1.00000000 0.2765721 0.04221673         0    0.30   0.28      0.42
855  0.11718750 0.2765721 0.04221673         0    0.30   0.28      0.42
856  0.54687500 0.2765721 0.04221673         0    0.30   0.28      0.42
857  0.29687500 0.2765721 0.04221673         0    0.30   0.28      0.42
858  1.00000000 0.2765721 0.04221673         0    0.30   0.28      0.42
859  0.39843750 0.2765721 0.04221673         0    0.30   0.28      0.42
860  0.14843750 0.2765721 0.04221673         0    0.30   0.28      0.42
861  0.23046875 0.2765721 0.04221673         0    0.30   0.28      0.42
862  1.00000000 0.2765721 0.04221673         0    0.30   0.28      0.42
863  0.31250000 0.2765721 0.04221673         0    0.30   0.28      0.42
864  1.00000000 0.2765721 0.04221673         0    0.30   0.28      0.42
865  1.00000000 0.2765721 0.04221673         0    0.30   0.28      0.42
866  1.00000000 0.2765721 0.04221673         0    0.30   0.28      0.42
867  0.32812500 0.2765721 0.04221673         0    0.30   0.28      0.42
868  0.17968750 0.2765721 0.04221673         0    0.30   0.28      0.42
869  0.27343750 0.2765721 0.04221673         0    0.30   0.28      0.42
870  0.26562500 0.2765721 0.04221673         0    0.30   0.28      0.42
871  1.00000000 0.2765721 0.04221673         0    0.30   0.28      0.42
872  0.41796875 0.2765721 0.04221673         0    0.30   0.28      0.42
873  0.13671875 0.2765721 0.04221673         0    0.30   0.28      0.42
874  1.00000000 0.2765721 0.04221673         0    0.30   0.28      0.42
875  0.57421875 0.2765721 0.04221673         0    0.30   0.28      0.42
876  1.00000000 0.2765721 0.04221673         0    0.30   0.28      0.42
877  0.27734375 0.2765721 0.04221673         0    0.30   0.28      0.42
878  0.58984375 0.2765721 0.04221673         0    0.30   0.28      0.42
879  0.11718750 0.2765721 0.04221673         0    0.30   0.28      0.42
880  1.00000000 0.2765721 0.04221673         0    0.30   0.28      0.42
881  0.10156250 0.2765721 0.04221673         0    0.30   0.28      0.42
882  0.28906250 0.2765721 0.04221673         0    0.30   0.28      0.42
883  1.00000000 0.2765721 0.04221673         0    0.30   0.28      0.42
884  1.00000000 0.2765721 0.04221673         0    0.30   0.28      0.42
885  0.11328125 0.2765721 0.04221673         0    0.30   0.28      0.42
886  0.33593750 0.2765721 0.04221673         0    0.30   0.28      0.42
887  1.00000000 0.2765721 0.04221673         0    0.30   0.28      0.42
888  1.00000000 0.2765721 0.04221673         0    0.30   0.28      0.42
889  0.23046875 0.2765721 0.04221673         0    0.30   0.28      0.42
890  1.00000000 0.2765721 0.04221673         0    0.30   0.28      0.42
891  0.48046875 0.2765721 0.04221673         0    0.30   0.28      0.42
892  0.34765625 0.2765721 0.04221673         0    0.30   0.28      0.42
893  0.14453125 0.2765721 0.04221673         0    0.30   0.28      0.42
894  0.17968750 0.2765721 0.04221673         0    0.30   0.28      0.42
895  1.00000000 0.2765721 0.04221673         0    0.30   0.28      0.42
896  0.17968750 0.2765721 0.04221673         0    0.30   0.28      0.42
897  0.14062500 0.2765721 0.04221673         0    0.30   0.28      0.42
898  1.00000000 0.2765721 0.04221673         0    0.30   0.28      0.42
899  0.37500000 0.2765721 0.04221673         0    0.30   0.28      0.42
900  0.64843750 0.2765721 0.04221673         0    0.30   0.28      0.42
901  1.00000000 0.3416492 0.04842627         0    0.29   0.29      0.42
902  0.16406250 0.3416492 0.04842627         0    0.29   0.29      0.42
903  0.19140625 0.3416492 0.04842627         0    0.29   0.29      0.42
904  1.00000000 0.3416492 0.04842627         0    0.29   0.29      0.42
905  0.25000000 0.3416492 0.04842627         0    0.29   0.29      0.42
906  0.71875000 0.3416492 0.04842627         0    0.29   0.29      0.42
907  1.00000000 0.3416492 0.04842627         0    0.29   0.29      0.42
908  0.51562500 0.3416492 0.04842627         0    0.29   0.29      0.42
909  0.10546875 0.3416492 0.04842627         0    0.29   0.29      0.42
910  0.33984375 0.3416492 0.04842627         0    0.29   0.29      0.42
911  1.00000000 0.3416492 0.04842627         0    0.29   0.29      0.42
912  1.00000000 0.3416492 0.04842627         0    0.29   0.29      0.42
913  0.39453125 0.3416492 0.04842627         0    0.29   0.29      0.42
914  0.42187500 0.3416492 0.04842627         0    0.29   0.29      0.42
915  0.41406250 0.3416492 0.04842627         0    0.29   0.29      0.42
916  1.00000000 0.3416492 0.04842627         0    0.29   0.29      0.42
917  0.17968750 0.3416492 0.04842627         0    0.29   0.29      0.42
918  0.53125000 0.3416492 0.04842627         0    0.29   0.29      0.42
919  1.00000000 0.3416492 0.04842627         0    0.29   0.29      0.42
920  0.26953125 0.3416492 0.04842627         0    0.29   0.29      0.42
921  0.22265625 0.3416492 0.04842627         0    0.29   0.29      0.42
922  1.00000000 0.3416492 0.04842627         0    0.29   0.29      0.42
923  1.00000000 0.3416492 0.04842627         0    0.29   0.29      0.42
924  0.28515625 0.3416492 0.04842627         0    0.29   0.29      0.42
925  0.59765625 0.3416492 0.04842627         0    0.29   0.29      0.42
926  0.25781250 0.3416492 0.04842627         0    0.29   0.29      0.42
927  1.00000000 0.3416492 0.04842627         0    0.29   0.29      0.42
928  1.00000000 0.3416492 0.04842627         0    0.29   0.29      0.42
929  0.41796875 0.3416492 0.04842627         0    0.29   0.29      0.42
930  0.16796875 0.3416492 0.04842627         0    0.29   0.29      0.42
931  0.61718750 0.3416492 0.04842627         0    0.29   0.29      0.42
932  1.00000000 0.3416492 0.04842627         0    0.29   0.29      0.42
933  1.00000000 0.3416492 0.04842627         0    0.29   0.29      0.42
934  1.00000000 0.3416492 0.04842627         0    0.29   0.29      0.42
935  1.00000000 0.3416492 0.04842627         0    0.29   0.29      0.42
936  0.23046875 0.3416492 0.04842627         0    0.29   0.29      0.42
937  1.00000000 0.3416492 0.04842627         0    0.29   0.29      0.42
938  1.00000000 0.3416492 0.04842627         0    0.29   0.29      0.42
939  1.00000000 0.3416492 0.04842627         0    0.29   0.29      0.42
940  0.43750000 0.3416492 0.04842627         0    0.29   0.29      0.42
941  0.48437500 0.3416492 0.04842627         0    0.29   0.29      0.42
942  0.46875000 0.3416492 0.04842627         0    0.29   0.29      0.42
943  0.30078125 0.3416492 0.04842627         0    0.29   0.29      0.42
944  0.21875000 0.3416492 0.04842627         0    0.29   0.29      0.42
945  0.41015625 0.3416492 0.04842627         0    0.29   0.29      0.42
946  0.14453125 0.3416492 0.04842627         0    0.29   0.29      0.42
947  0.34765625 0.3416492 0.04842627         0    0.29   0.29      0.42
948  0.58203125 0.3416492 0.04842627         0    0.29   0.29      0.42
949  0.37500000 0.3416492 0.04842627         0    0.29   0.29      0.42
950  0.27343750 0.3416492 0.04842627         0    0.29   0.29      0.42
951  0.19531250 0.3416492 0.04842627         0    0.29   0.29      0.42
952  0.30078125 0.3416492 0.04842627         0    0.29   0.29      0.42
953  1.00000000 0.3416492 0.04842627         0    0.29   0.29      0.42
954  1.00000000 0.3416492 0.04842627         0    0.29   0.29      0.42
955  0.21484375 0.3416492 0.04842627         0    0.29   0.29      0.42
956  0.33984375 0.3416492 0.04842627         0    0.29   0.29      0.42
957  1.00000000 0.3416492 0.04842627         0    0.29   0.29      0.42
958  1.00000000 0.3416492 0.04842627         0    0.29   0.29      0.42
959  1.00000000 0.3416492 0.04842627         0    0.29   0.29      0.42
960  0.34375000 0.3416492 0.04842627         0    0.29   0.29      0.42
961  0.33203125 0.3416492 0.04842627         0    0.29   0.29      0.42
962  1.00000000 0.3416492 0.04842627         0    0.29   0.29      0.42
963  1.00000000 0.3416492 0.04842627         0    0.29   0.29      0.42
964  0.52343750 0.3416492 0.04842627         0    0.29   0.29      0.42
965  1.00000000 0.3416492 0.04842627         0    0.29   0.29      0.42
966  0.67187500 0.3416492 0.04842627         0    0.29   0.29      0.42
967  1.00000000 0.3416492 0.04842627         0    0.29   0.29      0.42
968  0.68359375 0.3416492 0.04842627         0    0.29   0.29      0.42
969  0.29296875 0.3416492 0.04842627         0    0.29   0.29      0.42
970  0.31250000 0.3416492 0.04842627         0    0.29   0.29      0.42
971  0.28906250 0.3416492 0.04842627         0    0.29   0.29      0.42
972  0.73828125 0.3416492 0.04842627         0    0.29   0.29      0.42
973  0.26171875 0.3416492 0.04842627         0    0.29   0.29      0.42
974  0.40625000 0.3416492 0.04842627         0    0.29   0.29      0.42
975  0.41796875 0.3416492 0.04842627         0    0.29   0.29      0.42
976  1.00000000 0.3416492 0.04842627         0    0.29   0.29      0.42
977  0.25781250 0.3416492 0.04842627         0    0.29   0.29      0.42
978  0.26953125 0.3416492 0.04842627         0    0.29   0.29      0.42
979  0.17578125 0.3416492 0.04842627         0    0.29   0.29      0.42
980  1.00000000 0.3416492 0.04842627         0    0.29   0.29      0.42
981  1.00000000 0.3416492 0.04842627         0    0.29   0.29      0.42
982  1.00000000 0.3416492 0.04842627         0    0.29   0.29      0.42
983  0.22265625 0.3416492 0.04842627         0    0.29   0.29      0.42
984  0.46093750 0.3416492 0.04842627         0    0.29   0.29      0.42
985  0.26171875 0.3416492 0.04842627         0    0.29   0.29      0.42
986  0.44921875 0.3416492 0.04842627         0    0.29   0.29      0.42
987  1.00000000 0.3416492 0.04842627         0    0.29   0.29      0.42
988  0.40625000 0.3416492 0.04842627         0    0.29   0.29      0.42
989  0.25781250 0.3416492 0.04842627         0    0.29   0.29      0.42
990  1.00000000 0.3416492 0.04842627         0    0.29   0.29      0.42
991  1.00000000 0.3416492 0.04842627         0    0.29   0.29      0.42
992  1.00000000 0.3416492 0.04842627         0    0.29   0.29      0.42
993  1.00000000 0.3416492 0.04842627         0    0.29   0.29      0.42
994  0.81640625 0.3416492 0.04842627         0    0.29   0.29      0.42
995  0.32031250 0.3416492 0.04842627         0    0.29   0.29      0.42
996  1.00000000 0.3416492 0.04842627         0    0.29   0.29      0.42
997  0.46093750 0.3416492 0.04842627         0    0.29   0.29      0.42
998  0.26953125 0.3416492 0.04842627         0    0.29   0.29      0.42
999  0.41015625 0.3416492 0.04842627         0    0.29   0.29      0.42
1000 1.00000000 0.3416492 0.04842627         0    0.29   0.29      0.42
