      prop.aneu prob.meio  prob.mito dispersal euploid mosaic aneuploid
1    0.35156250 0.4843472 0.02321649         0    0.32   0.16      0.52
2    0.10546875 0.4843472 0.02321649         0    0.32   0.16      0.52
3    0.14453125 0.4843472 0.02321649         0    0.32   0.16      0.52
4    0.16406250 0.4843472 0.02321649         0    0.32   0.16      0.52
5    0.05078125 0.4843472 0.02321649         0    0.32   0.16      0.52
6    0.08203125 0.4843472 0.02321649         0    0.32   0.16      0.52
7    1.00000000 0.4843472 0.02321649         0    0.32   0.16      0.52
8    0.24218750 0.4843472 0.02321649         0    0.32   0.16      0.52
9    0.27343750 0.4843472 0.02321649         0    0.32   0.16      0.52
10   1.00000000 0.4843472 0.02321649         0    0.32   0.16      0.52
11   0.19921875 0.4843472 0.02321649         0    0.32   0.16      0.52
12   0.09765625 0.4843472 0.02321649         0    0.32   0.16      0.52
13   1.00000000 0.4843472 0.02321649         0    0.32   0.16      0.52
14   1.00000000 0.4843472 0.02321649         0    0.32   0.16      0.52
15   1.00000000 0.4843472 0.02321649         0    0.32   0.16      0.52
16   0.09375000 0.4843472 0.02321649         0    0.32   0.16      0.52
17   1.00000000 0.4843472 0.02321649         0    0.32   0.16      0.52
18   0.08984375 0.4843472 0.02321649         0    0.32   0.16      0.52
19   0.03906250 0.4843472 0.02321649         0    0.32   0.16      0.52
20   0.06250000 0.4843472 0.02321649         0    0.32   0.16      0.52
21   1.00000000 0.4843472 0.02321649         0    0.32   0.16      0.52
22   0.17187500 0.4843472 0.02321649         0    0.32   0.16      0.52
23   1.00000000 0.4843472 0.02321649         0    0.32   0.16      0.52
24   0.24609375 0.4843472 0.02321649         0    0.32   0.16      0.52
25   0.04687500 0.4843472 0.02321649         0    0.32   0.16      0.52
26   1.00000000 0.4843472 0.02321649         0    0.32   0.16      0.52
27   1.00000000 0.4843472 0.02321649         0    0.32   0.16      0.52
28   0.05468750 0.4843472 0.02321649         0    0.32   0.16      0.52
29   0.09375000 0.4843472 0.02321649         0    0.32   0.16      0.52
30   1.00000000 0.4843472 0.02321649         0    0.32   0.16      0.52
31   0.37500000 0.4843472 0.02321649         0    0.32   0.16      0.52
32   0.28515625 0.4843472 0.02321649         0    0.32   0.16      0.52
33   0.11328125 0.4843472 0.02321649         0    0.32   0.16      0.52
34   0.03906250 0.4843472 0.02321649         0    0.32   0.16      0.52
35   1.00000000 0.4843472 0.02321649         0    0.32   0.16      0.52
36   1.00000000 0.4843472 0.02321649         0    0.32   0.16      0.52
37   0.19140625 0.4843472 0.02321649         0    0.32   0.16      0.52
38   1.00000000 0.4843472 0.02321649         0    0.32   0.16      0.52
39   1.00000000 0.4843472 0.02321649         0    0.32   0.16      0.52
40   1.00000000 0.4843472 0.02321649         0    0.32   0.16      0.52
41   1.00000000 0.4843472 0.02321649         0    0.32   0.16      0.52
42   0.24218750 0.4843472 0.02321649         0    0.32   0.16      0.52
43   1.00000000 0.4843472 0.02321649         0    0.32   0.16      0.52
44   1.00000000 0.4843472 0.02321649         0    0.32   0.16      0.52
45   1.00000000 0.4843472 0.02321649         0    0.32   0.16      0.52
46   1.00000000 0.4843472 0.02321649         0    0.32   0.16      0.52
47   0.09375000 0.4843472 0.02321649         0    0.32   0.16      0.52
48   1.00000000 0.4843472 0.02321649         0    0.32   0.16      0.52
49   1.00000000 0.4843472 0.02321649         0    0.32   0.16      0.52
50   1.00000000 0.4843472 0.02321649         0    0.32   0.16      0.52
51   1.00000000 0.4843472 0.02321649         0    0.32   0.16      0.52
52   0.07031250 0.4843472 0.02321649         0    0.32   0.16      0.52
53   0.16406250 0.4843472 0.02321649         0    0.32   0.16      0.52
54   1.00000000 0.4843472 0.02321649         0    0.32   0.16      0.52
55   0.19531250 0.4843472 0.02321649         0    0.32   0.16      0.52
56   0.21875000 0.4843472 0.02321649         0    0.32   0.16      0.52
57   1.00000000 0.4843472 0.02321649         0    0.32   0.16      0.52
58   0.03125000 0.4843472 0.02321649         0    0.32   0.16      0.52
59   1.00000000 0.4843472 0.02321649         0    0.32   0.16      0.52
60   0.30468750 0.4843472 0.02321649         0    0.32   0.16      0.52
61   1.00000000 0.4843472 0.02321649         0    0.32   0.16      0.52
62   0.12890625 0.4843472 0.02321649         0    0.32   0.16      0.52
63   1.00000000 0.4843472 0.02321649         0    0.32   0.16      0.52
64   1.00000000 0.4843472 0.02321649         0    0.32   0.16      0.52
65   0.06640625 0.4843472 0.02321649         0    0.32   0.16      0.52
66   0.10546875 0.4843472 0.02321649         0    0.32   0.16      0.52
67   0.10156250 0.4843472 0.02321649         0    0.32   0.16      0.52
68   0.09375000 0.4843472 0.02321649         0    0.32   0.16      0.52
69   0.12109375 0.4843472 0.02321649         0    0.32   0.16      0.52
70   0.07812500 0.4843472 0.02321649         0    0.32   0.16      0.52
71   1.00000000 0.4843472 0.02321649         0    0.32   0.16      0.52
72   1.00000000 0.4843472 0.02321649         0    0.32   0.16      0.52
73   1.00000000 0.4843472 0.02321649         0    0.32   0.16      0.52
74   0.32031250 0.4843472 0.02321649         0    0.32   0.16      0.52
75   0.13671875 0.4843472 0.02321649         0    0.32   0.16      0.52
76   1.00000000 0.4843472 0.02321649         0    0.32   0.16      0.52
77   0.23046875 0.4843472 0.02321649         0    0.32   0.16      0.52
78   1.00000000 0.4843472 0.02321649         0    0.32   0.16      0.52
79   0.10156250 0.4843472 0.02321649         0    0.32   0.16      0.52
80   1.00000000 0.4843472 0.02321649         0    0.32   0.16      0.52
81   1.00000000 0.4843472 0.02321649         0    0.32   0.16      0.52
82   0.10156250 0.4843472 0.02321649         0    0.32   0.16      0.52
83   1.00000000 0.4843472 0.02321649         0    0.32   0.16      0.52
84   1.00000000 0.4843472 0.02321649         0    0.32   0.16      0.52
85   0.02734375 0.4843472 0.02321649         0    0.32   0.16      0.52
86   1.00000000 0.4843472 0.02321649         0    0.32   0.16      0.52
87   0.19531250 0.4843472 0.02321649         0    0.32   0.16      0.52
88   1.00000000 0.4843472 0.02321649         0    0.32   0.16      0.52
89   1.00000000 0.4843472 0.02321649         0    0.32   0.16      0.52
90   0.12109375 0.4843472 0.02321649         0    0.32   0.16      0.52
91   1.00000000 0.4843472 0.02321649         0    0.32   0.16      0.52
92   1.00000000 0.4843472 0.02321649         0    0.32   0.16      0.52
93   1.00000000 0.4843472 0.02321649         0    0.32   0.16      0.52
94   1.00000000 0.4843472 0.02321649         0    0.32   0.16      0.52
95   1.00000000 0.4843472 0.02321649         0    0.32   0.16      0.52
96   0.08984375 0.4843472 0.02321649         0    0.32   0.16      0.52
97   1.00000000 0.4843472 0.02321649         0    0.32   0.16      0.52
98   1.00000000 0.4843472 0.02321649         0    0.32   0.16      0.52
99   0.31640625 0.4843472 0.02321649         0    0.32   0.16      0.52
100  0.13281250 0.4843472 0.02321649         0    0.32   0.16      0.52
101  0.16406250 0.4628471 0.02242679         0    0.41   0.12      0.47
102  0.12500000 0.4628471 0.02242679         0    0.41   0.12      0.47
103  0.12890625 0.4628471 0.02242679         0    0.41   0.12      0.47
104  1.00000000 0.4628471 0.02242679         0    0.41   0.12      0.47
105  1.00000000 0.4628471 0.02242679         0    0.41   0.12      0.47
106  0.16406250 0.4628471 0.02242679         0    0.41   0.12      0.47
107  1.00000000 0.4628471 0.02242679         0    0.41   0.12      0.47
108  1.00000000 0.4628471 0.02242679         0    0.41   0.12      0.47
109  1.00000000 0.4628471 0.02242679         0    0.41   0.12      0.47
110  1.00000000 0.4628471 0.02242679         0    0.41   0.12      0.47
111  0.12500000 0.4628471 0.02242679         0    0.41   0.12      0.47
112  1.00000000 0.4628471 0.02242679         0    0.41   0.12      0.47
113  1.00000000 0.4628471 0.02242679         0    0.41   0.12      0.47
114  0.04687500 0.4628471 0.02242679         0    0.41   0.12      0.47
115  0.08984375 0.4628471 0.02242679         0    0.41   0.12      0.47
116  1.00000000 0.4628471 0.02242679         0    0.41   0.12      0.47
117  0.06250000 0.4628471 0.02242679         0    0.41   0.12      0.47
118  1.00000000 0.4628471 0.02242679         0    0.41   0.12      0.47
119  0.10156250 0.4628471 0.02242679         0    0.41   0.12      0.47
120  1.00000000 0.4628471 0.02242679         0    0.41   0.12      0.47
121  1.00000000 0.4628471 0.02242679         0    0.41   0.12      0.47
122  0.34375000 0.4628471 0.02242679         0    0.41   0.12      0.47
123  1.00000000 0.4628471 0.02242679         0    0.41   0.12      0.47
124  1.00000000 0.4628471 0.02242679         0    0.41   0.12      0.47
125  0.09375000 0.4628471 0.02242679         0    0.41   0.12      0.47
126  0.06640625 0.4628471 0.02242679         0    0.41   0.12      0.47
127  0.33593750 0.4628471 0.02242679         0    0.41   0.12      0.47
128  1.00000000 0.4628471 0.02242679         0    0.41   0.12      0.47
129  1.00000000 0.4628471 0.02242679         0    0.41   0.12      0.47
130  0.14062500 0.4628471 0.02242679         0    0.41   0.12      0.47
131  0.30859375 0.4628471 0.02242679         0    0.41   0.12      0.47
132  0.09765625 0.4628471 0.02242679         0    0.41   0.12      0.47
133  0.08984375 0.4628471 0.02242679         0    0.41   0.12      0.47
134  0.05859375 0.4628471 0.02242679         0    0.41   0.12      0.47
135  1.00000000 0.4628471 0.02242679         0    0.41   0.12      0.47
136  0.05078125 0.4628471 0.02242679         0    0.41   0.12      0.47
137  0.57421875 0.4628471 0.02242679         0    0.41   0.12      0.47
138  0.13671875 0.4628471 0.02242679         0    0.41   0.12      0.47
139  1.00000000 0.4628471 0.02242679         0    0.41   0.12      0.47
140  0.12500000 0.4628471 0.02242679         0    0.41   0.12      0.47
141  0.13281250 0.4628471 0.02242679         0    0.41   0.12      0.47
142  0.08984375 0.4628471 0.02242679         0    0.41   0.12      0.47
143  0.03906250 0.4628471 0.02242679         0    0.41   0.12      0.47
144  0.25390625 0.4628471 0.02242679         0    0.41   0.12      0.47
145  0.07812500 0.4628471 0.02242679         0    0.41   0.12      0.47
146  0.23437500 0.4628471 0.02242679         0    0.41   0.12      0.47
147  1.00000000 0.4628471 0.02242679         0    0.41   0.12      0.47
148  0.10156250 0.4628471 0.02242679         0    0.41   0.12      0.47
149  1.00000000 0.4628471 0.02242679         0    0.41   0.12      0.47
150  0.06250000 0.4628471 0.02242679         0    0.41   0.12      0.47
151  0.08593750 0.4628471 0.02242679         0    0.41   0.12      0.47
152  1.00000000 0.4628471 0.02242679         0    0.41   0.12      0.47
153  1.00000000 0.4628471 0.02242679         0    0.41   0.12      0.47
154  0.08203125 0.4628471 0.02242679         0    0.41   0.12      0.47
155  0.53906250 0.4628471 0.02242679         0    0.41   0.12      0.47
156  0.07812500 0.4628471 0.02242679         0    0.41   0.12      0.47
157  0.13281250 0.4628471 0.02242679         0    0.41   0.12      0.47
158  0.21484375 0.4628471 0.02242679         0    0.41   0.12      0.47
159  0.24218750 0.4628471 0.02242679         0    0.41   0.12      0.47
160  0.15234375 0.4628471 0.02242679         0    0.41   0.12      0.47
161  1.00000000 0.4628471 0.02242679         0    0.41   0.12      0.47
162  0.17187500 0.4628471 0.02242679         0    0.41   0.12      0.47
163  1.00000000 0.4628471 0.02242679         0    0.41   0.12      0.47
164  1.00000000 0.4628471 0.02242679         0    0.41   0.12      0.47
165  1.00000000 0.4628471 0.02242679         0    0.41   0.12      0.47
166  1.00000000 0.4628471 0.02242679         0    0.41   0.12      0.47
167  1.00000000 0.4628471 0.02242679         0    0.41   0.12      0.47
168  1.00000000 0.4628471 0.02242679         0    0.41   0.12      0.47
169  1.00000000 0.4628471 0.02242679         0    0.41   0.12      0.47
170  1.00000000 0.4628471 0.02242679         0    0.41   0.12      0.47
171  1.00000000 0.4628471 0.02242679         0    0.41   0.12      0.47
172  0.13281250 0.4628471 0.02242679         0    0.41   0.12      0.47
173  0.13671875 0.4628471 0.02242679         0    0.41   0.12      0.47
174  0.35156250 0.4628471 0.02242679         0    0.41   0.12      0.47
175  0.20703125 0.4628471 0.02242679         0    0.41   0.12      0.47
176  1.00000000 0.4628471 0.02242679         0    0.41   0.12      0.47
177  0.12500000 0.4628471 0.02242679         0    0.41   0.12      0.47
178  0.12890625 0.4628471 0.02242679         0    0.41   0.12      0.47
179  1.00000000 0.4628471 0.02242679         0    0.41   0.12      0.47
180  1.00000000 0.4628471 0.02242679         0    0.41   0.12      0.47
181  0.04296875 0.4628471 0.02242679         0    0.41   0.12      0.47
182  0.08593750 0.4628471 0.02242679         0    0.41   0.12      0.47
183  1.00000000 0.4628471 0.02242679         0    0.41   0.12      0.47
184  1.00000000 0.4628471 0.02242679         0    0.41   0.12      0.47
185  0.14843750 0.4628471 0.02242679         0    0.41   0.12      0.47
186  0.37109375 0.4628471 0.02242679         0    0.41   0.12      0.47
187  1.00000000 0.4628471 0.02242679         0    0.41   0.12      0.47
188  0.14453125 0.4628471 0.02242679         0    0.41   0.12      0.47
189  1.00000000 0.4628471 0.02242679         0    0.41   0.12      0.47
190  0.17578125 0.4628471 0.02242679         0    0.41   0.12      0.47
191  0.53125000 0.4628471 0.02242679         0    0.41   0.12      0.47
192  0.24609375 0.4628471 0.02242679         0    0.41   0.12      0.47
193  1.00000000 0.4628471 0.02242679         0    0.41   0.12      0.47
194  1.00000000 0.4628471 0.02242679         0    0.41   0.12      0.47
195  0.21093750 0.4628471 0.02242679         0    0.41   0.12      0.47
196  1.00000000 0.4628471 0.02242679         0    0.41   0.12      0.47
197  0.07812500 0.4628471 0.02242679         0    0.41   0.12      0.47
198  0.07031250 0.4628471 0.02242679         0    0.41   0.12      0.47
199  1.00000000 0.4628471 0.02242679         0    0.41   0.12      0.47
200  0.10546875 0.4628471 0.02242679         0    0.41   0.12      0.47
201  1.00000000 0.3843150 0.02137823         0    0.49   0.15      0.36
202  1.00000000 0.3843150 0.02137823         0    0.49   0.15      0.36
203  0.12109375 0.3843150 0.02137823         0    0.49   0.15      0.36
204  0.19531250 0.3843150 0.02137823         0    0.49   0.15      0.36
205  0.28906250 0.3843150 0.02137823         0    0.49   0.15      0.36
206  0.13281250 0.3843150 0.02137823         0    0.49   0.15      0.36
207  0.10937500 0.3843150 0.02137823         0    0.49   0.15      0.36
208  0.13671875 0.3843150 0.02137823         0    0.49   0.15      0.36
209  1.00000000 0.3843150 0.02137823         0    0.49   0.15      0.36
210  1.00000000 0.3843150 0.02137823         0    0.49   0.15      0.36
211  1.00000000 0.3843150 0.02137823         0    0.49   0.15      0.36
212  0.07031250 0.3843150 0.02137823         0    0.49   0.15      0.36
213  0.07421875 0.3843150 0.02137823         0    0.49   0.15      0.36
214  0.14062500 0.3843150 0.02137823         0    0.49   0.15      0.36
215  1.00000000 0.3843150 0.02137823         0    0.49   0.15      0.36
216  0.11718750 0.3843150 0.02137823         0    0.49   0.15      0.36
217  0.16015625 0.3843150 0.02137823         0    0.49   0.15      0.36
218  1.00000000 0.3843150 0.02137823         0    0.49   0.15      0.36
219  0.08203125 0.3843150 0.02137823         0    0.49   0.15      0.36
220  0.07031250 0.3843150 0.02137823         0    0.49   0.15      0.36
221  0.12500000 0.3843150 0.02137823         0    0.49   0.15      0.36
222  1.00000000 0.3843150 0.02137823         0    0.49   0.15      0.36
223  1.00000000 0.3843150 0.02137823         0    0.49   0.15      0.36
224  1.00000000 0.3843150 0.02137823         0    0.49   0.15      0.36
225  0.10546875 0.3843150 0.02137823         0    0.49   0.15      0.36
226  1.00000000 0.3843150 0.02137823         0    0.49   0.15      0.36
227  1.00000000 0.3843150 0.02137823         0    0.49   0.15      0.36
228  0.08593750 0.3843150 0.02137823         0    0.49   0.15      0.36
229  1.00000000 0.3843150 0.02137823         0    0.49   0.15      0.36
230  1.00000000 0.3843150 0.02137823         0    0.49   0.15      0.36
231  0.31640625 0.3843150 0.02137823         0    0.49   0.15      0.36
232  0.10546875 0.3843150 0.02137823         0    0.49   0.15      0.36
233  0.15625000 0.3843150 0.02137823         0    0.49   0.15      0.36
234  1.00000000 0.3843150 0.02137823         0    0.49   0.15      0.36
235  0.18750000 0.3843150 0.02137823         0    0.49   0.15      0.36
236  0.07421875 0.3843150 0.02137823         0    0.49   0.15      0.36
237  1.00000000 0.3843150 0.02137823         0    0.49   0.15      0.36
238  0.05078125 0.3843150 0.02137823         0    0.49   0.15      0.36
239  0.30078125 0.3843150 0.02137823         0    0.49   0.15      0.36
240  0.07812500 0.3843150 0.02137823         0    0.49   0.15      0.36
241  0.04296875 0.3843150 0.02137823         0    0.49   0.15      0.36
242  0.06250000 0.3843150 0.02137823         0    0.49   0.15      0.36
243  0.10546875 0.3843150 0.02137823         0    0.49   0.15      0.36
244  1.00000000 0.3843150 0.02137823         0    0.49   0.15      0.36
245  0.12890625 0.3843150 0.02137823         0    0.49   0.15      0.36
246  0.43359375 0.3843150 0.02137823         0    0.49   0.15      0.36
247  1.00000000 0.3843150 0.02137823         0    0.49   0.15      0.36
248  1.00000000 0.3843150 0.02137823         0    0.49   0.15      0.36
249  0.07031250 0.3843150 0.02137823         0    0.49   0.15      0.36
250  0.14843750 0.3843150 0.02137823         0    0.49   0.15      0.36
251  1.00000000 0.3843150 0.02137823         0    0.49   0.15      0.36
252  0.12500000 0.3843150 0.02137823         0    0.49   0.15      0.36
253  0.52343750 0.3843150 0.02137823         0    0.49   0.15      0.36
254  0.05078125 0.3843150 0.02137823         0    0.49   0.15      0.36
255  1.00000000 0.3843150 0.02137823         0    0.49   0.15      0.36
256  1.00000000 0.3843150 0.02137823         0    0.49   0.15      0.36
257  0.60546875 0.3843150 0.02137823         0    0.49   0.15      0.36
258  0.35156250 0.3843150 0.02137823         0    0.49   0.15      0.36
259  0.28515625 0.3843150 0.02137823         0    0.49   0.15      0.36
260  1.00000000 0.3843150 0.02137823         0    0.49   0.15      0.36
261  0.21875000 0.3843150 0.02137823         0    0.49   0.15      0.36
262  0.14453125 0.3843150 0.02137823         0    0.49   0.15      0.36
263  0.08593750 0.3843150 0.02137823         0    0.49   0.15      0.36
264  0.07421875 0.3843150 0.02137823         0    0.49   0.15      0.36
265  1.00000000 0.3843150 0.02137823         0    0.49   0.15      0.36
266  0.10546875 0.3843150 0.02137823         0    0.49   0.15      0.36
267  0.07031250 0.3843150 0.02137823         0    0.49   0.15      0.36
268  0.13671875 0.3843150 0.02137823         0    0.49   0.15      0.36
269  0.09765625 0.3843150 0.02137823         0    0.49   0.15      0.36
270  0.07421875 0.3843150 0.02137823         0    0.49   0.15      0.36
271  1.00000000 0.3843150 0.02137823         0    0.49   0.15      0.36
272  0.10156250 0.3843150 0.02137823         0    0.49   0.15      0.36
273  1.00000000 0.3843150 0.02137823         0    0.49   0.15      0.36
274  0.02734375 0.3843150 0.02137823         0    0.49   0.15      0.36
275  0.17187500 0.3843150 0.02137823         0    0.49   0.15      0.36
276  0.07421875 0.3843150 0.02137823         0    0.49   0.15      0.36
277  0.10546875 0.3843150 0.02137823         0    0.49   0.15      0.36
278  1.00000000 0.3843150 0.02137823         0    0.49   0.15      0.36
279  0.07812500 0.3843150 0.02137823         0    0.49   0.15      0.36
280  0.14453125 0.3843150 0.02137823         0    0.49   0.15      0.36
281  0.08984375 0.3843150 0.02137823         0    0.49   0.15      0.36
282  1.00000000 0.3843150 0.02137823         0    0.49   0.15      0.36
283  1.00000000 0.3843150 0.02137823         0    0.49   0.15      0.36
284  0.03906250 0.3843150 0.02137823         0    0.49   0.15      0.36
285  1.00000000 0.3843150 0.02137823         0    0.49   0.15      0.36
286  0.13671875 0.3843150 0.02137823         0    0.49   0.15      0.36
287  0.07421875 0.3843150 0.02137823         0    0.49   0.15      0.36
288  0.18359375 0.3843150 0.02137823         0    0.49   0.15      0.36
289  0.06640625 0.3843150 0.02137823         0    0.49   0.15      0.36
290  0.21875000 0.3843150 0.02137823         0    0.49   0.15      0.36
291  0.07812500 0.3843150 0.02137823         0    0.49   0.15      0.36
292  0.05859375 0.3843150 0.02137823         0    0.49   0.15      0.36
293  0.53125000 0.3843150 0.02137823         0    0.49   0.15      0.36
294  0.16406250 0.3843150 0.02137823         0    0.49   0.15      0.36
295  0.09765625 0.3843150 0.02137823         0    0.49   0.15      0.36
296  0.03515625 0.3843150 0.02137823         0    0.49   0.15      0.36
297  1.00000000 0.3843150 0.02137823         0    0.49   0.15      0.36
298  1.00000000 0.3843150 0.02137823         0    0.49   0.15      0.36
299  0.05078125 0.3843150 0.02137823         0    0.49   0.15      0.36
300  1.00000000 0.3843150 0.02137823         0    0.49   0.15      0.36
301  0.23046875 0.2289654 0.04437325         0    0.42   0.25      0.33
302  0.62890625 0.2289654 0.04437325         0    0.42   0.25      0.33
303  0.32812500 0.2289654 0.04437325         0    0.42   0.25      0.33
304  0.15234375 0.2289654 0.04437325         0    0.42   0.25      0.33
305  1.00000000 0.2289654 0.04437325         0    0.42   0.25      0.33
306  0.50390625 0.2289654 0.04437325         0    0.42   0.25      0.33
307  0.41796875 0.2289654 0.04437325         0    0.42   0.25      0.33
308  0.20703125 0.2289654 0.04437325         0    0.42   0.25      0.33
309  1.00000000 0.2289654 0.04437325         0    0.42   0.25      0.33
310  0.27343750 0.2289654 0.04437325         0    0.42   0.25      0.33
311  0.15234375 0.2289654 0.04437325         0    0.42   0.25      0.33
312  0.57421875 0.2289654 0.04437325         0    0.42   0.25      0.33
313  1.00000000 0.2289654 0.04437325         0    0.42   0.25      0.33
314  1.00000000 0.2289654 0.04437325         0    0.42   0.25      0.33
315  1.00000000 0.2289654 0.04437325         0    0.42   0.25      0.33
316  0.24609375 0.2289654 0.04437325         0    0.42   0.25      0.33
317  0.37109375 0.2289654 0.04437325         0    0.42   0.25      0.33
318  0.60937500 0.2289654 0.04437325         0    0.42   0.25      0.33
319  0.21484375 0.2289654 0.04437325         0    0.42   0.25      0.33
320  0.40234375 0.2289654 0.04437325         0    0.42   0.25      0.33
321  0.25390625 0.2289654 0.04437325         0    0.42   0.25      0.33
322  0.14843750 0.2289654 0.04437325         0    0.42   0.25      0.33
323  0.51953125 0.2289654 0.04437325         0    0.42   0.25      0.33
324  1.00000000 0.2289654 0.04437325         0    0.42   0.25      0.33
325  0.09375000 0.2289654 0.04437325         0    0.42   0.25      0.33
326  1.00000000 0.2289654 0.04437325         0    0.42   0.25      0.33
327  0.14062500 0.2289654 0.04437325         0    0.42   0.25      0.33
328  1.00000000 0.2289654 0.04437325         0    0.42   0.25      0.33
329  0.12890625 0.2289654 0.04437325         0    0.42   0.25      0.33
330  1.00000000 0.2289654 0.04437325         0    0.42   0.25      0.33
331  0.50781250 0.2289654 0.04437325         0    0.42   0.25      0.33
332  1.00000000 0.2289654 0.04437325         0    0.42   0.25      0.33
333  1.00000000 0.2289654 0.04437325         0    0.42   0.25      0.33
334  0.58593750 0.2289654 0.04437325         0    0.42   0.25      0.33
335  1.00000000 0.2289654 0.04437325         0    0.42   0.25      0.33
336  1.00000000 0.2289654 0.04437325         0    0.42   0.25      0.33
337  0.10937500 0.2289654 0.04437325         0    0.42   0.25      0.33
338  0.09375000 0.2289654 0.04437325         0    0.42   0.25      0.33
339  0.31640625 0.2289654 0.04437325         0    0.42   0.25      0.33
340  0.25781250 0.2289654 0.04437325         0    0.42   0.25      0.33
341  1.00000000 0.2289654 0.04437325         0    0.42   0.25      0.33
342  1.00000000 0.2289654 0.04437325         0    0.42   0.25      0.33
343  0.29296875 0.2289654 0.04437325         0    0.42   0.25      0.33
344  0.30859375 0.2289654 0.04437325         0    0.42   0.25      0.33
345  1.00000000 0.2289654 0.04437325         0    0.42   0.25      0.33
346  1.00000000 0.2289654 0.04437325         0    0.42   0.25      0.33
347  0.43750000 0.2289654 0.04437325         0    0.42   0.25      0.33
348  0.32031250 0.2289654 0.04437325         0    0.42   0.25      0.33
349  1.00000000 0.2289654 0.04437325         0    0.42   0.25      0.33
350  0.57421875 0.2289654 0.04437325         0    0.42   0.25      0.33
351  0.43750000 0.2289654 0.04437325         0    0.42   0.25      0.33
352  0.25781250 0.2289654 0.04437325         0    0.42   0.25      0.33
353  0.32421875 0.2289654 0.04437325         0    0.42   0.25      0.33
354  0.19531250 0.2289654 0.04437325         0    0.42   0.25      0.33
355  0.22265625 0.2289654 0.04437325         0    0.42   0.25      0.33
356  0.45312500 0.2289654 0.04437325         0    0.42   0.25      0.33
357  0.20703125 0.2289654 0.04437325         0    0.42   0.25      0.33
358  0.44531250 0.2289654 0.04437325         0    0.42   0.25      0.33
359  0.14453125 0.2289654 0.04437325         0    0.42   0.25      0.33
360  0.55859375 0.2289654 0.04437325         0    0.42   0.25      0.33
361  0.30468750 0.2289654 0.04437325         0    0.42   0.25      0.33
362  1.00000000 0.2289654 0.04437325         0    0.42   0.25      0.33
363  0.27343750 0.2289654 0.04437325         0    0.42   0.25      0.33
364  0.16406250 0.2289654 0.04437325         0    0.42   0.25      0.33
365  0.17187500 0.2289654 0.04437325         0    0.42   0.25      0.33
366  0.31640625 0.2289654 0.04437325         0    0.42   0.25      0.33
367  0.84375000 0.2289654 0.04437325         0    0.42   0.25      0.33
368  0.37890625 0.2289654 0.04437325         0    0.42   0.25      0.33
369  0.16406250 0.2289654 0.04437325         0    0.42   0.25      0.33
370  1.00000000 0.2289654 0.04437325         0    0.42   0.25      0.33
371  0.18750000 0.2289654 0.04437325         0    0.42   0.25      0.33
372  0.19531250 0.2289654 0.04437325         0    0.42   0.25      0.33
373  1.00000000 0.2289654 0.04437325         0    0.42   0.25      0.33
374  1.00000000 0.2289654 0.04437325         0    0.42   0.25      0.33
375  0.33984375 0.2289654 0.04437325         0    0.42   0.25      0.33
376  1.00000000 0.2289654 0.04437325         0    0.42   0.25      0.33
377  0.15234375 0.2289654 0.04437325         0    0.42   0.25      0.33
378  0.43750000 0.2289654 0.04437325         0    0.42   0.25      0.33
379  0.23828125 0.2289654 0.04437325         0    0.42   0.25      0.33
380  1.00000000 0.2289654 0.04437325         0    0.42   0.25      0.33
381  0.37890625 0.2289654 0.04437325         0    0.42   0.25      0.33
382  0.33593750 0.2289654 0.04437325         0    0.42   0.25      0.33
383  0.20312500 0.2289654 0.04437325         0    0.42   0.25      0.33
384  1.00000000 0.2289654 0.04437325         0    0.42   0.25      0.33
385  0.29687500 0.2289654 0.04437325         0    0.42   0.25      0.33
386  1.00000000 0.2289654 0.04437325         0    0.42   0.25      0.33
387  1.00000000 0.2289654 0.04437325         0    0.42   0.25      0.33
388  0.74218750 0.2289654 0.04437325         0    0.42   0.25      0.33
389  0.29296875 0.2289654 0.04437325         0    0.42   0.25      0.33
390  0.24218750 0.2289654 0.04437325         0    0.42   0.25      0.33
391  0.37109375 0.2289654 0.04437325         0    0.42   0.25      0.33
392  0.21484375 0.2289654 0.04437325         0    0.42   0.25      0.33
393  0.15234375 0.2289654 0.04437325         0    0.42   0.25      0.33
394  0.25000000 0.2289654 0.04437325         0    0.42   0.25      0.33
395  0.65234375 0.2289654 0.04437325         0    0.42   0.25      0.33
396  0.09765625 0.2289654 0.04437325         0    0.42   0.25      0.33
397  0.26953125 0.2289654 0.04437325         0    0.42   0.25      0.33
398  0.17578125 0.2289654 0.04437325         0    0.42   0.25      0.33
399  1.00000000 0.2289654 0.04437325         0    0.42   0.25      0.33
400  0.44140625 0.2289654 0.04437325         0    0.42   0.25      0.33
401  0.38671875 0.3412266 0.02761918         0    0.42   0.24      0.34
402  0.10546875 0.3412266 0.02761918         0    0.42   0.24      0.34
403  1.00000000 0.3412266 0.02761918         0    0.42   0.24      0.34
404  0.21484375 0.3412266 0.02761918         0    0.42   0.24      0.34
405  0.11328125 0.3412266 0.02761918         0    0.42   0.24      0.34
406  0.11718750 0.3412266 0.02761918         0    0.42   0.24      0.34
407  0.17578125 0.3412266 0.02761918         0    0.42   0.24      0.34
408  0.19531250 0.3412266 0.02761918         0    0.42   0.24      0.34
409  0.23437500 0.3412266 0.02761918         0    0.42   0.24      0.34
410  0.12890625 0.3412266 0.02761918         0    0.42   0.24      0.34
411  0.53125000 0.3412266 0.02761918         0    0.42   0.24      0.34
412  0.38281250 0.3412266 0.02761918         0    0.42   0.24      0.34
413  0.39843750 0.3412266 0.02761918         0    0.42   0.24      0.34
414  1.00000000 0.3412266 0.02761918         0    0.42   0.24      0.34
415  0.07031250 0.3412266 0.02761918         0    0.42   0.24      0.34
416  1.00000000 0.3412266 0.02761918         0    0.42   0.24      0.34
417  0.32031250 0.3412266 0.02761918         0    0.42   0.24      0.34
418  0.17187500 0.3412266 0.02761918         0    0.42   0.24      0.34
419  0.16015625 0.3412266 0.02761918         0    0.42   0.24      0.34
420  0.10156250 0.3412266 0.02761918         0    0.42   0.24      0.34
421  0.29687500 0.3412266 0.02761918         0    0.42   0.24      0.34
422  0.56250000 0.3412266 0.02761918         0    0.42   0.24      0.34
423  0.08984375 0.3412266 0.02761918         0    0.42   0.24      0.34
424  1.00000000 0.3412266 0.02761918         0    0.42   0.24      0.34
425  0.06640625 0.3412266 0.02761918         0    0.42   0.24      0.34
426  0.14843750 0.3412266 0.02761918         0    0.42   0.24      0.34
427  0.10546875 0.3412266 0.02761918         0    0.42   0.24      0.34
428  0.23828125 0.3412266 0.02761918         0    0.42   0.24      0.34
429  1.00000000 0.3412266 0.02761918         0    0.42   0.24      0.34
430  1.00000000 0.3412266 0.02761918         0    0.42   0.24      0.34
431  1.00000000 0.3412266 0.02761918         0    0.42   0.24      0.34
432  0.44921875 0.3412266 0.02761918         0    0.42   0.24      0.34
433  0.23046875 0.3412266 0.02761918         0    0.42   0.24      0.34
434  1.00000000 0.3412266 0.02761918         0    0.42   0.24      0.34
435  1.00000000 0.3412266 0.02761918         0    0.42   0.24      0.34
436  0.33984375 0.3412266 0.02761918         0    0.42   0.24      0.34
437  0.28515625 0.3412266 0.02761918         0    0.42   0.24      0.34
438  0.19531250 0.3412266 0.02761918         0    0.42   0.24      0.34
439  0.19531250 0.3412266 0.02761918         0    0.42   0.24      0.34
440  0.05859375 0.3412266 0.02761918         0    0.42   0.24      0.34
441  1.00000000 0.3412266 0.02761918         0    0.42   0.24      0.34
442  0.18359375 0.3412266 0.02761918         0    0.42   0.24      0.34
443  1.00000000 0.3412266 0.02761918         0    0.42   0.24      0.34
444  1.00000000 0.3412266 0.02761918         0    0.42   0.24      0.34
445  1.00000000 0.3412266 0.02761918         0    0.42   0.24      0.34
446  0.12500000 0.3412266 0.02761918         0    0.42   0.24      0.34
447  0.17187500 0.3412266 0.02761918         0    0.42   0.24      0.34
448  0.08593750 0.3412266 0.02761918         0    0.42   0.24      0.34
449  0.09375000 0.3412266 0.02761918         0    0.42   0.24      0.34
450  1.00000000 0.3412266 0.02761918         0    0.42   0.24      0.34
451  0.07812500 0.3412266 0.02761918         0    0.42   0.24      0.34
452  1.00000000 0.3412266 0.02761918         0    0.42   0.24      0.34
453  0.72265625 0.3412266 0.02761918         0    0.42   0.24      0.34
454  0.16796875 0.3412266 0.02761918         0    0.42   0.24      0.34
455  1.00000000 0.3412266 0.02761918         0    0.42   0.24      0.34
456  0.23046875 0.3412266 0.02761918         0    0.42   0.24      0.34
457  0.08984375 0.3412266 0.02761918         0    0.42   0.24      0.34
458  1.00000000 0.3412266 0.02761918         0    0.42   0.24      0.34
459  1.00000000 0.3412266 0.02761918         0    0.42   0.24      0.34
460  0.15625000 0.3412266 0.02761918         0    0.42   0.24      0.34
461  1.00000000 0.3412266 0.02761918         0    0.42   0.24      0.34
462  0.14843750 0.3412266 0.02761918         0    0.42   0.24      0.34
463  0.10546875 0.3412266 0.02761918         0    0.42   0.24      0.34
464  1.00000000 0.3412266 0.02761918         0    0.42   0.24      0.34
465  0.17968750 0.3412266 0.02761918         0    0.42   0.24      0.34
466  1.00000000 0.3412266 0.02761918         0    0.42   0.24      0.34
467  0.08203125 0.3412266 0.02761918         0    0.42   0.24      0.34
468  0.45703125 0.3412266 0.02761918         0    0.42   0.24      0.34
469  0.34375000 0.3412266 0.02761918         0    0.42   0.24      0.34
470  0.43750000 0.3412266 0.02761918         0    0.42   0.24      0.34
471  0.31250000 0.3412266 0.02761918         0    0.42   0.24      0.34
472  0.09375000 0.3412266 0.02761918         0    0.42   0.24      0.34
473  0.18359375 0.3412266 0.02761918         0    0.42   0.24      0.34
474  0.03515625 0.3412266 0.02761918         0    0.42   0.24      0.34
475  0.10546875 0.3412266 0.02761918         0    0.42   0.24      0.34
476  0.12890625 0.3412266 0.02761918         0    0.42   0.24      0.34
477  0.36718750 0.3412266 0.02761918         0    0.42   0.24      0.34
478  0.39453125 0.3412266 0.02761918         0    0.42   0.24      0.34
479  1.00000000 0.3412266 0.02761918         0    0.42   0.24      0.34
480  0.16406250 0.3412266 0.02761918         0    0.42   0.24      0.34
481  0.08984375 0.3412266 0.02761918         0    0.42   0.24      0.34
482  0.17187500 0.3412266 0.02761918         0    0.42   0.24      0.34
483  1.00000000 0.3412266 0.02761918         0    0.42   0.24      0.34
484  0.13281250 0.3412266 0.02761918         0    0.42   0.24      0.34
485  1.00000000 0.3412266 0.02761918         0    0.42   0.24      0.34
486  0.13671875 0.3412266 0.02761918         0    0.42   0.24      0.34
487  0.19140625 0.3412266 0.02761918         0    0.42   0.24      0.34
488  1.00000000 0.3412266 0.02761918         0    0.42   0.24      0.34
489  0.22265625 0.3412266 0.02761918         0    0.42   0.24      0.34
490  0.12500000 0.3412266 0.02761918         0    0.42   0.24      0.34
491  0.31250000 0.3412266 0.02761918         0    0.42   0.24      0.34
492  1.00000000 0.3412266 0.02761918         0    0.42   0.24      0.34
493  1.00000000 0.3412266 0.02761918         0    0.42   0.24      0.34
494  1.00000000 0.3412266 0.02761918         0    0.42   0.24      0.34
495  0.21875000 0.3412266 0.02761918         0    0.42   0.24      0.34
496  1.00000000 0.3412266 0.02761918         0    0.42   0.24      0.34
497  0.37500000 0.3412266 0.02761918         0    0.42   0.24      0.34
498  0.55078125 0.3412266 0.02761918         0    0.42   0.24      0.34
499  0.20312500 0.3412266 0.02761918         0    0.42   0.24      0.34
500  0.19531250 0.3412266 0.02761918         0    0.42   0.24      0.34
501  0.08593750 0.3960645 0.03909472         0    0.41   0.21      0.38
502  0.35156250 0.3960645 0.03909472         0    0.41   0.21      0.38
503  0.21484375 0.3960645 0.03909472         0    0.41   0.21      0.38
504  0.20312500 0.3960645 0.03909472         0    0.41   0.21      0.38
505  0.33203125 0.3960645 0.03909472         0    0.41   0.21      0.38
506  1.00000000 0.3960645 0.03909472         0    0.41   0.21      0.38
507  0.32421875 0.3960645 0.03909472         0    0.41   0.21      0.38
508  0.23828125 0.3960645 0.03909472         0    0.41   0.21      0.38
509  1.00000000 0.3960645 0.03909472         0    0.41   0.21      0.38
510  0.12890625 0.3960645 0.03909472         0    0.41   0.21      0.38
511  0.11328125 0.3960645 0.03909472         0    0.41   0.21      0.38
512  1.00000000 0.3960645 0.03909472         0    0.41   0.21      0.38
513  0.25000000 0.3960645 0.03909472         0    0.41   0.21      0.38
514  0.16796875 0.3960645 0.03909472         0    0.41   0.21      0.38
515  1.00000000 0.3960645 0.03909472         0    0.41   0.21      0.38
516  1.00000000 0.3960645 0.03909472         0    0.41   0.21      0.38
517  0.34765625 0.3960645 0.03909472         0    0.41   0.21      0.38
518  0.42578125 0.3960645 0.03909472         0    0.41   0.21      0.38
519  1.00000000 0.3960645 0.03909472         0    0.41   0.21      0.38
520  0.34765625 0.3960645 0.03909472         0    0.41   0.21      0.38
521  0.44921875 0.3960645 0.03909472         0    0.41   0.21      0.38
522  1.00000000 0.3960645 0.03909472         0    0.41   0.21      0.38
523  0.21093750 0.3960645 0.03909472         0    0.41   0.21      0.38
524  0.62109375 0.3960645 0.03909472         0    0.41   0.21      0.38
525  0.30859375 0.3960645 0.03909472         0    0.41   0.21      0.38
526  1.00000000 0.3960645 0.03909472         0    0.41   0.21      0.38
527  1.00000000 0.3960645 0.03909472         0    0.41   0.21      0.38
528  1.00000000 0.3960645 0.03909472         0    0.41   0.21      0.38
529  0.63281250 0.3960645 0.03909472         0    0.41   0.21      0.38
530  1.00000000 0.3960645 0.03909472         0    0.41   0.21      0.38
531  1.00000000 0.3960645 0.03909472         0    0.41   0.21      0.38
532  0.17187500 0.3960645 0.03909472         0    0.41   0.21      0.38
533  0.13671875 0.3960645 0.03909472         0    0.41   0.21      0.38
534  1.00000000 0.3960645 0.03909472         0    0.41   0.21      0.38
535  0.21093750 0.3960645 0.03909472         0    0.41   0.21      0.38
536  0.26562500 0.3960645 0.03909472         0    0.41   0.21      0.38
537  1.00000000 0.3960645 0.03909472         0    0.41   0.21      0.38
538  0.64843750 0.3960645 0.03909472         0    0.41   0.21      0.38
539  0.35546875 0.3960645 0.03909472         0    0.41   0.21      0.38
540  0.54687500 0.3960645 0.03909472         0    0.41   0.21      0.38
541  0.31250000 0.3960645 0.03909472         0    0.41   0.21      0.38
542  0.22656250 0.3960645 0.03909472         0    0.41   0.21      0.38
543  1.00000000 0.3960645 0.03909472         0    0.41   0.21      0.38
544  0.56250000 0.3960645 0.03909472         0    0.41   0.21      0.38
545  0.18359375 0.3960645 0.03909472         0    0.41   0.21      0.38
546  0.32421875 0.3960645 0.03909472         0    0.41   0.21      0.38
547  1.00000000 0.3960645 0.03909472         0    0.41   0.21      0.38
548  0.43359375 0.3960645 0.03909472         0    0.41   0.21      0.38
549  1.00000000 0.3960645 0.03909472         0    0.41   0.21      0.38
550  0.11718750 0.3960645 0.03909472         0    0.41   0.21      0.38
551  0.08203125 0.3960645 0.03909472         0    0.41   0.21      0.38
552  0.08203125 0.3960645 0.03909472         0    0.41   0.21      0.38
553  0.19140625 0.3960645 0.03909472         0    0.41   0.21      0.38
554  1.00000000 0.3960645 0.03909472         0    0.41   0.21      0.38
555  0.33984375 0.3960645 0.03909472         0    0.41   0.21      0.38
556  1.00000000 0.3960645 0.03909472         0    0.41   0.21      0.38
557  0.61718750 0.3960645 0.03909472         0    0.41   0.21      0.38
558  0.10546875 0.3960645 0.03909472         0    0.41   0.21      0.38
559  0.18750000 0.3960645 0.03909472         0    0.41   0.21      0.38
560  0.21093750 0.3960645 0.03909472         0    0.41   0.21      0.38
561  0.13671875 0.3960645 0.03909472         0    0.41   0.21      0.38
562  0.07812500 0.3960645 0.03909472         0    0.41   0.21      0.38
563  0.06640625 0.3960645 0.03909472         0    0.41   0.21      0.38
564  0.37109375 0.3960645 0.03909472         0    0.41   0.21      0.38
565  1.00000000 0.3960645 0.03909472         0    0.41   0.21      0.38
566  1.00000000 0.3960645 0.03909472         0    0.41   0.21      0.38
567  0.20703125 0.3960645 0.03909472         0    0.41   0.21      0.38
568  0.21093750 0.3960645 0.03909472         0    0.41   0.21      0.38
569  0.21093750 0.3960645 0.03909472         0    0.41   0.21      0.38
570  1.00000000 0.3960645 0.03909472         0    0.41   0.21      0.38
571  0.22265625 0.3960645 0.03909472         0    0.41   0.21      0.38
572  1.00000000 0.3960645 0.03909472         0    0.41   0.21      0.38
573  1.00000000 0.3960645 0.03909472         0    0.41   0.21      0.38
574  0.27734375 0.3960645 0.03909472         0    0.41   0.21      0.38
575  0.20312500 0.3960645 0.03909472         0    0.41   0.21      0.38
576  0.16796875 0.3960645 0.03909472         0    0.41   0.21      0.38
577  0.24218750 0.3960645 0.03909472         0    0.41   0.21      0.38
578  0.26562500 0.3960645 0.03909472         0    0.41   0.21      0.38
579  0.40625000 0.3960645 0.03909472         0    0.41   0.21      0.38
580  0.21484375 0.3960645 0.03909472         0    0.41   0.21      0.38
581  0.20312500 0.3960645 0.03909472         0    0.41   0.21      0.38
582  0.30468750 0.3960645 0.03909472         0    0.41   0.21      0.38
583  1.00000000 0.3960645 0.03909472         0    0.41   0.21      0.38
584  1.00000000 0.3960645 0.03909472         0    0.41   0.21      0.38
585  0.13671875 0.3960645 0.03909472         0    0.41   0.21      0.38
586  0.23046875 0.3960645 0.03909472         0    0.41   0.21      0.38
587  0.21093750 0.3960645 0.03909472         0    0.41   0.21      0.38
588  0.27734375 0.3960645 0.03909472         0    0.41   0.21      0.38
589  0.27734375 0.3960645 0.03909472         0    0.41   0.21      0.38
590  1.00000000 0.3960645 0.03909472         0    0.41   0.21      0.38
591  1.00000000 0.3960645 0.03909472         0    0.41   0.21      0.38
592  0.25390625 0.3960645 0.03909472         0    0.41   0.21      0.38
593  1.00000000 0.3960645 0.03909472         0    0.41   0.21      0.38
594  1.00000000 0.3960645 0.03909472         0    0.41   0.21      0.38
595  1.00000000 0.3960645 0.03909472         0    0.41   0.21      0.38
596  1.00000000 0.3960645 0.03909472         0    0.41   0.21      0.38
597  0.33203125 0.3960645 0.03909472         0    0.41   0.21      0.38
598  1.00000000 0.3960645 0.03909472         0    0.41   0.21      0.38
599  0.27734375 0.3960645 0.03909472         0    0.41   0.21      0.38
600  1.00000000 0.3960645 0.03909472         0    0.41   0.21      0.38
601  0.18750000 0.3471791 0.05989112         0    0.27   0.24      0.49
602  0.35937500 0.3471791 0.05989112         0    0.27   0.24      0.49
603  0.19531250 0.3471791 0.05989112         0    0.27   0.24      0.49
604  0.58984375 0.3471791 0.05989112         0    0.27   0.24      0.49
605  1.00000000 0.3471791 0.05989112         0    0.27   0.24      0.49
606  1.00000000 0.3471791 0.05989112         0    0.27   0.24      0.49
607  1.00000000 0.3471791 0.05989112         0    0.27   0.24      0.49
608  0.55859375 0.3471791 0.05989112         0    0.27   0.24      0.49
609  0.27343750 0.3471791 0.05989112         0    0.27   0.24      0.49
610  0.58984375 0.3471791 0.05989112         0    0.27   0.24      0.49
611  1.00000000 0.3471791 0.05989112         0    0.27   0.24      0.49
612  0.29296875 0.3471791 0.05989112         0    0.27   0.24      0.49
613  0.30468750 0.3471791 0.05989112         0    0.27   0.24      0.49
614  1.00000000 0.3471791 0.05989112         0    0.27   0.24      0.49
615  0.11328125 0.3471791 0.05989112         0    0.27   0.24      0.49
616  0.19921875 0.3471791 0.05989112         0    0.27   0.24      0.49
617  0.29687500 0.3471791 0.05989112         0    0.27   0.24      0.49
618  1.00000000 0.3471791 0.05989112         0    0.27   0.24      0.49
619  0.65234375 0.3471791 0.05989112         0    0.27   0.24      0.49
620  1.00000000 0.3471791 0.05989112         0    0.27   0.24      0.49
621  1.00000000 0.3471791 0.05989112         0    0.27   0.24      0.49
622  0.44531250 0.3471791 0.05989112         0    0.27   0.24      0.49
623  0.36718750 0.3471791 0.05989112         0    0.27   0.24      0.49
624  1.00000000 0.3471791 0.05989112         0    0.27   0.24      0.49
625  0.41015625 0.3471791 0.05989112         0    0.27   0.24      0.49
626  1.00000000 0.3471791 0.05989112         0    0.27   0.24      0.49
627  0.21484375 0.3471791 0.05989112         0    0.27   0.24      0.49
628  0.26171875 0.3471791 0.05989112         0    0.27   0.24      0.49
629  0.35937500 0.3471791 0.05989112         0    0.27   0.24      0.49
630  0.26562500 0.3471791 0.05989112         0    0.27   0.24      0.49
631  0.59765625 0.3471791 0.05989112         0    0.27   0.24      0.49
632  0.26171875 0.3471791 0.05989112         0    0.27   0.24      0.49
633  1.00000000 0.3471791 0.05989112         0    0.27   0.24      0.49
634  1.00000000 0.3471791 0.05989112         0    0.27   0.24      0.49
635  0.37890625 0.3471791 0.05989112         0    0.27   0.24      0.49
636  0.25000000 0.3471791 0.05989112         0    0.27   0.24      0.49
637  0.15625000 0.3471791 0.05989112         0    0.27   0.24      0.49
638  0.46093750 0.3471791 0.05989112         0    0.27   0.24      0.49
639  0.27734375 0.3471791 0.05989112         0    0.27   0.24      0.49
640  0.66796875 0.3471791 0.05989112         0    0.27   0.24      0.49
641  1.00000000 0.3471791 0.05989112         0    0.27   0.24      0.49
642  0.19531250 0.3471791 0.05989112         0    0.27   0.24      0.49
643  0.49218750 0.3471791 0.05989112         0    0.27   0.24      0.49
644  1.00000000 0.3471791 0.05989112         0    0.27   0.24      0.49
645  1.00000000 0.3471791 0.05989112         0    0.27   0.24      0.49
646  0.41406250 0.3471791 0.05989112         0    0.27   0.24      0.49
647  1.00000000 0.3471791 0.05989112         0    0.27   0.24      0.49
648  1.00000000 0.3471791 0.05989112         0    0.27   0.24      0.49
649  1.00000000 0.3471791 0.05989112         0    0.27   0.24      0.49
650  0.29296875 0.3471791 0.05989112         0    0.27   0.24      0.49
651  0.28125000 0.3471791 0.05989112         0    0.27   0.24      0.49
652  1.00000000 0.3471791 0.05989112         0    0.27   0.24      0.49
653  1.00000000 0.3471791 0.05989112         0    0.27   0.24      0.49
654  1.00000000 0.3471791 0.05989112         0    0.27   0.24      0.49
655  0.19921875 0.3471791 0.05989112         0    0.27   0.24      0.49
656  0.69140625 0.3471791 0.05989112         0    0.27   0.24      0.49
657  1.00000000 0.3471791 0.05989112         0    0.27   0.24      0.49
658  0.60156250 0.3471791 0.05989112         0    0.27   0.24      0.49
659  0.20312500 0.3471791 0.05989112         0    0.27   0.24      0.49
660  0.60937500 0.3471791 0.05989112         0    0.27   0.24      0.49
661  0.16796875 0.3471791 0.05989112         0    0.27   0.24      0.49
662  0.54296875 0.3471791 0.05989112         0    0.27   0.24      0.49
663  0.41406250 0.3471791 0.05989112         0    0.27   0.24      0.49
664  0.28125000 0.3471791 0.05989112         0    0.27   0.24      0.49
665  1.00000000 0.3471791 0.05989112         0    0.27   0.24      0.49
666  1.00000000 0.3471791 0.05989112         0    0.27   0.24      0.49
667  1.00000000 0.3471791 0.05989112         0    0.27   0.24      0.49
668  1.00000000 0.3471791 0.05989112         0    0.27   0.24      0.49
669  0.21484375 0.3471791 0.05989112         0    0.27   0.24      0.49
670  0.27343750 0.3471791 0.05989112         0    0.27   0.24      0.49
671  1.00000000 0.3471791 0.05989112         0    0.27   0.24      0.49
672  0.43750000 0.3471791 0.05989112         0    0.27   0.24      0.49
673  1.00000000 0.3471791 0.05989112         0    0.27   0.24      0.49
674  1.00000000 0.3471791 0.05989112         0    0.27   0.24      0.49
675  0.36328125 0.3471791 0.05989112         0    0.27   0.24      0.49
676  1.00000000 0.3471791 0.05989112         0    0.27   0.24      0.49
677  0.35937500 0.3471791 0.05989112         0    0.27   0.24      0.49
678  0.48828125 0.3471791 0.05989112         0    0.27   0.24      0.49
679  0.60546875 0.3471791 0.05989112         0    0.27   0.24      0.49
680  0.21875000 0.3471791 0.05989112         0    0.27   0.24      0.49
681  0.24609375 0.3471791 0.05989112         0    0.27   0.24      0.49
682  0.43750000 0.3471791 0.05989112         0    0.27   0.24      0.49
683  1.00000000 0.3471791 0.05989112         0    0.27   0.24      0.49
684  1.00000000 0.3471791 0.05989112         0    0.27   0.24      0.49
685  0.30468750 0.3471791 0.05989112         0    0.27   0.24      0.49
686  0.26171875 0.3471791 0.05989112         0    0.27   0.24      0.49
687  1.00000000 0.3471791 0.05989112         0    0.27   0.24      0.49
688  0.58984375 0.3471791 0.05989112         0    0.27   0.24      0.49
689  0.48046875 0.3471791 0.05989112         0    0.27   0.24      0.49
690  0.26562500 0.3471791 0.05989112         0    0.27   0.24      0.49
691  0.23046875 0.3471791 0.05989112         0    0.27   0.24      0.49
692  0.44921875 0.3471791 0.05989112         0    0.27   0.24      0.49
693  1.00000000 0.3471791 0.05989112         0    0.27   0.24      0.49
694  0.57812500 0.3471791 0.05989112         0    0.27   0.24      0.49
695  1.00000000 0.3471791 0.05989112         0    0.27   0.24      0.49
696  1.00000000 0.3471791 0.05989112         0    0.27   0.24      0.49
697  1.00000000 0.3471791 0.05989112         0    0.27   0.24      0.49
698  0.21484375 0.3471791 0.05989112         0    0.27   0.24      0.49
699  0.41796875 0.3471791 0.05989112         0    0.27   0.24      0.49
700  1.00000000 0.3471791 0.05989112         0    0.27   0.24      0.49
701  1.00000000 0.2895194 0.05171925         0    0.33   0.24      0.43
702  0.30468750 0.2895194 0.05171925         0    0.33   0.24      0.43
703  0.31640625 0.2895194 0.05171925         0    0.33   0.24      0.43
704  1.00000000 0.2895194 0.05171925         0    0.33   0.24      0.43
705  0.33203125 0.2895194 0.05171925         0    0.33   0.24      0.43
706  0.36718750 0.2895194 0.05171925         0    0.33   0.24      0.43
707  0.28515625 0.2895194 0.05171925         0    0.33   0.24      0.43
708  0.32812500 0.2895194 0.05171925         0    0.33   0.24      0.43
709  0.42187500 0.2895194 0.05171925         0    0.33   0.24      0.43
710  0.15234375 0.2895194 0.05171925         0    0.33   0.24      0.43
711  1.00000000 0.2895194 0.05171925         0    0.33   0.24      0.43
712  1.00000000 0.2895194 0.05171925         0    0.33   0.24      0.43
713  1.00000000 0.2895194 0.05171925         0    0.33   0.24      0.43
714  0.23046875 0.2895194 0.05171925         0    0.33   0.24      0.43
715  0.43359375 0.2895194 0.05171925         0    0.33   0.24      0.43
716  0.26171875 0.2895194 0.05171925         0    0.33   0.24      0.43
717  0.44140625 0.2895194 0.05171925         0    0.33   0.24      0.43
718  1.00000000 0.2895194 0.05171925         0    0.33   0.24      0.43
719  0.48046875 0.2895194 0.05171925         0    0.33   0.24      0.43
720  0.30859375 0.2895194 0.05171925         0    0.33   0.24      0.43
721  0.21484375 0.2895194 0.05171925         0    0.33   0.24      0.43
722  1.00000000 0.2895194 0.05171925         0    0.33   0.24      0.43
723  1.00000000 0.2895194 0.05171925         0    0.33   0.24      0.43
724  1.00000000 0.2895194 0.05171925         0    0.33   0.24      0.43
725  0.20703125 0.2895194 0.05171925         0    0.33   0.24      0.43
726  0.42187500 0.2895194 0.05171925         0    0.33   0.24      0.43
727  1.00000000 0.2895194 0.05171925         0    0.33   0.24      0.43
728  0.41796875 0.2895194 0.05171925         0    0.33   0.24      0.43
729  0.29296875 0.2895194 0.05171925         0    0.33   0.24      0.43
730  0.45703125 0.2895194 0.05171925         0    0.33   0.24      0.43
731  0.45312500 0.2895194 0.05171925         0    0.33   0.24      0.43
732  0.25390625 0.2895194 0.05171925         0    0.33   0.24      0.43
733  0.24218750 0.2895194 0.05171925         0    0.33   0.24      0.43
734  0.39062500 0.2895194 0.05171925         0    0.33   0.24      0.43
735  1.00000000 0.2895194 0.05171925         0    0.33   0.24      0.43
736  0.27343750 0.2895194 0.05171925         0    0.33   0.24      0.43
737  0.26171875 0.2895194 0.05171925         0    0.33   0.24      0.43
738  0.35546875 0.2895194 0.05171925         0    0.33   0.24      0.43
739  0.29296875 0.2895194 0.05171925         0    0.33   0.24      0.43
740  1.00000000 0.2895194 0.05171925         0    0.33   0.24      0.43
741  1.00000000 0.2895194 0.05171925         0    0.33   0.24      0.43
742  0.28125000 0.2895194 0.05171925         0    0.33   0.24      0.43
743  1.00000000 0.2895194 0.05171925         0    0.33   0.24      0.43
744  1.00000000 0.2895194 0.05171925         0    0.33   0.24      0.43
745  0.34375000 0.2895194 0.05171925         0    0.33   0.24      0.43
746  1.00000000 0.2895194 0.05171925         0    0.33   0.24      0.43
747  0.43359375 0.2895194 0.05171925         0    0.33   0.24      0.43
748  0.60546875 0.2895194 0.05171925         0    0.33   0.24      0.43
749  0.22656250 0.2895194 0.05171925         0    0.33   0.24      0.43
750  0.58593750 0.2895194 0.05171925         0    0.33   0.24      0.43
751  0.46093750 0.2895194 0.05171925         0    0.33   0.24      0.43
752  0.15234375 0.2895194 0.05171925         0    0.33   0.24      0.43
753  1.00000000 0.2895194 0.05171925         0    0.33   0.24      0.43
754  0.51953125 0.2895194 0.05171925         0    0.33   0.24      0.43
755  0.65234375 0.2895194 0.05171925         0    0.33   0.24      0.43
756  0.24218750 0.2895194 0.05171925         0    0.33   0.24      0.43
757  0.18359375 0.2895194 0.05171925         0    0.33   0.24      0.43
758  0.14453125 0.2895194 0.05171925         0    0.33   0.24      0.43
759  1.00000000 0.2895194 0.05171925         0    0.33   0.24      0.43
760  0.58984375 0.2895194 0.05171925         0    0.33   0.24      0.43
761  0.27343750 0.2895194 0.05171925         0    0.33   0.24      0.43
762  0.50781250 0.2895194 0.05171925         0    0.33   0.24      0.43
763  1.00000000 0.2895194 0.05171925         0    0.33   0.24      0.43
764  1.00000000 0.2895194 0.05171925         0    0.33   0.24      0.43
765  1.00000000 0.2895194 0.05171925         0    0.33   0.24      0.43
766  0.37890625 0.2895194 0.05171925         0    0.33   0.24      0.43
767  0.43750000 0.2895194 0.05171925         0    0.33   0.24      0.43
768  0.17968750 0.2895194 0.05171925         0    0.33   0.24      0.43
769  0.22265625 0.2895194 0.05171925         0    0.33   0.24      0.43
770  0.35546875 0.2895194 0.05171925         0    0.33   0.24      0.43
771  1.00000000 0.2895194 0.05171925         0    0.33   0.24      0.43
772  0.41406250 0.2895194 0.05171925         0    0.33   0.24      0.43
773  0.30468750 0.2895194 0.05171925         0    0.33   0.24      0.43
774  0.19921875 0.2895194 0.05171925         0    0.33   0.24      0.43
775  0.25000000 0.2895194 0.05171925         0    0.33   0.24      0.43
776  0.09765625 0.2895194 0.05171925         0    0.33   0.24      0.43
777  1.00000000 0.2895194 0.05171925         0    0.33   0.24      0.43
778  1.00000000 0.2895194 0.05171925         0    0.33   0.24      0.43
779  0.15234375 0.2895194 0.05171925         0    0.33   0.24      0.43
780  0.21484375 0.2895194 0.05171925         0    0.33   0.24      0.43
781  1.00000000 0.2895194 0.05171925         0    0.33   0.24      0.43
782  0.24609375 0.2895194 0.05171925         0    0.33   0.24      0.43
783  0.10546875 0.2895194 0.05171925         0    0.33   0.24      0.43
784  1.00000000 0.2895194 0.05171925         0    0.33   0.24      0.43
785  1.00000000 0.2895194 0.05171925         0    0.33   0.24      0.43
786  0.18359375 0.2895194 0.05171925         0    0.33   0.24      0.43
787  0.78125000 0.2895194 0.05171925         0    0.33   0.24      0.43
788  1.00000000 0.2895194 0.05171925         0    0.33   0.24      0.43
789  1.00000000 0.2895194 0.05171925         0    0.33   0.24      0.43
790  0.21093750 0.2895194 0.05171925         0    0.33   0.24      0.43
791  0.17578125 0.2895194 0.05171925         0    0.33   0.24      0.43
792  1.00000000 0.2895194 0.05171925         0    0.33   0.24      0.43
793  1.00000000 0.2895194 0.05171925         0    0.33   0.24      0.43
794  0.29687500 0.2895194 0.05171925         0    0.33   0.24      0.43
795  0.35546875 0.2895194 0.05171925         0    0.33   0.24      0.43
796  1.00000000 0.2895194 0.05171925         0    0.33   0.24      0.43
797  0.49609375 0.2895194 0.05171925         0    0.33   0.24      0.43
798  0.42968750 0.2895194 0.05171925         0    0.33   0.24      0.43
799  1.00000000 0.2895194 0.05171925         0    0.33   0.24      0.43
800  0.31250000 0.2895194 0.05171925         0    0.33   0.24      0.43
801  1.00000000 0.4530751 0.03547289         0    0.30   0.23      0.47
802  0.13281250 0.4530751 0.03547289         0    0.30   0.23      0.47
803  0.35156250 0.4530751 0.03547289         0    0.30   0.23      0.47
804  1.00000000 0.4530751 0.03547289         0    0.30   0.23      0.47
805  0.33593750 0.4530751 0.03547289         0    0.30   0.23      0.47
806  0.16406250 0.4530751 0.03547289         0    0.30   0.23      0.47
807  0.16406250 0.4530751 0.03547289         0    0.30   0.23      0.47
808  0.53125000 0.4530751 0.03547289         0    0.30   0.23      0.47
809  0.23437500 0.4530751 0.03547289         0    0.30   0.23      0.47
810  0.62109375 0.4530751 0.03547289         0    0.30   0.23      0.47
811  0.10546875 0.4530751 0.03547289         0    0.30   0.23      0.47
812  1.00000000 0.4530751 0.03547289         0    0.30   0.23      0.47
813  0.08593750 0.4530751 0.03547289         0    0.30   0.23      0.47
814  0.16796875 0.4530751 0.03547289         0    0.30   0.23      0.47
815  0.35937500 0.4530751 0.03547289         0    0.30   0.23      0.47
816  0.37109375 0.4530751 0.03547289         0    0.30   0.23      0.47
817  1.00000000 0.4530751 0.03547289         0    0.30   0.23      0.47
818  1.00000000 0.4530751 0.03547289         0    0.30   0.23      0.47
819  1.00000000 0.4530751 0.03547289         0    0.30   0.23      0.47
820  0.40234375 0.4530751 0.03547289         0    0.30   0.23      0.47
821  0.04296875 0.4530751 0.03547289         0    0.30   0.23      0.47
822  0.23437500 0.4530751 0.03547289         0    0.30   0.23      0.47
823  0.47265625 0.4530751 0.03547289         0    0.30   0.23      0.47
824  1.00000000 0.4530751 0.03547289         0    0.30   0.23      0.47
825  1.00000000 0.4530751 0.03547289         0    0.30   0.23      0.47
826  0.53515625 0.4530751 0.03547289         0    0.30   0.23      0.47
827  1.00000000 0.4530751 0.03547289         0    0.30   0.23      0.47
828  0.15625000 0.4530751 0.03547289         0    0.30   0.23      0.47
829  0.12109375 0.4530751 0.03547289         0    0.30   0.23      0.47
830  0.08593750 0.4530751 0.03547289         0    0.30   0.23      0.47
831  0.23046875 0.4530751 0.03547289         0    0.30   0.23      0.47
832  1.00000000 0.4530751 0.03547289         0    0.30   0.23      0.47
833  0.04687500 0.4530751 0.03547289         0    0.30   0.23      0.47
834  1.00000000 0.4530751 0.03547289         0    0.30   0.23      0.47
835  0.25390625 0.4530751 0.03547289         0    0.30   0.23      0.47
836  0.51953125 0.4530751 0.03547289         0    0.30   0.23      0.47
837  0.12109375 0.4530751 0.03547289         0    0.30   0.23      0.47
838  1.00000000 0.4530751 0.03547289         0    0.30   0.23      0.47
839  1.00000000 0.4530751 0.03547289         0    0.30   0.23      0.47
840  0.17968750 0.4530751 0.03547289         0    0.30   0.23      0.47
841  0.57031250 0.4530751 0.03547289         0    0.30   0.23      0.47
842  1.00000000 0.4530751 0.03547289         0    0.30   0.23      0.47
843  0.14453125 0.4530751 0.03547289         0    0.30   0.23      0.47
844  0.22265625 0.4530751 0.03547289         0    0.30   0.23      0.47
845  1.00000000 0.4530751 0.03547289         0    0.30   0.23      0.47
846  0.20703125 0.4530751 0.03547289         0    0.30   0.23      0.47
847  0.23046875 0.4530751 0.03547289         0    0.30   0.23      0.47
848  0.17578125 0.4530751 0.03547289         0    0.30   0.23      0.47
849  1.00000000 0.4530751 0.03547289         0    0.30   0.23      0.47
850  1.00000000 0.4530751 0.03547289         0    0.30   0.23      0.47
851  1.00000000 0.4530751 0.03547289         0    0.30   0.23      0.47
852  0.13671875 0.4530751 0.03547289         0    0.30   0.23      0.47
853  0.17187500 0.4530751 0.03547289         0    0.30   0.23      0.47
854  0.18359375 0.4530751 0.03547289         0    0.30   0.23      0.47
855  1.00000000 0.4530751 0.03547289         0    0.30   0.23      0.47
856  1.00000000 0.4530751 0.03547289         0    0.30   0.23      0.47
857  1.00000000 0.4530751 0.03547289         0    0.30   0.23      0.47
858  1.00000000 0.4530751 0.03547289         0    0.30   0.23      0.47
859  1.00000000 0.4530751 0.03547289         0    0.30   0.23      0.47
860  1.00000000 0.4530751 0.03547289         0    0.30   0.23      0.47
861  0.64062500 0.4530751 0.03547289         0    0.30   0.23      0.47
862  1.00000000 0.4530751 0.03547289         0    0.30   0.23      0.47
863  0.23437500 0.4530751 0.03547289         0    0.30   0.23      0.47
864  1.00000000 0.4530751 0.03547289         0    0.30   0.23      0.47
865  1.00000000 0.4530751 0.03547289         0    0.30   0.23      0.47
866  1.00000000 0.4530751 0.03547289         0    0.30   0.23      0.47
867  1.00000000 0.4530751 0.03547289         0    0.30   0.23      0.47
868  1.00000000 0.4530751 0.03547289         0    0.30   0.23      0.47
869  0.42968750 0.4530751 0.03547289         0    0.30   0.23      0.47
870  1.00000000 0.4530751 0.03547289         0    0.30   0.23      0.47
871  1.00000000 0.4530751 0.03547289         0    0.30   0.23      0.47
872  0.28515625 0.4530751 0.03547289         0    0.30   0.23      0.47
873  1.00000000 0.4530751 0.03547289         0    0.30   0.23      0.47
874  0.75000000 0.4530751 0.03547289         0    0.30   0.23      0.47
875  0.39453125 0.4530751 0.03547289         0    0.30   0.23      0.47
876  0.13671875 0.4530751 0.03547289         0    0.30   0.23      0.47
877  1.00000000 0.4530751 0.03547289         0    0.30   0.23      0.47
878  1.00000000 0.4530751 0.03547289         0    0.30   0.23      0.47
879  1.00000000 0.4530751 0.03547289         0    0.30   0.23      0.47
880  1.00000000 0.4530751 0.03547289         0    0.30   0.23      0.47
881  0.35156250 0.4530751 0.03547289         0    0.30   0.23      0.47
882  0.42968750 0.4530751 0.03547289         0    0.30   0.23      0.47
883  0.20703125 0.4530751 0.03547289         0    0.30   0.23      0.47
884  0.23046875 0.4530751 0.03547289         0    0.30   0.23      0.47
885  1.00000000 0.4530751 0.03547289         0    0.30   0.23      0.47
886  1.00000000 0.4530751 0.03547289         0    0.30   0.23      0.47
887  0.36718750 0.4530751 0.03547289         0    0.30   0.23      0.47
888  1.00000000 0.4530751 0.03547289         0    0.30   0.23      0.47
889  1.00000000 0.4530751 0.03547289         0    0.30   0.23      0.47
890  0.55859375 0.4530751 0.03547289         0    0.30   0.23      0.47
891  0.14843750 0.4530751 0.03547289         0    0.30   0.23      0.47
892  1.00000000 0.4530751 0.03547289         0    0.30   0.23      0.47
893  0.29296875 0.4530751 0.03547289         0    0.30   0.23      0.47
894  0.34375000 0.4530751 0.03547289         0    0.30   0.23      0.47
895  0.34765625 0.4530751 0.03547289         0    0.30   0.23      0.47
896  0.34375000 0.4530751 0.03547289         0    0.30   0.23      0.47
897  0.41015625 0.4530751 0.03547289         0    0.30   0.23      0.47
898  1.00000000 0.4530751 0.03547289         0    0.30   0.23      0.47
899  0.17578125 0.4530751 0.03547289         0    0.30   0.23      0.47
900  1.00000000 0.4530751 0.03547289         0    0.30   0.23      0.47
901  1.00000000 0.4709120 0.01941373         0    0.35   0.16      0.49
902  0.51171875 0.4709120 0.01941373         0    0.35   0.16      0.49
903  0.13281250 0.4709120 0.01941373         0    0.35   0.16      0.49
904  0.28515625 0.4709120 0.01941373         0    0.35   0.16      0.49
905  1.00000000 0.4709120 0.01941373         0    0.35   0.16      0.49
906  1.00000000 0.4709120 0.01941373         0    0.35   0.16      0.49
907  1.00000000 0.4709120 0.01941373         0    0.35   0.16      0.49
908  1.00000000 0.4709120 0.01941373         0    0.35   0.16      0.49
909  0.22265625 0.4709120 0.01941373         0    0.35   0.16      0.49
910  0.30859375 0.4709120 0.01941373         0    0.35   0.16      0.49
911  1.00000000 0.4709120 0.01941373         0    0.35   0.16      0.49
912  1.00000000 0.4709120 0.01941373         0    0.35   0.16      0.49
913  1.00000000 0.4709120 0.01941373         0    0.35   0.16      0.49
914  0.21484375 0.4709120 0.01941373         0    0.35   0.16      0.49
915  1.00000000 0.4709120 0.01941373         0    0.35   0.16      0.49
916  0.08203125 0.4709120 0.01941373         0    0.35   0.16      0.49
917  1.00000000 0.4709120 0.01941373         0    0.35   0.16      0.49
918  1.00000000 0.4709120 0.01941373         0    0.35   0.16      0.49
919  1.00000000 0.4709120 0.01941373         0    0.35   0.16      0.49
920  0.19140625 0.4709120 0.01941373         0    0.35   0.16      0.49
921  1.00000000 0.4709120 0.01941373         0    0.35   0.16      0.49
922  0.09375000 0.4709120 0.01941373         0    0.35   0.16      0.49
923  1.00000000 0.4709120 0.01941373         0    0.35   0.16      0.49
924  1.00000000 0.4709120 0.01941373         0    0.35   0.16      0.49
925  0.31640625 0.4709120 0.01941373         0    0.35   0.16      0.49
926  1.00000000 0.4709120 0.01941373         0    0.35   0.16      0.49
927  1.00000000 0.4709120 0.01941373         0    0.35   0.16      0.49
928  0.06640625 0.4709120 0.01941373         0    0.35   0.16      0.49
929  1.00000000 0.4709120 0.01941373         0    0.35   0.16      0.49
930  0.27343750 0.4709120 0.01941373         0    0.35   0.16      0.49
931  0.05078125 0.4709120 0.01941373         0    0.35   0.16      0.49
932  0.26562500 0.4709120 0.01941373         0    0.35   0.16      0.49
933  1.00000000 0.4709120 0.01941373         0    0.35   0.16      0.49
934  0.10937500 0.4709120 0.01941373         0    0.35   0.16      0.49
935  1.00000000 0.4709120 0.01941373         0    0.35   0.16      0.49
936  0.07421875 0.4709120 0.01941373         0    0.35   0.16      0.49
937  0.08984375 0.4709120 0.01941373         0    0.35   0.16      0.49
938  1.00000000 0.4709120 0.01941373         0    0.35   0.16      0.49
939  0.03125000 0.4709120 0.01941373         0    0.35   0.16      0.49
940  0.16015625 0.4709120 0.01941373         0    0.35   0.16      0.49
941  0.12890625 0.4709120 0.01941373         0    0.35   0.16      0.49
942  0.06250000 0.4709120 0.01941373         0    0.35   0.16      0.49
943  0.19921875 0.4709120 0.01941373         0    0.35   0.16      0.49
944  1.00000000 0.4709120 0.01941373         0    0.35   0.16      0.49
945  0.20703125 0.4709120 0.01941373         0    0.35   0.16      0.49
946  1.00000000 0.4709120 0.01941373         0    0.35   0.16      0.49
947  0.11328125 0.4709120 0.01941373         0    0.35   0.16      0.49
948  0.11718750 0.4709120 0.01941373         0    0.35   0.16      0.49
949  1.00000000 0.4709120 0.01941373         0    0.35   0.16      0.49
950  0.20703125 0.4709120 0.01941373         0    0.35   0.16      0.49
951  1.00000000 0.4709120 0.01941373         0    0.35   0.16      0.49
952  1.00000000 0.4709120 0.01941373         0    0.35   0.16      0.49
953  1.00000000 0.4709120 0.01941373         0    0.35   0.16      0.49
954  0.05859375 0.4709120 0.01941373         0    0.35   0.16      0.49
955  0.05078125 0.4709120 0.01941373         0    0.35   0.16      0.49
956  0.07812500 0.4709120 0.01941373         0    0.35   0.16      0.49
957  1.00000000 0.4709120 0.01941373         0    0.35   0.16      0.49
958  1.00000000 0.4709120 0.01941373         0    0.35   0.16      0.49
959  0.06250000 0.4709120 0.01941373         0    0.35   0.16      0.49
960  1.00000000 0.4709120 0.01941373         0    0.35   0.16      0.49
961  0.10546875 0.4709120 0.01941373         0    0.35   0.16      0.49
962  0.06250000 0.4709120 0.01941373         0    0.35   0.16      0.49
963  1.00000000 0.4709120 0.01941373         0    0.35   0.16      0.49
964  0.19140625 0.4709120 0.01941373         0    0.35   0.16      0.49
965  1.00000000 0.4709120 0.01941373         0    0.35   0.16      0.49
966  1.00000000 0.4709120 0.01941373         0    0.35   0.16      0.49
967  1.00000000 0.4709120 0.01941373         0    0.35   0.16      0.49
968  0.10156250 0.4709120 0.01941373         0    0.35   0.16      0.49
969  0.09375000 0.4709120 0.01941373         0    0.35   0.16      0.49
970  0.32812500 0.4709120 0.01941373         0    0.35   0.16      0.49
971  1.00000000 0.4709120 0.01941373         0    0.35   0.16      0.49
972  0.16796875 0.4709120 0.01941373         0    0.35   0.16      0.49
973  1.00000000 0.4709120 0.01941373         0    0.35   0.16      0.49
974  0.10156250 0.4709120 0.01941373         0    0.35   0.16      0.49
975  0.11718750 0.4709120 0.01941373         0    0.35   0.16      0.49
976  1.00000000 0.4709120 0.01941373         0    0.35   0.16      0.49
977  1.00000000 0.4709120 0.01941373         0    0.35   0.16      0.49
978  1.00000000 0.4709120 0.01941373         0    0.35   0.16      0.49
979  1.00000000 0.4709120 0.01941373         0    0.35   0.16      0.49
980  0.10546875 0.4709120 0.01941373         0    0.35   0.16      0.49
981  0.10546875 0.4709120 0.01941373         0    0.35   0.16      0.49
982  0.08203125 0.4709120 0.01941373         0    0.35   0.16      0.49
983  0.09765625 0.4709120 0.01941373         0    0.35   0.16      0.49
984  1.00000000 0.4709120 0.01941373         0    0.35   0.16      0.49
985  0.06640625 0.4709120 0.01941373         0    0.35   0.16      0.49
986  1.00000000 0.4709120 0.01941373         0    0.35   0.16      0.49
987  0.32031250 0.4709120 0.01941373         0    0.35   0.16      0.49
988  0.26953125 0.4709120 0.01941373         0    0.35   0.16      0.49
989  0.06250000 0.4709120 0.01941373         0    0.35   0.16      0.49
990  0.05078125 0.4709120 0.01941373         0    0.35   0.16      0.49
991  1.00000000 0.4709120 0.01941373         0    0.35   0.16      0.49
992  0.06640625 0.4709120 0.01941373         0    0.35   0.16      0.49
993  1.00000000 0.4709120 0.01941373         0    0.35   0.16      0.49
994  1.00000000 0.4709120 0.01941373         0    0.35   0.16      0.49
995  1.00000000 0.4709120 0.01941373         0    0.35   0.16      0.49
996  1.00000000 0.4709120 0.01941373         0    0.35   0.16      0.49
997  1.00000000 0.4709120 0.01941373         0    0.35   0.16      0.49
998  0.06250000 0.4709120 0.01941373         0    0.35   0.16      0.49
999  0.08203125 0.4709120 0.01941373         0    0.35   0.16      0.49
1000 0.19140625 0.4709120 0.01941373         0    0.35   0.16      0.49
