      prop.aneu prob.meio  prob.mito dispersal euploid mosaic aneuploid
1    1.00000000 0.4369777 0.03800326         0    0.27   0.22      0.51
2    1.00000000 0.4369777 0.03800326         0    0.27   0.22      0.51
3    0.29687500 0.4369777 0.03800326         0    0.27   0.22      0.51
4    0.24609375 0.4369777 0.03800326         0    0.27   0.22      0.51
5    1.00000000 0.4369777 0.03800326         0    0.27   0.22      0.51
6    1.00000000 0.4369777 0.03800326         0    0.27   0.22      0.51
7    0.52734375 0.4369777 0.03800326         0    0.27   0.22      0.51
8    0.36328125 0.4369777 0.03800326         0    0.27   0.22      0.51
9    1.00000000 0.4369777 0.03800326         0    0.27   0.22      0.51
10   1.00000000 0.4369777 0.03800326         0    0.27   0.22      0.51
11   0.41406250 0.4369777 0.03800326         0    0.27   0.22      0.51
12   0.62109375 0.4369777 0.03800326         0    0.27   0.22      0.51
13   0.26562500 0.4369777 0.03800326         0    0.27   0.22      0.51
14   0.12500000 0.4369777 0.03800326         0    0.27   0.22      0.51
15   1.00000000 0.4369777 0.03800326         0    0.27   0.22      0.51
16   0.38671875 0.4369777 0.03800326         0    0.27   0.22      0.51
17   0.67578125 0.4369777 0.03800326         0    0.27   0.22      0.51
18   0.17968750 0.4369777 0.03800326         0    0.27   0.22      0.51
19   0.28906250 0.4369777 0.03800326         0    0.27   0.22      0.51
20   1.00000000 0.4369777 0.03800326         0    0.27   0.22      0.51
21   0.38281250 0.4369777 0.03800326         0    0.27   0.22      0.51
22   1.00000000 0.4369777 0.03800326         0    0.27   0.22      0.51
23   0.12500000 0.4369777 0.03800326         0    0.27   0.22      0.51
24   0.33593750 0.4369777 0.03800326         0    0.27   0.22      0.51
25   0.28125000 0.4369777 0.03800326         0    0.27   0.22      0.51
26   1.00000000 0.4369777 0.03800326         0    0.27   0.22      0.51
27   0.21875000 0.4369777 0.03800326         0    0.27   0.22      0.51
28   0.33593750 0.4369777 0.03800326         0    0.27   0.22      0.51
29   0.22656250 0.4369777 0.03800326         0    0.27   0.22      0.51
30   0.25000000 0.4369777 0.03800326         0    0.27   0.22      0.51
31   0.26171875 0.4369777 0.03800326         0    0.27   0.22      0.51
32   1.00000000 0.4369777 0.03800326         0    0.27   0.22      0.51
33   1.00000000 0.4369777 0.03800326         0    0.27   0.22      0.51
34   1.00000000 0.4369777 0.03800326         0    0.27   0.22      0.51
35   0.18359375 0.4369777 0.03800326         0    0.27   0.22      0.51
36   0.20312500 0.4369777 0.03800326         0    0.27   0.22      0.51
37   1.00000000 0.4369777 0.03800326         0    0.27   0.22      0.51
38   0.25781250 0.4369777 0.03800326         0    0.27   0.22      0.51
39   0.17968750 0.4369777 0.03800326         0    0.27   0.22      0.51
40   1.00000000 0.4369777 0.03800326         0    0.27   0.22      0.51
41   1.00000000 0.4369777 0.03800326         0    0.27   0.22      0.51
42   0.38281250 0.4369777 0.03800326         0    0.27   0.22      0.51
43   1.00000000 0.4369777 0.03800326         0    0.27   0.22      0.51
44   1.00000000 0.4369777 0.03800326         0    0.27   0.22      0.51
45   1.00000000 0.4369777 0.03800326         0    0.27   0.22      0.51
46   0.33984375 0.4369777 0.03800326         0    0.27   0.22      0.51
47   1.00000000 0.4369777 0.03800326         0    0.27   0.22      0.51
48   1.00000000 0.4369777 0.03800326         0    0.27   0.22      0.51
49   1.00000000 0.4369777 0.03800326         0    0.27   0.22      0.51
50   0.24218750 0.4369777 0.03800326         0    0.27   0.22      0.51
51   1.00000000 0.4369777 0.03800326         0    0.27   0.22      0.51
52   0.18359375 0.4369777 0.03800326         0    0.27   0.22      0.51
53   0.33593750 0.4369777 0.03800326         0    0.27   0.22      0.51
54   0.40625000 0.4369777 0.03800326         0    0.27   0.22      0.51
55   1.00000000 0.4369777 0.03800326         0    0.27   0.22      0.51
56   0.25390625 0.4369777 0.03800326         0    0.27   0.22      0.51
57   1.00000000 0.4369777 0.03800326         0    0.27   0.22      0.51
58   0.33593750 0.4369777 0.03800326         0    0.27   0.22      0.51
59   0.20703125 0.4369777 0.03800326         0    0.27   0.22      0.51
60   0.23828125 0.4369777 0.03800326         0    0.27   0.22      0.51
61   0.36328125 0.4369777 0.03800326         0    0.27   0.22      0.51
62   0.21875000 0.4369777 0.03800326         0    0.27   0.22      0.51
63   1.00000000 0.4369777 0.03800326         0    0.27   0.22      0.51
64   1.00000000 0.4369777 0.03800326         0    0.27   0.22      0.51
65   0.18359375 0.4369777 0.03800326         0    0.27   0.22      0.51
66   0.13671875 0.4369777 0.03800326         0    0.27   0.22      0.51
67   0.12109375 0.4369777 0.03800326         0    0.27   0.22      0.51
68   0.24609375 0.4369777 0.03800326         0    0.27   0.22      0.51
69   1.00000000 0.4369777 0.03800326         0    0.27   0.22      0.51
70   0.56640625 0.4369777 0.03800326         0    0.27   0.22      0.51
71   0.27734375 0.4369777 0.03800326         0    0.27   0.22      0.51
72   1.00000000 0.4369777 0.03800326         0    0.27   0.22      0.51
73   0.24218750 0.4369777 0.03800326         0    0.27   0.22      0.51
74   0.11718750 0.4369777 0.03800326         0    0.27   0.22      0.51
75   0.20312500 0.4369777 0.03800326         0    0.27   0.22      0.51
76   0.08984375 0.4369777 0.03800326         0    0.27   0.22      0.51
77   1.00000000 0.4369777 0.03800326         0    0.27   0.22      0.51
78   0.65625000 0.4369777 0.03800326         0    0.27   0.22      0.51
79   1.00000000 0.4369777 0.03800326         0    0.27   0.22      0.51
80   0.33593750 0.4369777 0.03800326         0    0.27   0.22      0.51
81   1.00000000 0.4369777 0.03800326         0    0.27   0.22      0.51
82   1.00000000 0.4369777 0.03800326         0    0.27   0.22      0.51
83   1.00000000 0.4369777 0.03800326         0    0.27   0.22      0.51
84   0.40234375 0.4369777 0.03800326         0    0.27   0.22      0.51
85   1.00000000 0.4369777 0.03800326         0    0.27   0.22      0.51
86   1.00000000 0.4369777 0.03800326         0    0.27   0.22      0.51
87   0.51562500 0.4369777 0.03800326         0    0.27   0.22      0.51
88   0.23437500 0.4369777 0.03800326         0    0.27   0.22      0.51
89   0.17187500 0.4369777 0.03800326         0    0.27   0.22      0.51
90   1.00000000 0.4369777 0.03800326         0    0.27   0.22      0.51
91   1.00000000 0.4369777 0.03800326         0    0.27   0.22      0.51
92   1.00000000 0.4369777 0.03800326         0    0.27   0.22      0.51
93   1.00000000 0.4369777 0.03800326         0    0.27   0.22      0.51
94   1.00000000 0.4369777 0.03800326         0    0.27   0.22      0.51
95   0.21484375 0.4369777 0.03800326         0    0.27   0.22      0.51
96   1.00000000 0.4369777 0.03800326         0    0.27   0.22      0.51
97   1.00000000 0.4369777 0.03800326         0    0.27   0.22      0.51
98   1.00000000 0.4369777 0.03800326         0    0.27   0.22      0.51
99   0.09765625 0.4369777 0.03800326         0    0.27   0.22      0.51
100  1.00000000 0.4369777 0.03800326         0    0.27   0.22      0.51
101  0.18750000 0.4486277 0.03281206         0    0.37   0.15      0.48
102  0.14843750 0.4486277 0.03281206         0    0.37   0.15      0.48
103  1.00000000 0.4486277 0.03281206         0    0.37   0.15      0.48
104  0.20312500 0.4486277 0.03281206         0    0.37   0.15      0.48
105  1.00000000 0.4486277 0.03281206         0    0.37   0.15      0.48
106  1.00000000 0.4486277 0.03281206         0    0.37   0.15      0.48
107  0.26953125 0.4486277 0.03281206         0    0.37   0.15      0.48
108  0.25390625 0.4486277 0.03281206         0    0.37   0.15      0.48
109  1.00000000 0.4486277 0.03281206         0    0.37   0.15      0.48
110  1.00000000 0.4486277 0.03281206         0    0.37   0.15      0.48
111  1.00000000 0.4486277 0.03281206         0    0.37   0.15      0.48
112  0.27343750 0.4486277 0.03281206         0    0.37   0.15      0.48
113  1.00000000 0.4486277 0.03281206         0    0.37   0.15      0.48
114  1.00000000 0.4486277 0.03281206         0    0.37   0.15      0.48
115  0.10937500 0.4486277 0.03281206         0    0.37   0.15      0.48
116  0.36328125 0.4486277 0.03281206         0    0.37   0.15      0.48
117  1.00000000 0.4486277 0.03281206         0    0.37   0.15      0.48
118  0.36328125 0.4486277 0.03281206         0    0.37   0.15      0.48
119  0.64453125 0.4486277 0.03281206         0    0.37   0.15      0.48
120  0.16406250 0.4486277 0.03281206         0    0.37   0.15      0.48
121  0.39062500 0.4486277 0.03281206         0    0.37   0.15      0.48
122  1.00000000 0.4486277 0.03281206         0    0.37   0.15      0.48
123  0.55468750 0.4486277 0.03281206         0    0.37   0.15      0.48
124  0.11328125 0.4486277 0.03281206         0    0.37   0.15      0.48
125  1.00000000 0.4486277 0.03281206         0    0.37   0.15      0.48
126  1.00000000 0.4486277 0.03281206         0    0.37   0.15      0.48
127  0.55859375 0.4486277 0.03281206         0    0.37   0.15      0.48
128  1.00000000 0.4486277 0.03281206         0    0.37   0.15      0.48
129  1.00000000 0.4486277 0.03281206         0    0.37   0.15      0.48
130  0.23828125 0.4486277 0.03281206         0    0.37   0.15      0.48
131  0.15625000 0.4486277 0.03281206         0    0.37   0.15      0.48
132  1.00000000 0.4486277 0.03281206         0    0.37   0.15      0.48
133  1.00000000 0.4486277 0.03281206         0    0.37   0.15      0.48
134  0.10156250 0.4486277 0.03281206         0    0.37   0.15      0.48
135  0.29296875 0.4486277 0.03281206         0    0.37   0.15      0.48
136  1.00000000 0.4486277 0.03281206         0    0.37   0.15      0.48
137  1.00000000 0.4486277 0.03281206         0    0.37   0.15      0.48
138  1.00000000 0.4486277 0.03281206         0    0.37   0.15      0.48
139  1.00000000 0.4486277 0.03281206         0    0.37   0.15      0.48
140  1.00000000 0.4486277 0.03281206         0    0.37   0.15      0.48
141  1.00000000 0.4486277 0.03281206         0    0.37   0.15      0.48
142  0.13281250 0.4486277 0.03281206         0    0.37   0.15      0.48
143  1.00000000 0.4486277 0.03281206         0    0.37   0.15      0.48
144  1.00000000 0.4486277 0.03281206         0    0.37   0.15      0.48
145  0.25000000 0.4486277 0.03281206         0    0.37   0.15      0.48
146  1.00000000 0.4486277 0.03281206         0    0.37   0.15      0.48
147  0.21484375 0.4486277 0.03281206         0    0.37   0.15      0.48
148  1.00000000 0.4486277 0.03281206         0    0.37   0.15      0.48
149  0.35937500 0.4486277 0.03281206         0    0.37   0.15      0.48
150  0.17578125 0.4486277 0.03281206         0    0.37   0.15      0.48
151  1.00000000 0.4486277 0.03281206         0    0.37   0.15      0.48
152  0.21875000 0.4486277 0.03281206         0    0.37   0.15      0.48
153  1.00000000 0.4486277 0.03281206         0    0.37   0.15      0.48
154  0.24609375 0.4486277 0.03281206         0    0.37   0.15      0.48
155  0.38671875 0.4486277 0.03281206         0    0.37   0.15      0.48
156  0.43750000 0.4486277 0.03281206         0    0.37   0.15      0.48
157  0.15234375 0.4486277 0.03281206         0    0.37   0.15      0.48
158  0.22265625 0.4486277 0.03281206         0    0.37   0.15      0.48
159  0.10156250 0.4486277 0.03281206         0    0.37   0.15      0.48
160  1.00000000 0.4486277 0.03281206         0    0.37   0.15      0.48
161  0.12109375 0.4486277 0.03281206         0    0.37   0.15      0.48
162  0.12109375 0.4486277 0.03281206         0    0.37   0.15      0.48
163  1.00000000 0.4486277 0.03281206         0    0.37   0.15      0.48
164  1.00000000 0.4486277 0.03281206         0    0.37   0.15      0.48
165  0.17578125 0.4486277 0.03281206         0    0.37   0.15      0.48
166  1.00000000 0.4486277 0.03281206         0    0.37   0.15      0.48
167  0.23046875 0.4486277 0.03281206         0    0.37   0.15      0.48
168  0.14453125 0.4486277 0.03281206         0    0.37   0.15      0.48
169  1.00000000 0.4486277 0.03281206         0    0.37   0.15      0.48
170  1.00000000 0.4486277 0.03281206         0    0.37   0.15      0.48
171  1.00000000 0.4486277 0.03281206         0    0.37   0.15      0.48
172  1.00000000 0.4486277 0.03281206         0    0.37   0.15      0.48
173  0.15625000 0.4486277 0.03281206         0    0.37   0.15      0.48
174  0.25781250 0.4486277 0.03281206         0    0.37   0.15      0.48
175  0.44921875 0.4486277 0.03281206         0    0.37   0.15      0.48
176  0.07421875 0.4486277 0.03281206         0    0.37   0.15      0.48
177  0.25000000 0.4486277 0.03281206         0    0.37   0.15      0.48
178  0.41796875 0.4486277 0.03281206         0    0.37   0.15      0.48
179  0.25781250 0.4486277 0.03281206         0    0.37   0.15      0.48
180  1.00000000 0.4486277 0.03281206         0    0.37   0.15      0.48
181  1.00000000 0.4486277 0.03281206         0    0.37   0.15      0.48
182  0.16796875 0.4486277 0.03281206         0    0.37   0.15      0.48
183  0.11328125 0.4486277 0.03281206         0    0.37   0.15      0.48
184  1.00000000 0.4486277 0.03281206         0    0.37   0.15      0.48
185  0.06640625 0.4486277 0.03281206         0    0.37   0.15      0.48
186  1.00000000 0.4486277 0.03281206         0    0.37   0.15      0.48
187  0.63281250 0.4486277 0.03281206         0    0.37   0.15      0.48
188  0.12500000 0.4486277 0.03281206         0    0.37   0.15      0.48
189  1.00000000 0.4486277 0.03281206         0    0.37   0.15      0.48
190  1.00000000 0.4486277 0.03281206         0    0.37   0.15      0.48
191  0.15625000 0.4486277 0.03281206         0    0.37   0.15      0.48
192  0.10156250 0.4486277 0.03281206         0    0.37   0.15      0.48
193  0.27343750 0.4486277 0.03281206         0    0.37   0.15      0.48
194  0.07031250 0.4486277 0.03281206         0    0.37   0.15      0.48
195  1.00000000 0.4486277 0.03281206         0    0.37   0.15      0.48
196  1.00000000 0.4486277 0.03281206         0    0.37   0.15      0.48
197  0.25781250 0.4486277 0.03281206         0    0.37   0.15      0.48
198  0.40234375 0.4486277 0.03281206         0    0.37   0.15      0.48
199  0.11718750 0.4486277 0.03281206         0    0.37   0.15      0.48
200  0.66796875 0.4486277 0.03281206         0    0.37   0.15      0.48
201  0.78125000 0.3726778 0.03552081         0    0.34   0.19      0.47
202  0.11328125 0.3726778 0.03552081         0    0.34   0.19      0.47
203  0.24218750 0.3726778 0.03552081         0    0.34   0.19      0.47
204  1.00000000 0.3726778 0.03552081         0    0.34   0.19      0.47
205  1.00000000 0.3726778 0.03552081         0    0.34   0.19      0.47
206  1.00000000 0.3726778 0.03552081         0    0.34   0.19      0.47
207  1.00000000 0.3726778 0.03552081         0    0.34   0.19      0.47
208  1.00000000 0.3726778 0.03552081         0    0.34   0.19      0.47
209  1.00000000 0.3726778 0.03552081         0    0.34   0.19      0.47
210  0.19140625 0.3726778 0.03552081         0    0.34   0.19      0.47
211  0.60937500 0.3726778 0.03552081         0    0.34   0.19      0.47
212  1.00000000 0.3726778 0.03552081         0    0.34   0.19      0.47
213  0.08984375 0.3726778 0.03552081         0    0.34   0.19      0.47
214  1.00000000 0.3726778 0.03552081         0    0.34   0.19      0.47
215  1.00000000 0.3726778 0.03552081         0    0.34   0.19      0.47
216  0.23046875 0.3726778 0.03552081         0    0.34   0.19      0.47
217  1.00000000 0.3726778 0.03552081         0    0.34   0.19      0.47
218  0.25000000 0.3726778 0.03552081         0    0.34   0.19      0.47
219  1.00000000 0.3726778 0.03552081         0    0.34   0.19      0.47
220  0.14453125 0.3726778 0.03552081         0    0.34   0.19      0.47
221  0.25390625 0.3726778 0.03552081         0    0.34   0.19      0.47
222  0.14843750 0.3726778 0.03552081         0    0.34   0.19      0.47
223  1.00000000 0.3726778 0.03552081         0    0.34   0.19      0.47
224  1.00000000 0.3726778 0.03552081         0    0.34   0.19      0.47
225  1.00000000 0.3726778 0.03552081         0    0.34   0.19      0.47
226  0.18359375 0.3726778 0.03552081         0    0.34   0.19      0.47
227  0.28906250 0.3726778 0.03552081         0    0.34   0.19      0.47
228  1.00000000 0.3726778 0.03552081         0    0.34   0.19      0.47
229  0.18750000 0.3726778 0.03552081         0    0.34   0.19      0.47
230  1.00000000 0.3726778 0.03552081         0    0.34   0.19      0.47
231  1.00000000 0.3726778 0.03552081         0    0.34   0.19      0.47
232  1.00000000 0.3726778 0.03552081         0    0.34   0.19      0.47
233  0.18750000 0.3726778 0.03552081         0    0.34   0.19      0.47
234  0.28125000 0.3726778 0.03552081         0    0.34   0.19      0.47
235  0.10546875 0.3726778 0.03552081         0    0.34   0.19      0.47
236  1.00000000 0.3726778 0.03552081         0    0.34   0.19      0.47
237  1.00000000 0.3726778 0.03552081         0    0.34   0.19      0.47
238  0.12500000 0.3726778 0.03552081         0    0.34   0.19      0.47
239  0.43750000 0.3726778 0.03552081         0    0.34   0.19      0.47
240  0.58203125 0.3726778 0.03552081         0    0.34   0.19      0.47
241  0.36328125 0.3726778 0.03552081         0    0.34   0.19      0.47
242  0.28906250 0.3726778 0.03552081         0    0.34   0.19      0.47
243  1.00000000 0.3726778 0.03552081         0    0.34   0.19      0.47
244  0.51562500 0.3726778 0.03552081         0    0.34   0.19      0.47
245  1.00000000 0.3726778 0.03552081         0    0.34   0.19      0.47
246  0.08984375 0.3726778 0.03552081         0    0.34   0.19      0.47
247  0.16015625 0.3726778 0.03552081         0    0.34   0.19      0.47
248  0.19531250 0.3726778 0.03552081         0    0.34   0.19      0.47
249  0.57812500 0.3726778 0.03552081         0    0.34   0.19      0.47
250  0.26171875 0.3726778 0.03552081         0    0.34   0.19      0.47
251  0.15625000 0.3726778 0.03552081         0    0.34   0.19      0.47
252  1.00000000 0.3726778 0.03552081         0    0.34   0.19      0.47
253  0.28125000 0.3726778 0.03552081         0    0.34   0.19      0.47
254  1.00000000 0.3726778 0.03552081         0    0.34   0.19      0.47
255  0.14062500 0.3726778 0.03552081         0    0.34   0.19      0.47
256  0.54687500 0.3726778 0.03552081         0    0.34   0.19      0.47
257  0.16015625 0.3726778 0.03552081         0    0.34   0.19      0.47
258  1.00000000 0.3726778 0.03552081         0    0.34   0.19      0.47
259  1.00000000 0.3726778 0.03552081         0    0.34   0.19      0.47
260  0.20703125 0.3726778 0.03552081         0    0.34   0.19      0.47
261  1.00000000 0.3726778 0.03552081         0    0.34   0.19      0.47
262  0.30078125 0.3726778 0.03552081         0    0.34   0.19      0.47
263  0.14062500 0.3726778 0.03552081         0    0.34   0.19      0.47
264  1.00000000 0.3726778 0.03552081         0    0.34   0.19      0.47
265  0.15234375 0.3726778 0.03552081         0    0.34   0.19      0.47
266  0.19140625 0.3726778 0.03552081         0    0.34   0.19      0.47
267  1.00000000 0.3726778 0.03552081         0    0.34   0.19      0.47
268  0.07812500 0.3726778 0.03552081         0    0.34   0.19      0.47
269  1.00000000 0.3726778 0.03552081         0    0.34   0.19      0.47
270  0.25781250 0.3726778 0.03552081         0    0.34   0.19      0.47
271  0.39062500 0.3726778 0.03552081         0    0.34   0.19      0.47
272  1.00000000 0.3726778 0.03552081         0    0.34   0.19      0.47
273  1.00000000 0.3726778 0.03552081         0    0.34   0.19      0.47
274  0.17968750 0.3726778 0.03552081         0    0.34   0.19      0.47
275  1.00000000 0.3726778 0.03552081         0    0.34   0.19      0.47
276  1.00000000 0.3726778 0.03552081         0    0.34   0.19      0.47
277  1.00000000 0.3726778 0.03552081         0    0.34   0.19      0.47
278  0.12890625 0.3726778 0.03552081         0    0.34   0.19      0.47
279  0.18750000 0.3726778 0.03552081         0    0.34   0.19      0.47
280  0.21875000 0.3726778 0.03552081         0    0.34   0.19      0.47
281  0.31250000 0.3726778 0.03552081         0    0.34   0.19      0.47
282  0.48828125 0.3726778 0.03552081         0    0.34   0.19      0.47
283  1.00000000 0.3726778 0.03552081         0    0.34   0.19      0.47
284  0.14843750 0.3726778 0.03552081         0    0.34   0.19      0.47
285  0.18750000 0.3726778 0.03552081         0    0.34   0.19      0.47
286  0.11328125 0.3726778 0.03552081         0    0.34   0.19      0.47
287  0.08593750 0.3726778 0.03552081         0    0.34   0.19      0.47
288  0.51562500 0.3726778 0.03552081         0    0.34   0.19      0.47
289  1.00000000 0.3726778 0.03552081         0    0.34   0.19      0.47
290  1.00000000 0.3726778 0.03552081         0    0.34   0.19      0.47
291  1.00000000 0.3726778 0.03552081         0    0.34   0.19      0.47
292  0.09765625 0.3726778 0.03552081         0    0.34   0.19      0.47
293  0.26171875 0.3726778 0.03552081         0    0.34   0.19      0.47
294  1.00000000 0.3726778 0.03552081         0    0.34   0.19      0.47
295  1.00000000 0.3726778 0.03552081         0    0.34   0.19      0.47
296  0.21093750 0.3726778 0.03552081         0    0.34   0.19      0.47
297  0.21484375 0.3726778 0.03552081         0    0.34   0.19      0.47
298  1.00000000 0.3726778 0.03552081         0    0.34   0.19      0.47
299  1.00000000 0.3726778 0.03552081         0    0.34   0.19      0.47
300  0.15234375 0.3726778 0.03552081         0    0.34   0.19      0.47
301  0.05078125 0.3825471 0.01460325         0    0.51   0.14      0.35
302  1.00000000 0.3825471 0.01460325         0    0.51   0.14      0.35
303  0.09375000 0.3825471 0.01460325         0    0.51   0.14      0.35
304  0.34765625 0.3825471 0.01460325         0    0.51   0.14      0.35
305  0.06640625 0.3825471 0.01460325         0    0.51   0.14      0.35
306  1.00000000 0.3825471 0.01460325         0    0.51   0.14      0.35
307  0.06250000 0.3825471 0.01460325         0    0.51   0.14      0.35
308  0.01953125 0.3825471 0.01460325         0    0.51   0.14      0.35
309  0.19531250 0.3825471 0.01460325         0    0.51   0.14      0.35
310  0.07031250 0.3825471 0.01460325         0    0.51   0.14      0.35
311  0.01562500 0.3825471 0.01460325         0    0.51   0.14      0.35
312  0.05468750 0.3825471 0.01460325         0    0.51   0.14      0.35
313  1.00000000 0.3825471 0.01460325         0    0.51   0.14      0.35
314  0.33984375 0.3825471 0.01460325         0    0.51   0.14      0.35
315  0.02734375 0.3825471 0.01460325         0    0.51   0.14      0.35
316  1.00000000 0.3825471 0.01460325         0    0.51   0.14      0.35
317  0.04296875 0.3825471 0.01460325         0    0.51   0.14      0.35
318  1.00000000 0.3825471 0.01460325         0    0.51   0.14      0.35
319  0.12890625 0.3825471 0.01460325         0    0.51   0.14      0.35
320  0.02734375 0.3825471 0.01460325         0    0.51   0.14      0.35
321  0.02343750 0.3825471 0.01460325         0    0.51   0.14      0.35
322  1.00000000 0.3825471 0.01460325         0    0.51   0.14      0.35
323  1.00000000 0.3825471 0.01460325         0    0.51   0.14      0.35
324  0.20703125 0.3825471 0.01460325         0    0.51   0.14      0.35
325  1.00000000 0.3825471 0.01460325         0    0.51   0.14      0.35
326  1.00000000 0.3825471 0.01460325         0    0.51   0.14      0.35
327  1.00000000 0.3825471 0.01460325         0    0.51   0.14      0.35
328  1.00000000 0.3825471 0.01460325         0    0.51   0.14      0.35
329  0.05859375 0.3825471 0.01460325         0    0.51   0.14      0.35
330  0.19140625 0.3825471 0.01460325         0    0.51   0.14      0.35
331  0.07421875 0.3825471 0.01460325         0    0.51   0.14      0.35
332  0.09375000 0.3825471 0.01460325         0    0.51   0.14      0.35
333  0.07031250 0.3825471 0.01460325         0    0.51   0.14      0.35
334  1.00000000 0.3825471 0.01460325         0    0.51   0.14      0.35
335  1.00000000 0.3825471 0.01460325         0    0.51   0.14      0.35
336  0.02343750 0.3825471 0.01460325         0    0.51   0.14      0.35
337  0.07812500 0.3825471 0.01460325         0    0.51   0.14      0.35
338  1.00000000 0.3825471 0.01460325         0    0.51   0.14      0.35
339  1.00000000 0.3825471 0.01460325         0    0.51   0.14      0.35
340  0.19531250 0.3825471 0.01460325         0    0.51   0.14      0.35
341  0.07031250 0.3825471 0.01460325         0    0.51   0.14      0.35
342  0.18359375 0.3825471 0.01460325         0    0.51   0.14      0.35
343  1.00000000 0.3825471 0.01460325         0    0.51   0.14      0.35
344  0.31640625 0.3825471 0.01460325         0    0.51   0.14      0.35
345  1.00000000 0.3825471 0.01460325         0    0.51   0.14      0.35
346  0.10156250 0.3825471 0.01460325         0    0.51   0.14      0.35
347  0.02734375 0.3825471 0.01460325         0    0.51   0.14      0.35
348  0.07812500 0.3825471 0.01460325         0    0.51   0.14      0.35
349  0.12890625 0.3825471 0.01460325         0    0.51   0.14      0.35
350  0.01171875 0.3825471 0.01460325         0    0.51   0.14      0.35
351  0.01171875 0.3825471 0.01460325         0    0.51   0.14      0.35
352  0.03515625 0.3825471 0.01460325         0    0.51   0.14      0.35
353  0.11328125 0.3825471 0.01460325         0    0.51   0.14      0.35
354  0.06640625 0.3825471 0.01460325         0    0.51   0.14      0.35
355  0.05859375 0.3825471 0.01460325         0    0.51   0.14      0.35
356  1.00000000 0.3825471 0.01460325         0    0.51   0.14      0.35
357  0.08593750 0.3825471 0.01460325         0    0.51   0.14      0.35
358  1.00000000 0.3825471 0.01460325         0    0.51   0.14      0.35
359  0.06250000 0.3825471 0.01460325         0    0.51   0.14      0.35
360  0.16015625 0.3825471 0.01460325         0    0.51   0.14      0.35
361  0.08203125 0.3825471 0.01460325         0    0.51   0.14      0.35
362  0.16796875 0.3825471 0.01460325         0    0.51   0.14      0.35
363  0.10156250 0.3825471 0.01460325         0    0.51   0.14      0.35
364  0.08593750 0.3825471 0.01460325         0    0.51   0.14      0.35
365  1.00000000 0.3825471 0.01460325         0    0.51   0.14      0.35
366  1.00000000 0.3825471 0.01460325         0    0.51   0.14      0.35
367  1.00000000 0.3825471 0.01460325         0    0.51   0.14      0.35
368  1.00000000 0.3825471 0.01460325         0    0.51   0.14      0.35
369  0.15234375 0.3825471 0.01460325         0    0.51   0.14      0.35
370  1.00000000 0.3825471 0.01460325         0    0.51   0.14      0.35
371  0.10937500 0.3825471 0.01460325         0    0.51   0.14      0.35
372  0.06250000 0.3825471 0.01460325         0    0.51   0.14      0.35
373  0.60156250 0.3825471 0.01460325         0    0.51   0.14      0.35
374  1.00000000 0.3825471 0.01460325         0    0.51   0.14      0.35
375  0.14843750 0.3825471 0.01460325         0    0.51   0.14      0.35
376  0.05468750 0.3825471 0.01460325         0    0.51   0.14      0.35
377  0.06250000 0.3825471 0.01460325         0    0.51   0.14      0.35
378  1.00000000 0.3825471 0.01460325         0    0.51   0.14      0.35
379  0.04296875 0.3825471 0.01460325         0    0.51   0.14      0.35
380  1.00000000 0.3825471 0.01460325         0    0.51   0.14      0.35
381  0.10937500 0.3825471 0.01460325         0    0.51   0.14      0.35
382  0.24218750 0.3825471 0.01460325         0    0.51   0.14      0.35
383  0.06250000 0.3825471 0.01460325         0    0.51   0.14      0.35
384  0.07031250 0.3825471 0.01460325         0    0.51   0.14      0.35
385  1.00000000 0.3825471 0.01460325         0    0.51   0.14      0.35
386  0.58203125 0.3825471 0.01460325         0    0.51   0.14      0.35
387  0.41015625 0.3825471 0.01460325         0    0.51   0.14      0.35
388  0.02343750 0.3825471 0.01460325         0    0.51   0.14      0.35
389  0.00781250 0.3825471 0.01460325         0    0.51   0.14      0.35
390  0.07031250 0.3825471 0.01460325         0    0.51   0.14      0.35
391  1.00000000 0.3825471 0.01460325         0    0.51   0.14      0.35
392  1.00000000 0.3825471 0.01460325         0    0.51   0.14      0.35
393  0.08984375 0.3825471 0.01460325         0    0.51   0.14      0.35
394  0.04296875 0.3825471 0.01460325         0    0.51   0.14      0.35
395  0.19921875 0.3825471 0.01460325         0    0.51   0.14      0.35
396  1.00000000 0.3825471 0.01460325         0    0.51   0.14      0.35
397  1.00000000 0.3825471 0.01460325         0    0.51   0.14      0.35
398  1.00000000 0.3825471 0.01460325         0    0.51   0.14      0.35
399  1.00000000 0.3825471 0.01460325         0    0.51   0.14      0.35
400  0.08593750 0.3825471 0.01460325         0    0.51   0.14      0.35
401  0.22265625 0.2548705 0.04054557         0    0.39   0.20      0.41
402  1.00000000 0.2548705 0.04054557         0    0.39   0.20      0.41
403  0.58203125 0.2548705 0.04054557         0    0.39   0.20      0.41
404  0.25000000 0.2548705 0.04054557         0    0.39   0.20      0.41
405  0.12500000 0.2548705 0.04054557         0    0.39   0.20      0.41
406  1.00000000 0.2548705 0.04054557         0    0.39   0.20      0.41
407  1.00000000 0.2548705 0.04054557         0    0.39   0.20      0.41
408  0.26562500 0.2548705 0.04054557         0    0.39   0.20      0.41
409  1.00000000 0.2548705 0.04054557         0    0.39   0.20      0.41
410  0.23828125 0.2548705 0.04054557         0    0.39   0.20      0.41
411  1.00000000 0.2548705 0.04054557         0    0.39   0.20      0.41
412  1.00000000 0.2548705 0.04054557         0    0.39   0.20      0.41
413  0.19921875 0.2548705 0.04054557         0    0.39   0.20      0.41
414  0.28515625 0.2548705 0.04054557         0    0.39   0.20      0.41
415  0.08984375 0.2548705 0.04054557         0    0.39   0.20      0.41
416  0.30859375 0.2548705 0.04054557         0    0.39   0.20      0.41
417  0.29296875 0.2548705 0.04054557         0    0.39   0.20      0.41
418  1.00000000 0.2548705 0.04054557         0    0.39   0.20      0.41
419  1.00000000 0.2548705 0.04054557         0    0.39   0.20      0.41
420  1.00000000 0.2548705 0.04054557         0    0.39   0.20      0.41
421  0.38671875 0.2548705 0.04054557         0    0.39   0.20      0.41
422  1.00000000 0.2548705 0.04054557         0    0.39   0.20      0.41
423  1.00000000 0.2548705 0.04054557         0    0.39   0.20      0.41
424  0.37500000 0.2548705 0.04054557         0    0.39   0.20      0.41
425  0.41015625 0.2548705 0.04054557         0    0.39   0.20      0.41
426  0.27734375 0.2548705 0.04054557         0    0.39   0.20      0.41
427  0.15625000 0.2548705 0.04054557         0    0.39   0.20      0.41
428  0.48046875 0.2548705 0.04054557         0    0.39   0.20      0.41
429  0.10546875 0.2548705 0.04054557         0    0.39   0.20      0.41
430  1.00000000 0.2548705 0.04054557         0    0.39   0.20      0.41
431  0.42968750 0.2548705 0.04054557         0    0.39   0.20      0.41
432  1.00000000 0.2548705 0.04054557         0    0.39   0.20      0.41
433  0.17187500 0.2548705 0.04054557         0    0.39   0.20      0.41
434  0.16015625 0.2548705 0.04054557         0    0.39   0.20      0.41
435  0.21484375 0.2548705 0.04054557         0    0.39   0.20      0.41
436  1.00000000 0.2548705 0.04054557         0    0.39   0.20      0.41
437  1.00000000 0.2548705 0.04054557         0    0.39   0.20      0.41
438  1.00000000 0.2548705 0.04054557         0    0.39   0.20      0.41
439  0.06640625 0.2548705 0.04054557         0    0.39   0.20      0.41
440  1.00000000 0.2548705 0.04054557         0    0.39   0.20      0.41
441  0.32812500 0.2548705 0.04054557         0    0.39   0.20      0.41
442  0.18750000 0.2548705 0.04054557         0    0.39   0.20      0.41
443  0.13671875 0.2548705 0.04054557         0    0.39   0.20      0.41
444  1.00000000 0.2548705 0.04054557         0    0.39   0.20      0.41
445  0.25781250 0.2548705 0.04054557         0    0.39   0.20      0.41
446  0.10937500 0.2548705 0.04054557         0    0.39   0.20      0.41
447  0.18750000 0.2548705 0.04054557         0    0.39   0.20      0.41
448  1.00000000 0.2548705 0.04054557         0    0.39   0.20      0.41
449  0.22656250 0.2548705 0.04054557         0    0.39   0.20      0.41
450  0.49609375 0.2548705 0.04054557         0    0.39   0.20      0.41
451  0.13281250 0.2548705 0.04054557         0    0.39   0.20      0.41
452  1.00000000 0.2548705 0.04054557         0    0.39   0.20      0.41
453  0.07812500 0.2548705 0.04054557         0    0.39   0.20      0.41
454  1.00000000 0.2548705 0.04054557         0    0.39   0.20      0.41
455  0.15234375 0.2548705 0.04054557         0    0.39   0.20      0.41
456  1.00000000 0.2548705 0.04054557         0    0.39   0.20      0.41
457  0.20703125 0.2548705 0.04054557         0    0.39   0.20      0.41
458  1.00000000 0.2548705 0.04054557         0    0.39   0.20      0.41
459  0.60937500 0.2548705 0.04054557         0    0.39   0.20      0.41
460  0.31250000 0.2548705 0.04054557         0    0.39   0.20      0.41
461  0.22265625 0.2548705 0.04054557         0    0.39   0.20      0.41
462  0.15625000 0.2548705 0.04054557         0    0.39   0.20      0.41
463  0.12109375 0.2548705 0.04054557         0    0.39   0.20      0.41
464  0.31250000 0.2548705 0.04054557         0    0.39   0.20      0.41
465  0.13281250 0.2548705 0.04054557         0    0.39   0.20      0.41
466  1.00000000 0.2548705 0.04054557         0    0.39   0.20      0.41
467  1.00000000 0.2548705 0.04054557         0    0.39   0.20      0.41
468  0.28515625 0.2548705 0.04054557         0    0.39   0.20      0.41
469  0.18750000 0.2548705 0.04054557         0    0.39   0.20      0.41
470  1.00000000 0.2548705 0.04054557         0    0.39   0.20      0.41
471  0.23046875 0.2548705 0.04054557         0    0.39   0.20      0.41
472  1.00000000 0.2548705 0.04054557         0    0.39   0.20      0.41
473  0.43750000 0.2548705 0.04054557         0    0.39   0.20      0.41
474  1.00000000 0.2548705 0.04054557         0    0.39   0.20      0.41
475  1.00000000 0.2548705 0.04054557         0    0.39   0.20      0.41
476  0.19921875 0.2548705 0.04054557         0    0.39   0.20      0.41
477  1.00000000 0.2548705 0.04054557         0    0.39   0.20      0.41
478  1.00000000 0.2548705 0.04054557         0    0.39   0.20      0.41
479  0.11328125 0.2548705 0.04054557         0    0.39   0.20      0.41
480  0.66406250 0.2548705 0.04054557         0    0.39   0.20      0.41
481  0.65234375 0.2548705 0.04054557         0    0.39   0.20      0.41
482  1.00000000 0.2548705 0.04054557         0    0.39   0.20      0.41
483  0.16796875 0.2548705 0.04054557         0    0.39   0.20      0.41
484  0.11328125 0.2548705 0.04054557         0    0.39   0.20      0.41
485  0.21484375 0.2548705 0.04054557         0    0.39   0.20      0.41
486  0.23046875 0.2548705 0.04054557         0    0.39   0.20      0.41
487  0.37890625 0.2548705 0.04054557         0    0.39   0.20      0.41
488  0.19140625 0.2548705 0.04054557         0    0.39   0.20      0.41
489  1.00000000 0.2548705 0.04054557         0    0.39   0.20      0.41
490  0.08984375 0.2548705 0.04054557         0    0.39   0.20      0.41
491  1.00000000 0.2548705 0.04054557         0    0.39   0.20      0.41
492  0.17968750 0.2548705 0.04054557         0    0.39   0.20      0.41
493  0.14453125 0.2548705 0.04054557         0    0.39   0.20      0.41
494  0.26953125 0.2548705 0.04054557         0    0.39   0.20      0.41
495  0.30078125 0.2548705 0.04054557         0    0.39   0.20      0.41
496  1.00000000 0.2548705 0.04054557         0    0.39   0.20      0.41
497  1.00000000 0.2548705 0.04054557         0    0.39   0.20      0.41
498  1.00000000 0.2548705 0.04054557         0    0.39   0.20      0.41
499  0.17187500 0.2548705 0.04054557         0    0.39   0.20      0.41
500  0.25781250 0.2548705 0.04054557         0    0.39   0.20      0.41
501  1.00000000 0.4321065 0.06010305         0    0.31   0.19      0.50
502  1.00000000 0.4321065 0.06010305         0    0.31   0.19      0.50
503  0.62500000 0.4321065 0.06010305         0    0.31   0.19      0.50
504  1.00000000 0.4321065 0.06010305         0    0.31   0.19      0.50
505  1.00000000 0.4321065 0.06010305         0    0.31   0.19      0.50
506  0.25000000 0.4321065 0.06010305         0    0.31   0.19      0.50
507  1.00000000 0.4321065 0.06010305         0    0.31   0.19      0.50
508  0.30859375 0.4321065 0.06010305         0    0.31   0.19      0.50
509  0.71093750 0.4321065 0.06010305         0    0.31   0.19      0.50
510  1.00000000 0.4321065 0.06010305         0    0.31   0.19      0.50
511  1.00000000 0.4321065 0.06010305         0    0.31   0.19      0.50
512  1.00000000 0.4321065 0.06010305         0    0.31   0.19      0.50
513  0.24218750 0.4321065 0.06010305         0    0.31   0.19      0.50
514  0.31250000 0.4321065 0.06010305         0    0.31   0.19      0.50
515  1.00000000 0.4321065 0.06010305         0    0.31   0.19      0.50
516  0.19531250 0.4321065 0.06010305         0    0.31   0.19      0.50
517  1.00000000 0.4321065 0.06010305         0    0.31   0.19      0.50
518  0.24218750 0.4321065 0.06010305         0    0.31   0.19      0.50
519  0.19140625 0.4321065 0.06010305         0    0.31   0.19      0.50
520  1.00000000 0.4321065 0.06010305         0    0.31   0.19      0.50
521  0.28515625 0.4321065 0.06010305         0    0.31   0.19      0.50
522  0.41796875 0.4321065 0.06010305         0    0.31   0.19      0.50
523  1.00000000 0.4321065 0.06010305         0    0.31   0.19      0.50
524  1.00000000 0.4321065 0.06010305         0    0.31   0.19      0.50
525  1.00000000 0.4321065 0.06010305         0    0.31   0.19      0.50
526  0.71484375 0.4321065 0.06010305         0    0.31   0.19      0.50
527  1.00000000 0.4321065 0.06010305         0    0.31   0.19      0.50
528  1.00000000 0.4321065 0.06010305         0    0.31   0.19      0.50
529  0.33203125 0.4321065 0.06010305         0    0.31   0.19      0.50
530  1.00000000 0.4321065 0.06010305         0    0.31   0.19      0.50
531  0.49218750 0.4321065 0.06010305         0    0.31   0.19      0.50
532  0.47265625 0.4321065 0.06010305         0    0.31   0.19      0.50
533  0.41015625 0.4321065 0.06010305         0    0.31   0.19      0.50
534  0.35937500 0.4321065 0.06010305         0    0.31   0.19      0.50
535  0.32031250 0.4321065 0.06010305         0    0.31   0.19      0.50
536  0.39453125 0.4321065 0.06010305         0    0.31   0.19      0.50
537  1.00000000 0.4321065 0.06010305         0    0.31   0.19      0.50
538  0.29296875 0.4321065 0.06010305         0    0.31   0.19      0.50
539  0.29687500 0.4321065 0.06010305         0    0.31   0.19      0.50
540  0.31250000 0.4321065 0.06010305         0    0.31   0.19      0.50
541  1.00000000 0.4321065 0.06010305         0    0.31   0.19      0.50
542  1.00000000 0.4321065 0.06010305         0    0.31   0.19      0.50
543  0.19531250 0.4321065 0.06010305         0    0.31   0.19      0.50
544  0.26171875 0.4321065 0.06010305         0    0.31   0.19      0.50
545  0.41015625 0.4321065 0.06010305         0    0.31   0.19      0.50
546  1.00000000 0.4321065 0.06010305         0    0.31   0.19      0.50
547  1.00000000 0.4321065 0.06010305         0    0.31   0.19      0.50
548  0.57031250 0.4321065 0.06010305         0    0.31   0.19      0.50
549  1.00000000 0.4321065 0.06010305         0    0.31   0.19      0.50
550  1.00000000 0.4321065 0.06010305         0    0.31   0.19      0.50
551  0.35937500 0.4321065 0.06010305         0    0.31   0.19      0.50
552  0.34765625 0.4321065 0.06010305         0    0.31   0.19      0.50
553  1.00000000 0.4321065 0.06010305         0    0.31   0.19      0.50
554  0.47265625 0.4321065 0.06010305         0    0.31   0.19      0.50
555  0.21093750 0.4321065 0.06010305         0    0.31   0.19      0.50
556  1.00000000 0.4321065 0.06010305         0    0.31   0.19      0.50
557  0.32031250 0.4321065 0.06010305         0    0.31   0.19      0.50
558  1.00000000 0.4321065 0.06010305         0    0.31   0.19      0.50
559  0.17968750 0.4321065 0.06010305         0    0.31   0.19      0.50
560  0.43359375 0.4321065 0.06010305         0    0.31   0.19      0.50
561  0.13281250 0.4321065 0.06010305         0    0.31   0.19      0.50
562  1.00000000 0.4321065 0.06010305         0    0.31   0.19      0.50
563  0.28906250 0.4321065 0.06010305         0    0.31   0.19      0.50
564  1.00000000 0.4321065 0.06010305         0    0.31   0.19      0.50
565  1.00000000 0.4321065 0.06010305         0    0.31   0.19      0.50
566  0.31250000 0.4321065 0.06010305         0    0.31   0.19      0.50
567  0.39453125 0.4321065 0.06010305         0    0.31   0.19      0.50
568  0.44140625 0.4321065 0.06010305         0    0.31   0.19      0.50
569  1.00000000 0.4321065 0.06010305         0    0.31   0.19      0.50
570  0.33984375 0.4321065 0.06010305         0    0.31   0.19      0.50
571  0.28515625 0.4321065 0.06010305         0    0.31   0.19      0.50
572  1.00000000 0.4321065 0.06010305         0    0.31   0.19      0.50
573  0.70703125 0.4321065 0.06010305         0    0.31   0.19      0.50
574  0.71484375 0.4321065 0.06010305         0    0.31   0.19      0.50
575  1.00000000 0.4321065 0.06010305         0    0.31   0.19      0.50
576  0.24218750 0.4321065 0.06010305         0    0.31   0.19      0.50
577  0.33203125 0.4321065 0.06010305         0    0.31   0.19      0.50
578  0.23046875 0.4321065 0.06010305         0    0.31   0.19      0.50
579  1.00000000 0.4321065 0.06010305         0    0.31   0.19      0.50
580  0.27734375 0.4321065 0.06010305         0    0.31   0.19      0.50
581  0.29687500 0.4321065 0.06010305         0    0.31   0.19      0.50
582  0.25781250 0.4321065 0.06010305         0    0.31   0.19      0.50
583  1.00000000 0.4321065 0.06010305         0    0.31   0.19      0.50
584  0.17187500 0.4321065 0.06010305         0    0.31   0.19      0.50
585  0.46484375 0.4321065 0.06010305         0    0.31   0.19      0.50
586  1.00000000 0.4321065 0.06010305         0    0.31   0.19      0.50
587  1.00000000 0.4321065 0.06010305         0    0.31   0.19      0.50
588  0.47656250 0.4321065 0.06010305         0    0.31   0.19      0.50
589  1.00000000 0.4321065 0.06010305         0    0.31   0.19      0.50
590  0.33984375 0.4321065 0.06010305         0    0.31   0.19      0.50
591  1.00000000 0.4321065 0.06010305         0    0.31   0.19      0.50
592  1.00000000 0.4321065 0.06010305         0    0.31   0.19      0.50
593  1.00000000 0.4321065 0.06010305         0    0.31   0.19      0.50
594  0.13671875 0.4321065 0.06010305         0    0.31   0.19      0.50
595  0.23437500 0.4321065 0.06010305         0    0.31   0.19      0.50
596  0.38281250 0.4321065 0.06010305         0    0.31   0.19      0.50
597  0.50390625 0.4321065 0.06010305         0    0.31   0.19      0.50
598  0.72265625 0.4321065 0.06010305         0    0.31   0.19      0.50
599  1.00000000 0.4321065 0.06010305         0    0.31   0.19      0.50
600  1.00000000 0.4321065 0.06010305         0    0.31   0.19      0.50
601  1.00000000 0.4702218 0.05567985         0    0.29   0.27      0.44
602  0.27734375 0.4702218 0.05567985         0    0.29   0.27      0.44
603  1.00000000 0.4702218 0.05567985         0    0.29   0.27      0.44
604  1.00000000 0.4702218 0.05567985         0    0.29   0.27      0.44
605  0.36718750 0.4702218 0.05567985         0    0.29   0.27      0.44
606  0.27343750 0.4702218 0.05567985         0    0.29   0.27      0.44
607  0.33984375 0.4702218 0.05567985         0    0.29   0.27      0.44
608  1.00000000 0.4702218 0.05567985         0    0.29   0.27      0.44
609  0.23437500 0.4702218 0.05567985         0    0.29   0.27      0.44
610  0.27734375 0.4702218 0.05567985         0    0.29   0.27      0.44
611  1.00000000 0.4702218 0.05567985         0    0.29   0.27      0.44
612  0.40234375 0.4702218 0.05567985         0    0.29   0.27      0.44
613  0.23046875 0.4702218 0.05567985         0    0.29   0.27      0.44
614  1.00000000 0.4702218 0.05567985         0    0.29   0.27      0.44
615  0.17968750 0.4702218 0.05567985         0    0.29   0.27      0.44
616  1.00000000 0.4702218 0.05567985         0    0.29   0.27      0.44
617  0.49218750 0.4702218 0.05567985         0    0.29   0.27      0.44
618  1.00000000 0.4702218 0.05567985         0    0.29   0.27      0.44
619  1.00000000 0.4702218 0.05567985         0    0.29   0.27      0.44
620  0.65625000 0.4702218 0.05567985         0    0.29   0.27      0.44
621  0.16406250 0.4702218 0.05567985         0    0.29   0.27      0.44
622  0.23437500 0.4702218 0.05567985         0    0.29   0.27      0.44
623  0.28125000 0.4702218 0.05567985         0    0.29   0.27      0.44
624  1.00000000 0.4702218 0.05567985         0    0.29   0.27      0.44
625  0.24218750 0.4702218 0.05567985         0    0.29   0.27      0.44
626  1.00000000 0.4702218 0.05567985         0    0.29   0.27      0.44
627  0.39453125 0.4702218 0.05567985         0    0.29   0.27      0.44
628  1.00000000 0.4702218 0.05567985         0    0.29   0.27      0.44
629  0.59765625 0.4702218 0.05567985         0    0.29   0.27      0.44
630  0.33203125 0.4702218 0.05567985         0    0.29   0.27      0.44
631  0.32812500 0.4702218 0.05567985         0    0.29   0.27      0.44
632  1.00000000 0.4702218 0.05567985         0    0.29   0.27      0.44
633  0.21875000 0.4702218 0.05567985         0    0.29   0.27      0.44
634  1.00000000 0.4702218 0.05567985         0    0.29   0.27      0.44
635  0.32031250 0.4702218 0.05567985         0    0.29   0.27      0.44
636  1.00000000 0.4702218 0.05567985         0    0.29   0.27      0.44
637  1.00000000 0.4702218 0.05567985         0    0.29   0.27      0.44
638  0.26171875 0.4702218 0.05567985         0    0.29   0.27      0.44
639  0.41406250 0.4702218 0.05567985         0    0.29   0.27      0.44
640  0.27734375 0.4702218 0.05567985         0    0.29   0.27      0.44
641  0.57421875 0.4702218 0.05567985         0    0.29   0.27      0.44
642  1.00000000 0.4702218 0.05567985         0    0.29   0.27      0.44
643  1.00000000 0.4702218 0.05567985         0    0.29   0.27      0.44
644  0.40234375 0.4702218 0.05567985         0    0.29   0.27      0.44
645  1.00000000 0.4702218 0.05567985         0    0.29   0.27      0.44
646  0.45312500 0.4702218 0.05567985         0    0.29   0.27      0.44
647  1.00000000 0.4702218 0.05567985         0    0.29   0.27      0.44
648  0.77734375 0.4702218 0.05567985         0    0.29   0.27      0.44
649  0.38281250 0.4702218 0.05567985         0    0.29   0.27      0.44
650  1.00000000 0.4702218 0.05567985         0    0.29   0.27      0.44
651  1.00000000 0.4702218 0.05567985         0    0.29   0.27      0.44
652  0.23437500 0.4702218 0.05567985         0    0.29   0.27      0.44
653  0.28125000 0.4702218 0.05567985         0    0.29   0.27      0.44
654  1.00000000 0.4702218 0.05567985         0    0.29   0.27      0.44
655  1.00000000 0.4702218 0.05567985         0    0.29   0.27      0.44
656  1.00000000 0.4702218 0.05567985         0    0.29   0.27      0.44
657  0.26953125 0.4702218 0.05567985         0    0.29   0.27      0.44
658  0.11718750 0.4702218 0.05567985         0    0.29   0.27      0.44
659  0.31640625 0.4702218 0.05567985         0    0.29   0.27      0.44
660  0.20703125 0.4702218 0.05567985         0    0.29   0.27      0.44
661  0.23828125 0.4702218 0.05567985         0    0.29   0.27      0.44
662  0.44531250 0.4702218 0.05567985         0    0.29   0.27      0.44
663  0.23437500 0.4702218 0.05567985         0    0.29   0.27      0.44
664  0.44531250 0.4702218 0.05567985         0    0.29   0.27      0.44
665  0.32812500 0.4702218 0.05567985         0    0.29   0.27      0.44
666  0.16406250 0.4702218 0.05567985         0    0.29   0.27      0.44
667  1.00000000 0.4702218 0.05567985         0    0.29   0.27      0.44
668  0.28125000 0.4702218 0.05567985         0    0.29   0.27      0.44
669  0.55468750 0.4702218 0.05567985         0    0.29   0.27      0.44
670  0.29687500 0.4702218 0.05567985         0    0.29   0.27      0.44
671  0.17968750 0.4702218 0.05567985         0    0.29   0.27      0.44
672  1.00000000 0.4702218 0.05567985         0    0.29   0.27      0.44
673  1.00000000 0.4702218 0.05567985         0    0.29   0.27      0.44
674  0.23828125 0.4702218 0.05567985         0    0.29   0.27      0.44
675  0.58203125 0.4702218 0.05567985         0    0.29   0.27      0.44
676  1.00000000 0.4702218 0.05567985         0    0.29   0.27      0.44
677  1.00000000 0.4702218 0.05567985         0    0.29   0.27      0.44
678  0.42968750 0.4702218 0.05567985         0    0.29   0.27      0.44
679  1.00000000 0.4702218 0.05567985         0    0.29   0.27      0.44
680  0.44921875 0.4702218 0.05567985         0    0.29   0.27      0.44
681  0.67578125 0.4702218 0.05567985         0    0.29   0.27      0.44
682  0.17968750 0.4702218 0.05567985         0    0.29   0.27      0.44
683  0.63671875 0.4702218 0.05567985         0    0.29   0.27      0.44
684  0.34375000 0.4702218 0.05567985         0    0.29   0.27      0.44
685  0.25000000 0.4702218 0.05567985         0    0.29   0.27      0.44
686  1.00000000 0.4702218 0.05567985         0    0.29   0.27      0.44
687  1.00000000 0.4702218 0.05567985         0    0.29   0.27      0.44
688  0.21093750 0.4702218 0.05567985         0    0.29   0.27      0.44
689  0.23046875 0.4702218 0.05567985         0    0.29   0.27      0.44
690  0.67968750 0.4702218 0.05567985         0    0.29   0.27      0.44
691  1.00000000 0.4702218 0.05567985         0    0.29   0.27      0.44
692  1.00000000 0.4702218 0.05567985         0    0.29   0.27      0.44
693  0.64453125 0.4702218 0.05567985         0    0.29   0.27      0.44
694  0.39062500 0.4702218 0.05567985         0    0.29   0.27      0.44
695  0.25781250 0.4702218 0.05567985         0    0.29   0.27      0.44
696  0.65625000 0.4702218 0.05567985         0    0.29   0.27      0.44
697  1.00000000 0.4702218 0.05567985         0    0.29   0.27      0.44
698  0.36718750 0.4702218 0.05567985         0    0.29   0.27      0.44
699  0.35546875 0.4702218 0.05567985         0    0.29   0.27      0.44
700  0.42187500 0.4702218 0.05567985         0    0.29   0.27      0.44
701  1.00000000 0.4281410 0.02053939         0    0.39   0.15      0.46
702  1.00000000 0.4281410 0.02053939         0    0.39   0.15      0.46
703  1.00000000 0.4281410 0.02053939         0    0.39   0.15      0.46
704  0.19921875 0.4281410 0.02053939         0    0.39   0.15      0.46
705  1.00000000 0.4281410 0.02053939         0    0.39   0.15      0.46
706  0.07421875 0.4281410 0.02053939         0    0.39   0.15      0.46
707  0.08203125 0.4281410 0.02053939         0    0.39   0.15      0.46
708  0.04687500 0.4281410 0.02053939         0    0.39   0.15      0.46
709  0.11718750 0.4281410 0.02053939         0    0.39   0.15      0.46
710  1.00000000 0.4281410 0.02053939         0    0.39   0.15      0.46
711  0.17187500 0.4281410 0.02053939         0    0.39   0.15      0.46
712  0.08203125 0.4281410 0.02053939         0    0.39   0.15      0.46
713  0.05468750 0.4281410 0.02053939         0    0.39   0.15      0.46
714  1.00000000 0.4281410 0.02053939         0    0.39   0.15      0.46
715  0.30078125 0.4281410 0.02053939         0    0.39   0.15      0.46
716  1.00000000 0.4281410 0.02053939         0    0.39   0.15      0.46
717  1.00000000 0.4281410 0.02053939         0    0.39   0.15      0.46
718  0.04687500 0.4281410 0.02053939         0    0.39   0.15      0.46
719  0.13281250 0.4281410 0.02053939         0    0.39   0.15      0.46
720  1.00000000 0.4281410 0.02053939         0    0.39   0.15      0.46
721  1.00000000 0.4281410 0.02053939         0    0.39   0.15      0.46
722  1.00000000 0.4281410 0.02053939         0    0.39   0.15      0.46
723  0.15625000 0.4281410 0.02053939         0    0.39   0.15      0.46
724  1.00000000 0.4281410 0.02053939         0    0.39   0.15      0.46
725  0.27343750 0.4281410 0.02053939         0    0.39   0.15      0.46
726  1.00000000 0.4281410 0.02053939         0    0.39   0.15      0.46
727  1.00000000 0.4281410 0.02053939         0    0.39   0.15      0.46
728  1.00000000 0.4281410 0.02053939         0    0.39   0.15      0.46
729  0.03515625 0.4281410 0.02053939         0    0.39   0.15      0.46
730  0.25390625 0.4281410 0.02053939         0    0.39   0.15      0.46
731  0.08593750 0.4281410 0.02053939         0    0.39   0.15      0.46
732  0.04296875 0.4281410 0.02053939         0    0.39   0.15      0.46
733  0.03125000 0.4281410 0.02053939         0    0.39   0.15      0.46
734  0.08593750 0.4281410 0.02053939         0    0.39   0.15      0.46
735  0.04687500 0.4281410 0.02053939         0    0.39   0.15      0.46
736  0.31640625 0.4281410 0.02053939         0    0.39   0.15      0.46
737  0.19140625 0.4281410 0.02053939         0    0.39   0.15      0.46
738  1.00000000 0.4281410 0.02053939         0    0.39   0.15      0.46
739  0.17578125 0.4281410 0.02053939         0    0.39   0.15      0.46
740  0.08203125 0.4281410 0.02053939         0    0.39   0.15      0.46
741  1.00000000 0.4281410 0.02053939         0    0.39   0.15      0.46
742  1.00000000 0.4281410 0.02053939         0    0.39   0.15      0.46
743  0.17578125 0.4281410 0.02053939         0    0.39   0.15      0.46
744  1.00000000 0.4281410 0.02053939         0    0.39   0.15      0.46
745  0.05468750 0.4281410 0.02053939         0    0.39   0.15      0.46
746  0.09765625 0.4281410 0.02053939         0    0.39   0.15      0.46
747  0.09375000 0.4281410 0.02053939         0    0.39   0.15      0.46
748  1.00000000 0.4281410 0.02053939         0    0.39   0.15      0.46
749  1.00000000 0.4281410 0.02053939         0    0.39   0.15      0.46
750  1.00000000 0.4281410 0.02053939         0    0.39   0.15      0.46
751  0.07812500 0.4281410 0.02053939         0    0.39   0.15      0.46
752  1.00000000 0.4281410 0.02053939         0    0.39   0.15      0.46
753  0.14843750 0.4281410 0.02053939         0    0.39   0.15      0.46
754  0.04687500 0.4281410 0.02053939         0    0.39   0.15      0.46
755  0.08593750 0.4281410 0.02053939         0    0.39   0.15      0.46
756  1.00000000 0.4281410 0.02053939         0    0.39   0.15      0.46
757  0.11328125 0.4281410 0.02053939         0    0.39   0.15      0.46
758  1.00000000 0.4281410 0.02053939         0    0.39   0.15      0.46
759  1.00000000 0.4281410 0.02053939         0    0.39   0.15      0.46
760  0.05468750 0.4281410 0.02053939         0    0.39   0.15      0.46
761  0.09765625 0.4281410 0.02053939         0    0.39   0.15      0.46
762  0.08593750 0.4281410 0.02053939         0    0.39   0.15      0.46
763  1.00000000 0.4281410 0.02053939         0    0.39   0.15      0.46
764  0.52343750 0.4281410 0.02053939         0    0.39   0.15      0.46
765  1.00000000 0.4281410 0.02053939         0    0.39   0.15      0.46
766  0.39453125 0.4281410 0.02053939         0    0.39   0.15      0.46
767  0.18359375 0.4281410 0.02053939         0    0.39   0.15      0.46
768  0.30859375 0.4281410 0.02053939         0    0.39   0.15      0.46
769  1.00000000 0.4281410 0.02053939         0    0.39   0.15      0.46
770  0.17187500 0.4281410 0.02053939         0    0.39   0.15      0.46
771  0.14843750 0.4281410 0.02053939         0    0.39   0.15      0.46
772  0.04687500 0.4281410 0.02053939         0    0.39   0.15      0.46
773  0.04687500 0.4281410 0.02053939         0    0.39   0.15      0.46
774  1.00000000 0.4281410 0.02053939         0    0.39   0.15      0.46
775  1.00000000 0.4281410 0.02053939         0    0.39   0.15      0.46
776  1.00000000 0.4281410 0.02053939         0    0.39   0.15      0.46
777  0.03906250 0.4281410 0.02053939         0    0.39   0.15      0.46
778  1.00000000 0.4281410 0.02053939         0    0.39   0.15      0.46
779  1.00000000 0.4281410 0.02053939         0    0.39   0.15      0.46
780  0.11328125 0.4281410 0.02053939         0    0.39   0.15      0.46
781  1.00000000 0.4281410 0.02053939         0    0.39   0.15      0.46
782  1.00000000 0.4281410 0.02053939         0    0.39   0.15      0.46
783  1.00000000 0.4281410 0.02053939         0    0.39   0.15      0.46
784  0.07421875 0.4281410 0.02053939         0    0.39   0.15      0.46
785  0.56640625 0.4281410 0.02053939         0    0.39   0.15      0.46
786  0.17187500 0.4281410 0.02053939         0    0.39   0.15      0.46
787  1.00000000 0.4281410 0.02053939         0    0.39   0.15      0.46
788  0.11328125 0.4281410 0.02053939         0    0.39   0.15      0.46
789  0.12109375 0.4281410 0.02053939         0    0.39   0.15      0.46
790  0.12890625 0.4281410 0.02053939         0    0.39   0.15      0.46
791  1.00000000 0.4281410 0.02053939         0    0.39   0.15      0.46
792  0.16015625 0.4281410 0.02053939         0    0.39   0.15      0.46
793  0.22656250 0.4281410 0.02053939         0    0.39   0.15      0.46
794  0.30468750 0.4281410 0.02053939         0    0.39   0.15      0.46
795  1.00000000 0.4281410 0.02053939         0    0.39   0.15      0.46
796  0.16796875 0.4281410 0.02053939         0    0.39   0.15      0.46
797  0.12500000 0.4281410 0.02053939         0    0.39   0.15      0.46
798  1.00000000 0.4281410 0.02053939         0    0.39   0.15      0.46
799  1.00000000 0.4281410 0.02053939         0    0.39   0.15      0.46
800  1.00000000 0.4281410 0.02053939         0    0.39   0.15      0.46
801  0.09375000 0.3597839 0.01389421         0    0.48   0.16      0.36
802  0.09375000 0.3597839 0.01389421         0    0.48   0.16      0.36
803  1.00000000 0.3597839 0.01389421         0    0.48   0.16      0.36
804  0.10546875 0.3597839 0.01389421         0    0.48   0.16      0.36
805  0.10937500 0.3597839 0.01389421         0    0.48   0.16      0.36
806  0.05078125 0.3597839 0.01389421         0    0.48   0.16      0.36
807  0.33593750 0.3597839 0.01389421         0    0.48   0.16      0.36
808  1.00000000 0.3597839 0.01389421         0    0.48   0.16      0.36
809  0.03125000 0.3597839 0.01389421         0    0.48   0.16      0.36
810  0.13281250 0.3597839 0.01389421         0    0.48   0.16      0.36
811  1.00000000 0.3597839 0.01389421         0    0.48   0.16      0.36
812  0.03906250 0.3597839 0.01389421         0    0.48   0.16      0.36
813  0.10937500 0.3597839 0.01389421         0    0.48   0.16      0.36
814  1.00000000 0.3597839 0.01389421         0    0.48   0.16      0.36
815  0.03515625 0.3597839 0.01389421         0    0.48   0.16      0.36
816  0.01171875 0.3597839 0.01389421         0    0.48   0.16      0.36
817  1.00000000 0.3597839 0.01389421         0    0.48   0.16      0.36
818  0.05078125 0.3597839 0.01389421         0    0.48   0.16      0.36
819  1.00000000 0.3597839 0.01389421         0    0.48   0.16      0.36
820  0.03515625 0.3597839 0.01389421         0    0.48   0.16      0.36
821  0.05468750 0.3597839 0.01389421         0    0.48   0.16      0.36
822  0.05859375 0.3597839 0.01389421         0    0.48   0.16      0.36
823  1.00000000 0.3597839 0.01389421         0    0.48   0.16      0.36
824  1.00000000 0.3597839 0.01389421         0    0.48   0.16      0.36
825  1.00000000 0.3597839 0.01389421         0    0.48   0.16      0.36
826  0.02734375 0.3597839 0.01389421         0    0.48   0.16      0.36
827  0.16796875 0.3597839 0.01389421         0    0.48   0.16      0.36
828  1.00000000 0.3597839 0.01389421         0    0.48   0.16      0.36
829  0.32031250 0.3597839 0.01389421         0    0.48   0.16      0.36
830  1.00000000 0.3597839 0.01389421         0    0.48   0.16      0.36
831  0.08203125 0.3597839 0.01389421         0    0.48   0.16      0.36
832  0.08593750 0.3597839 0.01389421         0    0.48   0.16      0.36
833  1.00000000 0.3597839 0.01389421         0    0.48   0.16      0.36
834  0.13281250 0.3597839 0.01389421         0    0.48   0.16      0.36
835  0.28906250 0.3597839 0.01389421         0    0.48   0.16      0.36
836  0.03515625 0.3597839 0.01389421         0    0.48   0.16      0.36
837  0.03125000 0.3597839 0.01389421         0    0.48   0.16      0.36
838  0.12890625 0.3597839 0.01389421         0    0.48   0.16      0.36
839  0.06250000 0.3597839 0.01389421         0    0.48   0.16      0.36
840  1.00000000 0.3597839 0.01389421         0    0.48   0.16      0.36
841  0.09375000 0.3597839 0.01389421         0    0.48   0.16      0.36
842  0.08984375 0.3597839 0.01389421         0    0.48   0.16      0.36
843  0.08203125 0.3597839 0.01389421         0    0.48   0.16      0.36
844  1.00000000 0.3597839 0.01389421         0    0.48   0.16      0.36
845  1.00000000 0.3597839 0.01389421         0    0.48   0.16      0.36
846  0.04687500 0.3597839 0.01389421         0    0.48   0.16      0.36
847  0.02343750 0.3597839 0.01389421         0    0.48   0.16      0.36
848  1.00000000 0.3597839 0.01389421         0    0.48   0.16      0.36
849  1.00000000 0.3597839 0.01389421         0    0.48   0.16      0.36
850  1.00000000 0.3597839 0.01389421         0    0.48   0.16      0.36
851  1.00000000 0.3597839 0.01389421         0    0.48   0.16      0.36
852  1.00000000 0.3597839 0.01389421         0    0.48   0.16      0.36
853  0.07421875 0.3597839 0.01389421         0    0.48   0.16      0.36
854  0.01953125 0.3597839 0.01389421         0    0.48   0.16      0.36
855  0.03906250 0.3597839 0.01389421         0    0.48   0.16      0.36
856  0.07031250 0.3597839 0.01389421         0    0.48   0.16      0.36
857  1.00000000 0.3597839 0.01389421         0    0.48   0.16      0.36
858  1.00000000 0.3597839 0.01389421         0    0.48   0.16      0.36
859  0.11718750 0.3597839 0.01389421         0    0.48   0.16      0.36
860  0.07031250 0.3597839 0.01389421         0    0.48   0.16      0.36
861  0.00781250 0.3597839 0.01389421         0    0.48   0.16      0.36
862  1.00000000 0.3597839 0.01389421         0    0.48   0.16      0.36
863  0.13671875 0.3597839 0.01389421         0    0.48   0.16      0.36
864  0.01562500 0.3597839 0.01389421         0    0.48   0.16      0.36
865  0.05859375 0.3597839 0.01389421         0    0.48   0.16      0.36
866  0.33203125 0.3597839 0.01389421         0    0.48   0.16      0.36
867  1.00000000 0.3597839 0.01389421         0    0.48   0.16      0.36
868  0.06640625 0.3597839 0.01389421         0    0.48   0.16      0.36
869  0.00781250 0.3597839 0.01389421         0    0.48   0.16      0.36
870  1.00000000 0.3597839 0.01389421         0    0.48   0.16      0.36
871  0.06250000 0.3597839 0.01389421         0    0.48   0.16      0.36
872  0.14453125 0.3597839 0.01389421         0    0.48   0.16      0.36
873  0.04296875 0.3597839 0.01389421         0    0.48   0.16      0.36
874  1.00000000 0.3597839 0.01389421         0    0.48   0.16      0.36
875  0.05078125 0.3597839 0.01389421         0    0.48   0.16      0.36
876  0.51953125 0.3597839 0.01389421         0    0.48   0.16      0.36
877  1.00000000 0.3597839 0.01389421         0    0.48   0.16      0.36
878  0.05468750 0.3597839 0.01389421         0    0.48   0.16      0.36
879  1.00000000 0.3597839 0.01389421         0    0.48   0.16      0.36
880  0.02734375 0.3597839 0.01389421         0    0.48   0.16      0.36
881  1.00000000 0.3597839 0.01389421         0    0.48   0.16      0.36
882  1.00000000 0.3597839 0.01389421         0    0.48   0.16      0.36
883  0.02734375 0.3597839 0.01389421         0    0.48   0.16      0.36
884  0.08984375 0.3597839 0.01389421         0    0.48   0.16      0.36
885  0.16796875 0.3597839 0.01389421         0    0.48   0.16      0.36
886  1.00000000 0.3597839 0.01389421         0    0.48   0.16      0.36
887  1.00000000 0.3597839 0.01389421         0    0.48   0.16      0.36
888  1.00000000 0.3597839 0.01389421         0    0.48   0.16      0.36
889  0.04687500 0.3597839 0.01389421         0    0.48   0.16      0.36
890  0.05078125 0.3597839 0.01389421         0    0.48   0.16      0.36
891  0.08203125 0.3597839 0.01389421         0    0.48   0.16      0.36
892  0.08203125 0.3597839 0.01389421         0    0.48   0.16      0.36
893  0.09765625 0.3597839 0.01389421         0    0.48   0.16      0.36
894  0.30078125 0.3597839 0.01389421         0    0.48   0.16      0.36
895  1.00000000 0.3597839 0.01389421         0    0.48   0.16      0.36
896  0.28515625 0.3597839 0.01389421         0    0.48   0.16      0.36
897  0.08203125 0.3597839 0.01389421         0    0.48   0.16      0.36
898  1.00000000 0.3597839 0.01389421         0    0.48   0.16      0.36
899  1.00000000 0.3597839 0.01389421         0    0.48   0.16      0.36
900  0.15625000 0.3597839 0.01389421         0    0.48   0.16      0.36
901  0.37109375 0.3227066 0.02732670         0    0.45   0.18      0.37
902  0.22265625 0.3227066 0.02732670         0    0.45   0.18      0.37
903  1.00000000 0.3227066 0.02732670         0    0.45   0.18      0.37
904  1.00000000 0.3227066 0.02732670         0    0.45   0.18      0.37
905  0.11718750 0.3227066 0.02732670         0    0.45   0.18      0.37
906  1.00000000 0.3227066 0.02732670         0    0.45   0.18      0.37
907  0.39843750 0.3227066 0.02732670         0    0.45   0.18      0.37
908  1.00000000 0.3227066 0.02732670         0    0.45   0.18      0.37
909  0.14453125 0.3227066 0.02732670         0    0.45   0.18      0.37
910  1.00000000 0.3227066 0.02732670         0    0.45   0.18      0.37
911  1.00000000 0.3227066 0.02732670         0    0.45   0.18      0.37
912  0.15625000 0.3227066 0.02732670         0    0.45   0.18      0.37
913  0.38281250 0.3227066 0.02732670         0    0.45   0.18      0.37
914  0.06250000 0.3227066 0.02732670         0    0.45   0.18      0.37
915  0.13671875 0.3227066 0.02732670         0    0.45   0.18      0.37
916  0.07812500 0.3227066 0.02732670         0    0.45   0.18      0.37
917  0.05468750 0.3227066 0.02732670         0    0.45   0.18      0.37
918  0.57812500 0.3227066 0.02732670         0    0.45   0.18      0.37
919  0.18750000 0.3227066 0.02732670         0    0.45   0.18      0.37
920  0.31250000 0.3227066 0.02732670         0    0.45   0.18      0.37
921  0.12500000 0.3227066 0.02732670         0    0.45   0.18      0.37
922  0.15234375 0.3227066 0.02732670         0    0.45   0.18      0.37
923  0.20703125 0.3227066 0.02732670         0    0.45   0.18      0.37
924  1.00000000 0.3227066 0.02732670         0    0.45   0.18      0.37
925  0.39453125 0.3227066 0.02732670         0    0.45   0.18      0.37
926  1.00000000 0.3227066 0.02732670         0    0.45   0.18      0.37
927  0.33593750 0.3227066 0.02732670         0    0.45   0.18      0.37
928  1.00000000 0.3227066 0.02732670         0    0.45   0.18      0.37
929  1.00000000 0.3227066 0.02732670         0    0.45   0.18      0.37
930  1.00000000 0.3227066 0.02732670         0    0.45   0.18      0.37
931  1.00000000 0.3227066 0.02732670         0    0.45   0.18      0.37
932  1.00000000 0.3227066 0.02732670         0    0.45   0.18      0.37
933  1.00000000 0.3227066 0.02732670         0    0.45   0.18      0.37
934  1.00000000 0.3227066 0.02732670         0    0.45   0.18      0.37
935  0.49609375 0.3227066 0.02732670         0    0.45   0.18      0.37
936  0.36328125 0.3227066 0.02732670         0    0.45   0.18      0.37
937  1.00000000 0.3227066 0.02732670         0    0.45   0.18      0.37
938  0.14062500 0.3227066 0.02732670         0    0.45   0.18      0.37
939  1.00000000 0.3227066 0.02732670         0    0.45   0.18      0.37
940  0.19531250 0.3227066 0.02732670         0    0.45   0.18      0.37
941  0.07812500 0.3227066 0.02732670         0    0.45   0.18      0.37
942  0.04296875 0.3227066 0.02732670         0    0.45   0.18      0.37
943  0.09765625 0.3227066 0.02732670         0    0.45   0.18      0.37
944  0.10937500 0.3227066 0.02732670         0    0.45   0.18      0.37
945  1.00000000 0.3227066 0.02732670         0    0.45   0.18      0.37
946  1.00000000 0.3227066 0.02732670         0    0.45   0.18      0.37
947  1.00000000 0.3227066 0.02732670         0    0.45   0.18      0.37
948  1.00000000 0.3227066 0.02732670         0    0.45   0.18      0.37
949  1.00000000 0.3227066 0.02732670         0    0.45   0.18      0.37
950  1.00000000 0.3227066 0.02732670         0    0.45   0.18      0.37
951  0.05078125 0.3227066 0.02732670         0    0.45   0.18      0.37
952  0.19140625 0.3227066 0.02732670         0    0.45   0.18      0.37
953  1.00000000 0.3227066 0.02732670         0    0.45   0.18      0.37
954  1.00000000 0.3227066 0.02732670         0    0.45   0.18      0.37
955  0.24218750 0.3227066 0.02732670         0    0.45   0.18      0.37
956  1.00000000 0.3227066 0.02732670         0    0.45   0.18      0.37
957  0.16796875 0.3227066 0.02732670         0    0.45   0.18      0.37
958  0.25390625 0.3227066 0.02732670         0    0.45   0.18      0.37
959  0.38671875 0.3227066 0.02732670         0    0.45   0.18      0.37
960  0.23828125 0.3227066 0.02732670         0    0.45   0.18      0.37
961  0.10937500 0.3227066 0.02732670         0    0.45   0.18      0.37
962  1.00000000 0.3227066 0.02732670         0    0.45   0.18      0.37
963  0.33203125 0.3227066 0.02732670         0    0.45   0.18      0.37
964  1.00000000 0.3227066 0.02732670         0    0.45   0.18      0.37
965  0.12109375 0.3227066 0.02732670         0    0.45   0.18      0.37
966  1.00000000 0.3227066 0.02732670         0    0.45   0.18      0.37
967  0.10937500 0.3227066 0.02732670         0    0.45   0.18      0.37
968  1.00000000 0.3227066 0.02732670         0    0.45   0.18      0.37
969  0.37109375 0.3227066 0.02732670         0    0.45   0.18      0.37
970  0.25000000 0.3227066 0.02732670         0    0.45   0.18      0.37
971  1.00000000 0.3227066 0.02732670         0    0.45   0.18      0.37
972  0.10546875 0.3227066 0.02732670         0    0.45   0.18      0.37
973  0.09375000 0.3227066 0.02732670         0    0.45   0.18      0.37
974  0.13281250 0.3227066 0.02732670         0    0.45   0.18      0.37
975  0.07812500 0.3227066 0.02732670         0    0.45   0.18      0.37
976  0.50781250 0.3227066 0.02732670         0    0.45   0.18      0.37
977  0.10546875 0.3227066 0.02732670         0    0.45   0.18      0.37
978  0.26562500 0.3227066 0.02732670         0    0.45   0.18      0.37
979  0.09765625 0.3227066 0.02732670         0    0.45   0.18      0.37
980  0.07421875 0.3227066 0.02732670         0    0.45   0.18      0.37
981  0.32812500 0.3227066 0.02732670         0    0.45   0.18      0.37
982  0.12890625 0.3227066 0.02732670         0    0.45   0.18      0.37
983  1.00000000 0.3227066 0.02732670         0    0.45   0.18      0.37
984  0.12890625 0.3227066 0.02732670         0    0.45   0.18      0.37
985  0.19531250 0.3227066 0.02732670         0    0.45   0.18      0.37
986  0.24218750 0.3227066 0.02732670         0    0.45   0.18      0.37
987  1.00000000 0.3227066 0.02732670         0    0.45   0.18      0.37
988  0.11718750 0.3227066 0.02732670         0    0.45   0.18      0.37
989  1.00000000 0.3227066 0.02732670         0    0.45   0.18      0.37
990  0.20703125 0.3227066 0.02732670         0    0.45   0.18      0.37
991  0.14062500 0.3227066 0.02732670         0    0.45   0.18      0.37
992  0.11328125 0.3227066 0.02732670         0    0.45   0.18      0.37
993  0.28515625 0.3227066 0.02732670         0    0.45   0.18      0.37
994  0.14062500 0.3227066 0.02732670         0    0.45   0.18      0.37
995  0.15234375 0.3227066 0.02732670         0    0.45   0.18      0.37
996  0.07031250 0.3227066 0.02732670         0    0.45   0.18      0.37
997  0.10937500 0.3227066 0.02732670         0    0.45   0.18      0.37
998  0.23437500 0.3227066 0.02732670         0    0.45   0.18      0.37
999  0.19531250 0.3227066 0.02732670         0    0.45   0.18      0.37
1000 0.27343750 0.3227066 0.02732670         0    0.45   0.18      0.37
