      prop.aneu  prob.meio  prob.mito dispersal euploid mosaic aneuploid
1    0.38281250 0.07368716 0.12903163         0    0.13   0.44      0.43
2    0.63281250 0.07368716 0.12903163         0    0.13   0.44      0.43
3    0.57421875 0.07368716 0.12903163         0    0.13   0.44      0.43
4    0.68359375 0.07368716 0.12903163         0    0.13   0.44      0.43
5    0.57031250 0.07368716 0.12903163         0    0.13   0.44      0.43
6    0.81250000 0.07368716 0.12903163         0    0.13   0.44      0.43
7    0.69531250 0.07368716 0.12903163         0    0.13   0.44      0.43
8    0.56250000 0.07368716 0.12903163         0    0.13   0.44      0.43
9    0.64062500 0.07368716 0.12903163         0    0.13   0.44      0.43
10   0.64453125 0.07368716 0.12903163         0    0.13   0.44      0.43
11   1.00000000 0.07368716 0.12903163         0    0.13   0.44      0.43
12   0.71093750 0.07368716 0.12903163         0    0.13   0.44      0.43
13   0.53515625 0.07368716 0.12903163         0    0.13   0.44      0.43
14   0.61328125 0.07368716 0.12903163         0    0.13   0.44      0.43
15   1.00000000 0.07368716 0.12903163         0    0.13   0.44      0.43
16   0.54296875 0.07368716 0.12903163         0    0.13   0.44      0.43
17   0.53125000 0.07368716 0.12903163         0    0.13   0.44      0.43
18   0.68750000 0.07368716 0.12903163         0    0.13   0.44      0.43
19   0.62109375 0.07368716 0.12903163         0    0.13   0.44      0.43
20   0.74609375 0.07368716 0.12903163         0    0.13   0.44      0.43
21   0.74218750 0.07368716 0.12903163         0    0.13   0.44      0.43
22   0.65625000 0.07368716 0.12903163         0    0.13   0.44      0.43
23   0.82031250 0.07368716 0.12903163         0    0.13   0.44      0.43
24   0.41406250 0.07368716 0.12903163         0    0.13   0.44      0.43
25   0.60156250 0.07368716 0.12903163         0    0.13   0.44      0.43
26   0.75390625 0.07368716 0.12903163         0    0.13   0.44      0.43
27   0.35937500 0.07368716 0.12903163         0    0.13   0.44      0.43
28   0.50781250 0.07368716 0.12903163         0    0.13   0.44      0.43
29   0.82421875 0.07368716 0.12903163         0    0.13   0.44      0.43
30   0.60546875 0.07368716 0.12903163         0    0.13   0.44      0.43
31   0.57812500 0.07368716 0.12903163         0    0.13   0.44      0.43
32   0.67968750 0.07368716 0.12903163         0    0.13   0.44      0.43
33   0.94921875 0.07368716 0.12903163         0    0.13   0.44      0.43
34   0.56250000 0.07368716 0.12903163         0    0.13   0.44      0.43
35   0.59765625 0.07368716 0.12903163         0    0.13   0.44      0.43
36   0.77734375 0.07368716 0.12903163         0    0.13   0.44      0.43
37   0.68750000 0.07368716 0.12903163         0    0.13   0.44      0.43
38   0.70312500 0.07368716 0.12903163         0    0.13   0.44      0.43
39   0.63671875 0.07368716 0.12903163         0    0.13   0.44      0.43
40   0.66796875 0.07368716 0.12903163         0    0.13   0.44      0.43
41   0.58203125 0.07368716 0.12903163         0    0.13   0.44      0.43
42   0.57812500 0.07368716 0.12903163         0    0.13   0.44      0.43
43   0.83984375 0.07368716 0.12903163         0    0.13   0.44      0.43
44   0.67968750 0.07368716 0.12903163         0    0.13   0.44      0.43
45   0.60156250 0.07368716 0.12903163         0    0.13   0.44      0.43
46   1.00000000 0.07368716 0.12903163         0    0.13   0.44      0.43
47   0.61328125 0.07368716 0.12903163         0    0.13   0.44      0.43
48   0.65234375 0.07368716 0.12903163         0    0.13   0.44      0.43
49   0.72656250 0.07368716 0.12903163         0    0.13   0.44      0.43
50   1.00000000 0.07368716 0.12903163         0    0.13   0.44      0.43
51   0.59765625 0.07368716 0.12903163         0    0.13   0.44      0.43
52   0.62109375 0.07368716 0.12903163         0    0.13   0.44      0.43
53   0.70312500 0.07368716 0.12903163         0    0.13   0.44      0.43
54   0.62500000 0.07368716 0.12903163         0    0.13   0.44      0.43
55   0.79296875 0.07368716 0.12903163         0    0.13   0.44      0.43
56   0.66406250 0.07368716 0.12903163         0    0.13   0.44      0.43
57   0.53515625 0.07368716 0.12903163         0    0.13   0.44      0.43
58   0.56640625 0.07368716 0.12903163         0    0.13   0.44      0.43
59   0.70703125 0.07368716 0.12903163         0    0.13   0.44      0.43
60   0.57812500 0.07368716 0.12903163         0    0.13   0.44      0.43
61   0.68750000 0.07368716 0.12903163         0    0.13   0.44      0.43
62   0.82812500 0.07368716 0.12903163         0    0.13   0.44      0.43
63   0.75000000 0.07368716 0.12903163         0    0.13   0.44      0.43
64   1.00000000 0.07368716 0.12903163         0    0.13   0.44      0.43
65   0.91406250 0.07368716 0.12903163         0    0.13   0.44      0.43
66   0.61718750 0.07368716 0.12903163         0    0.13   0.44      0.43
67   1.00000000 0.07368716 0.12903163         0    0.13   0.44      0.43
68   0.66406250 0.07368716 0.12903163         0    0.13   0.44      0.43
69   0.44140625 0.07368716 0.12903163         0    0.13   0.44      0.43
70   0.65234375 0.07368716 0.12903163         0    0.13   0.44      0.43
71   0.80078125 0.07368716 0.12903163         0    0.13   0.44      0.43
72   0.89062500 0.07368716 0.12903163         0    0.13   0.44      0.43
73   0.75781250 0.07368716 0.12903163         0    0.13   0.44      0.43
74   0.56250000 0.07368716 0.12903163         0    0.13   0.44      0.43
75   0.69140625 0.07368716 0.12903163         0    0.13   0.44      0.43
76   0.75781250 0.07368716 0.12903163         0    0.13   0.44      0.43
77   0.66015625 0.07368716 0.12903163         0    0.13   0.44      0.43
78   0.49218750 0.07368716 0.12903163         0    0.13   0.44      0.43
79   0.47265625 0.07368716 0.12903163         0    0.13   0.44      0.43
80   0.82812500 0.07368716 0.12903163         0    0.13   0.44      0.43
81   0.83984375 0.07368716 0.12903163         0    0.13   0.44      0.43
82   0.56640625 0.07368716 0.12903163         0    0.13   0.44      0.43
83   0.51953125 0.07368716 0.12903163         0    0.13   0.44      0.43
84   0.68750000 0.07368716 0.12903163         0    0.13   0.44      0.43
85   0.44531250 0.07368716 0.12903163         0    0.13   0.44      0.43
86   0.74218750 0.07368716 0.12903163         0    0.13   0.44      0.43
87   0.64453125 0.07368716 0.12903163         0    0.13   0.44      0.43
88   0.92578125 0.07368716 0.12903163         0    0.13   0.44      0.43
89   0.78906250 0.07368716 0.12903163         0    0.13   0.44      0.43
90   0.68359375 0.07368716 0.12903163         0    0.13   0.44      0.43
91   0.52734375 0.07368716 0.12903163         0    0.13   0.44      0.43
92   0.67968750 0.07368716 0.12903163         0    0.13   0.44      0.43
93   0.61328125 0.07368716 0.12903163         0    0.13   0.44      0.43
94   0.68750000 0.07368716 0.12903163         0    0.13   0.44      0.43
95   0.73437500 0.07368716 0.12903163         0    0.13   0.44      0.43
96   0.67187500 0.07368716 0.12903163         0    0.13   0.44      0.43
97   0.58203125 0.07368716 0.12903163         0    0.13   0.44      0.43
98   0.44140625 0.07368716 0.12903163         0    0.13   0.44      0.43
99   0.82031250 0.07368716 0.12903163         0    0.13   0.44      0.43
100  0.91796875 0.07368716 0.12903163         0    0.13   0.44      0.43
101  0.62500000 0.27216781 0.10010139         0    0.28   0.30      0.42
102  0.38671875 0.27216781 0.10010139         0    0.28   0.30      0.42
103  1.00000000 0.27216781 0.10010139         0    0.28   0.30      0.42
104  0.46093750 0.27216781 0.10010139         0    0.28   0.30      0.42
105  1.00000000 0.27216781 0.10010139         0    0.28   0.30      0.42
106  1.00000000 0.27216781 0.10010139         0    0.28   0.30      0.42
107  1.00000000 0.27216781 0.10010139         0    0.28   0.30      0.42
108  1.00000000 0.27216781 0.10010139         0    0.28   0.30      0.42
109  0.80468750 0.27216781 0.10010139         0    0.28   0.30      0.42
110  1.00000000 0.27216781 0.10010139         0    0.28   0.30      0.42
111  0.38281250 0.27216781 0.10010139         0    0.28   0.30      0.42
112  0.60156250 0.27216781 0.10010139         0    0.28   0.30      0.42
113  0.62109375 0.27216781 0.10010139         0    0.28   0.30      0.42
114  0.55078125 0.27216781 0.10010139         0    0.28   0.30      0.42
115  0.57421875 0.27216781 0.10010139         0    0.28   0.30      0.42
116  0.57421875 0.27216781 0.10010139         0    0.28   0.30      0.42
117  1.00000000 0.27216781 0.10010139         0    0.28   0.30      0.42
118  0.47656250 0.27216781 0.10010139         0    0.28   0.30      0.42
119  1.00000000 0.27216781 0.10010139         0    0.28   0.30      0.42
120  1.00000000 0.27216781 0.10010139         0    0.28   0.30      0.42
121  1.00000000 0.27216781 0.10010139         0    0.28   0.30      0.42
122  0.40625000 0.27216781 0.10010139         0    0.28   0.30      0.42
123  0.48828125 0.27216781 0.10010139         0    0.28   0.30      0.42
124  0.66406250 0.27216781 0.10010139         0    0.28   0.30      0.42
125  0.55078125 0.27216781 0.10010139         0    0.28   0.30      0.42
126  0.80078125 0.27216781 0.10010139         0    0.28   0.30      0.42
127  0.76562500 0.27216781 0.10010139         0    0.28   0.30      0.42
128  0.85937500 0.27216781 0.10010139         0    0.28   0.30      0.42
129  0.62890625 0.27216781 0.10010139         0    0.28   0.30      0.42
130  0.46484375 0.27216781 0.10010139         0    0.28   0.30      0.42
131  1.00000000 0.27216781 0.10010139         0    0.28   0.30      0.42
132  0.50000000 0.27216781 0.10010139         0    0.28   0.30      0.42
133  0.76953125 0.27216781 0.10010139         0    0.28   0.30      0.42
134  0.55078125 0.27216781 0.10010139         0    0.28   0.30      0.42
135  0.53125000 0.27216781 0.10010139         0    0.28   0.30      0.42
136  0.52734375 0.27216781 0.10010139         0    0.28   0.30      0.42
137  0.62890625 0.27216781 0.10010139         0    0.28   0.30      0.42
138  0.48437500 0.27216781 0.10010139         0    0.28   0.30      0.42
139  1.00000000 0.27216781 0.10010139         0    0.28   0.30      0.42
140  0.48437500 0.27216781 0.10010139         0    0.28   0.30      0.42
141  0.48046875 0.27216781 0.10010139         0    0.28   0.30      0.42
142  0.42578125 0.27216781 0.10010139         0    0.28   0.30      0.42
143  0.47656250 0.27216781 0.10010139         0    0.28   0.30      0.42
144  0.45312500 0.27216781 0.10010139         0    0.28   0.30      0.42
145  0.46484375 0.27216781 0.10010139         0    0.28   0.30      0.42
146  0.78906250 0.27216781 0.10010139         0    0.28   0.30      0.42
147  0.86328125 0.27216781 0.10010139         0    0.28   0.30      0.42
148  1.00000000 0.27216781 0.10010139         0    0.28   0.30      0.42
149  0.46875000 0.27216781 0.10010139         0    0.28   0.30      0.42
150  1.00000000 0.27216781 0.10010139         0    0.28   0.30      0.42
151  0.37890625 0.27216781 0.10010139         0    0.28   0.30      0.42
152  0.55859375 0.27216781 0.10010139         0    0.28   0.30      0.42
153  1.00000000 0.27216781 0.10010139         0    0.28   0.30      0.42
154  0.52734375 0.27216781 0.10010139         0    0.28   0.30      0.42
155  0.51171875 0.27216781 0.10010139         0    0.28   0.30      0.42
156  0.42968750 0.27216781 0.10010139         0    0.28   0.30      0.42
157  1.00000000 0.27216781 0.10010139         0    0.28   0.30      0.42
158  1.00000000 0.27216781 0.10010139         0    0.28   0.30      0.42
159  0.54687500 0.27216781 0.10010139         0    0.28   0.30      0.42
160  0.54687500 0.27216781 0.10010139         0    0.28   0.30      0.42
161  1.00000000 0.27216781 0.10010139         0    0.28   0.30      0.42
162  0.59375000 0.27216781 0.10010139         0    0.28   0.30      0.42
163  0.46093750 0.27216781 0.10010139         0    0.28   0.30      0.42
164  0.54296875 0.27216781 0.10010139         0    0.28   0.30      0.42
165  1.00000000 0.27216781 0.10010139         0    0.28   0.30      0.42
166  1.00000000 0.27216781 0.10010139         0    0.28   0.30      0.42
167  0.36718750 0.27216781 0.10010139         0    0.28   0.30      0.42
168  0.69140625 0.27216781 0.10010139         0    0.28   0.30      0.42
169  1.00000000 0.27216781 0.10010139         0    0.28   0.30      0.42
170  0.68750000 0.27216781 0.10010139         0    0.28   0.30      0.42
171  0.46875000 0.27216781 0.10010139         0    0.28   0.30      0.42
172  0.39843750 0.27216781 0.10010139         0    0.28   0.30      0.42
173  0.70703125 0.27216781 0.10010139         0    0.28   0.30      0.42
174  0.49218750 0.27216781 0.10010139         0    0.28   0.30      0.42
175  0.54296875 0.27216781 0.10010139         0    0.28   0.30      0.42
176  0.60546875 0.27216781 0.10010139         0    0.28   0.30      0.42
177  0.52343750 0.27216781 0.10010139         0    0.28   0.30      0.42
178  0.49609375 0.27216781 0.10010139         0    0.28   0.30      0.42
179  1.00000000 0.27216781 0.10010139         0    0.28   0.30      0.42
180  1.00000000 0.27216781 0.10010139         0    0.28   0.30      0.42
181  1.00000000 0.27216781 0.10010139         0    0.28   0.30      0.42
182  0.42578125 0.27216781 0.10010139         0    0.28   0.30      0.42
183  0.51953125 0.27216781 0.10010139         0    0.28   0.30      0.42
184  0.42187500 0.27216781 0.10010139         0    0.28   0.30      0.42
185  0.79296875 0.27216781 0.10010139         0    0.28   0.30      0.42
186  0.72265625 0.27216781 0.10010139         0    0.28   0.30      0.42
187  0.64062500 0.27216781 0.10010139         0    0.28   0.30      0.42
188  0.66015625 0.27216781 0.10010139         0    0.28   0.30      0.42
189  1.00000000 0.27216781 0.10010139         0    0.28   0.30      0.42
190  0.54296875 0.27216781 0.10010139         0    0.28   0.30      0.42
191  0.67187500 0.27216781 0.10010139         0    0.28   0.30      0.42
192  1.00000000 0.27216781 0.10010139         0    0.28   0.30      0.42
193  0.67187500 0.27216781 0.10010139         0    0.28   0.30      0.42
194  0.44140625 0.27216781 0.10010139         0    0.28   0.30      0.42
195  0.45312500 0.27216781 0.10010139         0    0.28   0.30      0.42
196  0.82812500 0.27216781 0.10010139         0    0.28   0.30      0.42
197  0.35156250 0.27216781 0.10010139         0    0.28   0.30      0.42
198  0.52343750 0.27216781 0.10010139         0    0.28   0.30      0.42
199  1.00000000 0.27216781 0.10010139         0    0.28   0.30      0.42
200  1.00000000 0.27216781 0.10010139         0    0.28   0.30      0.42
201  1.00000000 0.53561145 0.04503469         0    0.27   0.29      0.44
202  1.00000000 0.53561145 0.04503469         0    0.27   0.29      0.44
203  1.00000000 0.53561145 0.04503469         0    0.27   0.29      0.44
204  1.00000000 0.53561145 0.04503469         0    0.27   0.29      0.44
205  1.00000000 0.53561145 0.04503469         0    0.27   0.29      0.44
206  1.00000000 0.53561145 0.04503469         0    0.27   0.29      0.44
207  0.23437500 0.53561145 0.04503469         0    0.27   0.29      0.44
208  0.25781250 0.53561145 0.04503469         0    0.27   0.29      0.44
209  0.68359375 0.53561145 0.04503469         0    0.27   0.29      0.44
210  0.25390625 0.53561145 0.04503469         0    0.27   0.29      0.44
211  1.00000000 0.53561145 0.04503469         0    0.27   0.29      0.44
212  0.52343750 0.53561145 0.04503469         0    0.27   0.29      0.44
213  0.30859375 0.53561145 0.04503469         0    0.27   0.29      0.44
214  1.00000000 0.53561145 0.04503469         0    0.27   0.29      0.44
215  0.44140625 0.53561145 0.04503469         0    0.27   0.29      0.44
216  0.22265625 0.53561145 0.04503469         0    0.27   0.29      0.44
217  1.00000000 0.53561145 0.04503469         0    0.27   0.29      0.44
218  1.00000000 0.53561145 0.04503469         0    0.27   0.29      0.44
219  0.18359375 0.53561145 0.04503469         0    0.27   0.29      0.44
220  1.00000000 0.53561145 0.04503469         0    0.27   0.29      0.44
221  0.42968750 0.53561145 0.04503469         0    0.27   0.29      0.44
222  0.66015625 0.53561145 0.04503469         0    0.27   0.29      0.44
223  0.62890625 0.53561145 0.04503469         0    0.27   0.29      0.44
224  0.62890625 0.53561145 0.04503469         0    0.27   0.29      0.44
225  0.53515625 0.53561145 0.04503469         0    0.27   0.29      0.44
226  1.00000000 0.53561145 0.04503469         0    0.27   0.29      0.44
227  1.00000000 0.53561145 0.04503469         0    0.27   0.29      0.44
228  0.12500000 0.53561145 0.04503469         0    0.27   0.29      0.44
229  0.27343750 0.53561145 0.04503469         0    0.27   0.29      0.44
230  1.00000000 0.53561145 0.04503469         0    0.27   0.29      0.44
231  1.00000000 0.53561145 0.04503469         0    0.27   0.29      0.44
232  1.00000000 0.53561145 0.04503469         0    0.27   0.29      0.44
233  0.31640625 0.53561145 0.04503469         0    0.27   0.29      0.44
234  1.00000000 0.53561145 0.04503469         0    0.27   0.29      0.44
235  0.56250000 0.53561145 0.04503469         0    0.27   0.29      0.44
236  0.34765625 0.53561145 0.04503469         0    0.27   0.29      0.44
237  0.50781250 0.53561145 0.04503469         0    0.27   0.29      0.44
238  1.00000000 0.53561145 0.04503469         0    0.27   0.29      0.44
239  1.00000000 0.53561145 0.04503469         0    0.27   0.29      0.44
240  1.00000000 0.53561145 0.04503469         0    0.27   0.29      0.44
241  1.00000000 0.53561145 0.04503469         0    0.27   0.29      0.44
242  1.00000000 0.53561145 0.04503469         0    0.27   0.29      0.44
243  0.46093750 0.53561145 0.04503469         0    0.27   0.29      0.44
244  1.00000000 0.53561145 0.04503469         0    0.27   0.29      0.44
245  0.67578125 0.53561145 0.04503469         0    0.27   0.29      0.44
246  1.00000000 0.53561145 0.04503469         0    0.27   0.29      0.44
247  0.59765625 0.53561145 0.04503469         0    0.27   0.29      0.44
248  0.50000000 0.53561145 0.04503469         0    0.27   0.29      0.44
249  0.26171875 0.53561145 0.04503469         0    0.27   0.29      0.44
250  1.00000000 0.53561145 0.04503469         0    0.27   0.29      0.44
251  0.33593750 0.53561145 0.04503469         0    0.27   0.29      0.44
252  1.00000000 0.53561145 0.04503469         0    0.27   0.29      0.44
253  0.14453125 0.53561145 0.04503469         0    0.27   0.29      0.44
254  1.00000000 0.53561145 0.04503469         0    0.27   0.29      0.44
255  0.23046875 0.53561145 0.04503469         0    0.27   0.29      0.44
256  0.23046875 0.53561145 0.04503469         0    0.27   0.29      0.44
257  0.24609375 0.53561145 0.04503469         0    0.27   0.29      0.44
258  0.22656250 0.53561145 0.04503469         0    0.27   0.29      0.44
259  0.55859375 0.53561145 0.04503469         0    0.27   0.29      0.44
260  1.00000000 0.53561145 0.04503469         0    0.27   0.29      0.44
261  0.39453125 0.53561145 0.04503469         0    0.27   0.29      0.44
262  0.43750000 0.53561145 0.04503469         0    0.27   0.29      0.44
263  0.09765625 0.53561145 0.04503469         0    0.27   0.29      0.44
264  0.13281250 0.53561145 0.04503469         0    0.27   0.29      0.44
265  1.00000000 0.53561145 0.04503469         0    0.27   0.29      0.44
266  0.30078125 0.53561145 0.04503469         0    0.27   0.29      0.44
267  1.00000000 0.53561145 0.04503469         0    0.27   0.29      0.44
268  0.17578125 0.53561145 0.04503469         0    0.27   0.29      0.44
269  1.00000000 0.53561145 0.04503469         0    0.27   0.29      0.44
270  0.17578125 0.53561145 0.04503469         0    0.27   0.29      0.44
271  0.13281250 0.53561145 0.04503469         0    0.27   0.29      0.44
272  0.32812500 0.53561145 0.04503469         0    0.27   0.29      0.44
273  1.00000000 0.53561145 0.04503469         0    0.27   0.29      0.44
274  0.19921875 0.53561145 0.04503469         0    0.27   0.29      0.44
275  0.45312500 0.53561145 0.04503469         0    0.27   0.29      0.44
276  0.24218750 0.53561145 0.04503469         0    0.27   0.29      0.44
277  0.30859375 0.53561145 0.04503469         0    0.27   0.29      0.44
278  1.00000000 0.53561145 0.04503469         0    0.27   0.29      0.44
279  0.17578125 0.53561145 0.04503469         0    0.27   0.29      0.44
280  0.17578125 0.53561145 0.04503469         0    0.27   0.29      0.44
281  0.23828125 0.53561145 0.04503469         0    0.27   0.29      0.44
282  1.00000000 0.53561145 0.04503469         0    0.27   0.29      0.44
283  0.41015625 0.53561145 0.04503469         0    0.27   0.29      0.44
284  1.00000000 0.53561145 0.04503469         0    0.27   0.29      0.44
285  1.00000000 0.53561145 0.04503469         0    0.27   0.29      0.44
286  0.25781250 0.53561145 0.04503469         0    0.27   0.29      0.44
287  0.26171875 0.53561145 0.04503469         0    0.27   0.29      0.44
288  1.00000000 0.53561145 0.04503469         0    0.27   0.29      0.44
289  1.00000000 0.53561145 0.04503469         0    0.27   0.29      0.44
290  1.00000000 0.53561145 0.04503469         0    0.27   0.29      0.44
291  0.27343750 0.53561145 0.04503469         0    0.27   0.29      0.44
292  0.15625000 0.53561145 0.04503469         0    0.27   0.29      0.44
293  0.60156250 0.53561145 0.04503469         0    0.27   0.29      0.44
294  0.34765625 0.53561145 0.04503469         0    0.27   0.29      0.44
295  1.00000000 0.53561145 0.04503469         0    0.27   0.29      0.44
296  0.26562500 0.53561145 0.04503469         0    0.27   0.29      0.44
297  0.28125000 0.53561145 0.04503469         0    0.27   0.29      0.44
298  1.00000000 0.53561145 0.04503469         0    0.27   0.29      0.44
299  0.14062500 0.53561145 0.04503469         0    0.27   0.29      0.44
300  0.35937500 0.53561145 0.04503469         0    0.27   0.29      0.44
301  0.16406250 0.43801047 0.02798000         0    0.45   0.13      0.42
302  0.58984375 0.43801047 0.02798000         0    0.45   0.13      0.42
303  0.29687500 0.43801047 0.02798000         0    0.45   0.13      0.42
304  0.33203125 0.43801047 0.02798000         0    0.45   0.13      0.42
305  1.00000000 0.43801047 0.02798000         0    0.45   0.13      0.42
306  0.19140625 0.43801047 0.02798000         0    0.45   0.13      0.42
307  0.22656250 0.43801047 0.02798000         0    0.45   0.13      0.42
308  1.00000000 0.43801047 0.02798000         0    0.45   0.13      0.42
309  1.00000000 0.43801047 0.02798000         0    0.45   0.13      0.42
310  0.31640625 0.43801047 0.02798000         0    0.45   0.13      0.42
311  0.08984375 0.43801047 0.02798000         0    0.45   0.13      0.42
312  0.37890625 0.43801047 0.02798000         0    0.45   0.13      0.42
313  1.00000000 0.43801047 0.02798000         0    0.45   0.13      0.42
314  0.08984375 0.43801047 0.02798000         0    0.45   0.13      0.42
315  1.00000000 0.43801047 0.02798000         0    0.45   0.13      0.42
316  0.11718750 0.43801047 0.02798000         0    0.45   0.13      0.42
317  1.00000000 0.43801047 0.02798000         0    0.45   0.13      0.42
318  0.11718750 0.43801047 0.02798000         0    0.45   0.13      0.42
319  1.00000000 0.43801047 0.02798000         0    0.45   0.13      0.42
320  0.10546875 0.43801047 0.02798000         0    0.45   0.13      0.42
321  1.00000000 0.43801047 0.02798000         0    0.45   0.13      0.42
322  0.20703125 0.43801047 0.02798000         0    0.45   0.13      0.42
323  0.12500000 0.43801047 0.02798000         0    0.45   0.13      0.42
324  1.00000000 0.43801047 0.02798000         0    0.45   0.13      0.42
325  1.00000000 0.43801047 0.02798000         0    0.45   0.13      0.42
326  1.00000000 0.43801047 0.02798000         0    0.45   0.13      0.42
327  1.00000000 0.43801047 0.02798000         0    0.45   0.13      0.42
328  0.14453125 0.43801047 0.02798000         0    0.45   0.13      0.42
329  1.00000000 0.43801047 0.02798000         0    0.45   0.13      0.42
330  0.54296875 0.43801047 0.02798000         0    0.45   0.13      0.42
331  0.09375000 0.43801047 0.02798000         0    0.45   0.13      0.42
332  0.18359375 0.43801047 0.02798000         0    0.45   0.13      0.42
333  1.00000000 0.43801047 0.02798000         0    0.45   0.13      0.42
334  0.23437500 0.43801047 0.02798000         0    0.45   0.13      0.42
335  0.33203125 0.43801047 0.02798000         0    0.45   0.13      0.42
336  1.00000000 0.43801047 0.02798000         0    0.45   0.13      0.42
337  1.00000000 0.43801047 0.02798000         0    0.45   0.13      0.42
338  1.00000000 0.43801047 0.02798000         0    0.45   0.13      0.42
339  1.00000000 0.43801047 0.02798000         0    0.45   0.13      0.42
340  0.21484375 0.43801047 0.02798000         0    0.45   0.13      0.42
341  0.30078125 0.43801047 0.02798000         0    0.45   0.13      0.42
342  1.00000000 0.43801047 0.02798000         0    0.45   0.13      0.42
343  0.11328125 0.43801047 0.02798000         0    0.45   0.13      0.42
344  1.00000000 0.43801047 0.02798000         0    0.45   0.13      0.42
345  1.00000000 0.43801047 0.02798000         0    0.45   0.13      0.42
346  0.06640625 0.43801047 0.02798000         0    0.45   0.13      0.42
347  1.00000000 0.43801047 0.02798000         0    0.45   0.13      0.42
348  0.17578125 0.43801047 0.02798000         0    0.45   0.13      0.42
349  0.13671875 0.43801047 0.02798000         0    0.45   0.13      0.42
350  0.09375000 0.43801047 0.02798000         0    0.45   0.13      0.42
351  0.13671875 0.43801047 0.02798000         0    0.45   0.13      0.42
352  0.17968750 0.43801047 0.02798000         0    0.45   0.13      0.42
353  1.00000000 0.43801047 0.02798000         0    0.45   0.13      0.42
354  1.00000000 0.43801047 0.02798000         0    0.45   0.13      0.42
355  1.00000000 0.43801047 0.02798000         0    0.45   0.13      0.42
356  1.00000000 0.43801047 0.02798000         0    0.45   0.13      0.42
357  0.56640625 0.43801047 0.02798000         0    0.45   0.13      0.42
358  0.15625000 0.43801047 0.02798000         0    0.45   0.13      0.42
359  0.25390625 0.43801047 0.02798000         0    0.45   0.13      0.42
360  0.24609375 0.43801047 0.02798000         0    0.45   0.13      0.42
361  1.00000000 0.43801047 0.02798000         0    0.45   0.13      0.42
362  0.38281250 0.43801047 0.02798000         0    0.45   0.13      0.42
363  0.33984375 0.43801047 0.02798000         0    0.45   0.13      0.42
364  0.23828125 0.43801047 0.02798000         0    0.45   0.13      0.42
365  0.13281250 0.43801047 0.02798000         0    0.45   0.13      0.42
366  0.08984375 0.43801047 0.02798000         0    0.45   0.13      0.42
367  1.00000000 0.43801047 0.02798000         0    0.45   0.13      0.42
368  0.09765625 0.43801047 0.02798000         0    0.45   0.13      0.42
369  1.00000000 0.43801047 0.02798000         0    0.45   0.13      0.42
370  1.00000000 0.43801047 0.02798000         0    0.45   0.13      0.42
371  0.28906250 0.43801047 0.02798000         0    0.45   0.13      0.42
372  1.00000000 0.43801047 0.02798000         0    0.45   0.13      0.42
373  0.53515625 0.43801047 0.02798000         0    0.45   0.13      0.42
374  1.00000000 0.43801047 0.02798000         0    0.45   0.13      0.42
375  1.00000000 0.43801047 0.02798000         0    0.45   0.13      0.42
376  0.31640625 0.43801047 0.02798000         0    0.45   0.13      0.42
377  1.00000000 0.43801047 0.02798000         0    0.45   0.13      0.42
378  0.12109375 0.43801047 0.02798000         0    0.45   0.13      0.42
379  0.68359375 0.43801047 0.02798000         0    0.45   0.13      0.42
380  0.27343750 0.43801047 0.02798000         0    0.45   0.13      0.42
381  0.19921875 0.43801047 0.02798000         0    0.45   0.13      0.42
382  1.00000000 0.43801047 0.02798000         0    0.45   0.13      0.42
383  1.00000000 0.43801047 0.02798000         0    0.45   0.13      0.42
384  0.15625000 0.43801047 0.02798000         0    0.45   0.13      0.42
385  0.30859375 0.43801047 0.02798000         0    0.45   0.13      0.42
386  0.21875000 0.43801047 0.02798000         0    0.45   0.13      0.42
387  0.12890625 0.43801047 0.02798000         0    0.45   0.13      0.42
388  0.08984375 0.43801047 0.02798000         0    0.45   0.13      0.42
389  0.19531250 0.43801047 0.02798000         0    0.45   0.13      0.42
390  0.19531250 0.43801047 0.02798000         0    0.45   0.13      0.42
391  0.36718750 0.43801047 0.02798000         0    0.45   0.13      0.42
392  1.00000000 0.43801047 0.02798000         0    0.45   0.13      0.42
393  0.36718750 0.43801047 0.02798000         0    0.45   0.13      0.42
394  0.28515625 0.43801047 0.02798000         0    0.45   0.13      0.42
395  0.30859375 0.43801047 0.02798000         0    0.45   0.13      0.42
396  0.16406250 0.43801047 0.02798000         0    0.45   0.13      0.42
397  1.00000000 0.43801047 0.02798000         0    0.45   0.13      0.42
398  0.08203125 0.43801047 0.02798000         0    0.45   0.13      0.42
399  0.18750000 0.43801047 0.02798000         0    0.45   0.13      0.42
400  1.00000000 0.43801047 0.02798000         0    0.45   0.13      0.42
401  0.71093750 0.02159173 0.16741441         0    0.07   0.49      0.44
402  0.87890625 0.02159173 0.16741441         0    0.07   0.49      0.44
403  0.91015625 0.02159173 0.16741441         0    0.07   0.49      0.44
404  0.90625000 0.02159173 0.16741441         0    0.07   0.49      0.44
405  0.86328125 0.02159173 0.16741441         0    0.07   0.49      0.44
406  0.87500000 0.02159173 0.16741441         0    0.07   0.49      0.44
407  0.86718750 0.02159173 0.16741441         0    0.07   0.49      0.44
408  0.64062500 0.02159173 0.16741441         0    0.07   0.49      0.44
409  0.66015625 0.02159173 0.16741441         0    0.07   0.49      0.44
410  0.92187500 0.02159173 0.16741441         0    0.07   0.49      0.44
411  0.67578125 0.02159173 0.16741441         0    0.07   0.49      0.44
412  0.91796875 0.02159173 0.16741441         0    0.07   0.49      0.44
413  0.91015625 0.02159173 0.16741441         0    0.07   0.49      0.44
414  0.82031250 0.02159173 0.16741441         0    0.07   0.49      0.44
415  0.90234375 0.02159173 0.16741441         0    0.07   0.49      0.44
416  0.82031250 0.02159173 0.16741441         0    0.07   0.49      0.44
417  0.71093750 0.02159173 0.16741441         0    0.07   0.49      0.44
418  0.94140625 0.02159173 0.16741441         0    0.07   0.49      0.44
419  0.88671875 0.02159173 0.16741441         0    0.07   0.49      0.44
420  0.55468750 0.02159173 0.16741441         0    0.07   0.49      0.44
421  0.77343750 0.02159173 0.16741441         0    0.07   0.49      0.44
422  0.82421875 0.02159173 0.16741441         0    0.07   0.49      0.44
423  0.58984375 0.02159173 0.16741441         0    0.07   0.49      0.44
424  0.86328125 0.02159173 0.16741441         0    0.07   0.49      0.44
425  0.74609375 0.02159173 0.16741441         0    0.07   0.49      0.44
426  0.88281250 0.02159173 0.16741441         0    0.07   0.49      0.44
427  0.74609375 0.02159173 0.16741441         0    0.07   0.49      0.44
428  1.00000000 0.02159173 0.16741441         0    0.07   0.49      0.44
429  0.80859375 0.02159173 0.16741441         0    0.07   0.49      0.44
430  0.92187500 0.02159173 0.16741441         0    0.07   0.49      0.44
431  0.88281250 0.02159173 0.16741441         0    0.07   0.49      0.44
432  0.89843750 0.02159173 0.16741441         0    0.07   0.49      0.44
433  0.89843750 0.02159173 0.16741441         0    0.07   0.49      0.44
434  0.53125000 0.02159173 0.16741441         0    0.07   0.49      0.44
435  0.80859375 0.02159173 0.16741441         0    0.07   0.49      0.44
436  0.83984375 0.02159173 0.16741441         0    0.07   0.49      0.44
437  0.70703125 0.02159173 0.16741441         0    0.07   0.49      0.44
438  0.74609375 0.02159173 0.16741441         0    0.07   0.49      0.44
439  0.73828125 0.02159173 0.16741441         0    0.07   0.49      0.44
440  0.80078125 0.02159173 0.16741441         0    0.07   0.49      0.44
441  0.96484375 0.02159173 0.16741441         0    0.07   0.49      0.44
442  0.97265625 0.02159173 0.16741441         0    0.07   0.49      0.44
443  0.66406250 0.02159173 0.16741441         0    0.07   0.49      0.44
444  0.75000000 0.02159173 0.16741441         0    0.07   0.49      0.44
445  0.79687500 0.02159173 0.16741441         0    0.07   0.49      0.44
446  0.76562500 0.02159173 0.16741441         0    0.07   0.49      0.44
447  0.74609375 0.02159173 0.16741441         0    0.07   0.49      0.44
448  0.50390625 0.02159173 0.16741441         0    0.07   0.49      0.44
449  0.63671875 0.02159173 0.16741441         0    0.07   0.49      0.44
450  0.61328125 0.02159173 0.16741441         0    0.07   0.49      0.44
451  0.81250000 0.02159173 0.16741441         0    0.07   0.49      0.44
452  0.65625000 0.02159173 0.16741441         0    0.07   0.49      0.44
453  0.69531250 0.02159173 0.16741441         0    0.07   0.49      0.44
454  0.75781250 0.02159173 0.16741441         0    0.07   0.49      0.44
455  0.70703125 0.02159173 0.16741441         0    0.07   0.49      0.44
456  0.85156250 0.02159173 0.16741441         0    0.07   0.49      0.44
457  0.76562500 0.02159173 0.16741441         0    0.07   0.49      0.44
458  0.73828125 0.02159173 0.16741441         0    0.07   0.49      0.44
459  0.53515625 0.02159173 0.16741441         0    0.07   0.49      0.44
460  0.69531250 0.02159173 0.16741441         0    0.07   0.49      0.44
461  1.00000000 0.02159173 0.16741441         0    0.07   0.49      0.44
462  0.75390625 0.02159173 0.16741441         0    0.07   0.49      0.44
463  0.74218750 0.02159173 0.16741441         0    0.07   0.49      0.44
464  0.75000000 0.02159173 0.16741441         0    0.07   0.49      0.44
465  0.70312500 0.02159173 0.16741441         0    0.07   0.49      0.44
466  0.85937500 0.02159173 0.16741441         0    0.07   0.49      0.44
467  0.64843750 0.02159173 0.16741441         0    0.07   0.49      0.44
468  0.73437500 0.02159173 0.16741441         0    0.07   0.49      0.44
469  0.83984375 0.02159173 0.16741441         0    0.07   0.49      0.44
470  0.86328125 0.02159173 0.16741441         0    0.07   0.49      0.44
471  0.71484375 0.02159173 0.16741441         0    0.07   0.49      0.44
472  0.97656250 0.02159173 0.16741441         0    0.07   0.49      0.44
473  0.76562500 0.02159173 0.16741441         0    0.07   0.49      0.44
474  0.69531250 0.02159173 0.16741441         0    0.07   0.49      0.44
475  0.75000000 0.02159173 0.16741441         0    0.07   0.49      0.44
476  0.52734375 0.02159173 0.16741441         0    0.07   0.49      0.44
477  1.00000000 0.02159173 0.16741441         0    0.07   0.49      0.44
478  0.67578125 0.02159173 0.16741441         0    0.07   0.49      0.44
479  0.79296875 0.02159173 0.16741441         0    0.07   0.49      0.44
480  0.65234375 0.02159173 0.16741441         0    0.07   0.49      0.44
481  0.80468750 0.02159173 0.16741441         0    0.07   0.49      0.44
482  0.70312500 0.02159173 0.16741441         0    0.07   0.49      0.44
483  0.57421875 0.02159173 0.16741441         0    0.07   0.49      0.44
484  0.76562500 0.02159173 0.16741441         0    0.07   0.49      0.44
485  0.84765625 0.02159173 0.16741441         0    0.07   0.49      0.44
486  0.72656250 0.02159173 0.16741441         0    0.07   0.49      0.44
487  0.53125000 0.02159173 0.16741441         0    0.07   0.49      0.44
488  0.95312500 0.02159173 0.16741441         0    0.07   0.49      0.44
489  0.76562500 0.02159173 0.16741441         0    0.07   0.49      0.44
490  1.00000000 0.02159173 0.16741441         0    0.07   0.49      0.44
491  1.00000000 0.02159173 0.16741441         0    0.07   0.49      0.44
492  0.70703125 0.02159173 0.16741441         0    0.07   0.49      0.44
493  0.91796875 0.02159173 0.16741441         0    0.07   0.49      0.44
494  0.58593750 0.02159173 0.16741441         0    0.07   0.49      0.44
495  0.81250000 0.02159173 0.16741441         0    0.07   0.49      0.44
496  0.73437500 0.02159173 0.16741441         0    0.07   0.49      0.44
497  0.86328125 0.02159173 0.16741441         0    0.07   0.49      0.44
498  1.00000000 0.02159173 0.16741441         0    0.07   0.49      0.44
499  0.91015625 0.02159173 0.16741441         0    0.07   0.49      0.44
500  0.76953125 0.02159173 0.16741441         0    0.07   0.49      0.44
501  0.57031250 0.37189615 0.01507931         0    0.48   0.09      0.43
502  0.23828125 0.37189615 0.01507931         0    0.48   0.09      0.43
503  0.02343750 0.37189615 0.01507931         0    0.48   0.09      0.43
504  1.00000000 0.37189615 0.01507931         0    0.48   0.09      0.43
505  0.12109375 0.37189615 0.01507931         0    0.48   0.09      0.43
506  0.02343750 0.37189615 0.01507931         0    0.48   0.09      0.43
507  1.00000000 0.37189615 0.01507931         0    0.48   0.09      0.43
508  0.08203125 0.37189615 0.01507931         0    0.48   0.09      0.43
509  0.06250000 0.37189615 0.01507931         0    0.48   0.09      0.43
510  0.06250000 0.37189615 0.01507931         0    0.48   0.09      0.43
511  0.16796875 0.37189615 0.01507931         0    0.48   0.09      0.43
512  1.00000000 0.37189615 0.01507931         0    0.48   0.09      0.43
513  1.00000000 0.37189615 0.01507931         0    0.48   0.09      0.43
514  0.51171875 0.37189615 0.01507931         0    0.48   0.09      0.43
515  0.01953125 0.37189615 0.01507931         0    0.48   0.09      0.43
516  1.00000000 0.37189615 0.01507931         0    0.48   0.09      0.43
517  1.00000000 0.37189615 0.01507931         0    0.48   0.09      0.43
518  1.00000000 0.37189615 0.01507931         0    0.48   0.09      0.43
519  1.00000000 0.37189615 0.01507931         0    0.48   0.09      0.43
520  1.00000000 0.37189615 0.01507931         0    0.48   0.09      0.43
521  0.11718750 0.37189615 0.01507931         0    0.48   0.09      0.43
522  1.00000000 0.37189615 0.01507931         0    0.48   0.09      0.43
523  0.09765625 0.37189615 0.01507931         0    0.48   0.09      0.43
524  0.44531250 0.37189615 0.01507931         0    0.48   0.09      0.43
525  0.06640625 0.37189615 0.01507931         0    0.48   0.09      0.43
526  1.00000000 0.37189615 0.01507931         0    0.48   0.09      0.43
527  1.00000000 0.37189615 0.01507931         0    0.48   0.09      0.43
528  0.07421875 0.37189615 0.01507931         0    0.48   0.09      0.43
529  0.27343750 0.37189615 0.01507931         0    0.48   0.09      0.43
530  0.04296875 0.37189615 0.01507931         0    0.48   0.09      0.43
531  0.14843750 0.37189615 0.01507931         0    0.48   0.09      0.43
532  1.00000000 0.37189615 0.01507931         0    0.48   0.09      0.43
533  0.07031250 0.37189615 0.01507931         0    0.48   0.09      0.43
534  0.06250000 0.37189615 0.01507931         0    0.48   0.09      0.43
535  0.04687500 0.37189615 0.01507931         0    0.48   0.09      0.43
536  1.00000000 0.37189615 0.01507931         0    0.48   0.09      0.43
537  1.00000000 0.37189615 0.01507931         0    0.48   0.09      0.43
538  0.65234375 0.37189615 0.01507931         0    0.48   0.09      0.43
539  0.14062500 0.37189615 0.01507931         0    0.48   0.09      0.43
540  1.00000000 0.37189615 0.01507931         0    0.48   0.09      0.43
541  1.00000000 0.37189615 0.01507931         0    0.48   0.09      0.43
542  0.06640625 0.37189615 0.01507931         0    0.48   0.09      0.43
543  0.13671875 0.37189615 0.01507931         0    0.48   0.09      0.43
544  0.04296875 0.37189615 0.01507931         0    0.48   0.09      0.43
545  0.03906250 0.37189615 0.01507931         0    0.48   0.09      0.43
546  0.10937500 0.37189615 0.01507931         0    0.48   0.09      0.43
547  1.00000000 0.37189615 0.01507931         0    0.48   0.09      0.43
548  0.04687500 0.37189615 0.01507931         0    0.48   0.09      0.43
549  1.00000000 0.37189615 0.01507931         0    0.48   0.09      0.43
550  0.08593750 0.37189615 0.01507931         0    0.48   0.09      0.43
551  0.06640625 0.37189615 0.01507931         0    0.48   0.09      0.43
552  1.00000000 0.37189615 0.01507931         0    0.48   0.09      0.43
553  0.10156250 0.37189615 0.01507931         0    0.48   0.09      0.43
554  0.04687500 0.37189615 0.01507931         0    0.48   0.09      0.43
555  1.00000000 0.37189615 0.01507931         0    0.48   0.09      0.43
556  0.14453125 0.37189615 0.01507931         0    0.48   0.09      0.43
557  0.06640625 0.37189615 0.01507931         0    0.48   0.09      0.43
558  1.00000000 0.37189615 0.01507931         0    0.48   0.09      0.43
559  0.07031250 0.37189615 0.01507931         0    0.48   0.09      0.43
560  1.00000000 0.37189615 0.01507931         0    0.48   0.09      0.43
561  0.05859375 0.37189615 0.01507931         0    0.48   0.09      0.43
562  1.00000000 0.37189615 0.01507931         0    0.48   0.09      0.43
563  0.05468750 0.37189615 0.01507931         0    0.48   0.09      0.43
564  0.04687500 0.37189615 0.01507931         0    0.48   0.09      0.43
565  1.00000000 0.37189615 0.01507931         0    0.48   0.09      0.43
566  1.00000000 0.37189615 0.01507931         0    0.48   0.09      0.43
567  0.01953125 0.37189615 0.01507931         0    0.48   0.09      0.43
568  0.08593750 0.37189615 0.01507931         0    0.48   0.09      0.43
569  0.19140625 0.37189615 0.01507931         0    0.48   0.09      0.43
570  0.12500000 0.37189615 0.01507931         0    0.48   0.09      0.43
571  1.00000000 0.37189615 0.01507931         0    0.48   0.09      0.43
572  1.00000000 0.37189615 0.01507931         0    0.48   0.09      0.43
573  0.51562500 0.37189615 0.01507931         0    0.48   0.09      0.43
574  0.06640625 0.37189615 0.01507931         0    0.48   0.09      0.43
575  0.09375000 0.37189615 0.01507931         0    0.48   0.09      0.43
576  0.02343750 0.37189615 0.01507931         0    0.48   0.09      0.43
577  1.00000000 0.37189615 0.01507931         0    0.48   0.09      0.43
578  0.09765625 0.37189615 0.01507931         0    0.48   0.09      0.43
579  1.00000000 0.37189615 0.01507931         0    0.48   0.09      0.43
580  1.00000000 0.37189615 0.01507931         0    0.48   0.09      0.43
581  0.05859375 0.37189615 0.01507931         0    0.48   0.09      0.43
582  1.00000000 0.37189615 0.01507931         0    0.48   0.09      0.43
583  1.00000000 0.37189615 0.01507931         0    0.48   0.09      0.43
584  1.00000000 0.37189615 0.01507931         0    0.48   0.09      0.43
585  0.07812500 0.37189615 0.01507931         0    0.48   0.09      0.43
586  1.00000000 0.37189615 0.01507931         0    0.48   0.09      0.43
587  0.14062500 0.37189615 0.01507931         0    0.48   0.09      0.43
588  1.00000000 0.37189615 0.01507931         0    0.48   0.09      0.43
589  0.08593750 0.37189615 0.01507931         0    0.48   0.09      0.43
590  0.07031250 0.37189615 0.01507931         0    0.48   0.09      0.43
591  0.05078125 0.37189615 0.01507931         0    0.48   0.09      0.43
592  0.07421875 0.37189615 0.01507931         0    0.48   0.09      0.43
593  1.00000000 0.37189615 0.01507931         0    0.48   0.09      0.43
594  1.00000000 0.37189615 0.01507931         0    0.48   0.09      0.43
595  0.06250000 0.37189615 0.01507931         0    0.48   0.09      0.43
596  1.00000000 0.37189615 0.01507931         0    0.48   0.09      0.43
597  0.06640625 0.37189615 0.01507931         0    0.48   0.09      0.43
598  1.00000000 0.37189615 0.01507931         0    0.48   0.09      0.43
599  1.00000000 0.37189615 0.01507931         0    0.48   0.09      0.43
600  0.01171875 0.37189615 0.01507931         0    0.48   0.09      0.43
601  0.57812500 0.03927446 0.11502291         0    0.14   0.43      0.43
602  0.87500000 0.03927446 0.11502291         0    0.14   0.43      0.43
603  0.40625000 0.03927446 0.11502291         0    0.14   0.43      0.43
604  0.61328125 0.03927446 0.11502291         0    0.14   0.43      0.43
605  0.96093750 0.03927446 0.11502291         0    0.14   0.43      0.43
606  0.77343750 0.03927446 0.11502291         0    0.14   0.43      0.43
607  0.74609375 0.03927446 0.11502291         0    0.14   0.43      0.43
608  1.00000000 0.03927446 0.11502291         0    0.14   0.43      0.43
609  0.65234375 0.03927446 0.11502291         0    0.14   0.43      0.43
610  0.69531250 0.03927446 0.11502291         0    0.14   0.43      0.43
611  0.66406250 0.03927446 0.11502291         0    0.14   0.43      0.43
612  0.55468750 0.03927446 0.11502291         0    0.14   0.43      0.43
613  0.79296875 0.03927446 0.11502291         0    0.14   0.43      0.43
614  1.00000000 0.03927446 0.11502291         0    0.14   0.43      0.43
615  0.49218750 0.03927446 0.11502291         0    0.14   0.43      0.43
616  0.79296875 0.03927446 0.11502291         0    0.14   0.43      0.43
617  0.62500000 0.03927446 0.11502291         0    0.14   0.43      0.43
618  0.61328125 0.03927446 0.11502291         0    0.14   0.43      0.43
619  0.35546875 0.03927446 0.11502291         0    0.14   0.43      0.43
620  0.62890625 0.03927446 0.11502291         0    0.14   0.43      0.43
621  0.68359375 0.03927446 0.11502291         0    0.14   0.43      0.43
622  0.59765625 0.03927446 0.11502291         0    0.14   0.43      0.43
623  0.74218750 0.03927446 0.11502291         0    0.14   0.43      0.43
624  0.78125000 0.03927446 0.11502291         0    0.14   0.43      0.43
625  0.59765625 0.03927446 0.11502291         0    0.14   0.43      0.43
626  0.54687500 0.03927446 0.11502291         0    0.14   0.43      0.43
627  0.78515625 0.03927446 0.11502291         0    0.14   0.43      0.43
628  0.62109375 0.03927446 0.11502291         0    0.14   0.43      0.43
629  0.58593750 0.03927446 0.11502291         0    0.14   0.43      0.43
630  0.50000000 0.03927446 0.11502291         0    0.14   0.43      0.43
631  0.69531250 0.03927446 0.11502291         0    0.14   0.43      0.43
632  0.62500000 0.03927446 0.11502291         0    0.14   0.43      0.43
633  0.69531250 0.03927446 0.11502291         0    0.14   0.43      0.43
634  0.75781250 0.03927446 0.11502291         0    0.14   0.43      0.43
635  0.57421875 0.03927446 0.11502291         0    0.14   0.43      0.43
636  0.33984375 0.03927446 0.11502291         0    0.14   0.43      0.43
637  0.72265625 0.03927446 0.11502291         0    0.14   0.43      0.43
638  0.44921875 0.03927446 0.11502291         0    0.14   0.43      0.43
639  0.86328125 0.03927446 0.11502291         0    0.14   0.43      0.43
640  1.00000000 0.03927446 0.11502291         0    0.14   0.43      0.43
641  0.63671875 0.03927446 0.11502291         0    0.14   0.43      0.43
642  0.63281250 0.03927446 0.11502291         0    0.14   0.43      0.43
643  1.00000000 0.03927446 0.11502291         0    0.14   0.43      0.43
644  0.63281250 0.03927446 0.11502291         0    0.14   0.43      0.43
645  0.83984375 0.03927446 0.11502291         0    0.14   0.43      0.43
646  0.51562500 0.03927446 0.11502291         0    0.14   0.43      0.43
647  0.84765625 0.03927446 0.11502291         0    0.14   0.43      0.43
648  0.80078125 0.03927446 0.11502291         0    0.14   0.43      0.43
649  0.48046875 0.03927446 0.11502291         0    0.14   0.43      0.43
650  0.44921875 0.03927446 0.11502291         0    0.14   0.43      0.43
651  0.81640625 0.03927446 0.11502291         0    0.14   0.43      0.43
652  0.85546875 0.03927446 0.11502291         0    0.14   0.43      0.43
653  0.70703125 0.03927446 0.11502291         0    0.14   0.43      0.43
654  0.58984375 0.03927446 0.11502291         0    0.14   0.43      0.43
655  0.65625000 0.03927446 0.11502291         0    0.14   0.43      0.43
656  0.68359375 0.03927446 0.11502291         0    0.14   0.43      0.43
657  1.00000000 0.03927446 0.11502291         0    0.14   0.43      0.43
658  0.49609375 0.03927446 0.11502291         0    0.14   0.43      0.43
659  0.76562500 0.03927446 0.11502291         0    0.14   0.43      0.43
660  0.62109375 0.03927446 0.11502291         0    0.14   0.43      0.43
661  0.58203125 0.03927446 0.11502291         0    0.14   0.43      0.43
662  0.69921875 0.03927446 0.11502291         0    0.14   0.43      0.43
663  0.51171875 0.03927446 0.11502291         0    0.14   0.43      0.43
664  0.39062500 0.03927446 0.11502291         0    0.14   0.43      0.43
665  0.50781250 0.03927446 0.11502291         0    0.14   0.43      0.43
666  0.65625000 0.03927446 0.11502291         0    0.14   0.43      0.43
667  0.64062500 0.03927446 0.11502291         0    0.14   0.43      0.43
668  0.71875000 0.03927446 0.11502291         0    0.14   0.43      0.43
669  0.57031250 0.03927446 0.11502291         0    0.14   0.43      0.43
670  0.67578125 0.03927446 0.11502291         0    0.14   0.43      0.43
671  0.71484375 0.03927446 0.11502291         0    0.14   0.43      0.43
672  0.61328125 0.03927446 0.11502291         0    0.14   0.43      0.43
673  0.55859375 0.03927446 0.11502291         0    0.14   0.43      0.43
674  0.55078125 0.03927446 0.11502291         0    0.14   0.43      0.43
675  0.37500000 0.03927446 0.11502291         0    0.14   0.43      0.43
676  0.75390625 0.03927446 0.11502291         0    0.14   0.43      0.43
677  0.75000000 0.03927446 0.11502291         0    0.14   0.43      0.43
678  0.60546875 0.03927446 0.11502291         0    0.14   0.43      0.43
679  0.54687500 0.03927446 0.11502291         0    0.14   0.43      0.43
680  0.50390625 0.03927446 0.11502291         0    0.14   0.43      0.43
681  0.40625000 0.03927446 0.11502291         0    0.14   0.43      0.43
682  0.49609375 0.03927446 0.11502291         0    0.14   0.43      0.43
683  0.77734375 0.03927446 0.11502291         0    0.14   0.43      0.43
684  0.49218750 0.03927446 0.11502291         0    0.14   0.43      0.43
685  0.75000000 0.03927446 0.11502291         0    0.14   0.43      0.43
686  0.82031250 0.03927446 0.11502291         0    0.14   0.43      0.43
687  0.53125000 0.03927446 0.11502291         0    0.14   0.43      0.43
688  0.55859375 0.03927446 0.11502291         0    0.14   0.43      0.43
689  0.48046875 0.03927446 0.11502291         0    0.14   0.43      0.43
690  0.80468750 0.03927446 0.11502291         0    0.14   0.43      0.43
691  0.44531250 0.03927446 0.11502291         0    0.14   0.43      0.43
692  0.53125000 0.03927446 0.11502291         0    0.14   0.43      0.43
693  0.50781250 0.03927446 0.11502291         0    0.14   0.43      0.43
694  0.54687500 0.03927446 0.11502291         0    0.14   0.43      0.43
695  0.58984375 0.03927446 0.11502291         0    0.14   0.43      0.43
696  0.54296875 0.03927446 0.11502291         0    0.14   0.43      0.43
697  0.51562500 0.03927446 0.11502291         0    0.14   0.43      0.43
698  0.83593750 0.03927446 0.11502291         0    0.14   0.43      0.43
699  0.78125000 0.03927446 0.11502291         0    0.14   0.43      0.43
700  0.50781250 0.03927446 0.11502291         0    0.14   0.43      0.43
701  0.66796875 0.01221816 0.16537490         0    0.06   0.52      0.42
702  0.77734375 0.01221816 0.16537490         0    0.06   0.52      0.42
703  0.84765625 0.01221816 0.16537490         0    0.06   0.52      0.42
704  0.75390625 0.01221816 0.16537490         0    0.06   0.52      0.42
705  0.66796875 0.01221816 0.16537490         0    0.06   0.52      0.42
706  0.76562500 0.01221816 0.16537490         0    0.06   0.52      0.42
707  0.82812500 0.01221816 0.16537490         0    0.06   0.52      0.42
708  0.66015625 0.01221816 0.16537490         0    0.06   0.52      0.42
709  0.78125000 0.01221816 0.16537490         0    0.06   0.52      0.42
710  0.87500000 0.01221816 0.16537490         0    0.06   0.52      0.42
711  0.64062500 0.01221816 0.16537490         0    0.06   0.52      0.42
712  0.83593750 0.01221816 0.16537490         0    0.06   0.52      0.42
713  0.60546875 0.01221816 0.16537490         0    0.06   0.52      0.42
714  0.93359375 0.01221816 0.16537490         0    0.06   0.52      0.42
715  0.85156250 0.01221816 0.16537490         0    0.06   0.52      0.42
716  0.58203125 0.01221816 0.16537490         0    0.06   0.52      0.42
717  0.82421875 0.01221816 0.16537490         0    0.06   0.52      0.42
718  0.59375000 0.01221816 0.16537490         0    0.06   0.52      0.42
719  1.00000000 0.01221816 0.16537490         0    0.06   0.52      0.42
720  0.73828125 0.01221816 0.16537490         0    0.06   0.52      0.42
721  0.84375000 0.01221816 0.16537490         0    0.06   0.52      0.42
722  0.58203125 0.01221816 0.16537490         0    0.06   0.52      0.42
723  0.69921875 0.01221816 0.16537490         0    0.06   0.52      0.42
724  0.82421875 0.01221816 0.16537490         0    0.06   0.52      0.42
725  0.67187500 0.01221816 0.16537490         0    0.06   0.52      0.42
726  0.87500000 0.01221816 0.16537490         0    0.06   0.52      0.42
727  0.77343750 0.01221816 0.16537490         0    0.06   0.52      0.42
728  0.82031250 0.01221816 0.16537490         0    0.06   0.52      0.42
729  0.73828125 0.01221816 0.16537490         0    0.06   0.52      0.42
730  0.72265625 0.01221816 0.16537490         0    0.06   0.52      0.42
731  0.87500000 0.01221816 0.16537490         0    0.06   0.52      0.42
732  0.73437500 0.01221816 0.16537490         0    0.06   0.52      0.42
733  0.72265625 0.01221816 0.16537490         0    0.06   0.52      0.42
734  0.80078125 0.01221816 0.16537490         0    0.06   0.52      0.42
735  0.63671875 0.01221816 0.16537490         0    0.06   0.52      0.42
736  0.94531250 0.01221816 0.16537490         0    0.06   0.52      0.42
737  0.54687500 0.01221816 0.16537490         0    0.06   0.52      0.42
738  0.72265625 0.01221816 0.16537490         0    0.06   0.52      0.42
739  0.75000000 0.01221816 0.16537490         0    0.06   0.52      0.42
740  0.71875000 0.01221816 0.16537490         0    0.06   0.52      0.42
741  0.89843750 0.01221816 0.16537490         0    0.06   0.52      0.42
742  0.80859375 0.01221816 0.16537490         0    0.06   0.52      0.42
743  0.69140625 0.01221816 0.16537490         0    0.06   0.52      0.42
744  0.69531250 0.01221816 0.16537490         0    0.06   0.52      0.42
745  0.73437500 0.01221816 0.16537490         0    0.06   0.52      0.42
746  0.89062500 0.01221816 0.16537490         0    0.06   0.52      0.42
747  0.60546875 0.01221816 0.16537490         0    0.06   0.52      0.42
748  0.73437500 0.01221816 0.16537490         0    0.06   0.52      0.42
749  0.73828125 0.01221816 0.16537490         0    0.06   0.52      0.42
750  0.88281250 0.01221816 0.16537490         0    0.06   0.52      0.42
751  0.83984375 0.01221816 0.16537490         0    0.06   0.52      0.42
752  1.00000000 0.01221816 0.16537490         0    0.06   0.52      0.42
753  0.73437500 0.01221816 0.16537490         0    0.06   0.52      0.42
754  0.80859375 0.01221816 0.16537490         0    0.06   0.52      0.42
755  0.81250000 0.01221816 0.16537490         0    0.06   0.52      0.42
756  0.73437500 0.01221816 0.16537490         0    0.06   0.52      0.42
757  0.67968750 0.01221816 0.16537490         0    0.06   0.52      0.42
758  0.60937500 0.01221816 0.16537490         0    0.06   0.52      0.42
759  0.67187500 0.01221816 0.16537490         0    0.06   0.52      0.42
760  0.76562500 0.01221816 0.16537490         0    0.06   0.52      0.42
761  0.68359375 0.01221816 0.16537490         0    0.06   0.52      0.42
762  0.60156250 0.01221816 0.16537490         0    0.06   0.52      0.42
763  0.61718750 0.01221816 0.16537490         0    0.06   0.52      0.42
764  0.87109375 0.01221816 0.16537490         0    0.06   0.52      0.42
765  0.55468750 0.01221816 0.16537490         0    0.06   0.52      0.42
766  1.00000000 0.01221816 0.16537490         0    0.06   0.52      0.42
767  0.75390625 0.01221816 0.16537490         0    0.06   0.52      0.42
768  0.94921875 0.01221816 0.16537490         0    0.06   0.52      0.42
769  0.65234375 0.01221816 0.16537490         0    0.06   0.52      0.42
770  0.78515625 0.01221816 0.16537490         0    0.06   0.52      0.42
771  0.57812500 0.01221816 0.16537490         0    0.06   0.52      0.42
772  0.56250000 0.01221816 0.16537490         0    0.06   0.52      0.42
773  0.73828125 0.01221816 0.16537490         0    0.06   0.52      0.42
774  0.84375000 0.01221816 0.16537490         0    0.06   0.52      0.42
775  0.81250000 0.01221816 0.16537490         0    0.06   0.52      0.42
776  0.62109375 0.01221816 0.16537490         0    0.06   0.52      0.42
777  1.00000000 0.01221816 0.16537490         0    0.06   0.52      0.42
778  0.65234375 0.01221816 0.16537490         0    0.06   0.52      0.42
779  0.62890625 0.01221816 0.16537490         0    0.06   0.52      0.42
780  0.51562500 0.01221816 0.16537490         0    0.06   0.52      0.42
781  0.93359375 0.01221816 0.16537490         0    0.06   0.52      0.42
782  0.60937500 0.01221816 0.16537490         0    0.06   0.52      0.42
783  0.75000000 0.01221816 0.16537490         0    0.06   0.52      0.42
784  0.61718750 0.01221816 0.16537490         0    0.06   0.52      0.42
785  0.78515625 0.01221816 0.16537490         0    0.06   0.52      0.42
786  1.00000000 0.01221816 0.16537490         0    0.06   0.52      0.42
787  0.77343750 0.01221816 0.16537490         0    0.06   0.52      0.42
788  0.66015625 0.01221816 0.16537490         0    0.06   0.52      0.42
789  0.71875000 0.01221816 0.16537490         0    0.06   0.52      0.42
790  0.75000000 0.01221816 0.16537490         0    0.06   0.52      0.42
791  0.68750000 0.01221816 0.16537490         0    0.06   0.52      0.42
792  0.74609375 0.01221816 0.16537490         0    0.06   0.52      0.42
793  0.76171875 0.01221816 0.16537490         0    0.06   0.52      0.42
794  0.75781250 0.01221816 0.16537490         0    0.06   0.52      0.42
795  0.72656250 0.01221816 0.16537490         0    0.06   0.52      0.42
796  0.61718750 0.01221816 0.16537490         0    0.06   0.52      0.42
797  0.78125000 0.01221816 0.16537490         0    0.06   0.52      0.42
798  0.80078125 0.01221816 0.16537490         0    0.06   0.52      0.42
799  1.00000000 0.01221816 0.16537490         0    0.06   0.52      0.42
800  0.69531250 0.01221816 0.16537490         0    0.06   0.52      0.42
801  0.67578125 0.16860291 0.11770674         0    0.14   0.42      0.44
802  1.00000000 0.16860291 0.11770674         0    0.14   0.42      0.44
803  0.53906250 0.16860291 0.11770674         0    0.14   0.42      0.44
804  0.67578125 0.16860291 0.11770674         0    0.14   0.42      0.44
805  0.71875000 0.16860291 0.11770674         0    0.14   0.42      0.44
806  0.57421875 0.16860291 0.11770674         0    0.14   0.42      0.44
807  0.50390625 0.16860291 0.11770674         0    0.14   0.42      0.44
808  0.58203125 0.16860291 0.11770674         0    0.14   0.42      0.44
809  0.51171875 0.16860291 0.11770674         0    0.14   0.42      0.44
810  0.57812500 0.16860291 0.11770674         0    0.14   0.42      0.44
811  0.71484375 0.16860291 0.11770674         0    0.14   0.42      0.44
812  1.00000000 0.16860291 0.11770674         0    0.14   0.42      0.44
813  0.55468750 0.16860291 0.11770674         0    0.14   0.42      0.44
814  1.00000000 0.16860291 0.11770674         0    0.14   0.42      0.44
815  0.66015625 0.16860291 0.11770674         0    0.14   0.42      0.44
816  0.43750000 0.16860291 0.11770674         0    0.14   0.42      0.44
817  0.86328125 0.16860291 0.11770674         0    0.14   0.42      0.44
818  1.00000000 0.16860291 0.11770674         0    0.14   0.42      0.44
819  0.43750000 0.16860291 0.11770674         0    0.14   0.42      0.44
820  0.58984375 0.16860291 0.11770674         0    0.14   0.42      0.44
821  0.58203125 0.16860291 0.11770674         0    0.14   0.42      0.44
822  0.62109375 0.16860291 0.11770674         0    0.14   0.42      0.44
823  0.40234375 0.16860291 0.11770674         0    0.14   0.42      0.44
824  1.00000000 0.16860291 0.11770674         0    0.14   0.42      0.44
825  0.56250000 0.16860291 0.11770674         0    0.14   0.42      0.44
826  0.68359375 0.16860291 0.11770674         0    0.14   0.42      0.44
827  1.00000000 0.16860291 0.11770674         0    0.14   0.42      0.44
828  1.00000000 0.16860291 0.11770674         0    0.14   0.42      0.44
829  0.46093750 0.16860291 0.11770674         0    0.14   0.42      0.44
830  0.73046875 0.16860291 0.11770674         0    0.14   0.42      0.44
831  0.63281250 0.16860291 0.11770674         0    0.14   0.42      0.44
832  0.55468750 0.16860291 0.11770674         0    0.14   0.42      0.44
833  0.69531250 0.16860291 0.11770674         0    0.14   0.42      0.44
834  0.82812500 0.16860291 0.11770674         0    0.14   0.42      0.44
835  0.53125000 0.16860291 0.11770674         0    0.14   0.42      0.44
836  0.67187500 0.16860291 0.11770674         0    0.14   0.42      0.44
837  1.00000000 0.16860291 0.11770674         0    0.14   0.42      0.44
838  0.45703125 0.16860291 0.11770674         0    0.14   0.42      0.44
839  0.66406250 0.16860291 0.11770674         0    0.14   0.42      0.44
840  0.60546875 0.16860291 0.11770674         0    0.14   0.42      0.44
841  0.60156250 0.16860291 0.11770674         0    0.14   0.42      0.44
842  1.00000000 0.16860291 0.11770674         0    0.14   0.42      0.44
843  0.63671875 0.16860291 0.11770674         0    0.14   0.42      0.44
844  1.00000000 0.16860291 0.11770674         0    0.14   0.42      0.44
845  0.53906250 0.16860291 0.11770674         0    0.14   0.42      0.44
846  0.75390625 0.16860291 0.11770674         0    0.14   0.42      0.44
847  0.55468750 0.16860291 0.11770674         0    0.14   0.42      0.44
848  0.49609375 0.16860291 0.11770674         0    0.14   0.42      0.44
849  0.84375000 0.16860291 0.11770674         0    0.14   0.42      0.44
850  0.78515625 0.16860291 0.11770674         0    0.14   0.42      0.44
851  0.73437500 0.16860291 0.11770674         0    0.14   0.42      0.44
852  0.74609375 0.16860291 0.11770674         0    0.14   0.42      0.44
853  0.54296875 0.16860291 0.11770674         0    0.14   0.42      0.44
854  0.57812500 0.16860291 0.11770674         0    0.14   0.42      0.44
855  0.77734375 0.16860291 0.11770674         0    0.14   0.42      0.44
856  0.72265625 0.16860291 0.11770674         0    0.14   0.42      0.44
857  0.41796875 0.16860291 0.11770674         0    0.14   0.42      0.44
858  0.53125000 0.16860291 0.11770674         0    0.14   0.42      0.44
859  0.70703125 0.16860291 0.11770674         0    0.14   0.42      0.44
860  0.79296875 0.16860291 0.11770674         0    0.14   0.42      0.44
861  0.89843750 0.16860291 0.11770674         0    0.14   0.42      0.44
862  0.57812500 0.16860291 0.11770674         0    0.14   0.42      0.44
863  0.64453125 0.16860291 0.11770674         0    0.14   0.42      0.44
864  0.60937500 0.16860291 0.11770674         0    0.14   0.42      0.44
865  0.39062500 0.16860291 0.11770674         0    0.14   0.42      0.44
866  0.46484375 0.16860291 0.11770674         0    0.14   0.42      0.44
867  1.00000000 0.16860291 0.11770674         0    0.14   0.42      0.44
868  0.69921875 0.16860291 0.11770674         0    0.14   0.42      0.44
869  0.49609375 0.16860291 0.11770674         0    0.14   0.42      0.44
870  0.61328125 0.16860291 0.11770674         0    0.14   0.42      0.44
871  0.58593750 0.16860291 0.11770674         0    0.14   0.42      0.44
872  0.52343750 0.16860291 0.11770674         0    0.14   0.42      0.44
873  0.77734375 0.16860291 0.11770674         0    0.14   0.42      0.44
874  1.00000000 0.16860291 0.11770674         0    0.14   0.42      0.44
875  0.43359375 0.16860291 0.11770674         0    0.14   0.42      0.44
876  0.67187500 0.16860291 0.11770674         0    0.14   0.42      0.44
877  1.00000000 0.16860291 0.11770674         0    0.14   0.42      0.44
878  0.66015625 0.16860291 0.11770674         0    0.14   0.42      0.44
879  0.49609375 0.16860291 0.11770674         0    0.14   0.42      0.44
880  0.75000000 0.16860291 0.11770674         0    0.14   0.42      0.44
881  0.61328125 0.16860291 0.11770674         0    0.14   0.42      0.44
882  0.59375000 0.16860291 0.11770674         0    0.14   0.42      0.44
883  0.55468750 0.16860291 0.11770674         0    0.14   0.42      0.44
884  0.47265625 0.16860291 0.11770674         0    0.14   0.42      0.44
885  0.67968750 0.16860291 0.11770674         0    0.14   0.42      0.44
886  0.64453125 0.16860291 0.11770674         0    0.14   0.42      0.44
887  1.00000000 0.16860291 0.11770674         0    0.14   0.42      0.44
888  0.71484375 0.16860291 0.11770674         0    0.14   0.42      0.44
889  0.76171875 0.16860291 0.11770674         0    0.14   0.42      0.44
890  0.58984375 0.16860291 0.11770674         0    0.14   0.42      0.44
891  0.51171875 0.16860291 0.11770674         0    0.14   0.42      0.44
892  1.00000000 0.16860291 0.11770674         0    0.14   0.42      0.44
893  1.00000000 0.16860291 0.11770674         0    0.14   0.42      0.44
894  0.53515625 0.16860291 0.11770674         0    0.14   0.42      0.44
895  0.83984375 0.16860291 0.11770674         0    0.14   0.42      0.44
896  0.76171875 0.16860291 0.11770674         0    0.14   0.42      0.44
897  1.00000000 0.16860291 0.11770674         0    0.14   0.42      0.44
898  0.84375000 0.16860291 0.11770674         0    0.14   0.42      0.44
899  0.55468750 0.16860291 0.11770674         0    0.14   0.42      0.44
900  0.40234375 0.16860291 0.11770674         0    0.14   0.42      0.44
901  0.78906250 0.05747683 0.16793043         0    0.04   0.53      0.43
902  0.84375000 0.05747683 0.16793043         0    0.04   0.53      0.43
903  0.79296875 0.05747683 0.16793043         0    0.04   0.53      0.43
904  0.74218750 0.05747683 0.16793043         0    0.04   0.53      0.43
905  0.76562500 0.05747683 0.16793043         0    0.04   0.53      0.43
906  0.82812500 0.05747683 0.16793043         0    0.04   0.53      0.43
907  0.71875000 0.05747683 0.16793043         0    0.04   0.53      0.43
908  0.53906250 0.05747683 0.16793043         0    0.04   0.53      0.43
909  0.85937500 0.05747683 0.16793043         0    0.04   0.53      0.43
910  0.53906250 0.05747683 0.16793043         0    0.04   0.53      0.43
911  0.84765625 0.05747683 0.16793043         0    0.04   0.53      0.43
912  0.71093750 0.05747683 0.16793043         0    0.04   0.53      0.43
913  0.68750000 0.05747683 0.16793043         0    0.04   0.53      0.43
914  0.89453125 0.05747683 0.16793043         0    0.04   0.53      0.43
915  0.64843750 0.05747683 0.16793043         0    0.04   0.53      0.43
916  0.74609375 0.05747683 0.16793043         0    0.04   0.53      0.43
917  1.00000000 0.05747683 0.16793043         0    0.04   0.53      0.43
918  1.00000000 0.05747683 0.16793043         0    0.04   0.53      0.43
919  0.73828125 0.05747683 0.16793043         0    0.04   0.53      0.43
920  1.00000000 0.05747683 0.16793043         0    0.04   0.53      0.43
921  0.90234375 0.05747683 0.16793043         0    0.04   0.53      0.43
922  0.85937500 0.05747683 0.16793043         0    0.04   0.53      0.43
923  0.85546875 0.05747683 0.16793043         0    0.04   0.53      0.43
924  1.00000000 0.05747683 0.16793043         0    0.04   0.53      0.43
925  0.71093750 0.05747683 0.16793043         0    0.04   0.53      0.43
926  0.74218750 0.05747683 0.16793043         0    0.04   0.53      0.43
927  0.80078125 0.05747683 0.16793043         0    0.04   0.53      0.43
928  0.77734375 0.05747683 0.16793043         0    0.04   0.53      0.43
929  0.91015625 0.05747683 0.16793043         0    0.04   0.53      0.43
930  0.70312500 0.05747683 0.16793043         0    0.04   0.53      0.43
931  0.78906250 0.05747683 0.16793043         0    0.04   0.53      0.43
932  0.93750000 0.05747683 0.16793043         0    0.04   0.53      0.43
933  0.63281250 0.05747683 0.16793043         0    0.04   0.53      0.43
934  0.76562500 0.05747683 0.16793043         0    0.04   0.53      0.43
935  0.88671875 0.05747683 0.16793043         0    0.04   0.53      0.43
936  0.78125000 0.05747683 0.16793043         0    0.04   0.53      0.43
937  1.00000000 0.05747683 0.16793043         0    0.04   0.53      0.43
938  0.84765625 0.05747683 0.16793043         0    0.04   0.53      0.43
939  0.76562500 0.05747683 0.16793043         0    0.04   0.53      0.43
940  0.91406250 0.05747683 0.16793043         0    0.04   0.53      0.43
941  0.77734375 0.05747683 0.16793043         0    0.04   0.53      0.43
942  0.87109375 0.05747683 0.16793043         0    0.04   0.53      0.43
943  0.84765625 0.05747683 0.16793043         0    0.04   0.53      0.43
944  0.67578125 0.05747683 0.16793043         0    0.04   0.53      0.43
945  0.82421875 0.05747683 0.16793043         0    0.04   0.53      0.43
946  0.87109375 0.05747683 0.16793043         0    0.04   0.53      0.43
947  1.00000000 0.05747683 0.16793043         0    0.04   0.53      0.43
948  0.68359375 0.05747683 0.16793043         0    0.04   0.53      0.43
949  0.74609375 0.05747683 0.16793043         0    0.04   0.53      0.43
950  0.83984375 0.05747683 0.16793043         0    0.04   0.53      0.43
951  0.82421875 0.05747683 0.16793043         0    0.04   0.53      0.43
952  0.71875000 0.05747683 0.16793043         0    0.04   0.53      0.43
953  0.80859375 0.05747683 0.16793043         0    0.04   0.53      0.43
954  0.84765625 0.05747683 0.16793043         0    0.04   0.53      0.43
955  0.71875000 0.05747683 0.16793043         0    0.04   0.53      0.43
956  0.84765625 0.05747683 0.16793043         0    0.04   0.53      0.43
957  0.78515625 0.05747683 0.16793043         0    0.04   0.53      0.43
958  0.71484375 0.05747683 0.16793043         0    0.04   0.53      0.43
959  0.91015625 0.05747683 0.16793043         0    0.04   0.53      0.43
960  0.93359375 0.05747683 0.16793043         0    0.04   0.53      0.43
961  0.95312500 0.05747683 0.16793043         0    0.04   0.53      0.43
962  0.75390625 0.05747683 0.16793043         0    0.04   0.53      0.43
963  0.69531250 0.05747683 0.16793043         0    0.04   0.53      0.43
964  0.92968750 0.05747683 0.16793043         0    0.04   0.53      0.43
965  0.79296875 0.05747683 0.16793043         0    0.04   0.53      0.43
966  0.77343750 0.05747683 0.16793043         0    0.04   0.53      0.43
967  0.67968750 0.05747683 0.16793043         0    0.04   0.53      0.43
968  0.82031250 0.05747683 0.16793043         0    0.04   0.53      0.43
969  0.90234375 0.05747683 0.16793043         0    0.04   0.53      0.43
970  0.64843750 0.05747683 0.16793043         0    0.04   0.53      0.43
971  0.75000000 0.05747683 0.16793043         0    0.04   0.53      0.43
972  0.73437500 0.05747683 0.16793043         0    0.04   0.53      0.43
973  0.83593750 0.05747683 0.16793043         0    0.04   0.53      0.43
974  1.00000000 0.05747683 0.16793043         0    0.04   0.53      0.43
975  0.72265625 0.05747683 0.16793043         0    0.04   0.53      0.43
976  0.64843750 0.05747683 0.16793043         0    0.04   0.53      0.43
977  0.82421875 0.05747683 0.16793043         0    0.04   0.53      0.43
978  0.59765625 0.05747683 0.16793043         0    0.04   0.53      0.43
979  0.83593750 0.05747683 0.16793043         0    0.04   0.53      0.43
980  0.78906250 0.05747683 0.16793043         0    0.04   0.53      0.43
981  0.90234375 0.05747683 0.16793043         0    0.04   0.53      0.43
982  0.85937500 0.05747683 0.16793043         0    0.04   0.53      0.43
983  0.61718750 0.05747683 0.16793043         0    0.04   0.53      0.43
984  0.65625000 0.05747683 0.16793043         0    0.04   0.53      0.43
985  0.75000000 0.05747683 0.16793043         0    0.04   0.53      0.43
986  0.59375000 0.05747683 0.16793043         0    0.04   0.53      0.43
987  0.77343750 0.05747683 0.16793043         0    0.04   0.53      0.43
988  0.79296875 0.05747683 0.16793043         0    0.04   0.53      0.43
989  0.68750000 0.05747683 0.16793043         0    0.04   0.53      0.43
990  0.70312500 0.05747683 0.16793043         0    0.04   0.53      0.43
991  1.00000000 0.05747683 0.16793043         0    0.04   0.53      0.43
992  0.77734375 0.05747683 0.16793043         0    0.04   0.53      0.43
993  0.72265625 0.05747683 0.16793043         0    0.04   0.53      0.43
994  0.80078125 0.05747683 0.16793043         0    0.04   0.53      0.43
995  0.92968750 0.05747683 0.16793043         0    0.04   0.53      0.43
996  0.92187500 0.05747683 0.16793043         0    0.04   0.53      0.43
997  0.78125000 0.05747683 0.16793043         0    0.04   0.53      0.43
998  0.66015625 0.05747683 0.16793043         0    0.04   0.53      0.43
999  0.59765625 0.05747683 0.16793043         0    0.04   0.53      0.43
1000 0.74609375 0.05747683 0.16793043         0    0.04   0.53      0.43
