     prop.aneu prob.meio  prob.mito dispersal euploid mosaic aneuploid
1   0.90625000 0.1582095 0.17728350         0    0.02   0.49      0.49
2   0.80078125 0.1582095 0.17728350         0    0.02   0.49      0.49
3   0.80468750 0.1582095 0.17728350         0    0.02   0.49      0.49
4   0.89843750 0.1582095 0.17728350         0    0.02   0.49      0.49
5   0.83593750 0.1582095 0.17728350         0    0.02   0.49      0.49
6   0.88281250 0.1582095 0.17728350         0    0.02   0.49      0.49
7   0.75390625 0.1582095 0.17728350         0    0.02   0.49      0.49
8   1.00000000 0.1582095 0.17728350         0    0.02   0.49      0.49
9   0.93359375 0.1582095 0.17728350         0    0.02   0.49      0.49
10  0.87109375 0.1582095 0.17728350         0    0.02   0.49      0.49
11  0.78515625 0.1582095 0.17728350         0    0.02   0.49      0.49
12  1.00000000 0.1582095 0.17728350         0    0.02   0.49      0.49
13  0.55859375 0.1582095 0.17728350         0    0.02   0.49      0.49
14  0.82421875 0.1582095 0.17728350         0    0.02   0.49      0.49
15  0.83593750 0.1582095 0.17728350         0    0.02   0.49      0.49
16  0.74218750 0.1582095 0.17728350         0    0.02   0.49      0.49
17  0.80078125 0.1582095 0.17728350         0    0.02   0.49      0.49
18  0.94531250 0.1582095 0.17728350         0    0.02   0.49      0.49
19  0.83984375 0.1582095 0.17728350         0    0.02   0.49      0.49
20  0.89062500 0.1582095 0.17728350         0    0.02   0.49      0.49
21  0.71093750 0.1582095 0.17728350         0    0.02   0.49      0.49
22  0.85156250 0.1582095 0.17728350         0    0.02   0.49      0.49
23  0.70703125 0.1582095 0.17728350         0    0.02   0.49      0.49
24  0.76953125 0.1582095 0.17728350         0    0.02   0.49      0.49
25  0.83593750 0.1582095 0.17728350         0    0.02   0.49      0.49
26  0.87890625 0.1582095 0.17728350         0    0.02   0.49      0.49
27  0.89843750 0.1582095 0.17728350         0    0.02   0.49      0.49
28  0.81250000 0.1582095 0.17728350         0    0.02   0.49      0.49
29  0.93359375 0.1582095 0.17728350         0    0.02   0.49      0.49
30  0.88671875 0.1582095 0.17728350         0    0.02   0.49      0.49
31  1.00000000 0.1582095 0.17728350         0    0.02   0.49      0.49
32  0.71484375 0.1582095 0.17728350         0    0.02   0.49      0.49
33  0.90625000 0.1582095 0.17728350         0    0.02   0.49      0.49
34  0.89453125 0.1582095 0.17728350         0    0.02   0.49      0.49
35  0.66406250 0.1582095 0.17728350         0    0.02   0.49      0.49
36  0.67187500 0.1582095 0.17728350         0    0.02   0.49      0.49
37  0.69531250 0.1582095 0.17728350         0    0.02   0.49      0.49
38  1.00000000 0.1582095 0.17728350         0    0.02   0.49      0.49
39  0.91796875 0.1582095 0.17728350         0    0.02   0.49      0.49
40  0.94921875 0.1582095 0.17728350         0    0.02   0.49      0.49
41  0.88281250 0.1582095 0.17728350         0    0.02   0.49      0.49
42  0.73046875 0.1582095 0.17728350         0    0.02   0.49      0.49
43  0.60546875 0.1582095 0.17728350         0    0.02   0.49      0.49
44  0.87890625 0.1582095 0.17728350         0    0.02   0.49      0.49
45  0.64843750 0.1582095 0.17728350         0    0.02   0.49      0.49
46  0.72265625 0.1582095 0.17728350         0    0.02   0.49      0.49
47  0.80468750 0.1582095 0.17728350         0    0.02   0.49      0.49
48  0.97265625 0.1582095 0.17728350         0    0.02   0.49      0.49
49  0.97265625 0.1582095 0.17728350         0    0.02   0.49      0.49
50  0.60937500 0.1582095 0.17728350         0    0.02   0.49      0.49
51  0.69921875 0.1582095 0.17728350         0    0.02   0.49      0.49
52  0.64453125 0.1582095 0.17728350         0    0.02   0.49      0.49
53  0.77734375 0.1582095 0.17728350         0    0.02   0.49      0.49
54  0.75000000 0.1582095 0.17728350         0    0.02   0.49      0.49
55  0.71875000 0.1582095 0.17728350         0    0.02   0.49      0.49
56  0.75000000 0.1582095 0.17728350         0    0.02   0.49      0.49
57  1.00000000 0.1582095 0.17728350         0    0.02   0.49      0.49
58  0.89062500 0.1582095 0.17728350         0    0.02   0.49      0.49
59  0.89453125 0.1582095 0.17728350         0    0.02   0.49      0.49
60  0.78906250 0.1582095 0.17728350         0    0.02   0.49      0.49
61  0.68750000 0.1582095 0.17728350         0    0.02   0.49      0.49
62  0.92968750 0.1582095 0.17728350         0    0.02   0.49      0.49
63  0.96875000 0.1582095 0.17728350         0    0.02   0.49      0.49
64  0.78906250 0.1582095 0.17728350         0    0.02   0.49      0.49
65  0.82031250 0.1582095 0.17728350         0    0.02   0.49      0.49
66  0.79687500 0.1582095 0.17728350         0    0.02   0.49      0.49
67  0.80468750 0.1582095 0.17728350         0    0.02   0.49      0.49
68  0.85546875 0.1582095 0.17728350         0    0.02   0.49      0.49
69  0.78906250 0.1582095 0.17728350         0    0.02   0.49      0.49
70  0.69921875 0.1582095 0.17728350         0    0.02   0.49      0.49
71  0.67968750 0.1582095 0.17728350         0    0.02   0.49      0.49
72  0.70703125 0.1582095 0.17728350         0    0.02   0.49      0.49
73  0.68359375 0.1582095 0.17728350         0    0.02   0.49      0.49
74  1.00000000 0.1582095 0.17728350         0    0.02   0.49      0.49
75  0.61328125 0.1582095 0.17728350         0    0.02   0.49      0.49
76  0.83984375 0.1582095 0.17728350         0    0.02   0.49      0.49
77  1.00000000 0.1582095 0.17728350         0    0.02   0.49      0.49
78  1.00000000 0.1582095 0.17728350         0    0.02   0.49      0.49
79  0.79687500 0.1582095 0.17728350         0    0.02   0.49      0.49
80  0.82812500 0.1582095 0.17728350         0    0.02   0.49      0.49
81  0.76562500 0.1582095 0.17728350         0    0.02   0.49      0.49
82  1.00000000 0.1582095 0.17728350         0    0.02   0.49      0.49
83  0.57421875 0.1582095 0.17728350         0    0.02   0.49      0.49
84  0.87500000 0.1582095 0.17728350         0    0.02   0.49      0.49
85  0.85546875 0.1582095 0.17728350         0    0.02   0.49      0.49
86  0.72265625 0.1582095 0.17728350         0    0.02   0.49      0.49
87  0.75781250 0.1582095 0.17728350         0    0.02   0.49      0.49
88  0.67968750 0.1582095 0.17728350         0    0.02   0.49      0.49
89  0.76953125 0.1582095 0.17728350         0    0.02   0.49      0.49
90  0.51562500 0.1582095 0.17728350         0    0.02   0.49      0.49
91  0.75390625 0.1582095 0.17728350         0    0.02   0.49      0.49
92  0.89453125 0.1582095 0.17728350         0    0.02   0.49      0.49
93  0.66796875 0.1582095 0.17728350         0    0.02   0.49      0.49
94  0.72265625 0.1582095 0.17728350         0    0.02   0.49      0.49
95  0.68750000 0.1582095 0.17728350         0    0.02   0.49      0.49
96  1.00000000 0.1582095 0.17728350         0    0.02   0.49      0.49
97  0.96875000 0.1582095 0.17728350         0    0.02   0.49      0.49
98  0.51953125 0.1582095 0.17728350         0    0.02   0.49      0.49
99  0.75781250 0.1582095 0.17728350         0    0.02   0.49      0.49
100 0.45703125 0.1582095 0.17728350         0    0.02   0.49      0.49
101 1.00000000 0.3990760 0.06535163         0    0.26   0.31      0.43
102 0.21093750 0.3990760 0.06535163         0    0.26   0.31      0.43
103 1.00000000 0.3990760 0.06535163         0    0.26   0.31      0.43
104 0.37890625 0.3990760 0.06535163         0    0.26   0.31      0.43
105 1.00000000 0.3990760 0.06535163         0    0.26   0.31      0.43
106 0.63281250 0.3990760 0.06535163         0    0.26   0.31      0.43
107 0.54296875 0.3990760 0.06535163         0    0.26   0.31      0.43
108 0.37500000 0.3990760 0.06535163         0    0.26   0.31      0.43
109 1.00000000 0.3990760 0.06535163         0    0.26   0.31      0.43
110 1.00000000 0.3990760 0.06535163         0    0.26   0.31      0.43
111 1.00000000 0.3990760 0.06535163         0    0.26   0.31      0.43
112 1.00000000 0.3990760 0.06535163         0    0.26   0.31      0.43
113 1.00000000 0.3990760 0.06535163         0    0.26   0.31      0.43
114 0.30859375 0.3990760 0.06535163         0    0.26   0.31      0.43
115 1.00000000 0.3990760 0.06535163         0    0.26   0.31      0.43
116 0.48046875 0.3990760 0.06535163         0    0.26   0.31      0.43
117 0.40625000 0.3990760 0.06535163         0    0.26   0.31      0.43
118 0.31640625 0.3990760 0.06535163         0    0.26   0.31      0.43
119 0.75000000 0.3990760 0.06535163         0    0.26   0.31      0.43
120 1.00000000 0.3990760 0.06535163         0    0.26   0.31      0.43
121 0.37109375 0.3990760 0.06535163         0    0.26   0.31      0.43
122 0.45312500 0.3990760 0.06535163         0    0.26   0.31      0.43
123 0.33984375 0.3990760 0.06535163         0    0.26   0.31      0.43
124 0.24218750 0.3990760 0.06535163         0    0.26   0.31      0.43
125 1.00000000 0.3990760 0.06535163         0    0.26   0.31      0.43
126 0.29687500 0.3990760 0.06535163         0    0.26   0.31      0.43
127 1.00000000 0.3990760 0.06535163         0    0.26   0.31      0.43
128 0.36718750 0.3990760 0.06535163         0    0.26   0.31      0.43
129 0.41406250 0.3990760 0.06535163         0    0.26   0.31      0.43
130 1.00000000 0.3990760 0.06535163         0    0.26   0.31      0.43
131 0.52734375 0.3990760 0.06535163         0    0.26   0.31      0.43
132 0.78906250 0.3990760 0.06535163         0    0.26   0.31      0.43
133 0.53515625 0.3990760 0.06535163         0    0.26   0.31      0.43
134 0.65625000 0.3990760 0.06535163         0    0.26   0.31      0.43
135 0.32421875 0.3990760 0.06535163         0    0.26   0.31      0.43
136 1.00000000 0.3990760 0.06535163         0    0.26   0.31      0.43
137 1.00000000 0.3990760 0.06535163         0    0.26   0.31      0.43
138 1.00000000 0.3990760 0.06535163         0    0.26   0.31      0.43
139 0.27343750 0.3990760 0.06535163         0    0.26   0.31      0.43
140 1.00000000 0.3990760 0.06535163         0    0.26   0.31      0.43
141 0.72656250 0.3990760 0.06535163         0    0.26   0.31      0.43
142 1.00000000 0.3990760 0.06535163         0    0.26   0.31      0.43
143 0.41796875 0.3990760 0.06535163         0    0.26   0.31      0.43
144 1.00000000 0.3990760 0.06535163         0    0.26   0.31      0.43
145 0.42187500 0.3990760 0.06535163         0    0.26   0.31      0.43
146 1.00000000 0.3990760 0.06535163         0    0.26   0.31      0.43
147 0.53125000 0.3990760 0.06535163         0    0.26   0.31      0.43
148 0.27343750 0.3990760 0.06535163         0    0.26   0.31      0.43
149 1.00000000 0.3990760 0.06535163         0    0.26   0.31      0.43
150 0.34765625 0.3990760 0.06535163         0    0.26   0.31      0.43
151 0.60546875 0.3990760 0.06535163         0    0.26   0.31      0.43
152 0.37109375 0.3990760 0.06535163         0    0.26   0.31      0.43
153 0.58203125 0.3990760 0.06535163         0    0.26   0.31      0.43
154 0.31250000 0.3990760 0.06535163         0    0.26   0.31      0.43
155 0.27343750 0.3990760 0.06535163         0    0.26   0.31      0.43
156 0.39062500 0.3990760 0.06535163         0    0.26   0.31      0.43
157 0.27343750 0.3990760 0.06535163         0    0.26   0.31      0.43
158 0.44531250 0.3990760 0.06535163         0    0.26   0.31      0.43
159 0.33593750 0.3990760 0.06535163         0    0.26   0.31      0.43
160 0.37109375 0.3990760 0.06535163         0    0.26   0.31      0.43
161 0.44531250 0.3990760 0.06535163         0    0.26   0.31      0.43
162 0.32421875 0.3990760 0.06535163         0    0.26   0.31      0.43
163 0.20703125 0.3990760 0.06535163         0    0.26   0.31      0.43
164 1.00000000 0.3990760 0.06535163         0    0.26   0.31      0.43
165 0.21093750 0.3990760 0.06535163         0    0.26   0.31      0.43
166 0.56640625 0.3990760 0.06535163         0    0.26   0.31      0.43
167 0.46875000 0.3990760 0.06535163         0    0.26   0.31      0.43
168 0.44140625 0.3990760 0.06535163         0    0.26   0.31      0.43
169 0.38281250 0.3990760 0.06535163         0    0.26   0.31      0.43
170 0.37109375 0.3990760 0.06535163         0    0.26   0.31      0.43
171 1.00000000 0.3990760 0.06535163         0    0.26   0.31      0.43
172 0.18359375 0.3990760 0.06535163         0    0.26   0.31      0.43
173 0.72265625 0.3990760 0.06535163         0    0.26   0.31      0.43
174 1.00000000 0.3990760 0.06535163         0    0.26   0.31      0.43
175 0.45312500 0.3990760 0.06535163         0    0.26   0.31      0.43
176 1.00000000 0.3990760 0.06535163         0    0.26   0.31      0.43
177 0.43359375 0.3990760 0.06535163         0    0.26   0.31      0.43
178 0.39062500 0.3990760 0.06535163         0    0.26   0.31      0.43
179 1.00000000 0.3990760 0.06535163         0    0.26   0.31      0.43
180 1.00000000 0.3990760 0.06535163         0    0.26   0.31      0.43
181 0.45312500 0.3990760 0.06535163         0    0.26   0.31      0.43
182 0.42968750 0.3990760 0.06535163         0    0.26   0.31      0.43
183 0.67968750 0.3990760 0.06535163         0    0.26   0.31      0.43
184 1.00000000 0.3990760 0.06535163         0    0.26   0.31      0.43
185 0.34375000 0.3990760 0.06535163         0    0.26   0.31      0.43
186 0.36328125 0.3990760 0.06535163         0    0.26   0.31      0.43
187 0.26562500 0.3990760 0.06535163         0    0.26   0.31      0.43
188 1.00000000 0.3990760 0.06535163         0    0.26   0.31      0.43
189 0.35156250 0.3990760 0.06535163         0    0.26   0.31      0.43
190 1.00000000 0.3990760 0.06535163         0    0.26   0.31      0.43
191 0.39843750 0.3990760 0.06535163         0    0.26   0.31      0.43
192 0.36718750 0.3990760 0.06535163         0    0.26   0.31      0.43
193 1.00000000 0.3990760 0.06535163         0    0.26   0.31      0.43
194 0.62890625 0.3990760 0.06535163         0    0.26   0.31      0.43
195 1.00000000 0.3990760 0.06535163         0    0.26   0.31      0.43
196 0.25390625 0.3990760 0.06535163         0    0.26   0.31      0.43
197 0.37500000 0.3990760 0.06535163         0    0.26   0.31      0.43
198 0.46484375 0.3990760 0.06535163         0    0.26   0.31      0.43
199 0.33203125 0.3990760 0.06535163         0    0.26   0.31      0.43
200 1.00000000 0.3990760 0.06535163         0    0.26   0.31      0.43
201 1.00000000 0.4378385 0.01284561         0    0.46   0.09      0.45
202 0.03125000 0.4378385 0.01284561         0    0.46   0.09      0.45
203 0.35546875 0.4378385 0.01284561         0    0.46   0.09      0.45
204 0.08593750 0.4378385 0.01284561         0    0.46   0.09      0.45
205 0.04687500 0.4378385 0.01284561         0    0.46   0.09      0.45
206 0.02343750 0.4378385 0.01284561         0    0.46   0.09      0.45
207 0.11718750 0.4378385 0.01284561         0    0.46   0.09      0.45
208 1.00000000 0.4378385 0.01284561         0    0.46   0.09      0.45
209 0.02734375 0.4378385 0.01284561         0    0.46   0.09      0.45
210 1.00000000 0.4378385 0.01284561         0    0.46   0.09      0.45
211 0.02343750 0.4378385 0.01284561         0    0.46   0.09      0.45
212 0.12890625 0.4378385 0.01284561         0    0.46   0.09      0.45
213 1.00000000 0.4378385 0.01284561         0    0.46   0.09      0.45
214 1.00000000 0.4378385 0.01284561         0    0.46   0.09      0.45
215 0.04296875 0.4378385 0.01284561         0    0.46   0.09      0.45
216 0.13281250 0.4378385 0.01284561         0    0.46   0.09      0.45
217 0.11718750 0.4378385 0.01284561         0    0.46   0.09      0.45
218 1.00000000 0.4378385 0.01284561         0    0.46   0.09      0.45
219 1.00000000 0.4378385 0.01284561         0    0.46   0.09      0.45
220 0.05468750 0.4378385 0.01284561         0    0.46   0.09      0.45
221 1.00000000 0.4378385 0.01284561         0    0.46   0.09      0.45
222 1.00000000 0.4378385 0.01284561         0    0.46   0.09      0.45
223 0.04296875 0.4378385 0.01284561         0    0.46   0.09      0.45
224 0.10546875 0.4378385 0.01284561         0    0.46   0.09      0.45
225 0.01171875 0.4378385 0.01284561         0    0.46   0.09      0.45
226 0.02343750 0.4378385 0.01284561         0    0.46   0.09      0.45
227 1.00000000 0.4378385 0.01284561         0    0.46   0.09      0.45
228 0.01562500 0.4378385 0.01284561         0    0.46   0.09      0.45
229 1.00000000 0.4378385 0.01284561         0    0.46   0.09      0.45
230 0.14843750 0.4378385 0.01284561         0    0.46   0.09      0.45
231 1.00000000 0.4378385 0.01284561         0    0.46   0.09      0.45
232 1.00000000 0.4378385 0.01284561         0    0.46   0.09      0.45
233 1.00000000 0.4378385 0.01284561         0    0.46   0.09      0.45
234 0.10937500 0.4378385 0.01284561         0    0.46   0.09      0.45
235 0.00390625 0.4378385 0.01284561         0    0.46   0.09      0.45
236 0.10546875 0.4378385 0.01284561         0    0.46   0.09      0.45
237 0.07031250 0.4378385 0.01284561         0    0.46   0.09      0.45
238 0.05468750 0.4378385 0.01284561         0    0.46   0.09      0.45
239 1.00000000 0.4378385 0.01284561         0    0.46   0.09      0.45
240 0.07421875 0.4378385 0.01284561         0    0.46   0.09      0.45
241 0.06640625 0.4378385 0.01284561         0    0.46   0.09      0.45
242 1.00000000 0.4378385 0.01284561         0    0.46   0.09      0.45
243 1.00000000 0.4378385 0.01284561         0    0.46   0.09      0.45
244 1.00000000 0.4378385 0.01284561         0    0.46   0.09      0.45
245 1.00000000 0.4378385 0.01284561         0    0.46   0.09      0.45
246 1.00000000 0.4378385 0.01284561         0    0.46   0.09      0.45
247 0.14453125 0.4378385 0.01284561         0    0.46   0.09      0.45
248 1.00000000 0.4378385 0.01284561         0    0.46   0.09      0.45
249 1.00000000 0.4378385 0.01284561         0    0.46   0.09      0.45
250 0.05859375 0.4378385 0.01284561         0    0.46   0.09      0.45
251 1.00000000 0.4378385 0.01284561         0    0.46   0.09      0.45
252 0.04687500 0.4378385 0.01284561         0    0.46   0.09      0.45
253 0.03906250 0.4378385 0.01284561         0    0.46   0.09      0.45
254 1.00000000 0.4378385 0.01284561         0    0.46   0.09      0.45
255 1.00000000 0.4378385 0.01284561         0    0.46   0.09      0.45
256 0.02734375 0.4378385 0.01284561         0    0.46   0.09      0.45
257 0.08203125 0.4378385 0.01284561         0    0.46   0.09      0.45
258 0.07812500 0.4378385 0.01284561         0    0.46   0.09      0.45
259 1.00000000 0.4378385 0.01284561         0    0.46   0.09      0.45
260 1.00000000 0.4378385 0.01284561         0    0.46   0.09      0.45
261 0.07421875 0.4378385 0.01284561         0    0.46   0.09      0.45
262 1.00000000 0.4378385 0.01284561         0    0.46   0.09      0.45
263 0.08593750 0.4378385 0.01284561         0    0.46   0.09      0.45
264 0.05468750 0.4378385 0.01284561         0    0.46   0.09      0.45
265 1.00000000 0.4378385 0.01284561         0    0.46   0.09      0.45
266 0.07031250 0.4378385 0.01284561         0    0.46   0.09      0.45
267 0.03906250 0.4378385 0.01284561         0    0.46   0.09      0.45
268 1.00000000 0.4378385 0.01284561         0    0.46   0.09      0.45
269 1.00000000 0.4378385 0.01284561         0    0.46   0.09      0.45
270 0.06250000 0.4378385 0.01284561         0    0.46   0.09      0.45
271 0.07031250 0.4378385 0.01284561         0    0.46   0.09      0.45
272 0.09375000 0.4378385 0.01284561         0    0.46   0.09      0.45
273 0.07031250 0.4378385 0.01284561         0    0.46   0.09      0.45
274 1.00000000 0.4378385 0.01284561         0    0.46   0.09      0.45
275 0.03906250 0.4378385 0.01284561         0    0.46   0.09      0.45
276 0.05468750 0.4378385 0.01284561         0    0.46   0.09      0.45
277 1.00000000 0.4378385 0.01284561         0    0.46   0.09      0.45
278 0.01171875 0.4378385 0.01284561         0    0.46   0.09      0.45
279 0.14062500 0.4378385 0.01284561         0    0.46   0.09      0.45
280 0.01953125 0.4378385 0.01284561         0    0.46   0.09      0.45
281 0.08203125 0.4378385 0.01284561         0    0.46   0.09      0.45
282 0.43359375 0.4378385 0.01284561         0    0.46   0.09      0.45
283 1.00000000 0.4378385 0.01284561         0    0.46   0.09      0.45
284 1.00000000 0.4378385 0.01284561         0    0.46   0.09      0.45
285 1.00000000 0.4378385 0.01284561         0    0.46   0.09      0.45
286 1.00000000 0.4378385 0.01284561         0    0.46   0.09      0.45
287 1.00000000 0.4378385 0.01284561         0    0.46   0.09      0.45
288 1.00000000 0.4378385 0.01284561         0    0.46   0.09      0.45
289 0.05078125 0.4378385 0.01284561         0    0.46   0.09      0.45
290 1.00000000 0.4378385 0.01284561         0    0.46   0.09      0.45
291 1.00000000 0.4378385 0.01284561         0    0.46   0.09      0.45
292 1.00000000 0.4378385 0.01284561         0    0.46   0.09      0.45
293 1.00000000 0.4378385 0.01284561         0    0.46   0.09      0.45
294 1.00000000 0.4378385 0.01284561         0    0.46   0.09      0.45
295 0.06250000 0.4378385 0.01284561         0    0.46   0.09      0.45
296 0.02343750 0.4378385 0.01284561         0    0.46   0.09      0.45
297 0.14453125 0.4378385 0.01284561         0    0.46   0.09      0.45
298 0.03125000 0.4378385 0.01284561         0    0.46   0.09      0.45
299 1.00000000 0.4378385 0.01284561         0    0.46   0.09      0.45
300 0.13281250 0.4378385 0.01284561         0    0.46   0.09      0.45
301 1.00000000 0.4478040 0.02743651         0    0.31   0.22      0.47
302 0.55468750 0.4478040 0.02743651         0    0.31   0.22      0.47
303 0.19921875 0.4478040 0.02743651         0    0.31   0.22      0.47
304 1.00000000 0.4478040 0.02743651         0    0.31   0.22      0.47
305 0.12890625 0.4478040 0.02743651         0    0.31   0.22      0.47
306 1.00000000 0.4478040 0.02743651         0    0.31   0.22      0.47
307 1.00000000 0.4478040 0.02743651         0    0.31   0.22      0.47
308 0.19531250 0.4478040 0.02743651         0    0.31   0.22      0.47
309 1.00000000 0.4478040 0.02743651         0    0.31   0.22      0.47
310 0.07812500 0.4478040 0.02743651         0    0.31   0.22      0.47
311 1.00000000 0.4478040 0.02743651         0    0.31   0.22      0.47
312 0.56640625 0.4478040 0.02743651         0    0.31   0.22      0.47
313 0.09375000 0.4478040 0.02743651         0    0.31   0.22      0.47
314 0.21875000 0.4478040 0.02743651         0    0.31   0.22      0.47
315 0.15625000 0.4478040 0.02743651         0    0.31   0.22      0.47
316 0.13671875 0.4478040 0.02743651         0    0.31   0.22      0.47
317 0.15625000 0.4478040 0.02743651         0    0.31   0.22      0.47
318 0.33984375 0.4478040 0.02743651         0    0.31   0.22      0.47
319 0.23437500 0.4478040 0.02743651         0    0.31   0.22      0.47
320 0.08593750 0.4478040 0.02743651         0    0.31   0.22      0.47
321 1.00000000 0.4478040 0.02743651         0    0.31   0.22      0.47
322 0.55859375 0.4478040 0.02743651         0    0.31   0.22      0.47
323 1.00000000 0.4478040 0.02743651         0    0.31   0.22      0.47
324 0.07031250 0.4478040 0.02743651         0    0.31   0.22      0.47
325 1.00000000 0.4478040 0.02743651         0    0.31   0.22      0.47
326 0.26562500 0.4478040 0.02743651         0    0.31   0.22      0.47
327 1.00000000 0.4478040 0.02743651         0    0.31   0.22      0.47
328 0.63671875 0.4478040 0.02743651         0    0.31   0.22      0.47
329 0.40625000 0.4478040 0.02743651         0    0.31   0.22      0.47
330 0.09765625 0.4478040 0.02743651         0    0.31   0.22      0.47
331 0.10546875 0.4478040 0.02743651         0    0.31   0.22      0.47
332 0.08593750 0.4478040 0.02743651         0    0.31   0.22      0.47
333 1.00000000 0.4478040 0.02743651         0    0.31   0.22      0.47
334 1.00000000 0.4478040 0.02743651         0    0.31   0.22      0.47
335 1.00000000 0.4478040 0.02743651         0    0.31   0.22      0.47
336 1.00000000 0.4478040 0.02743651         0    0.31   0.22      0.47
337 1.00000000 0.4478040 0.02743651         0    0.31   0.22      0.47
338 1.00000000 0.4478040 0.02743651         0    0.31   0.22      0.47
339 0.14453125 0.4478040 0.02743651         0    0.31   0.22      0.47
340 0.26953125 0.4478040 0.02743651         0    0.31   0.22      0.47
341 0.10937500 0.4478040 0.02743651         0    0.31   0.22      0.47
342 1.00000000 0.4478040 0.02743651         0    0.31   0.22      0.47
343 1.00000000 0.4478040 0.02743651         0    0.31   0.22      0.47
344 1.00000000 0.4478040 0.02743651         0    0.31   0.22      0.47
345 0.07031250 0.4478040 0.02743651         0    0.31   0.22      0.47
346 1.00000000 0.4478040 0.02743651         0    0.31   0.22      0.47
347 0.22656250 0.4478040 0.02743651         0    0.31   0.22      0.47
348 1.00000000 0.4478040 0.02743651         0    0.31   0.22      0.47
349 0.10546875 0.4478040 0.02743651         0    0.31   0.22      0.47
350 0.12500000 0.4478040 0.02743651         0    0.31   0.22      0.47
351 0.20703125 0.4478040 0.02743651         0    0.31   0.22      0.47
352 0.07031250 0.4478040 0.02743651         0    0.31   0.22      0.47
353 1.00000000 0.4478040 0.02743651         0    0.31   0.22      0.47
354 0.23437500 0.4478040 0.02743651         0    0.31   0.22      0.47
355 1.00000000 0.4478040 0.02743651         0    0.31   0.22      0.47
356 0.23046875 0.4478040 0.02743651         0    0.31   0.22      0.47
357 1.00000000 0.4478040 0.02743651         0    0.31   0.22      0.47
358 0.12109375 0.4478040 0.02743651         0    0.31   0.22      0.47
359 0.10156250 0.4478040 0.02743651         0    0.31   0.22      0.47
360 0.13281250 0.4478040 0.02743651         0    0.31   0.22      0.47
361 1.00000000 0.4478040 0.02743651         0    0.31   0.22      0.47
362 0.08593750 0.4478040 0.02743651         0    0.31   0.22      0.47
363 1.00000000 0.4478040 0.02743651         0    0.31   0.22      0.47
364 0.32031250 0.4478040 0.02743651         0    0.31   0.22      0.47
365 0.08984375 0.4478040 0.02743651         0    0.31   0.22      0.47
366 1.00000000 0.4478040 0.02743651         0    0.31   0.22      0.47
367 1.00000000 0.4478040 0.02743651         0    0.31   0.22      0.47
368 1.00000000 0.4478040 0.02743651         0    0.31   0.22      0.47
369 0.09375000 0.4478040 0.02743651         0    0.31   0.22      0.47
370 1.00000000 0.4478040 0.02743651         0    0.31   0.22      0.47
371 0.15625000 0.4478040 0.02743651         0    0.31   0.22      0.47
372 0.16796875 0.4478040 0.02743651         0    0.31   0.22      0.47
373 1.00000000 0.4478040 0.02743651         0    0.31   0.22      0.47
374 0.08203125 0.4478040 0.02743651         0    0.31   0.22      0.47
375 0.11328125 0.4478040 0.02743651         0    0.31   0.22      0.47
376 0.19531250 0.4478040 0.02743651         0    0.31   0.22      0.47
377 0.19921875 0.4478040 0.02743651         0    0.31   0.22      0.47
378 1.00000000 0.4478040 0.02743651         0    0.31   0.22      0.47
379 1.00000000 0.4478040 0.02743651         0    0.31   0.22      0.47
380 1.00000000 0.4478040 0.02743651         0    0.31   0.22      0.47
381 0.12109375 0.4478040 0.02743651         0    0.31   0.22      0.47
382 1.00000000 0.4478040 0.02743651         0    0.31   0.22      0.47
383 1.00000000 0.4478040 0.02743651         0    0.31   0.22      0.47
384 1.00000000 0.4478040 0.02743651         0    0.31   0.22      0.47
385 0.05859375 0.4478040 0.02743651         0    0.31   0.22      0.47
386 1.00000000 0.4478040 0.02743651         0    0.31   0.22      0.47
387 1.00000000 0.4478040 0.02743651         0    0.31   0.22      0.47
388 0.17968750 0.4478040 0.02743651         0    0.31   0.22      0.47
389 0.54687500 0.4478040 0.02743651         0    0.31   0.22      0.47
390 0.10546875 0.4478040 0.02743651         0    0.31   0.22      0.47
391 0.24218750 0.4478040 0.02743651         0    0.31   0.22      0.47
392 0.12890625 0.4478040 0.02743651         0    0.31   0.22      0.47
393 1.00000000 0.4478040 0.02743651         0    0.31   0.22      0.47
394 0.13671875 0.4478040 0.02743651         0    0.31   0.22      0.47
395 1.00000000 0.4478040 0.02743651         0    0.31   0.22      0.47
396 1.00000000 0.4478040 0.02743651         0    0.31   0.22      0.47
397 1.00000000 0.4478040 0.02743651         0    0.31   0.22      0.47
398 0.31640625 0.4478040 0.02743651         0    0.31   0.22      0.47
399 0.12890625 0.4478040 0.02743651         0    0.31   0.22      0.47
400 0.32031250 0.4478040 0.02743651         0    0.31   0.22      0.47
401 0.58984375 0.4947665 0.05911777         0    0.27   0.27      0.46
402 1.00000000 0.4947665 0.05911777         0    0.27   0.27      0.46
403 1.00000000 0.4947665 0.05911777         0    0.27   0.27      0.46
404 1.00000000 0.4947665 0.05911777         0    0.27   0.27      0.46
405 0.59375000 0.4947665 0.05911777         0    0.27   0.27      0.46
406 0.25390625 0.4947665 0.05911777         0    0.27   0.27      0.46
407 0.47265625 0.4947665 0.05911777         0    0.27   0.27      0.46
408 0.21875000 0.4947665 0.05911777         0    0.27   0.27      0.46
409 1.00000000 0.4947665 0.05911777         0    0.27   0.27      0.46
410 1.00000000 0.4947665 0.05911777         0    0.27   0.27      0.46
411 1.00000000 0.4947665 0.05911777         0    0.27   0.27      0.46
412 0.43750000 0.4947665 0.05911777         0    0.27   0.27      0.46
413 1.00000000 0.4947665 0.05911777         0    0.27   0.27      0.46
414 0.23046875 0.4947665 0.05911777         0    0.27   0.27      0.46
415 0.49218750 0.4947665 0.05911777         0    0.27   0.27      0.46
416 1.00000000 0.4947665 0.05911777         0    0.27   0.27      0.46
417 0.51953125 0.4947665 0.05911777         0    0.27   0.27      0.46
418 1.00000000 0.4947665 0.05911777         0    0.27   0.27      0.46
419 1.00000000 0.4947665 0.05911777         0    0.27   0.27      0.46
420 1.00000000 0.4947665 0.05911777         0    0.27   0.27      0.46
421 0.17968750 0.4947665 0.05911777         0    0.27   0.27      0.46
422 0.67187500 0.4947665 0.05911777         0    0.27   0.27      0.46
423 0.45703125 0.4947665 0.05911777         0    0.27   0.27      0.46
424 0.37890625 0.4947665 0.05911777         0    0.27   0.27      0.46
425 0.84375000 0.4947665 0.05911777         0    0.27   0.27      0.46
426 0.30859375 0.4947665 0.05911777         0    0.27   0.27      0.46
427 0.28125000 0.4947665 0.05911777         0    0.27   0.27      0.46
428 0.35937500 0.4947665 0.05911777         0    0.27   0.27      0.46
429 0.28906250 0.4947665 0.05911777         0    0.27   0.27      0.46
430 1.00000000 0.4947665 0.05911777         0    0.27   0.27      0.46
431 0.33984375 0.4947665 0.05911777         0    0.27   0.27      0.46
432 0.46875000 0.4947665 0.05911777         0    0.27   0.27      0.46
433 0.51562500 0.4947665 0.05911777         0    0.27   0.27      0.46
434 0.70312500 0.4947665 0.05911777         0    0.27   0.27      0.46
435 1.00000000 0.4947665 0.05911777         0    0.27   0.27      0.46
436 1.00000000 0.4947665 0.05911777         0    0.27   0.27      0.46
437 0.41015625 0.4947665 0.05911777         0    0.27   0.27      0.46
438 1.00000000 0.4947665 0.05911777         0    0.27   0.27      0.46
439 0.27343750 0.4947665 0.05911777         0    0.27   0.27      0.46
440 1.00000000 0.4947665 0.05911777         0    0.27   0.27      0.46
441 0.29687500 0.4947665 0.05911777         0    0.27   0.27      0.46
442 1.00000000 0.4947665 0.05911777         0    0.27   0.27      0.46
443 1.00000000 0.4947665 0.05911777         0    0.27   0.27      0.46
444 1.00000000 0.4947665 0.05911777         0    0.27   0.27      0.46
445 1.00000000 0.4947665 0.05911777         0    0.27   0.27      0.46
446 1.00000000 0.4947665 0.05911777         0    0.27   0.27      0.46
447 1.00000000 0.4947665 0.05911777         0    0.27   0.27      0.46
448 1.00000000 0.4947665 0.05911777         0    0.27   0.27      0.46
449 1.00000000 0.4947665 0.05911777         0    0.27   0.27      0.46
450 0.20703125 0.4947665 0.05911777         0    0.27   0.27      0.46
451 0.31640625 0.4947665 0.05911777         0    0.27   0.27      0.46
452 0.22656250 0.4947665 0.05911777         0    0.27   0.27      0.46
453 0.44921875 0.4947665 0.05911777         0    0.27   0.27      0.46
454 0.29687500 0.4947665 0.05911777         0    0.27   0.27      0.46
455 1.00000000 0.4947665 0.05911777         0    0.27   0.27      0.46
456 0.27734375 0.4947665 0.05911777         0    0.27   0.27      0.46
457 1.00000000 0.4947665 0.05911777         0    0.27   0.27      0.46
458 1.00000000 0.4947665 0.05911777         0    0.27   0.27      0.46
459 0.64062500 0.4947665 0.05911777         0    0.27   0.27      0.46
460 0.34375000 0.4947665 0.05911777         0    0.27   0.27      0.46
461 0.80078125 0.4947665 0.05911777         0    0.27   0.27      0.46
462 1.00000000 0.4947665 0.05911777         0    0.27   0.27      0.46
463 1.00000000 0.4947665 0.05911777         0    0.27   0.27      0.46
464 1.00000000 0.4947665 0.05911777         0    0.27   0.27      0.46
465 0.33593750 0.4947665 0.05911777         0    0.27   0.27      0.46
466 0.20703125 0.4947665 0.05911777         0    0.27   0.27      0.46
467 0.30468750 0.4947665 0.05911777         0    0.27   0.27      0.46
468 0.29296875 0.4947665 0.05911777         0    0.27   0.27      0.46
469 0.30078125 0.4947665 0.05911777         0    0.27   0.27      0.46
470 1.00000000 0.4947665 0.05911777         0    0.27   0.27      0.46
471 0.35156250 0.4947665 0.05911777         0    0.27   0.27      0.46
472 0.20312500 0.4947665 0.05911777         0    0.27   0.27      0.46
473 1.00000000 0.4947665 0.05911777         0    0.27   0.27      0.46
474 0.60156250 0.4947665 0.05911777         0    0.27   0.27      0.46
475 0.21875000 0.4947665 0.05911777         0    0.27   0.27      0.46
476 0.32031250 0.4947665 0.05911777         0    0.27   0.27      0.46
477 0.39453125 0.4947665 0.05911777         0    0.27   0.27      0.46
478 0.30468750 0.4947665 0.05911777         0    0.27   0.27      0.46
479 0.20703125 0.4947665 0.05911777         0    0.27   0.27      0.46
480 0.38281250 0.4947665 0.05911777         0    0.27   0.27      0.46
481 0.35546875 0.4947665 0.05911777         0    0.27   0.27      0.46
482 0.32812500 0.4947665 0.05911777         0    0.27   0.27      0.46
483 0.22656250 0.4947665 0.05911777         0    0.27   0.27      0.46
484 1.00000000 0.4947665 0.05911777         0    0.27   0.27      0.46
485 1.00000000 0.4947665 0.05911777         0    0.27   0.27      0.46
486 0.32421875 0.4947665 0.05911777         0    0.27   0.27      0.46
487 1.00000000 0.4947665 0.05911777         0    0.27   0.27      0.46
488 1.00000000 0.4947665 0.05911777         0    0.27   0.27      0.46
489 0.21875000 0.4947665 0.05911777         0    0.27   0.27      0.46
490 0.30468750 0.4947665 0.05911777         0    0.27   0.27      0.46
491 0.40234375 0.4947665 0.05911777         0    0.27   0.27      0.46
492 1.00000000 0.4947665 0.05911777         0    0.27   0.27      0.46
493 0.36328125 0.4947665 0.05911777         0    0.27   0.27      0.46
494 1.00000000 0.4947665 0.05911777         0    0.27   0.27      0.46
495 0.42578125 0.4947665 0.05911777         0    0.27   0.27      0.46
496 1.00000000 0.4947665 0.05911777         0    0.27   0.27      0.46
497 0.17968750 0.4947665 0.05911777         0    0.27   0.27      0.46
498 0.23437500 0.4947665 0.05911777         0    0.27   0.27      0.46
499 0.35937500 0.4947665 0.05911777         0    0.27   0.27      0.46
500 1.00000000 0.4947665 0.05911777         0    0.27   0.27      0.46
