      prop.aneu  prob.meio   prob.mito dispersal euploid mosaic aneuploid
1    0.57031250 0.35574584 0.103265578 0.5525554    0.00   0.56      0.44
2    1.00000000 0.35574584 0.103265578 0.5525554    0.00   0.56      0.44
3    0.73046875 0.35574584 0.103265578 0.5525554    0.00   0.56      0.44
4    1.00000000 0.35574584 0.103265578 0.5525554    0.00   0.56      0.44
5    0.60546875 0.35574584 0.103265578 0.5525554    0.00   0.56      0.44
6    0.35937500 0.35574584 0.103265578 0.5525554    0.00   0.56      0.44
7    1.00000000 0.35574584 0.103265578 0.5525554    0.00   0.56      0.44
8    0.45312500 0.35574584 0.103265578 0.5525554    0.00   0.56      0.44
9    1.00000000 0.35574584 0.103265578 0.5525554    0.00   0.56      0.44
10   1.00000000 0.35574584 0.103265578 0.5525554    0.00   0.56      0.44
11   0.64062500 0.35574584 0.103265578 0.5525554    0.00   0.56      0.44
12   1.00000000 0.35574584 0.103265578 0.5525554    0.00   0.56      0.44
13   0.73828125 0.35574584 0.103265578 0.5525554    0.00   0.56      0.44
14   0.69140625 0.35574584 0.103265578 0.5525554    0.00   0.56      0.44
15   1.00000000 0.35574584 0.103265578 0.5525554    0.00   0.56      0.44
16   0.50390625 0.35574584 0.103265578 0.5525554    0.00   0.56      0.44
17   0.48437500 0.35574584 0.103265578 0.5525554    0.00   0.56      0.44
18   0.44531250 0.35574584 0.103265578 0.5525554    0.00   0.56      0.44
19   1.00000000 0.35574584 0.103265578 0.5525554    0.00   0.56      0.44
20   0.44531250 0.35574584 0.103265578 0.5525554    0.00   0.56      0.44
21   1.00000000 0.35574584 0.103265578 0.5525554    0.00   0.56      0.44
22   0.42578125 0.35574584 0.103265578 0.5525554    0.00   0.56      0.44
23   1.00000000 0.35574584 0.103265578 0.5525554    0.00   0.56      0.44
24   0.71484375 0.35574584 0.103265578 0.5525554    0.00   0.56      0.44
25   1.00000000 0.35574584 0.103265578 0.5525554    0.00   0.56      0.44
26   0.58593750 0.35574584 0.103265578 0.5525554    0.00   0.56      0.44
27   0.50781250 0.35574584 0.103265578 0.5525554    0.00   0.56      0.44
28   1.00000000 0.35574584 0.103265578 0.5525554    0.00   0.56      0.44
29   0.89062500 0.35574584 0.103265578 0.5525554    0.00   0.56      0.44
30   0.51562500 0.35574584 0.103265578 0.5525554    0.00   0.56      0.44
31   0.57421875 0.35574584 0.103265578 0.5525554    0.00   0.56      0.44
32   1.00000000 0.35574584 0.103265578 0.5525554    0.00   0.56      0.44
33   0.82421875 0.35574584 0.103265578 0.5525554    0.00   0.56      0.44
34   0.59375000 0.35574584 0.103265578 0.5525554    0.00   0.56      0.44
35   0.58984375 0.35574584 0.103265578 0.5525554    0.00   0.56      0.44
36   0.46875000 0.35574584 0.103265578 0.5525554    0.00   0.56      0.44
37   0.50781250 0.35574584 0.103265578 0.5525554    0.00   0.56      0.44
38   0.51953125 0.35574584 0.103265578 0.5525554    0.00   0.56      0.44
39   0.65625000 0.35574584 0.103265578 0.5525554    0.00   0.56      0.44
40   1.00000000 0.35574584 0.103265578 0.5525554    0.00   0.56      0.44
41   0.32421875 0.35574584 0.103265578 0.5525554    0.00   0.56      0.44
42   0.67187500 0.35574584 0.103265578 0.5525554    0.00   0.56      0.44
43   0.41015625 0.35574584 0.103265578 0.5525554    0.00   0.56      0.44
44   0.67968750 0.35574584 0.103265578 0.5525554    0.00   0.56      0.44
45   0.31640625 0.35574584 0.103265578 0.5525554    0.00   0.56      0.44
46   0.53906250 0.35574584 0.103265578 0.5525554    0.00   0.56      0.44
47   0.33203125 0.35574584 0.103265578 0.5525554    0.00   0.56      0.44
48   0.49218750 0.35574584 0.103265578 0.5525554    0.00   0.56      0.44
49   1.00000000 0.35574584 0.103265578 0.5525554    0.00   0.56      0.44
50   0.43359375 0.35574584 0.103265578 0.5525554    0.00   0.56      0.44
51   1.00000000 0.35574584 0.103265578 0.5525554    0.00   0.56      0.44
52   0.88671875 0.35574584 0.103265578 0.5525554    0.00   0.56      0.44
53   0.50000000 0.35574584 0.103265578 0.5525554    0.00   0.56      0.44
54   0.51171875 0.35574584 0.103265578 0.5525554    0.00   0.56      0.44
55   0.57421875 0.35574584 0.103265578 0.5525554    0.00   0.56      0.44
56   0.49609375 0.35574584 0.103265578 0.5525554    0.00   0.56      0.44
57   0.80468750 0.35574584 0.103265578 0.5525554    0.00   0.56      0.44
58   1.00000000 0.35574584 0.103265578 0.5525554    0.00   0.56      0.44
59   0.41015625 0.35574584 0.103265578 0.5525554    0.00   0.56      0.44
60   1.00000000 0.35574584 0.103265578 0.5525554    0.00   0.56      0.44
61   1.00000000 0.35574584 0.103265578 0.5525554    0.00   0.56      0.44
62   0.70703125 0.35574584 0.103265578 0.5525554    0.00   0.56      0.44
63   0.81640625 0.35574584 0.103265578 0.5525554    0.00   0.56      0.44
64   0.47265625 0.35574584 0.103265578 0.5525554    0.00   0.56      0.44
65   0.36718750 0.35574584 0.103265578 0.5525554    0.00   0.56      0.44
66   0.61328125 0.35574584 0.103265578 0.5525554    0.00   0.56      0.44
67   0.83593750 0.35574584 0.103265578 0.5525554    0.00   0.56      0.44
68   1.00000000 0.35574584 0.103265578 0.5525554    0.00   0.56      0.44
69   0.87500000 0.35574584 0.103265578 0.5525554    0.00   0.56      0.44
70   0.86328125 0.35574584 0.103265578 0.5525554    0.00   0.56      0.44
71   0.27343750 0.35574584 0.103265578 0.5525554    0.00   0.56      0.44
72   0.51171875 0.35574584 0.103265578 0.5525554    0.00   0.56      0.44
73   1.00000000 0.35574584 0.103265578 0.5525554    0.00   0.56      0.44
74   0.63281250 0.35574584 0.103265578 0.5525554    0.00   0.56      0.44
75   1.00000000 0.35574584 0.103265578 0.5525554    0.00   0.56      0.44
76   1.00000000 0.35574584 0.103265578 0.5525554    0.00   0.56      0.44
77   1.00000000 0.35574584 0.103265578 0.5525554    0.00   0.56      0.44
78   1.00000000 0.35574584 0.103265578 0.5525554    0.00   0.56      0.44
79   0.66796875 0.35574584 0.103265578 0.5525554    0.00   0.56      0.44
80   1.00000000 0.35574584 0.103265578 0.5525554    0.00   0.56      0.44
81   1.00000000 0.35574584 0.103265578 0.5525554    0.00   0.56      0.44
82   0.64062500 0.35574584 0.103265578 0.5525554    0.00   0.56      0.44
83   1.00000000 0.35574584 0.103265578 0.5525554    0.00   0.56      0.44
84   0.41406250 0.35574584 0.103265578 0.5525554    0.00   0.56      0.44
85   0.52734375 0.35574584 0.103265578 0.5525554    0.00   0.56      0.44
86   0.55468750 0.35574584 0.103265578 0.5525554    0.00   0.56      0.44
87   1.00000000 0.35574584 0.103265578 0.5525554    0.00   0.56      0.44
88   0.46484375 0.35574584 0.103265578 0.5525554    0.00   0.56      0.44
89   1.00000000 0.35574584 0.103265578 0.5525554    0.00   0.56      0.44
90   1.00000000 0.35574584 0.103265578 0.5525554    0.00   0.56      0.44
91   1.00000000 0.35574584 0.103265578 0.5525554    0.00   0.56      0.44
92   1.00000000 0.35574584 0.103265578 0.5525554    0.00   0.56      0.44
93   0.62109375 0.35574584 0.103265578 0.5525554    0.00   0.56      0.44
94   1.00000000 0.35574584 0.103265578 0.5525554    0.00   0.56      0.44
95   0.37109375 0.35574584 0.103265578 0.5525554    0.00   0.56      0.44
96   1.00000000 0.35574584 0.103265578 0.5525554    0.00   0.56      0.44
97   1.00000000 0.35574584 0.103265578 0.5525554    0.00   0.56      0.44
98   0.75781250 0.35574584 0.103265578 0.5525554    0.00   0.56      0.44
99   1.00000000 0.35574584 0.103265578 0.5525554    0.00   0.56      0.44
100  1.00000000 0.35574584 0.103265578 0.5525554    0.00   0.56      0.44
101  0.74609375 0.19652448 0.162928091 0.1034048    0.01   0.57      0.42
102  1.00000000 0.19652448 0.162928091 0.1034048    0.01   0.57      0.42
103  0.76171875 0.19652448 0.162928091 0.1034048    0.01   0.57      0.42
104  0.73437500 0.19652448 0.162928091 0.1034048    0.01   0.57      0.42
105  0.74609375 0.19652448 0.162928091 0.1034048    0.01   0.57      0.42
106  1.00000000 0.19652448 0.162928091 0.1034048    0.01   0.57      0.42
107  0.75000000 0.19652448 0.162928091 0.1034048    0.01   0.57      0.42
108  0.73828125 0.19652448 0.162928091 0.1034048    0.01   0.57      0.42
109  0.69140625 0.19652448 0.162928091 0.1034048    0.01   0.57      0.42
110  0.60156250 0.19652448 0.162928091 0.1034048    0.01   0.57      0.42
111  0.72656250 0.19652448 0.162928091 0.1034048    0.01   0.57      0.42
112  1.00000000 0.19652448 0.162928091 0.1034048    0.01   0.57      0.42
113  1.00000000 0.19652448 0.162928091 0.1034048    0.01   0.57      0.42
114  0.94531250 0.19652448 0.162928091 0.1034048    0.01   0.57      0.42
115  0.65625000 0.19652448 0.162928091 0.1034048    0.01   0.57      0.42
116  0.71093750 0.19652448 0.162928091 0.1034048    0.01   0.57      0.42
117  0.74609375 0.19652448 0.162928091 0.1034048    0.01   0.57      0.42
118  0.84765625 0.19652448 0.162928091 0.1034048    0.01   0.57      0.42
119  0.71875000 0.19652448 0.162928091 0.1034048    0.01   0.57      0.42
120  0.88671875 0.19652448 0.162928091 0.1034048    0.01   0.57      0.42
121  0.84765625 0.19652448 0.162928091 0.1034048    0.01   0.57      0.42
122  0.86328125 0.19652448 0.162928091 0.1034048    0.01   0.57      0.42
123  0.64062500 0.19652448 0.162928091 0.1034048    0.01   0.57      0.42
124  1.00000000 0.19652448 0.162928091 0.1034048    0.01   0.57      0.42
125  0.80468750 0.19652448 0.162928091 0.1034048    0.01   0.57      0.42
126  0.96484375 0.19652448 0.162928091 0.1034048    0.01   0.57      0.42
127  0.82421875 0.19652448 0.162928091 0.1034048    0.01   0.57      0.42
128  1.00000000 0.19652448 0.162928091 0.1034048    0.01   0.57      0.42
129  0.67968750 0.19652448 0.162928091 0.1034048    0.01   0.57      0.42
130  0.87890625 0.19652448 0.162928091 0.1034048    0.01   0.57      0.42
131  0.73828125 0.19652448 0.162928091 0.1034048    0.01   0.57      0.42
132  0.64062500 0.19652448 0.162928091 0.1034048    0.01   0.57      0.42
133  0.83203125 0.19652448 0.162928091 0.1034048    0.01   0.57      0.42
134  0.95312500 0.19652448 0.162928091 0.1034048    0.01   0.57      0.42
135  1.00000000 0.19652448 0.162928091 0.1034048    0.01   0.57      0.42
136  0.83593750 0.19652448 0.162928091 0.1034048    0.01   0.57      0.42
137  0.51562500 0.19652448 0.162928091 0.1034048    0.01   0.57      0.42
138  0.72656250 0.19652448 0.162928091 0.1034048    0.01   0.57      0.42
139  0.64453125 0.19652448 0.162928091 0.1034048    0.01   0.57      0.42
140  0.89062500 0.19652448 0.162928091 0.1034048    0.01   0.57      0.42
141  1.00000000 0.19652448 0.162928091 0.1034048    0.01   0.57      0.42
142  0.60937500 0.19652448 0.162928091 0.1034048    0.01   0.57      0.42
143  1.00000000 0.19652448 0.162928091 0.1034048    0.01   0.57      0.42
144  0.62890625 0.19652448 0.162928091 0.1034048    0.01   0.57      0.42
145  1.00000000 0.19652448 0.162928091 0.1034048    0.01   0.57      0.42
146  0.74218750 0.19652448 0.162928091 0.1034048    0.01   0.57      0.42
147  1.00000000 0.19652448 0.162928091 0.1034048    0.01   0.57      0.42
148  0.79687500 0.19652448 0.162928091 0.1034048    0.01   0.57      0.42
149  0.58984375 0.19652448 0.162928091 0.1034048    0.01   0.57      0.42
150  0.89843750 0.19652448 0.162928091 0.1034048    0.01   0.57      0.42
151  0.76953125 0.19652448 0.162928091 0.1034048    0.01   0.57      0.42
152  0.60937500 0.19652448 0.162928091 0.1034048    0.01   0.57      0.42
153  1.00000000 0.19652448 0.162928091 0.1034048    0.01   0.57      0.42
154  0.79687500 0.19652448 0.162928091 0.1034048    0.01   0.57      0.42
155  0.67187500 0.19652448 0.162928091 0.1034048    0.01   0.57      0.42
156  0.73828125 0.19652448 0.162928091 0.1034048    0.01   0.57      0.42
157  0.69140625 0.19652448 0.162928091 0.1034048    0.01   0.57      0.42
158  1.00000000 0.19652448 0.162928091 0.1034048    0.01   0.57      0.42
159  0.69140625 0.19652448 0.162928091 0.1034048    0.01   0.57      0.42
160  0.72265625 0.19652448 0.162928091 0.1034048    0.01   0.57      0.42
161  0.88671875 0.19652448 0.162928091 0.1034048    0.01   0.57      0.42
162  1.00000000 0.19652448 0.162928091 0.1034048    0.01   0.57      0.42
163  1.00000000 0.19652448 0.162928091 0.1034048    0.01   0.57      0.42
164  0.75390625 0.19652448 0.162928091 0.1034048    0.01   0.57      0.42
165  0.85546875 0.19652448 0.162928091 0.1034048    0.01   0.57      0.42
166  0.56640625 0.19652448 0.162928091 0.1034048    0.01   0.57      0.42
167  0.91796875 0.19652448 0.162928091 0.1034048    0.01   0.57      0.42
168  0.91406250 0.19652448 0.162928091 0.1034048    0.01   0.57      0.42
169  0.66796875 0.19652448 0.162928091 0.1034048    0.01   0.57      0.42
170  0.85546875 0.19652448 0.162928091 0.1034048    0.01   0.57      0.42
171  0.92578125 0.19652448 0.162928091 0.1034048    0.01   0.57      0.42
172  0.83984375 0.19652448 0.162928091 0.1034048    0.01   0.57      0.42
173  0.77343750 0.19652448 0.162928091 0.1034048    0.01   0.57      0.42
174  0.72265625 0.19652448 0.162928091 0.1034048    0.01   0.57      0.42
175  0.75390625 0.19652448 0.162928091 0.1034048    0.01   0.57      0.42
176  1.00000000 0.19652448 0.162928091 0.1034048    0.01   0.57      0.42
177  0.63671875 0.19652448 0.162928091 0.1034048    0.01   0.57      0.42
178  0.80859375 0.19652448 0.162928091 0.1034048    0.01   0.57      0.42
179  0.82812500 0.19652448 0.162928091 0.1034048    0.01   0.57      0.42
180  0.89062500 0.19652448 0.162928091 0.1034048    0.01   0.57      0.42
181  0.86718750 0.19652448 0.162928091 0.1034048    0.01   0.57      0.42
182  0.72265625 0.19652448 0.162928091 0.1034048    0.01   0.57      0.42
183  0.79296875 0.19652448 0.162928091 0.1034048    0.01   0.57      0.42
184  0.73437500 0.19652448 0.162928091 0.1034048    0.01   0.57      0.42
185  0.79296875 0.19652448 0.162928091 0.1034048    0.01   0.57      0.42
186  0.82421875 0.19652448 0.162928091 0.1034048    0.01   0.57      0.42
187  0.69531250 0.19652448 0.162928091 0.1034048    0.01   0.57      0.42
188  0.84765625 0.19652448 0.162928091 0.1034048    0.01   0.57      0.42
189  0.91796875 0.19652448 0.162928091 0.1034048    0.01   0.57      0.42
190  0.80078125 0.19652448 0.162928091 0.1034048    0.01   0.57      0.42
191  0.63671875 0.19652448 0.162928091 0.1034048    0.01   0.57      0.42
192  1.00000000 0.19652448 0.162928091 0.1034048    0.01   0.57      0.42
193  0.49609375 0.19652448 0.162928091 0.1034048    0.01   0.57      0.42
194  1.00000000 0.19652448 0.162928091 0.1034048    0.01   0.57      0.42
195  0.62500000 0.19652448 0.162928091 0.1034048    0.01   0.57      0.42
196  0.70703125 0.19652448 0.162928091 0.1034048    0.01   0.57      0.42
197  0.79687500 0.19652448 0.162928091 0.1034048    0.01   0.57      0.42
198  0.85546875 0.19652448 0.162928091 0.1034048    0.01   0.57      0.42
199  0.80859375 0.19652448 0.162928091 0.1034048    0.01   0.57      0.42
200  0.57421875 0.19652448 0.162928091 0.1034048    0.01   0.57      0.42
201  0.30859375 0.42111022 0.062419838 0.5470910    0.02   0.56      0.42
202  1.00000000 0.42111022 0.062419838 0.5470910    0.02   0.56      0.42
203  1.00000000 0.42111022 0.062419838 0.5470910    0.02   0.56      0.42
204  0.34765625 0.42111022 0.062419838 0.5470910    0.02   0.56      0.42
205  1.00000000 0.42111022 0.062419838 0.5470910    0.02   0.56      0.42
206  0.71875000 0.42111022 0.062419838 0.5470910    0.02   0.56      0.42
207  1.00000000 0.42111022 0.062419838 0.5470910    0.02   0.56      0.42
208  0.28515625 0.42111022 0.062419838 0.5470910    0.02   0.56      0.42
209  0.44531250 0.42111022 0.062419838 0.5470910    0.02   0.56      0.42
210  1.00000000 0.42111022 0.062419838 0.5470910    0.02   0.56      0.42
211  0.48046875 0.42111022 0.062419838 0.5470910    0.02   0.56      0.42
212  1.00000000 0.42111022 0.062419838 0.5470910    0.02   0.56      0.42
213  0.24218750 0.42111022 0.062419838 0.5470910    0.02   0.56      0.42
214  0.35937500 0.42111022 0.062419838 0.5470910    0.02   0.56      0.42
215  0.29687500 0.42111022 0.062419838 0.5470910    0.02   0.56      0.42
216  0.59765625 0.42111022 0.062419838 0.5470910    0.02   0.56      0.42
217  1.00000000 0.42111022 0.062419838 0.5470910    0.02   0.56      0.42
218  1.00000000 0.42111022 0.062419838 0.5470910    0.02   0.56      0.42
219  1.00000000 0.42111022 0.062419838 0.5470910    0.02   0.56      0.42
220  1.00000000 0.42111022 0.062419838 0.5470910    0.02   0.56      0.42
221  0.33203125 0.42111022 0.062419838 0.5470910    0.02   0.56      0.42
222  1.00000000 0.42111022 0.062419838 0.5470910    0.02   0.56      0.42
223  0.34375000 0.42111022 0.062419838 0.5470910    0.02   0.56      0.42
224  0.30468750 0.42111022 0.062419838 0.5470910    0.02   0.56      0.42
225  1.00000000 0.42111022 0.062419838 0.5470910    0.02   0.56      0.42
226  0.23437500 0.42111022 0.062419838 0.5470910    0.02   0.56      0.42
227  1.00000000 0.42111022 0.062419838 0.5470910    0.02   0.56      0.42
228  0.25781250 0.42111022 0.062419838 0.5470910    0.02   0.56      0.42
229  1.00000000 0.42111022 0.062419838 0.5470910    0.02   0.56      0.42
230  1.00000000 0.42111022 0.062419838 0.5470910    0.02   0.56      0.42
231  0.50781250 0.42111022 0.062419838 0.5470910    0.02   0.56      0.42
232  0.48828125 0.42111022 0.062419838 0.5470910    0.02   0.56      0.42
233  1.00000000 0.42111022 0.062419838 0.5470910    0.02   0.56      0.42
234  0.27343750 0.42111022 0.062419838 0.5470910    0.02   0.56      0.42
235  0.28515625 0.42111022 0.062419838 0.5470910    0.02   0.56      0.42
236  1.00000000 0.42111022 0.062419838 0.5470910    0.02   0.56      0.42
237  1.00000000 0.42111022 0.062419838 0.5470910    0.02   0.56      0.42
238  0.58203125 0.42111022 0.062419838 0.5470910    0.02   0.56      0.42
239  0.24609375 0.42111022 0.062419838 0.5470910    0.02   0.56      0.42
240  1.00000000 0.42111022 0.062419838 0.5470910    0.02   0.56      0.42
241  0.60546875 0.42111022 0.062419838 0.5470910    0.02   0.56      0.42
242  1.00000000 0.42111022 0.062419838 0.5470910    0.02   0.56      0.42
243  0.37500000 0.42111022 0.062419838 0.5470910    0.02   0.56      0.42
244  1.00000000 0.42111022 0.062419838 0.5470910    0.02   0.56      0.42
245  0.32031250 0.42111022 0.062419838 0.5470910    0.02   0.56      0.42
246  0.21875000 0.42111022 0.062419838 0.5470910    0.02   0.56      0.42
247  0.44531250 0.42111022 0.062419838 0.5470910    0.02   0.56      0.42
248  1.00000000 0.42111022 0.062419838 0.5470910    0.02   0.56      0.42
249  0.42968750 0.42111022 0.062419838 0.5470910    0.02   0.56      0.42
250  0.69140625 0.42111022 0.062419838 0.5470910    0.02   0.56      0.42
251  0.41406250 0.42111022 0.062419838 0.5470910    0.02   0.56      0.42
252  1.00000000 0.42111022 0.062419838 0.5470910    0.02   0.56      0.42
253  0.44531250 0.42111022 0.062419838 0.5470910    0.02   0.56      0.42
254  0.38671875 0.42111022 0.062419838 0.5470910    0.02   0.56      0.42
255  1.00000000 0.42111022 0.062419838 0.5470910    0.02   0.56      0.42
256  0.26953125 0.42111022 0.062419838 0.5470910    0.02   0.56      0.42
257  1.00000000 0.42111022 0.062419838 0.5470910    0.02   0.56      0.42
258  1.00000000 0.42111022 0.062419838 0.5470910    0.02   0.56      0.42
259  1.00000000 0.42111022 0.062419838 0.5470910    0.02   0.56      0.42
260  0.27734375 0.42111022 0.062419838 0.5470910    0.02   0.56      0.42
261  0.78515625 0.42111022 0.062419838 0.5470910    0.02   0.56      0.42
262  0.22656250 0.42111022 0.062419838 0.5470910    0.02   0.56      0.42
263  1.00000000 0.42111022 0.062419838 0.5470910    0.02   0.56      0.42
264  0.67578125 0.42111022 0.062419838 0.5470910    0.02   0.56      0.42
265  0.21484375 0.42111022 0.062419838 0.5470910    0.02   0.56      0.42
266  1.00000000 0.42111022 0.062419838 0.5470910    0.02   0.56      0.42
267  1.00000000 0.42111022 0.062419838 0.5470910    0.02   0.56      0.42
268  1.00000000 0.42111022 0.062419838 0.5470910    0.02   0.56      0.42
269  0.74609375 0.42111022 0.062419838 0.5470910    0.02   0.56      0.42
270  1.00000000 0.42111022 0.062419838 0.5470910    0.02   0.56      0.42
271  1.00000000 0.42111022 0.062419838 0.5470910    0.02   0.56      0.42
272  0.21875000 0.42111022 0.062419838 0.5470910    0.02   0.56      0.42
273  0.19531250 0.42111022 0.062419838 0.5470910    0.02   0.56      0.42
274  1.00000000 0.42111022 0.062419838 0.5470910    0.02   0.56      0.42
275  1.00000000 0.42111022 0.062419838 0.5470910    0.02   0.56      0.42
276  0.64453125 0.42111022 0.062419838 0.5470910    0.02   0.56      0.42
277  0.45312500 0.42111022 0.062419838 0.5470910    0.02   0.56      0.42
278  0.33203125 0.42111022 0.062419838 0.5470910    0.02   0.56      0.42
279  0.46875000 0.42111022 0.062419838 0.5470910    0.02   0.56      0.42
280  1.00000000 0.42111022 0.062419838 0.5470910    0.02   0.56      0.42
281  0.48437500 0.42111022 0.062419838 0.5470910    0.02   0.56      0.42
282  0.20312500 0.42111022 0.062419838 0.5470910    0.02   0.56      0.42
283  0.48046875 0.42111022 0.062419838 0.5470910    0.02   0.56      0.42
284  0.30078125 0.42111022 0.062419838 0.5470910    0.02   0.56      0.42
285  1.00000000 0.42111022 0.062419838 0.5470910    0.02   0.56      0.42
286  0.27343750 0.42111022 0.062419838 0.5470910    0.02   0.56      0.42
287  0.30468750 0.42111022 0.062419838 0.5470910    0.02   0.56      0.42
288  0.31250000 0.42111022 0.062419838 0.5470910    0.02   0.56      0.42
289  1.00000000 0.42111022 0.062419838 0.5470910    0.02   0.56      0.42
290  0.38671875 0.42111022 0.062419838 0.5470910    0.02   0.56      0.42
291  0.45703125 0.42111022 0.062419838 0.5470910    0.02   0.56      0.42
292  0.41796875 0.42111022 0.062419838 0.5470910    0.02   0.56      0.42
293  0.67968750 0.42111022 0.062419838 0.5470910    0.02   0.56      0.42
294  0.26953125 0.42111022 0.062419838 0.5470910    0.02   0.56      0.42
295  0.37109375 0.42111022 0.062419838 0.5470910    0.02   0.56      0.42
296  1.00000000 0.42111022 0.062419838 0.5470910    0.02   0.56      0.42
297  0.30078125 0.42111022 0.062419838 0.5470910    0.02   0.56      0.42
298  0.51562500 0.42111022 0.062419838 0.5470910    0.02   0.56      0.42
299  0.34375000 0.42111022 0.062419838 0.5470910    0.02   0.56      0.42
300  1.00000000 0.42111022 0.062419838 0.5470910    0.02   0.56      0.42
301  0.57812500 0.04822745 0.195586390 0.2899212    0.00   0.57      0.43
302  0.76171875 0.04822745 0.195586390 0.2899212    0.00   0.57      0.43
303  0.92968750 0.04822745 0.195586390 0.2899212    0.00   0.57      0.43
304  0.66015625 0.04822745 0.195586390 0.2899212    0.00   0.57      0.43
305  1.00000000 0.04822745 0.195586390 0.2899212    0.00   0.57      0.43
306  0.83984375 0.04822745 0.195586390 0.2899212    0.00   0.57      0.43
307  0.85937500 0.04822745 0.195586390 0.2899212    0.00   0.57      0.43
308  0.84375000 0.04822745 0.195586390 0.2899212    0.00   0.57      0.43
309  0.80859375 0.04822745 0.195586390 0.2899212    0.00   0.57      0.43
310  0.76562500 0.04822745 0.195586390 0.2899212    0.00   0.57      0.43
311  1.00000000 0.04822745 0.195586390 0.2899212    0.00   0.57      0.43
312  0.75781250 0.04822745 0.195586390 0.2899212    0.00   0.57      0.43
313  0.93359375 0.04822745 0.195586390 0.2899212    0.00   0.57      0.43
314  1.00000000 0.04822745 0.195586390 0.2899212    0.00   0.57      0.43
315  0.89062500 0.04822745 0.195586390 0.2899212    0.00   0.57      0.43
316  0.72656250 0.04822745 0.195586390 0.2899212    0.00   0.57      0.43
317  0.93359375 0.04822745 0.195586390 0.2899212    0.00   0.57      0.43
318  0.70312500 0.04822745 0.195586390 0.2899212    0.00   0.57      0.43
319  0.85156250 0.04822745 0.195586390 0.2899212    0.00   0.57      0.43
320  0.71093750 0.04822745 0.195586390 0.2899212    0.00   0.57      0.43
321  0.83984375 0.04822745 0.195586390 0.2899212    0.00   0.57      0.43
322  0.73046875 0.04822745 0.195586390 0.2899212    0.00   0.57      0.43
323  0.82421875 0.04822745 0.195586390 0.2899212    0.00   0.57      0.43
324  0.68359375 0.04822745 0.195586390 0.2899212    0.00   0.57      0.43
325  0.75000000 0.04822745 0.195586390 0.2899212    0.00   0.57      0.43
326  0.88281250 0.04822745 0.195586390 0.2899212    0.00   0.57      0.43
327  0.63281250 0.04822745 0.195586390 0.2899212    0.00   0.57      0.43
328  0.80078125 0.04822745 0.195586390 0.2899212    0.00   0.57      0.43
329  1.00000000 0.04822745 0.195586390 0.2899212    0.00   0.57      0.43
330  0.77343750 0.04822745 0.195586390 0.2899212    0.00   0.57      0.43
331  0.68750000 0.04822745 0.195586390 0.2899212    0.00   0.57      0.43
332  0.84765625 0.04822745 0.195586390 0.2899212    0.00   0.57      0.43
333  0.91015625 0.04822745 0.195586390 0.2899212    0.00   0.57      0.43
334  0.60156250 0.04822745 0.195586390 0.2899212    0.00   0.57      0.43
335  1.00000000 0.04822745 0.195586390 0.2899212    0.00   0.57      0.43
336  0.65234375 0.04822745 0.195586390 0.2899212    0.00   0.57      0.43
337  0.75000000 0.04822745 0.195586390 0.2899212    0.00   0.57      0.43
338  0.70703125 0.04822745 0.195586390 0.2899212    0.00   0.57      0.43
339  0.75390625 0.04822745 0.195586390 0.2899212    0.00   0.57      0.43
340  0.80078125 0.04822745 0.195586390 0.2899212    0.00   0.57      0.43
341  0.73046875 0.04822745 0.195586390 0.2899212    0.00   0.57      0.43
342  0.84765625 0.04822745 0.195586390 0.2899212    0.00   0.57      0.43
343  1.00000000 0.04822745 0.195586390 0.2899212    0.00   0.57      0.43
344  0.84375000 0.04822745 0.195586390 0.2899212    0.00   0.57      0.43
345  1.00000000 0.04822745 0.195586390 0.2899212    0.00   0.57      0.43
346  1.00000000 0.04822745 0.195586390 0.2899212    0.00   0.57      0.43
347  0.82031250 0.04822745 0.195586390 0.2899212    0.00   0.57      0.43
348  0.82031250 0.04822745 0.195586390 0.2899212    0.00   0.57      0.43
349  0.82812500 0.04822745 0.195586390 0.2899212    0.00   0.57      0.43
350  0.76171875 0.04822745 0.195586390 0.2899212    0.00   0.57      0.43
351  0.63671875 0.04822745 0.195586390 0.2899212    0.00   0.57      0.43
352  0.76953125 0.04822745 0.195586390 0.2899212    0.00   0.57      0.43
353  0.91406250 0.04822745 0.195586390 0.2899212    0.00   0.57      0.43
354  0.91406250 0.04822745 0.195586390 0.2899212    0.00   0.57      0.43
355  0.85156250 0.04822745 0.195586390 0.2899212    0.00   0.57      0.43
356  1.00000000 0.04822745 0.195586390 0.2899212    0.00   0.57      0.43
357  0.84765625 0.04822745 0.195586390 0.2899212    0.00   0.57      0.43
358  0.82812500 0.04822745 0.195586390 0.2899212    0.00   0.57      0.43
359  0.73437500 0.04822745 0.195586390 0.2899212    0.00   0.57      0.43
360  0.92968750 0.04822745 0.195586390 0.2899212    0.00   0.57      0.43
361  0.83984375 0.04822745 0.195586390 0.2899212    0.00   0.57      0.43
362  1.00000000 0.04822745 0.195586390 0.2899212    0.00   0.57      0.43
363  1.00000000 0.04822745 0.195586390 0.2899212    0.00   0.57      0.43
364  0.77343750 0.04822745 0.195586390 0.2899212    0.00   0.57      0.43
365  1.00000000 0.04822745 0.195586390 0.2899212    0.00   0.57      0.43
366  0.78906250 0.04822745 0.195586390 0.2899212    0.00   0.57      0.43
367  0.77343750 0.04822745 0.195586390 0.2899212    0.00   0.57      0.43
368  0.85156250 0.04822745 0.195586390 0.2899212    0.00   0.57      0.43
369  0.75781250 0.04822745 0.195586390 0.2899212    0.00   0.57      0.43
370  0.90625000 0.04822745 0.195586390 0.2899212    0.00   0.57      0.43
371  1.00000000 0.04822745 0.195586390 0.2899212    0.00   0.57      0.43
372  0.90234375 0.04822745 0.195586390 0.2899212    0.00   0.57      0.43
373  0.82421875 0.04822745 0.195586390 0.2899212    0.00   0.57      0.43
374  0.67187500 0.04822745 0.195586390 0.2899212    0.00   0.57      0.43
375  0.83593750 0.04822745 0.195586390 0.2899212    0.00   0.57      0.43
376  0.93750000 0.04822745 0.195586390 0.2899212    0.00   0.57      0.43
377  0.81250000 0.04822745 0.195586390 0.2899212    0.00   0.57      0.43
378  0.82031250 0.04822745 0.195586390 0.2899212    0.00   0.57      0.43
379  0.71484375 0.04822745 0.195586390 0.2899212    0.00   0.57      0.43
380  0.72265625 0.04822745 0.195586390 0.2899212    0.00   0.57      0.43
381  0.77734375 0.04822745 0.195586390 0.2899212    0.00   0.57      0.43
382  0.96484375 0.04822745 0.195586390 0.2899212    0.00   0.57      0.43
383  0.75390625 0.04822745 0.195586390 0.2899212    0.00   0.57      0.43
384  0.81640625 0.04822745 0.195586390 0.2899212    0.00   0.57      0.43
385  0.91406250 0.04822745 0.195586390 0.2899212    0.00   0.57      0.43
386  0.73828125 0.04822745 0.195586390 0.2899212    0.00   0.57      0.43
387  0.91015625 0.04822745 0.195586390 0.2899212    0.00   0.57      0.43
388  0.71484375 0.04822745 0.195586390 0.2899212    0.00   0.57      0.43
389  0.75000000 0.04822745 0.195586390 0.2899212    0.00   0.57      0.43
390  1.00000000 0.04822745 0.195586390 0.2899212    0.00   0.57      0.43
391  0.57812500 0.04822745 0.195586390 0.2899212    0.00   0.57      0.43
392  0.95703125 0.04822745 0.195586390 0.2899212    0.00   0.57      0.43
393  0.89062500 0.04822745 0.195586390 0.2899212    0.00   0.57      0.43
394  0.76562500 0.04822745 0.195586390 0.2899212    0.00   0.57      0.43
395  1.00000000 0.04822745 0.195586390 0.2899212    0.00   0.57      0.43
396  0.83593750 0.04822745 0.195586390 0.2899212    0.00   0.57      0.43
397  0.71093750 0.04822745 0.195586390 0.2899212    0.00   0.57      0.43
398  0.69140625 0.04822745 0.195586390 0.2899212    0.00   0.57      0.43
399  0.82031250 0.04822745 0.195586390 0.2899212    0.00   0.57      0.43
400  1.00000000 0.04822745 0.195586390 0.2899212    0.00   0.57      0.43
401  0.74218750 0.13517871 0.151591001 0.2242271    0.00   0.58      0.42
402  0.72656250 0.13517871 0.151591001 0.2242271    0.00   0.58      0.42
403  0.88281250 0.13517871 0.151591001 0.2242271    0.00   0.58      0.42
404  0.55468750 0.13517871 0.151591001 0.2242271    0.00   0.58      0.42
405  0.90625000 0.13517871 0.151591001 0.2242271    0.00   0.58      0.42
406  0.67578125 0.13517871 0.151591001 0.2242271    0.00   0.58      0.42
407  0.80468750 0.13517871 0.151591001 0.2242271    0.00   0.58      0.42
408  0.73828125 0.13517871 0.151591001 0.2242271    0.00   0.58      0.42
409  0.73046875 0.13517871 0.151591001 0.2242271    0.00   0.58      0.42
410  0.85937500 0.13517871 0.151591001 0.2242271    0.00   0.58      0.42
411  1.00000000 0.13517871 0.151591001 0.2242271    0.00   0.58      0.42
412  0.70703125 0.13517871 0.151591001 0.2242271    0.00   0.58      0.42
413  0.94140625 0.13517871 0.151591001 0.2242271    0.00   0.58      0.42
414  0.71875000 0.13517871 0.151591001 0.2242271    0.00   0.58      0.42
415  0.58984375 0.13517871 0.151591001 0.2242271    0.00   0.58      0.42
416  0.57421875 0.13517871 0.151591001 0.2242271    0.00   0.58      0.42
417  0.64453125 0.13517871 0.151591001 0.2242271    0.00   0.58      0.42
418  0.78906250 0.13517871 0.151591001 0.2242271    0.00   0.58      0.42
419  0.72265625 0.13517871 0.151591001 0.2242271    0.00   0.58      0.42
420  0.82421875 0.13517871 0.151591001 0.2242271    0.00   0.58      0.42
421  1.00000000 0.13517871 0.151591001 0.2242271    0.00   0.58      0.42
422  0.78906250 0.13517871 0.151591001 0.2242271    0.00   0.58      0.42
423  0.58203125 0.13517871 0.151591001 0.2242271    0.00   0.58      0.42
424  0.87109375 0.13517871 0.151591001 0.2242271    0.00   0.58      0.42
425  0.73046875 0.13517871 0.151591001 0.2242271    0.00   0.58      0.42
426  0.66406250 0.13517871 0.151591001 0.2242271    0.00   0.58      0.42
427  0.62890625 0.13517871 0.151591001 0.2242271    0.00   0.58      0.42
428  1.00000000 0.13517871 0.151591001 0.2242271    0.00   0.58      0.42
429  1.00000000 0.13517871 0.151591001 0.2242271    0.00   0.58      0.42
430  0.62890625 0.13517871 0.151591001 0.2242271    0.00   0.58      0.42
431  0.84375000 0.13517871 0.151591001 0.2242271    0.00   0.58      0.42
432  0.76953125 0.13517871 0.151591001 0.2242271    0.00   0.58      0.42
433  0.50781250 0.13517871 0.151591001 0.2242271    0.00   0.58      0.42
434  0.57812500 0.13517871 0.151591001 0.2242271    0.00   0.58      0.42
435  0.90234375 0.13517871 0.151591001 0.2242271    0.00   0.58      0.42
436  0.72265625 0.13517871 0.151591001 0.2242271    0.00   0.58      0.42
437  1.00000000 0.13517871 0.151591001 0.2242271    0.00   0.58      0.42
438  0.82812500 0.13517871 0.151591001 0.2242271    0.00   0.58      0.42
439  0.68359375 0.13517871 0.151591001 0.2242271    0.00   0.58      0.42
440  0.68750000 0.13517871 0.151591001 0.2242271    0.00   0.58      0.42
441  0.75390625 0.13517871 0.151591001 0.2242271    0.00   0.58      0.42
442  1.00000000 0.13517871 0.151591001 0.2242271    0.00   0.58      0.42
443  0.59375000 0.13517871 0.151591001 0.2242271    0.00   0.58      0.42
444  0.48437500 0.13517871 0.151591001 0.2242271    0.00   0.58      0.42
445  0.59375000 0.13517871 0.151591001 0.2242271    0.00   0.58      0.42
446  0.58203125 0.13517871 0.151591001 0.2242271    0.00   0.58      0.42
447  0.69921875 0.13517871 0.151591001 0.2242271    0.00   0.58      0.42
448  0.82421875 0.13517871 0.151591001 0.2242271    0.00   0.58      0.42
449  0.52343750 0.13517871 0.151591001 0.2242271    0.00   0.58      0.42
450  1.00000000 0.13517871 0.151591001 0.2242271    0.00   0.58      0.42
451  0.68359375 0.13517871 0.151591001 0.2242271    0.00   0.58      0.42
452  0.68750000 0.13517871 0.151591001 0.2242271    0.00   0.58      0.42
453  0.75781250 0.13517871 0.151591001 0.2242271    0.00   0.58      0.42
454  0.54687500 0.13517871 0.151591001 0.2242271    0.00   0.58      0.42
455  0.45703125 0.13517871 0.151591001 0.2242271    0.00   0.58      0.42
456  1.00000000 0.13517871 0.151591001 0.2242271    0.00   0.58      0.42
457  0.55859375 0.13517871 0.151591001 0.2242271    0.00   0.58      0.42
458  0.58203125 0.13517871 0.151591001 0.2242271    0.00   0.58      0.42
459  1.00000000 0.13517871 0.151591001 0.2242271    0.00   0.58      0.42
460  0.80468750 0.13517871 0.151591001 0.2242271    0.00   0.58      0.42
461  0.76171875 0.13517871 0.151591001 0.2242271    0.00   0.58      0.42
462  0.72656250 0.13517871 0.151591001 0.2242271    0.00   0.58      0.42
463  0.71484375 0.13517871 0.151591001 0.2242271    0.00   0.58      0.42
464  1.00000000 0.13517871 0.151591001 0.2242271    0.00   0.58      0.42
465  1.00000000 0.13517871 0.151591001 0.2242271    0.00   0.58      0.42
466  0.69921875 0.13517871 0.151591001 0.2242271    0.00   0.58      0.42
467  0.66796875 0.13517871 0.151591001 0.2242271    0.00   0.58      0.42
468  0.71093750 0.13517871 0.151591001 0.2242271    0.00   0.58      0.42
469  0.42187500 0.13517871 0.151591001 0.2242271    0.00   0.58      0.42
470  0.75390625 0.13517871 0.151591001 0.2242271    0.00   0.58      0.42
471  1.00000000 0.13517871 0.151591001 0.2242271    0.00   0.58      0.42
472  1.00000000 0.13517871 0.151591001 0.2242271    0.00   0.58      0.42
473  0.72656250 0.13517871 0.151591001 0.2242271    0.00   0.58      0.42
474  0.57421875 0.13517871 0.151591001 0.2242271    0.00   0.58      0.42
475  0.58593750 0.13517871 0.151591001 0.2242271    0.00   0.58      0.42
476  0.66015625 0.13517871 0.151591001 0.2242271    0.00   0.58      0.42
477  0.68750000 0.13517871 0.151591001 0.2242271    0.00   0.58      0.42
478  0.92187500 0.13517871 0.151591001 0.2242271    0.00   0.58      0.42
479  1.00000000 0.13517871 0.151591001 0.2242271    0.00   0.58      0.42
480  0.78906250 0.13517871 0.151591001 0.2242271    0.00   0.58      0.42
481  0.90234375 0.13517871 0.151591001 0.2242271    0.00   0.58      0.42
482  0.79687500 0.13517871 0.151591001 0.2242271    0.00   0.58      0.42
483  0.69140625 0.13517871 0.151591001 0.2242271    0.00   0.58      0.42
484  0.77734375 0.13517871 0.151591001 0.2242271    0.00   0.58      0.42
485  0.76562500 0.13517871 0.151591001 0.2242271    0.00   0.58      0.42
486  0.84765625 0.13517871 0.151591001 0.2242271    0.00   0.58      0.42
487  0.87109375 0.13517871 0.151591001 0.2242271    0.00   0.58      0.42
488  0.75781250 0.13517871 0.151591001 0.2242271    0.00   0.58      0.42
489  0.71093750 0.13517871 0.151591001 0.2242271    0.00   0.58      0.42
490  0.88281250 0.13517871 0.151591001 0.2242271    0.00   0.58      0.42
491  0.78515625 0.13517871 0.151591001 0.2242271    0.00   0.58      0.42
492  0.60546875 0.13517871 0.151591001 0.2242271    0.00   0.58      0.42
493  0.76953125 0.13517871 0.151591001 0.2242271    0.00   0.58      0.42
494  0.81640625 0.13517871 0.151591001 0.2242271    0.00   0.58      0.42
495  0.76171875 0.13517871 0.151591001 0.2242271    0.00   0.58      0.42
496  0.67968750 0.13517871 0.151591001 0.2242271    0.00   0.58      0.42
497  0.63281250 0.13517871 0.151591001 0.2242271    0.00   0.58      0.42
498  0.79687500 0.13517871 0.151591001 0.2242271    0.00   0.58      0.42
499  0.80078125 0.13517871 0.151591001 0.2242271    0.00   0.58      0.42
500  0.78906250 0.13517871 0.151591001 0.2242271    0.00   0.58      0.42
501  0.04296875 0.45987650 0.017691742 0.3262809    0.38   0.20      0.42
502  0.06640625 0.45987650 0.017691742 0.3262809    0.38   0.20      0.42
503  1.00000000 0.45987650 0.017691742 0.3262809    0.38   0.20      0.42
504  1.00000000 0.45987650 0.017691742 0.3262809    0.38   0.20      0.42
505  1.00000000 0.45987650 0.017691742 0.3262809    0.38   0.20      0.42
506  0.04296875 0.45987650 0.017691742 0.3262809    0.38   0.20      0.42
507  1.00000000 0.45987650 0.017691742 0.3262809    0.38   0.20      0.42
508  1.00000000 0.45987650 0.017691742 0.3262809    0.38   0.20      0.42
509  1.00000000 0.45987650 0.017691742 0.3262809    0.38   0.20      0.42
510  0.25390625 0.45987650 0.017691742 0.3262809    0.38   0.20      0.42
511  0.27734375 0.45987650 0.017691742 0.3262809    0.38   0.20      0.42
512  0.06640625 0.45987650 0.017691742 0.3262809    0.38   0.20      0.42
513  0.11718750 0.45987650 0.017691742 0.3262809    0.38   0.20      0.42
514  0.21484375 0.45987650 0.017691742 0.3262809    0.38   0.20      0.42
515  0.18359375 0.45987650 0.017691742 0.3262809    0.38   0.20      0.42
516  0.55468750 0.45987650 0.017691742 0.3262809    0.38   0.20      0.42
517  0.21484375 0.45987650 0.017691742 0.3262809    0.38   0.20      0.42
518  0.05468750 0.45987650 0.017691742 0.3262809    0.38   0.20      0.42
519  0.08593750 0.45987650 0.017691742 0.3262809    0.38   0.20      0.42
520  1.00000000 0.45987650 0.017691742 0.3262809    0.38   0.20      0.42
521  0.08203125 0.45987650 0.017691742 0.3262809    0.38   0.20      0.42
522  1.00000000 0.45987650 0.017691742 0.3262809    0.38   0.20      0.42
523  0.13281250 0.45987650 0.017691742 0.3262809    0.38   0.20      0.42
524  1.00000000 0.45987650 0.017691742 0.3262809    0.38   0.20      0.42
525  1.00000000 0.45987650 0.017691742 0.3262809    0.38   0.20      0.42
526  1.00000000 0.45987650 0.017691742 0.3262809    0.38   0.20      0.42
527  1.00000000 0.45987650 0.017691742 0.3262809    0.38   0.20      0.42
528  0.11328125 0.45987650 0.017691742 0.3262809    0.38   0.20      0.42
529  1.00000000 0.45987650 0.017691742 0.3262809    0.38   0.20      0.42
530  0.28515625 0.45987650 0.017691742 0.3262809    0.38   0.20      0.42
531  0.04296875 0.45987650 0.017691742 0.3262809    0.38   0.20      0.42
532  0.07031250 0.45987650 0.017691742 0.3262809    0.38   0.20      0.42
533  0.07031250 0.45987650 0.017691742 0.3262809    0.38   0.20      0.42
534  0.12500000 0.45987650 0.017691742 0.3262809    0.38   0.20      0.42
535  1.00000000 0.45987650 0.017691742 0.3262809    0.38   0.20      0.42
536  0.17187500 0.45987650 0.017691742 0.3262809    0.38   0.20      0.42
537  1.00000000 0.45987650 0.017691742 0.3262809    0.38   0.20      0.42
538  1.00000000 0.45987650 0.017691742 0.3262809    0.38   0.20      0.42
539  0.13281250 0.45987650 0.017691742 0.3262809    0.38   0.20      0.42
540  0.19921875 0.45987650 0.017691742 0.3262809    0.38   0.20      0.42
541  0.20703125 0.45987650 0.017691742 0.3262809    0.38   0.20      0.42
542  1.00000000 0.45987650 0.017691742 0.3262809    0.38   0.20      0.42
543  0.53125000 0.45987650 0.017691742 0.3262809    0.38   0.20      0.42
544  0.16406250 0.45987650 0.017691742 0.3262809    0.38   0.20      0.42
545  0.20703125 0.45987650 0.017691742 0.3262809    0.38   0.20      0.42
546  1.00000000 0.45987650 0.017691742 0.3262809    0.38   0.20      0.42
547  1.00000000 0.45987650 0.017691742 0.3262809    0.38   0.20      0.42
548  1.00000000 0.45987650 0.017691742 0.3262809    0.38   0.20      0.42
549  1.00000000 0.45987650 0.017691742 0.3262809    0.38   0.20      0.42
550  0.03515625 0.45987650 0.017691742 0.3262809    0.38   0.20      0.42
551  0.07812500 0.45987650 0.017691742 0.3262809    0.38   0.20      0.42
552  1.00000000 0.45987650 0.017691742 0.3262809    0.38   0.20      0.42
553  0.10546875 0.45987650 0.017691742 0.3262809    0.38   0.20      0.42
554  0.09375000 0.45987650 0.017691742 0.3262809    0.38   0.20      0.42
555  0.07031250 0.45987650 0.017691742 0.3262809    0.38   0.20      0.42
556  1.00000000 0.45987650 0.017691742 0.3262809    0.38   0.20      0.42
557  0.08984375 0.45987650 0.017691742 0.3262809    0.38   0.20      0.42
558  0.07421875 0.45987650 0.017691742 0.3262809    0.38   0.20      0.42
559  1.00000000 0.45987650 0.017691742 0.3262809    0.38   0.20      0.42
560  0.08203125 0.45987650 0.017691742 0.3262809    0.38   0.20      0.42
561  0.18359375 0.45987650 0.017691742 0.3262809    0.38   0.20      0.42
562  0.06640625 0.45987650 0.017691742 0.3262809    0.38   0.20      0.42
563  0.01171875 0.45987650 0.017691742 0.3262809    0.38   0.20      0.42
564  1.00000000 0.45987650 0.017691742 0.3262809    0.38   0.20      0.42
565  0.12890625 0.45987650 0.017691742 0.3262809    0.38   0.20      0.42
566  1.00000000 0.45987650 0.017691742 0.3262809    0.38   0.20      0.42
567  1.00000000 0.45987650 0.017691742 0.3262809    0.38   0.20      0.42
568  0.07421875 0.45987650 0.017691742 0.3262809    0.38   0.20      0.42
569  0.07421875 0.45987650 0.017691742 0.3262809    0.38   0.20      0.42
570  0.05078125 0.45987650 0.017691742 0.3262809    0.38   0.20      0.42
571  1.00000000 0.45987650 0.017691742 0.3262809    0.38   0.20      0.42
572  0.12890625 0.45987650 0.017691742 0.3262809    0.38   0.20      0.42
573  1.00000000 0.45987650 0.017691742 0.3262809    0.38   0.20      0.42
574  0.07421875 0.45987650 0.017691742 0.3262809    0.38   0.20      0.42
575  1.00000000 0.45987650 0.017691742 0.3262809    0.38   0.20      0.42
576  1.00000000 0.45987650 0.017691742 0.3262809    0.38   0.20      0.42
577  0.05859375 0.45987650 0.017691742 0.3262809    0.38   0.20      0.42
578  0.18750000 0.45987650 0.017691742 0.3262809    0.38   0.20      0.42
579  1.00000000 0.45987650 0.017691742 0.3262809    0.38   0.20      0.42
580  1.00000000 0.45987650 0.017691742 0.3262809    0.38   0.20      0.42
581  1.00000000 0.45987650 0.017691742 0.3262809    0.38   0.20      0.42
582  1.00000000 0.45987650 0.017691742 0.3262809    0.38   0.20      0.42
583  0.17968750 0.45987650 0.017691742 0.3262809    0.38   0.20      0.42
584  1.00000000 0.45987650 0.017691742 0.3262809    0.38   0.20      0.42
585  0.05859375 0.45987650 0.017691742 0.3262809    0.38   0.20      0.42
586  0.17968750 0.45987650 0.017691742 0.3262809    0.38   0.20      0.42
587  1.00000000 0.45987650 0.017691742 0.3262809    0.38   0.20      0.42
588  0.21093750 0.45987650 0.017691742 0.3262809    0.38   0.20      0.42
589  0.30078125 0.45987650 0.017691742 0.3262809    0.38   0.20      0.42
590  1.00000000 0.45987650 0.017691742 0.3262809    0.38   0.20      0.42
591  1.00000000 0.45987650 0.017691742 0.3262809    0.38   0.20      0.42
592  1.00000000 0.45987650 0.017691742 0.3262809    0.38   0.20      0.42
593  1.00000000 0.45987650 0.017691742 0.3262809    0.38   0.20      0.42
594  0.53125000 0.45987650 0.017691742 0.3262809    0.38   0.20      0.42
595  1.00000000 0.45987650 0.017691742 0.3262809    0.38   0.20      0.42
596  0.13281250 0.45987650 0.017691742 0.3262809    0.38   0.20      0.42
597  0.32812500 0.45987650 0.017691742 0.3262809    0.38   0.20      0.42
598  0.04296875 0.45987650 0.017691742 0.3262809    0.38   0.20      0.42
599  0.06250000 0.45987650 0.017691742 0.3262809    0.38   0.20      0.42
600  0.25000000 0.45987650 0.017691742 0.3262809    0.38   0.20      0.42
601  1.00000000 0.09484302 0.202389159 0.5425456    0.00   0.56      0.44
602  0.75000000 0.09484302 0.202389159 0.5425456    0.00   0.56      0.44
603  0.92968750 0.09484302 0.202389159 0.5425456    0.00   0.56      0.44
604  0.76953125 0.09484302 0.202389159 0.5425456    0.00   0.56      0.44
605  0.68359375 0.09484302 0.202389159 0.5425456    0.00   0.56      0.44
606  0.93359375 0.09484302 0.202389159 0.5425456    0.00   0.56      0.44
607  0.86328125 0.09484302 0.202389159 0.5425456    0.00   0.56      0.44
608  0.76953125 0.09484302 0.202389159 0.5425456    0.00   0.56      0.44
609  0.91796875 0.09484302 0.202389159 0.5425456    0.00   0.56      0.44
610  0.88281250 0.09484302 0.202389159 0.5425456    0.00   0.56      0.44
611  0.80859375 0.09484302 0.202389159 0.5425456    0.00   0.56      0.44
612  0.60546875 0.09484302 0.202389159 0.5425456    0.00   0.56      0.44
613  1.00000000 0.09484302 0.202389159 0.5425456    0.00   0.56      0.44
614  0.72656250 0.09484302 0.202389159 0.5425456    0.00   0.56      0.44
615  1.00000000 0.09484302 0.202389159 0.5425456    0.00   0.56      0.44
616  0.73046875 0.09484302 0.202389159 0.5425456    0.00   0.56      0.44
617  0.80078125 0.09484302 0.202389159 0.5425456    0.00   0.56      0.44
618  0.92578125 0.09484302 0.202389159 0.5425456    0.00   0.56      0.44
619  0.73828125 0.09484302 0.202389159 0.5425456    0.00   0.56      0.44
620  0.85546875 0.09484302 0.202389159 0.5425456    0.00   0.56      0.44
621  0.83593750 0.09484302 0.202389159 0.5425456    0.00   0.56      0.44
622  0.85937500 0.09484302 0.202389159 0.5425456    0.00   0.56      0.44
623  0.96093750 0.09484302 0.202389159 0.5425456    0.00   0.56      0.44
624  0.75781250 0.09484302 0.202389159 0.5425456    0.00   0.56      0.44
625  0.91796875 0.09484302 0.202389159 0.5425456    0.00   0.56      0.44
626  0.82031250 0.09484302 0.202389159 0.5425456    0.00   0.56      0.44
627  0.72656250 0.09484302 0.202389159 0.5425456    0.00   0.56      0.44
628  0.76953125 0.09484302 0.202389159 0.5425456    0.00   0.56      0.44
629  0.86328125 0.09484302 0.202389159 0.5425456    0.00   0.56      0.44
630  0.79296875 0.09484302 0.202389159 0.5425456    0.00   0.56      0.44
631  0.80859375 0.09484302 0.202389159 0.5425456    0.00   0.56      0.44
632  0.79296875 0.09484302 0.202389159 0.5425456    0.00   0.56      0.44
633  0.82031250 0.09484302 0.202389159 0.5425456    0.00   0.56      0.44
634  0.85546875 0.09484302 0.202389159 0.5425456    0.00   0.56      0.44
635  1.00000000 0.09484302 0.202389159 0.5425456    0.00   0.56      0.44
636  0.92968750 0.09484302 0.202389159 0.5425456    0.00   0.56      0.44
637  0.85156250 0.09484302 0.202389159 0.5425456    0.00   0.56      0.44
638  0.80468750 0.09484302 0.202389159 0.5425456    0.00   0.56      0.44
639  0.89843750 0.09484302 0.202389159 0.5425456    0.00   0.56      0.44
640  1.00000000 0.09484302 0.202389159 0.5425456    0.00   0.56      0.44
641  0.66406250 0.09484302 0.202389159 0.5425456    0.00   0.56      0.44
642  0.92968750 0.09484302 0.202389159 0.5425456    0.00   0.56      0.44
643  0.75390625 0.09484302 0.202389159 0.5425456    0.00   0.56      0.44
644  0.82031250 0.09484302 0.202389159 0.5425456    0.00   0.56      0.44
645  0.93359375 0.09484302 0.202389159 0.5425456    0.00   0.56      0.44
646  0.94531250 0.09484302 0.202389159 0.5425456    0.00   0.56      0.44
647  0.83984375 0.09484302 0.202389159 0.5425456    0.00   0.56      0.44
648  0.88281250 0.09484302 0.202389159 0.5425456    0.00   0.56      0.44
649  0.87890625 0.09484302 0.202389159 0.5425456    0.00   0.56      0.44
650  0.74609375 0.09484302 0.202389159 0.5425456    0.00   0.56      0.44
651  0.93359375 0.09484302 0.202389159 0.5425456    0.00   0.56      0.44
652  0.76953125 0.09484302 0.202389159 0.5425456    0.00   0.56      0.44
653  1.00000000 0.09484302 0.202389159 0.5425456    0.00   0.56      0.44
654  0.94531250 0.09484302 0.202389159 0.5425456    0.00   0.56      0.44
655  0.89062500 0.09484302 0.202389159 0.5425456    0.00   0.56      0.44
656  0.69140625 0.09484302 0.202389159 0.5425456    0.00   0.56      0.44
657  0.90234375 0.09484302 0.202389159 0.5425456    0.00   0.56      0.44
658  0.73046875 0.09484302 0.202389159 0.5425456    0.00   0.56      0.44
659  0.88671875 0.09484302 0.202389159 0.5425456    0.00   0.56      0.44
660  0.86718750 0.09484302 0.202389159 0.5425456    0.00   0.56      0.44
661  1.00000000 0.09484302 0.202389159 0.5425456    0.00   0.56      0.44
662  0.97265625 0.09484302 0.202389159 0.5425456    0.00   0.56      0.44
663  0.98828125 0.09484302 0.202389159 0.5425456    0.00   0.56      0.44
664  0.75000000 0.09484302 0.202389159 0.5425456    0.00   0.56      0.44
665  0.80078125 0.09484302 0.202389159 0.5425456    0.00   0.56      0.44
666  0.75000000 0.09484302 0.202389159 0.5425456    0.00   0.56      0.44
667  0.87500000 0.09484302 0.202389159 0.5425456    0.00   0.56      0.44
668  0.94531250 0.09484302 0.202389159 0.5425456    0.00   0.56      0.44
669  1.00000000 0.09484302 0.202389159 0.5425456    0.00   0.56      0.44
670  0.88671875 0.09484302 0.202389159 0.5425456    0.00   0.56      0.44
671  0.62500000 0.09484302 0.202389159 0.5425456    0.00   0.56      0.44
672  0.73046875 0.09484302 0.202389159 0.5425456    0.00   0.56      0.44
673  0.74218750 0.09484302 0.202389159 0.5425456    0.00   0.56      0.44
674  0.57812500 0.09484302 0.202389159 0.5425456    0.00   0.56      0.44
675  0.76953125 0.09484302 0.202389159 0.5425456    0.00   0.56      0.44
676  0.87890625 0.09484302 0.202389159 0.5425456    0.00   0.56      0.44
677  0.75781250 0.09484302 0.202389159 0.5425456    0.00   0.56      0.44
678  1.00000000 0.09484302 0.202389159 0.5425456    0.00   0.56      0.44
679  0.92187500 0.09484302 0.202389159 0.5425456    0.00   0.56      0.44
680  0.69531250 0.09484302 0.202389159 0.5425456    0.00   0.56      0.44
681  0.79296875 0.09484302 0.202389159 0.5425456    0.00   0.56      0.44
682  0.71875000 0.09484302 0.202389159 0.5425456    0.00   0.56      0.44
683  0.68750000 0.09484302 0.202389159 0.5425456    0.00   0.56      0.44
684  0.90234375 0.09484302 0.202389159 0.5425456    0.00   0.56      0.44
685  0.74218750 0.09484302 0.202389159 0.5425456    0.00   0.56      0.44
686  1.00000000 0.09484302 0.202389159 0.5425456    0.00   0.56      0.44
687  0.85937500 0.09484302 0.202389159 0.5425456    0.00   0.56      0.44
688  0.92578125 0.09484302 0.202389159 0.5425456    0.00   0.56      0.44
689  0.75781250 0.09484302 0.202389159 0.5425456    0.00   0.56      0.44
690  0.66406250 0.09484302 0.202389159 0.5425456    0.00   0.56      0.44
691  0.70703125 0.09484302 0.202389159 0.5425456    0.00   0.56      0.44
692  0.87109375 0.09484302 0.202389159 0.5425456    0.00   0.56      0.44
693  0.86718750 0.09484302 0.202389159 0.5425456    0.00   0.56      0.44
694  0.74609375 0.09484302 0.202389159 0.5425456    0.00   0.56      0.44
695  0.69921875 0.09484302 0.202389159 0.5425456    0.00   0.56      0.44
696  0.94531250 0.09484302 0.202389159 0.5425456    0.00   0.56      0.44
697  0.84375000 0.09484302 0.202389159 0.5425456    0.00   0.56      0.44
698  1.00000000 0.09484302 0.202389159 0.5425456    0.00   0.56      0.44
699  0.69531250 0.09484302 0.202389159 0.5425456    0.00   0.56      0.44
700  0.53906250 0.09484302 0.202389159 0.5425456    0.00   0.56      0.44
701  1.00000000 0.33112982 0.149168324 0.2557788    0.03   0.54      0.43
702  0.51953125 0.33112982 0.149168324 0.2557788    0.03   0.54      0.43
703  0.53515625 0.33112982 0.149168324 0.2557788    0.03   0.54      0.43
704  1.00000000 0.33112982 0.149168324 0.2557788    0.03   0.54      0.43
705  1.00000000 0.33112982 0.149168324 0.2557788    0.03   0.54      0.43
706  0.93359375 0.33112982 0.149168324 0.2557788    0.03   0.54      0.43
707  0.76562500 0.33112982 0.149168324 0.2557788    0.03   0.54      0.43
708  1.00000000 0.33112982 0.149168324 0.2557788    0.03   0.54      0.43
709  0.67187500 0.33112982 0.149168324 0.2557788    0.03   0.54      0.43
710  0.64843750 0.33112982 0.149168324 0.2557788    0.03   0.54      0.43
711  0.52734375 0.33112982 0.149168324 0.2557788    0.03   0.54      0.43
712  1.00000000 0.33112982 0.149168324 0.2557788    0.03   0.54      0.43
713  1.00000000 0.33112982 0.149168324 0.2557788    0.03   0.54      0.43
714  0.86718750 0.33112982 0.149168324 0.2557788    0.03   0.54      0.43
715  0.59375000 0.33112982 0.149168324 0.2557788    0.03   0.54      0.43
716  0.71875000 0.33112982 0.149168324 0.2557788    0.03   0.54      0.43
717  0.92578125 0.33112982 0.149168324 0.2557788    0.03   0.54      0.43
718  0.67968750 0.33112982 0.149168324 0.2557788    0.03   0.54      0.43
719  1.00000000 0.33112982 0.149168324 0.2557788    0.03   0.54      0.43
720  0.75390625 0.33112982 0.149168324 0.2557788    0.03   0.54      0.43
721  1.00000000 0.33112982 0.149168324 0.2557788    0.03   0.54      0.43
722  0.69531250 0.33112982 0.149168324 0.2557788    0.03   0.54      0.43
723  0.90234375 0.33112982 0.149168324 0.2557788    0.03   0.54      0.43
724  0.65234375 0.33112982 0.149168324 0.2557788    0.03   0.54      0.43
725  0.71875000 0.33112982 0.149168324 0.2557788    0.03   0.54      0.43
726  0.73437500 0.33112982 0.149168324 0.2557788    0.03   0.54      0.43
727  0.78906250 0.33112982 0.149168324 0.2557788    0.03   0.54      0.43
728  0.58203125 0.33112982 0.149168324 0.2557788    0.03   0.54      0.43
729  0.53906250 0.33112982 0.149168324 0.2557788    0.03   0.54      0.43
730  0.61328125 0.33112982 0.149168324 0.2557788    0.03   0.54      0.43
731  0.45703125 0.33112982 0.149168324 0.2557788    0.03   0.54      0.43
732  0.62500000 0.33112982 0.149168324 0.2557788    0.03   0.54      0.43
733  0.82421875 0.33112982 0.149168324 0.2557788    0.03   0.54      0.43
734  0.63671875 0.33112982 0.149168324 0.2557788    0.03   0.54      0.43
735  0.78515625 0.33112982 0.149168324 0.2557788    0.03   0.54      0.43
736  0.51953125 0.33112982 0.149168324 0.2557788    0.03   0.54      0.43
737  0.82421875 0.33112982 0.149168324 0.2557788    0.03   0.54      0.43
738  0.66796875 0.33112982 0.149168324 0.2557788    0.03   0.54      0.43
739  0.53125000 0.33112982 0.149168324 0.2557788    0.03   0.54      0.43
740  1.00000000 0.33112982 0.149168324 0.2557788    0.03   0.54      0.43
741  0.52734375 0.33112982 0.149168324 0.2557788    0.03   0.54      0.43
742  1.00000000 0.33112982 0.149168324 0.2557788    0.03   0.54      0.43
743  0.66796875 0.33112982 0.149168324 0.2557788    0.03   0.54      0.43
744  0.59765625 0.33112982 0.149168324 0.2557788    0.03   0.54      0.43
745  1.00000000 0.33112982 0.149168324 0.2557788    0.03   0.54      0.43
746  0.76953125 0.33112982 0.149168324 0.2557788    0.03   0.54      0.43
747  0.59375000 0.33112982 0.149168324 0.2557788    0.03   0.54      0.43
748  1.00000000 0.33112982 0.149168324 0.2557788    0.03   0.54      0.43
749  0.60546875 0.33112982 0.149168324 0.2557788    0.03   0.54      0.43
750  1.00000000 0.33112982 0.149168324 0.2557788    0.03   0.54      0.43
751  0.61328125 0.33112982 0.149168324 0.2557788    0.03   0.54      0.43
752  1.00000000 0.33112982 0.149168324 0.2557788    0.03   0.54      0.43
753  1.00000000 0.33112982 0.149168324 0.2557788    0.03   0.54      0.43
754  0.83203125 0.33112982 0.149168324 0.2557788    0.03   0.54      0.43
755  1.00000000 0.33112982 0.149168324 0.2557788    0.03   0.54      0.43
756  1.00000000 0.33112982 0.149168324 0.2557788    0.03   0.54      0.43
757  0.75000000 0.33112982 0.149168324 0.2557788    0.03   0.54      0.43
758  0.56640625 0.33112982 0.149168324 0.2557788    0.03   0.54      0.43
759  0.83203125 0.33112982 0.149168324 0.2557788    0.03   0.54      0.43
760  1.00000000 0.33112982 0.149168324 0.2557788    0.03   0.54      0.43
761  0.84765625 0.33112982 0.149168324 0.2557788    0.03   0.54      0.43
762  0.50000000 0.33112982 0.149168324 0.2557788    0.03   0.54      0.43
763  0.89453125 0.33112982 0.149168324 0.2557788    0.03   0.54      0.43
764  1.00000000 0.33112982 0.149168324 0.2557788    0.03   0.54      0.43
765  0.76171875 0.33112982 0.149168324 0.2557788    0.03   0.54      0.43
766  0.71093750 0.33112982 0.149168324 0.2557788    0.03   0.54      0.43
767  0.64453125 0.33112982 0.149168324 0.2557788    0.03   0.54      0.43
768  1.00000000 0.33112982 0.149168324 0.2557788    0.03   0.54      0.43
769  0.78906250 0.33112982 0.149168324 0.2557788    0.03   0.54      0.43
770  1.00000000 0.33112982 0.149168324 0.2557788    0.03   0.54      0.43
771  0.82812500 0.33112982 0.149168324 0.2557788    0.03   0.54      0.43
772  0.60156250 0.33112982 0.149168324 0.2557788    0.03   0.54      0.43
773  0.70703125 0.33112982 0.149168324 0.2557788    0.03   0.54      0.43
774  1.00000000 0.33112982 0.149168324 0.2557788    0.03   0.54      0.43
775  0.91796875 0.33112982 0.149168324 0.2557788    0.03   0.54      0.43
776  0.66796875 0.33112982 0.149168324 0.2557788    0.03   0.54      0.43
777  0.60156250 0.33112982 0.149168324 0.2557788    0.03   0.54      0.43
778  1.00000000 0.33112982 0.149168324 0.2557788    0.03   0.54      0.43
779  0.57031250 0.33112982 0.149168324 0.2557788    0.03   0.54      0.43
780  0.56250000 0.33112982 0.149168324 0.2557788    0.03   0.54      0.43
781  1.00000000 0.33112982 0.149168324 0.2557788    0.03   0.54      0.43
782  1.00000000 0.33112982 0.149168324 0.2557788    0.03   0.54      0.43
783  1.00000000 0.33112982 0.149168324 0.2557788    0.03   0.54      0.43
784  0.78515625 0.33112982 0.149168324 0.2557788    0.03   0.54      0.43
785  0.78125000 0.33112982 0.149168324 0.2557788    0.03   0.54      0.43
786  0.60546875 0.33112982 0.149168324 0.2557788    0.03   0.54      0.43
787  0.63281250 0.33112982 0.149168324 0.2557788    0.03   0.54      0.43
788  1.00000000 0.33112982 0.149168324 0.2557788    0.03   0.54      0.43
789  1.00000000 0.33112982 0.149168324 0.2557788    0.03   0.54      0.43
790  1.00000000 0.33112982 0.149168324 0.2557788    0.03   0.54      0.43
791  0.54296875 0.33112982 0.149168324 0.2557788    0.03   0.54      0.43
792  0.75000000 0.33112982 0.149168324 0.2557788    0.03   0.54      0.43
793  0.77343750 0.33112982 0.149168324 0.2557788    0.03   0.54      0.43
794  0.56250000 0.33112982 0.149168324 0.2557788    0.03   0.54      0.43
795  0.56250000 0.33112982 0.149168324 0.2557788    0.03   0.54      0.43
796  0.85937500 0.33112982 0.149168324 0.2557788    0.03   0.54      0.43
797  1.00000000 0.33112982 0.149168324 0.2557788    0.03   0.54      0.43
798  0.63671875 0.33112982 0.149168324 0.2557788    0.03   0.54      0.43
799  0.55078125 0.33112982 0.149168324 0.2557788    0.03   0.54      0.43
800  0.91015625 0.33112982 0.149168324 0.2557788    0.03   0.54      0.43
801  0.00000000 0.41869887 0.002496033 0.6268294    0.54   0.03      0.43
802  0.01562500 0.41869887 0.002496033 0.6268294    0.54   0.03      0.43
803  0.00781250 0.41869887 0.002496033 0.6268294    0.54   0.03      0.43
804  1.00000000 0.41869887 0.002496033 0.6268294    0.54   0.03      0.43
805  1.00000000 0.41869887 0.002496033 0.6268294    0.54   0.03      0.43
806  0.06250000 0.41869887 0.002496033 0.6268294    0.54   0.03      0.43
807  1.00000000 0.41869887 0.002496033 0.6268294    0.54   0.03      0.43
808  0.00000000 0.41869887 0.002496033 0.6268294    0.54   0.03      0.43
809  1.00000000 0.41869887 0.002496033 0.6268294    0.54   0.03      0.43
810  0.00000000 0.41869887 0.002496033 0.6268294    0.54   0.03      0.43
811  1.00000000 0.41869887 0.002496033 0.6268294    0.54   0.03      0.43
812  1.00000000 0.41869887 0.002496033 0.6268294    0.54   0.03      0.43
813  0.00781250 0.41869887 0.002496033 0.6268294    0.54   0.03      0.43
814  0.05078125 0.41869887 0.002496033 0.6268294    0.54   0.03      0.43
815  1.00000000 0.41869887 0.002496033 0.6268294    0.54   0.03      0.43
816  0.02343750 0.41869887 0.002496033 0.6268294    0.54   0.03      0.43
817  1.00000000 0.41869887 0.002496033 0.6268294    0.54   0.03      0.43
818  0.02343750 0.41869887 0.002496033 0.6268294    0.54   0.03      0.43
819  0.06250000 0.41869887 0.002496033 0.6268294    0.54   0.03      0.43
820  0.00390625 0.41869887 0.002496033 0.6268294    0.54   0.03      0.43
821  1.00000000 0.41869887 0.002496033 0.6268294    0.54   0.03      0.43
822  0.01171875 0.41869887 0.002496033 0.6268294    0.54   0.03      0.43
823  1.00000000 0.41869887 0.002496033 0.6268294    0.54   0.03      0.43
824  0.00000000 0.41869887 0.002496033 0.6268294    0.54   0.03      0.43
825  0.00390625 0.41869887 0.002496033 0.6268294    0.54   0.03      0.43
826  0.00390625 0.41869887 0.002496033 0.6268294    0.54   0.03      0.43
827  0.00000000 0.41869887 0.002496033 0.6268294    0.54   0.03      0.43
828  0.00000000 0.41869887 0.002496033 0.6268294    0.54   0.03      0.43
829  0.00781250 0.41869887 0.002496033 0.6268294    0.54   0.03      0.43
830  0.01562500 0.41869887 0.002496033 0.6268294    0.54   0.03      0.43
831  0.00000000 0.41869887 0.002496033 0.6268294    0.54   0.03      0.43
832  0.00000000 0.41869887 0.002496033 0.6268294    0.54   0.03      0.43
833  0.26562500 0.41869887 0.002496033 0.6268294    0.54   0.03      0.43
834  0.03125000 0.41869887 0.002496033 0.6268294    0.54   0.03      0.43
835  0.01562500 0.41869887 0.002496033 0.6268294    0.54   0.03      0.43
836  1.00000000 0.41869887 0.002496033 0.6268294    0.54   0.03      0.43
837  0.03125000 0.41869887 0.002496033 0.6268294    0.54   0.03      0.43
838  0.00390625 0.41869887 0.002496033 0.6268294    0.54   0.03      0.43
839  0.01171875 0.41869887 0.002496033 0.6268294    0.54   0.03      0.43
840  1.00000000 0.41869887 0.002496033 0.6268294    0.54   0.03      0.43
841  1.00000000 0.41869887 0.002496033 0.6268294    0.54   0.03      0.43
842  1.00000000 0.41869887 0.002496033 0.6268294    0.54   0.03      0.43
843  0.00390625 0.41869887 0.002496033 0.6268294    0.54   0.03      0.43
844  0.00000000 0.41869887 0.002496033 0.6268294    0.54   0.03      0.43
845  1.00000000 0.41869887 0.002496033 0.6268294    0.54   0.03      0.43
846  0.00390625 0.41869887 0.002496033 0.6268294    0.54   0.03      0.43
847  1.00000000 0.41869887 0.002496033 0.6268294    0.54   0.03      0.43
848  1.00000000 0.41869887 0.002496033 0.6268294    0.54   0.03      0.43
849  1.00000000 0.41869887 0.002496033 0.6268294    0.54   0.03      0.43
850  0.00781250 0.41869887 0.002496033 0.6268294    0.54   0.03      0.43
851  1.00000000 0.41869887 0.002496033 0.6268294    0.54   0.03      0.43
852  0.00000000 0.41869887 0.002496033 0.6268294    0.54   0.03      0.43
853  0.00390625 0.41869887 0.002496033 0.6268294    0.54   0.03      0.43
854  1.00000000 0.41869887 0.002496033 0.6268294    0.54   0.03      0.43
855  1.00000000 0.41869887 0.002496033 0.6268294    0.54   0.03      0.43
856  1.00000000 0.41869887 0.002496033 0.6268294    0.54   0.03      0.43
857  0.02343750 0.41869887 0.002496033 0.6268294    0.54   0.03      0.43
858  0.00390625 0.41869887 0.002496033 0.6268294    0.54   0.03      0.43
859  1.00000000 0.41869887 0.002496033 0.6268294    0.54   0.03      0.43
860  1.00000000 0.41869887 0.002496033 0.6268294    0.54   0.03      0.43
861  0.01562500 0.41869887 0.002496033 0.6268294    0.54   0.03      0.43
862  0.00000000 0.41869887 0.002496033 0.6268294    0.54   0.03      0.43
863  1.00000000 0.41869887 0.002496033 0.6268294    0.54   0.03      0.43
864  1.00000000 0.41869887 0.002496033 0.6268294    0.54   0.03      0.43
865  0.00390625 0.41869887 0.002496033 0.6268294    0.54   0.03      0.43
866  0.00781250 0.41869887 0.002496033 0.6268294    0.54   0.03      0.43
867  0.01562500 0.41869887 0.002496033 0.6268294    0.54   0.03      0.43
868  0.00781250 0.41869887 0.002496033 0.6268294    0.54   0.03      0.43
869  1.00000000 0.41869887 0.002496033 0.6268294    0.54   0.03      0.43
870  0.00000000 0.41869887 0.002496033 0.6268294    0.54   0.03      0.43
871  1.00000000 0.41869887 0.002496033 0.6268294    0.54   0.03      0.43
872  0.03125000 0.41869887 0.002496033 0.6268294    0.54   0.03      0.43
873  1.00000000 0.41869887 0.002496033 0.6268294    0.54   0.03      0.43
874  0.00781250 0.41869887 0.002496033 0.6268294    0.54   0.03      0.43
875  0.07812500 0.41869887 0.002496033 0.6268294    0.54   0.03      0.43
876  1.00000000 0.41869887 0.002496033 0.6268294    0.54   0.03      0.43
877  1.00000000 0.41869887 0.002496033 0.6268294    0.54   0.03      0.43
878  0.06250000 0.41869887 0.002496033 0.6268294    0.54   0.03      0.43
879  0.01171875 0.41869887 0.002496033 0.6268294    0.54   0.03      0.43
880  0.03125000 0.41869887 0.002496033 0.6268294    0.54   0.03      0.43
881  1.00000000 0.41869887 0.002496033 0.6268294    0.54   0.03      0.43
882  1.00000000 0.41869887 0.002496033 0.6268294    0.54   0.03      0.43
883  0.01171875 0.41869887 0.002496033 0.6268294    0.54   0.03      0.43
884  1.00000000 0.41869887 0.002496033 0.6268294    0.54   0.03      0.43
885  1.00000000 0.41869887 0.002496033 0.6268294    0.54   0.03      0.43
886  0.00000000 0.41869887 0.002496033 0.6268294    0.54   0.03      0.43
887  1.00000000 0.41869887 0.002496033 0.6268294    0.54   0.03      0.43
888  0.02343750 0.41869887 0.002496033 0.6268294    0.54   0.03      0.43
889  1.00000000 0.41869887 0.002496033 0.6268294    0.54   0.03      0.43
890  1.00000000 0.41869887 0.002496033 0.6268294    0.54   0.03      0.43
891  1.00000000 0.41869887 0.002496033 0.6268294    0.54   0.03      0.43
892  0.01953125 0.41869887 0.002496033 0.6268294    0.54   0.03      0.43
893  1.00000000 0.41869887 0.002496033 0.6268294    0.54   0.03      0.43
894  0.00000000 0.41869887 0.002496033 0.6268294    0.54   0.03      0.43
895  0.00000000 0.41869887 0.002496033 0.6268294    0.54   0.03      0.43
896  0.00000000 0.41869887 0.002496033 0.6268294    0.54   0.03      0.43
897  1.00000000 0.41869887 0.002496033 0.6268294    0.54   0.03      0.43
898  0.03906250 0.41869887 0.002496033 0.6268294    0.54   0.03      0.43
899  1.00000000 0.41869887 0.002496033 0.6268294    0.54   0.03      0.43
900  1.00000000 0.41869887 0.002496033 0.6268294    0.54   0.03      0.43
901  1.00000000 0.35462684 0.105672827 0.5588268    0.00   0.56      0.44
902  0.44140625 0.35462684 0.105672827 0.5588268    0.00   0.56      0.44
903  0.60546875 0.35462684 0.105672827 0.5588268    0.00   0.56      0.44
904  1.00000000 0.35462684 0.105672827 0.5588268    0.00   0.56      0.44
905  0.67578125 0.35462684 0.105672827 0.5588268    0.00   0.56      0.44
906  0.67187500 0.35462684 0.105672827 0.5588268    0.00   0.56      0.44
907  0.59765625 0.35462684 0.105672827 0.5588268    0.00   0.56      0.44
908  1.00000000 0.35462684 0.105672827 0.5588268    0.00   0.56      0.44
909  1.00000000 0.35462684 0.105672827 0.5588268    0.00   0.56      0.44
910  0.65625000 0.35462684 0.105672827 0.5588268    0.00   0.56      0.44
911  0.74218750 0.35462684 0.105672827 0.5588268    0.00   0.56      0.44
912  0.55468750 0.35462684 0.105672827 0.5588268    0.00   0.56      0.44
913  0.65625000 0.35462684 0.105672827 0.5588268    0.00   0.56      0.44
914  0.35546875 0.35462684 0.105672827 0.5588268    0.00   0.56      0.44
915  0.77343750 0.35462684 0.105672827 0.5588268    0.00   0.56      0.44
916  0.66796875 0.35462684 0.105672827 0.5588268    0.00   0.56      0.44
917  0.78906250 0.35462684 0.105672827 0.5588268    0.00   0.56      0.44
918  0.65234375 0.35462684 0.105672827 0.5588268    0.00   0.56      0.44
919  0.67187500 0.35462684 0.105672827 0.5588268    0.00   0.56      0.44
920  1.00000000 0.35462684 0.105672827 0.5588268    0.00   0.56      0.44
921  1.00000000 0.35462684 0.105672827 0.5588268    0.00   0.56      0.44
922  0.44140625 0.35462684 0.105672827 0.5588268    0.00   0.56      0.44
923  0.44531250 0.35462684 0.105672827 0.5588268    0.00   0.56      0.44
924  0.50390625 0.35462684 0.105672827 0.5588268    0.00   0.56      0.44
925  0.57031250 0.35462684 0.105672827 0.5588268    0.00   0.56      0.44
926  0.50390625 0.35462684 0.105672827 0.5588268    0.00   0.56      0.44
927  1.00000000 0.35462684 0.105672827 0.5588268    0.00   0.56      0.44
928  0.49609375 0.35462684 0.105672827 0.5588268    0.00   0.56      0.44
929  0.39453125 0.35462684 0.105672827 0.5588268    0.00   0.56      0.44
930  0.79296875 0.35462684 0.105672827 0.5588268    0.00   0.56      0.44
931  1.00000000 0.35462684 0.105672827 0.5588268    0.00   0.56      0.44
932  0.45312500 0.35462684 0.105672827 0.5588268    0.00   0.56      0.44
933  0.76953125 0.35462684 0.105672827 0.5588268    0.00   0.56      0.44
934  1.00000000 0.35462684 0.105672827 0.5588268    0.00   0.56      0.44
935  0.42578125 0.35462684 0.105672827 0.5588268    0.00   0.56      0.44
936  0.42578125 0.35462684 0.105672827 0.5588268    0.00   0.56      0.44
937  0.43359375 0.35462684 0.105672827 0.5588268    0.00   0.56      0.44
938  0.59375000 0.35462684 0.105672827 0.5588268    0.00   0.56      0.44
939  0.46484375 0.35462684 0.105672827 0.5588268    0.00   0.56      0.44
940  0.60937500 0.35462684 0.105672827 0.5588268    0.00   0.56      0.44
941  1.00000000 0.35462684 0.105672827 0.5588268    0.00   0.56      0.44
942  0.53906250 0.35462684 0.105672827 0.5588268    0.00   0.56      0.44
943  0.76562500 0.35462684 0.105672827 0.5588268    0.00   0.56      0.44
944  0.44531250 0.35462684 0.105672827 0.5588268    0.00   0.56      0.44
945  0.50000000 0.35462684 0.105672827 0.5588268    0.00   0.56      0.44
946  1.00000000 0.35462684 0.105672827 0.5588268    0.00   0.56      0.44
947  1.00000000 0.35462684 0.105672827 0.5588268    0.00   0.56      0.44
948  1.00000000 0.35462684 0.105672827 0.5588268    0.00   0.56      0.44
949  1.00000000 0.35462684 0.105672827 0.5588268    0.00   0.56      0.44
950  1.00000000 0.35462684 0.105672827 0.5588268    0.00   0.56      0.44
951  0.50781250 0.35462684 0.105672827 0.5588268    0.00   0.56      0.44
952  0.59765625 0.35462684 0.105672827 0.5588268    0.00   0.56      0.44
953  0.50781250 0.35462684 0.105672827 0.5588268    0.00   0.56      0.44
954  1.00000000 0.35462684 0.105672827 0.5588268    0.00   0.56      0.44
955  0.62500000 0.35462684 0.105672827 0.5588268    0.00   0.56      0.44
956  1.00000000 0.35462684 0.105672827 0.5588268    0.00   0.56      0.44
957  0.32812500 0.35462684 0.105672827 0.5588268    0.00   0.56      0.44
958  1.00000000 0.35462684 0.105672827 0.5588268    0.00   0.56      0.44
959  1.00000000 0.35462684 0.105672827 0.5588268    0.00   0.56      0.44
960  0.74609375 0.35462684 0.105672827 0.5588268    0.00   0.56      0.44
961  0.41796875 0.35462684 0.105672827 0.5588268    0.00   0.56      0.44
962  1.00000000 0.35462684 0.105672827 0.5588268    0.00   0.56      0.44
963  0.59765625 0.35462684 0.105672827 0.5588268    0.00   0.56      0.44
964  1.00000000 0.35462684 0.105672827 0.5588268    0.00   0.56      0.44
965  1.00000000 0.35462684 0.105672827 0.5588268    0.00   0.56      0.44
966  0.49218750 0.35462684 0.105672827 0.5588268    0.00   0.56      0.44
967  0.81250000 0.35462684 0.105672827 0.5588268    0.00   0.56      0.44
968  1.00000000 0.35462684 0.105672827 0.5588268    0.00   0.56      0.44
969  0.69921875 0.35462684 0.105672827 0.5588268    0.00   0.56      0.44
970  0.71093750 0.35462684 0.105672827 0.5588268    0.00   0.56      0.44
971  0.68750000 0.35462684 0.105672827 0.5588268    0.00   0.56      0.44
972  0.55859375 0.35462684 0.105672827 0.5588268    0.00   0.56      0.44
973  0.60156250 0.35462684 0.105672827 0.5588268    0.00   0.56      0.44
974  0.61328125 0.35462684 0.105672827 0.5588268    0.00   0.56      0.44
975  1.00000000 0.35462684 0.105672827 0.5588268    0.00   0.56      0.44
976  0.64843750 0.35462684 0.105672827 0.5588268    0.00   0.56      0.44
977  0.66406250 0.35462684 0.105672827 0.5588268    0.00   0.56      0.44
978  1.00000000 0.35462684 0.105672827 0.5588268    0.00   0.56      0.44
979  1.00000000 0.35462684 0.105672827 0.5588268    0.00   0.56      0.44
980  1.00000000 0.35462684 0.105672827 0.5588268    0.00   0.56      0.44
981  1.00000000 0.35462684 0.105672827 0.5588268    0.00   0.56      0.44
982  1.00000000 0.35462684 0.105672827 0.5588268    0.00   0.56      0.44
983  0.80468750 0.35462684 0.105672827 0.5588268    0.00   0.56      0.44
984  1.00000000 0.35462684 0.105672827 0.5588268    0.00   0.56      0.44
985  0.90234375 0.35462684 0.105672827 0.5588268    0.00   0.56      0.44
986  0.36718750 0.35462684 0.105672827 0.5588268    0.00   0.56      0.44
987  1.00000000 0.35462684 0.105672827 0.5588268    0.00   0.56      0.44
988  1.00000000 0.35462684 0.105672827 0.5588268    0.00   0.56      0.44
989  0.74218750 0.35462684 0.105672827 0.5588268    0.00   0.56      0.44
990  0.47656250 0.35462684 0.105672827 0.5588268    0.00   0.56      0.44
991  1.00000000 0.35462684 0.105672827 0.5588268    0.00   0.56      0.44
992  0.62109375 0.35462684 0.105672827 0.5588268    0.00   0.56      0.44
993  1.00000000 0.35462684 0.105672827 0.5588268    0.00   0.56      0.44
994  0.34375000 0.35462684 0.105672827 0.5588268    0.00   0.56      0.44
995  0.57421875 0.35462684 0.105672827 0.5588268    0.00   0.56      0.44
996  1.00000000 0.35462684 0.105672827 0.5588268    0.00   0.56      0.44
997  1.00000000 0.35462684 0.105672827 0.5588268    0.00   0.56      0.44
998  0.74609375 0.35462684 0.105672827 0.5588268    0.00   0.56      0.44
999  0.48046875 0.35462684 0.105672827 0.5588268    0.00   0.56      0.44
1000 1.00000000 0.35462684 0.105672827 0.5588268    0.00   0.56      0.44
