      prop.aneu prob.meio   prob.mito  dispersal euploid mosaic aneuploid
1    0.05859375 0.3338101 0.021178674 0.18759588    0.47   0.23      0.30
2    0.12109375 0.3338101 0.021178674 0.18759588    0.47   0.23      0.30
3    0.07421875 0.3338101 0.021178674 0.18759588    0.47   0.23      0.30
4    0.05468750 0.3338101 0.021178674 0.18759588    0.47   0.23      0.30
5    1.00000000 0.3338101 0.021178674 0.18759588    0.47   0.23      0.30
6    0.14453125 0.3338101 0.021178674 0.18759588    0.47   0.23      0.30
7    0.07421875 0.3338101 0.021178674 0.18759588    0.47   0.23      0.30
8    0.11718750 0.3338101 0.021178674 0.18759588    0.47   0.23      0.30
9    0.05468750 0.3338101 0.021178674 0.18759588    0.47   0.23      0.30
10   0.04687500 0.3338101 0.021178674 0.18759588    0.47   0.23      0.30
11   0.15234375 0.3338101 0.021178674 0.18759588    0.47   0.23      0.30
12   0.04687500 0.3338101 0.021178674 0.18759588    0.47   0.23      0.30
13   1.00000000 0.3338101 0.021178674 0.18759588    0.47   0.23      0.30
14   1.00000000 0.3338101 0.021178674 0.18759588    0.47   0.23      0.30
15   0.12500000 0.3338101 0.021178674 0.18759588    0.47   0.23      0.30
16   1.00000000 0.3338101 0.021178674 0.18759588    0.47   0.23      0.30
17   0.12500000 0.3338101 0.021178674 0.18759588    0.47   0.23      0.30
18   1.00000000 0.3338101 0.021178674 0.18759588    0.47   0.23      0.30
19   1.00000000 0.3338101 0.021178674 0.18759588    0.47   0.23      0.30
20   0.17968750 0.3338101 0.021178674 0.18759588    0.47   0.23      0.30
21   0.20312500 0.3338101 0.021178674 0.18759588    0.47   0.23      0.30
22   1.00000000 0.3338101 0.021178674 0.18759588    0.47   0.23      0.30
23   0.10156250 0.3338101 0.021178674 0.18759588    0.47   0.23      0.30
24   0.08593750 0.3338101 0.021178674 0.18759588    0.47   0.23      0.30
25   1.00000000 0.3338101 0.021178674 0.18759588    0.47   0.23      0.30
26   0.02343750 0.3338101 0.021178674 0.18759588    0.47   0.23      0.30
27   0.07812500 0.3338101 0.021178674 0.18759588    0.47   0.23      0.30
28   0.03125000 0.3338101 0.021178674 0.18759588    0.47   0.23      0.30
29   0.06640625 0.3338101 0.021178674 0.18759588    0.47   0.23      0.30
30   1.00000000 0.3338101 0.021178674 0.18759588    0.47   0.23      0.30
31   0.06250000 0.3338101 0.021178674 0.18759588    0.47   0.23      0.30
32   0.05468750 0.3338101 0.021178674 0.18759588    0.47   0.23      0.30
33   1.00000000 0.3338101 0.021178674 0.18759588    0.47   0.23      0.30
34   0.14453125 0.3338101 0.021178674 0.18759588    0.47   0.23      0.30
35   0.09765625 0.3338101 0.021178674 0.18759588    0.47   0.23      0.30
36   1.00000000 0.3338101 0.021178674 0.18759588    0.47   0.23      0.30
37   0.10937500 0.3338101 0.021178674 0.18759588    0.47   0.23      0.30
38   0.02343750 0.3338101 0.021178674 0.18759588    0.47   0.23      0.30
39   0.36718750 0.3338101 0.021178674 0.18759588    0.47   0.23      0.30
40   1.00000000 0.3338101 0.021178674 0.18759588    0.47   0.23      0.30
41   0.09765625 0.3338101 0.021178674 0.18759588    0.47   0.23      0.30
42   1.00000000 0.3338101 0.021178674 0.18759588    0.47   0.23      0.30
43   0.07421875 0.3338101 0.021178674 0.18759588    0.47   0.23      0.30
44   0.11718750 0.3338101 0.021178674 0.18759588    0.47   0.23      0.30
45   1.00000000 0.3338101 0.021178674 0.18759588    0.47   0.23      0.30
46   1.00000000 0.3338101 0.021178674 0.18759588    0.47   0.23      0.30
47   0.24218750 0.3338101 0.021178674 0.18759588    0.47   0.23      0.30
48   0.17578125 0.3338101 0.021178674 0.18759588    0.47   0.23      0.30
49   1.00000000 0.3338101 0.021178674 0.18759588    0.47   0.23      0.30
50   1.00000000 0.3338101 0.021178674 0.18759588    0.47   0.23      0.30
51   0.12890625 0.3338101 0.021178674 0.18759588    0.47   0.23      0.30
52   0.05078125 0.3338101 0.021178674 0.18759588    0.47   0.23      0.30
53   1.00000000 0.3338101 0.021178674 0.18759588    0.47   0.23      0.30
54   1.00000000 0.3338101 0.021178674 0.18759588    0.47   0.23      0.30
55   0.08593750 0.3338101 0.021178674 0.18759588    0.47   0.23      0.30
56   1.00000000 0.3338101 0.021178674 0.18759588    0.47   0.23      0.30
57   1.00000000 0.3338101 0.021178674 0.18759588    0.47   0.23      0.30
58   1.00000000 0.3338101 0.021178674 0.18759588    0.47   0.23      0.30
59   0.10937500 0.3338101 0.021178674 0.18759588    0.47   0.23      0.30
60   0.20312500 0.3338101 0.021178674 0.18759588    0.47   0.23      0.30
61   0.04687500 0.3338101 0.021178674 0.18759588    0.47   0.23      0.30
62   0.09765625 0.3338101 0.021178674 0.18759588    0.47   0.23      0.30
63   0.36328125 0.3338101 0.021178674 0.18759588    0.47   0.23      0.30
64   1.00000000 0.3338101 0.021178674 0.18759588    0.47   0.23      0.30
65   1.00000000 0.3338101 0.021178674 0.18759588    0.47   0.23      0.30
66   0.17968750 0.3338101 0.021178674 0.18759588    0.47   0.23      0.30
67   0.20312500 0.3338101 0.021178674 0.18759588    0.47   0.23      0.30
68   0.08593750 0.3338101 0.021178674 0.18759588    0.47   0.23      0.30
69   0.10156250 0.3338101 0.021178674 0.18759588    0.47   0.23      0.30
70   1.00000000 0.3338101 0.021178674 0.18759588    0.47   0.23      0.30
71   1.00000000 0.3338101 0.021178674 0.18759588    0.47   0.23      0.30
72   0.09375000 0.3338101 0.021178674 0.18759588    0.47   0.23      0.30
73   0.08984375 0.3338101 0.021178674 0.18759588    0.47   0.23      0.30
74   0.03515625 0.3338101 0.021178674 0.18759588    0.47   0.23      0.30
75   0.12109375 0.3338101 0.021178674 0.18759588    0.47   0.23      0.30
76   0.24218750 0.3338101 0.021178674 0.18759588    0.47   0.23      0.30
77   0.07421875 0.3338101 0.021178674 0.18759588    0.47   0.23      0.30
78   0.08984375 0.3338101 0.021178674 0.18759588    0.47   0.23      0.30
79   0.17968750 0.3338101 0.021178674 0.18759588    0.47   0.23      0.30
80   0.34375000 0.3338101 0.021178674 0.18759588    0.47   0.23      0.30
81   1.00000000 0.3338101 0.021178674 0.18759588    0.47   0.23      0.30
82   0.08593750 0.3338101 0.021178674 0.18759588    0.47   0.23      0.30
83   0.14843750 0.3338101 0.021178674 0.18759588    0.47   0.23      0.30
84   0.13281250 0.3338101 0.021178674 0.18759588    0.47   0.23      0.30
85   0.17578125 0.3338101 0.021178674 0.18759588    0.47   0.23      0.30
86   0.18359375 0.3338101 0.021178674 0.18759588    0.47   0.23      0.30
87   0.05468750 0.3338101 0.021178674 0.18759588    0.47   0.23      0.30
88   0.53515625 0.3338101 0.021178674 0.18759588    0.47   0.23      0.30
89   0.07031250 0.3338101 0.021178674 0.18759588    0.47   0.23      0.30
90   0.13671875 0.3338101 0.021178674 0.18759588    0.47   0.23      0.30
91   1.00000000 0.3338101 0.021178674 0.18759588    0.47   0.23      0.30
92   0.05859375 0.3338101 0.021178674 0.18759588    0.47   0.23      0.30
93   1.00000000 0.3338101 0.021178674 0.18759588    0.47   0.23      0.30
94   0.13671875 0.3338101 0.021178674 0.18759588    0.47   0.23      0.30
95   0.04296875 0.3338101 0.021178674 0.18759588    0.47   0.23      0.30
96   0.05468750 0.3338101 0.021178674 0.18759588    0.47   0.23      0.30
97   0.09765625 0.3338101 0.021178674 0.18759588    0.47   0.23      0.30
98   0.10546875 0.3338101 0.021178674 0.18759588    0.47   0.23      0.30
99   0.04687500 0.3338101 0.021178674 0.18759588    0.47   0.23      0.30
100  1.00000000 0.3338101 0.021178674 0.18759588    0.47   0.23      0.30
101  1.00000000 0.5388017 0.034918369 0.04076742    0.26   0.17      0.57
102  0.24218750 0.5388017 0.034918369 0.04076742    0.26   0.17      0.57
103  1.00000000 0.5388017 0.034918369 0.04076742    0.26   0.17      0.57
104  0.24609375 0.5388017 0.034918369 0.04076742    0.26   0.17      0.57
105  1.00000000 0.5388017 0.034918369 0.04076742    0.26   0.17      0.57
106  1.00000000 0.5388017 0.034918369 0.04076742    0.26   0.17      0.57
107  0.22656250 0.5388017 0.034918369 0.04076742    0.26   0.17      0.57
108  1.00000000 0.5388017 0.034918369 0.04076742    0.26   0.17      0.57
109  1.00000000 0.5388017 0.034918369 0.04076742    0.26   0.17      0.57
110  1.00000000 0.5388017 0.034918369 0.04076742    0.26   0.17      0.57
111  0.38671875 0.5388017 0.034918369 0.04076742    0.26   0.17      0.57
112  1.00000000 0.5388017 0.034918369 0.04076742    0.26   0.17      0.57
113  0.28906250 0.5388017 0.034918369 0.04076742    0.26   0.17      0.57
114  1.00000000 0.5388017 0.034918369 0.04076742    0.26   0.17      0.57
115  1.00000000 0.5388017 0.034918369 0.04076742    0.26   0.17      0.57
116  1.00000000 0.5388017 0.034918369 0.04076742    0.26   0.17      0.57
117  1.00000000 0.5388017 0.034918369 0.04076742    0.26   0.17      0.57
118  0.17578125 0.5388017 0.034918369 0.04076742    0.26   0.17      0.57
119  1.00000000 0.5388017 0.034918369 0.04076742    0.26   0.17      0.57
120  1.00000000 0.5388017 0.034918369 0.04076742    0.26   0.17      0.57
121  0.34765625 0.5388017 0.034918369 0.04076742    0.26   0.17      0.57
122  1.00000000 0.5388017 0.034918369 0.04076742    0.26   0.17      0.57
123  1.00000000 0.5388017 0.034918369 0.04076742    0.26   0.17      0.57
124  0.19531250 0.5388017 0.034918369 0.04076742    0.26   0.17      0.57
125  1.00000000 0.5388017 0.034918369 0.04076742    0.26   0.17      0.57
126  0.14843750 0.5388017 0.034918369 0.04076742    0.26   0.17      0.57
127  1.00000000 0.5388017 0.034918369 0.04076742    0.26   0.17      0.57
128  0.19921875 0.5388017 0.034918369 0.04076742    0.26   0.17      0.57
129  1.00000000 0.5388017 0.034918369 0.04076742    0.26   0.17      0.57
130  1.00000000 0.5388017 0.034918369 0.04076742    0.26   0.17      0.57
131  1.00000000 0.5388017 0.034918369 0.04076742    0.26   0.17      0.57
132  0.59765625 0.5388017 0.034918369 0.04076742    0.26   0.17      0.57
133  0.23828125 0.5388017 0.034918369 0.04076742    0.26   0.17      0.57
134  0.13671875 0.5388017 0.034918369 0.04076742    0.26   0.17      0.57
135  0.39062500 0.5388017 0.034918369 0.04076742    0.26   0.17      0.57
136  1.00000000 0.5388017 0.034918369 0.04076742    0.26   0.17      0.57
137  1.00000000 0.5388017 0.034918369 0.04076742    0.26   0.17      0.57
138  1.00000000 0.5388017 0.034918369 0.04076742    0.26   0.17      0.57
139  1.00000000 0.5388017 0.034918369 0.04076742    0.26   0.17      0.57
140  1.00000000 0.5388017 0.034918369 0.04076742    0.26   0.17      0.57
141  1.00000000 0.5388017 0.034918369 0.04076742    0.26   0.17      0.57
142  0.14062500 0.5388017 0.034918369 0.04076742    0.26   0.17      0.57
143  1.00000000 0.5388017 0.034918369 0.04076742    0.26   0.17      0.57
144  1.00000000 0.5388017 0.034918369 0.04076742    0.26   0.17      0.57
145  0.12890625 0.5388017 0.034918369 0.04076742    0.26   0.17      0.57
146  0.46875000 0.5388017 0.034918369 0.04076742    0.26   0.17      0.57
147  0.15625000 0.5388017 0.034918369 0.04076742    0.26   0.17      0.57
148  1.00000000 0.5388017 0.034918369 0.04076742    0.26   0.17      0.57
149  0.20703125 0.5388017 0.034918369 0.04076742    0.26   0.17      0.57
150  1.00000000 0.5388017 0.034918369 0.04076742    0.26   0.17      0.57
151  1.00000000 0.5388017 0.034918369 0.04076742    0.26   0.17      0.57
152  0.66796875 0.5388017 0.034918369 0.04076742    0.26   0.17      0.57
153  0.28515625 0.5388017 0.034918369 0.04076742    0.26   0.17      0.57
154  1.00000000 0.5388017 0.034918369 0.04076742    0.26   0.17      0.57
155  1.00000000 0.5388017 0.034918369 0.04076742    0.26   0.17      0.57
156  0.17187500 0.5388017 0.034918369 0.04076742    0.26   0.17      0.57
157  1.00000000 0.5388017 0.034918369 0.04076742    0.26   0.17      0.57
158  0.54296875 0.5388017 0.034918369 0.04076742    0.26   0.17      0.57
159  1.00000000 0.5388017 0.034918369 0.04076742    0.26   0.17      0.57
160  0.11718750 0.5388017 0.034918369 0.04076742    0.26   0.17      0.57
161  0.16406250 0.5388017 0.034918369 0.04076742    0.26   0.17      0.57
162  0.28515625 0.5388017 0.034918369 0.04076742    0.26   0.17      0.57
163  0.33984375 0.5388017 0.034918369 0.04076742    0.26   0.17      0.57
164  1.00000000 0.5388017 0.034918369 0.04076742    0.26   0.17      0.57
165  0.13671875 0.5388017 0.034918369 0.04076742    0.26   0.17      0.57
166  1.00000000 0.5388017 0.034918369 0.04076742    0.26   0.17      0.57
167  1.00000000 0.5388017 0.034918369 0.04076742    0.26   0.17      0.57
168  1.00000000 0.5388017 0.034918369 0.04076742    0.26   0.17      0.57
169  1.00000000 0.5388017 0.034918369 0.04076742    0.26   0.17      0.57
170  1.00000000 0.5388017 0.034918369 0.04076742    0.26   0.17      0.57
171  0.19921875 0.5388017 0.034918369 0.04076742    0.26   0.17      0.57
172  1.00000000 0.5388017 0.034918369 0.04076742    0.26   0.17      0.57
173  1.00000000 0.5388017 0.034918369 0.04076742    0.26   0.17      0.57
174  1.00000000 0.5388017 0.034918369 0.04076742    0.26   0.17      0.57
175  0.12500000 0.5388017 0.034918369 0.04076742    0.26   0.17      0.57
176  1.00000000 0.5388017 0.034918369 0.04076742    0.26   0.17      0.57
177  1.00000000 0.5388017 0.034918369 0.04076742    0.26   0.17      0.57
178  0.09765625 0.5388017 0.034918369 0.04076742    0.26   0.17      0.57
179  0.10937500 0.5388017 0.034918369 0.04076742    0.26   0.17      0.57
180  0.10546875 0.5388017 0.034918369 0.04076742    0.26   0.17      0.57
181  0.31640625 0.5388017 0.034918369 0.04076742    0.26   0.17      0.57
182  0.60546875 0.5388017 0.034918369 0.04076742    0.26   0.17      0.57
183  1.00000000 0.5388017 0.034918369 0.04076742    0.26   0.17      0.57
184  0.35546875 0.5388017 0.034918369 0.04076742    0.26   0.17      0.57
185  0.12500000 0.5388017 0.034918369 0.04076742    0.26   0.17      0.57
186  1.00000000 0.5388017 0.034918369 0.04076742    0.26   0.17      0.57
187  1.00000000 0.5388017 0.034918369 0.04076742    0.26   0.17      0.57
188  0.20703125 0.5388017 0.034918369 0.04076742    0.26   0.17      0.57
189  0.12109375 0.5388017 0.034918369 0.04076742    0.26   0.17      0.57
190  0.18359375 0.5388017 0.034918369 0.04076742    0.26   0.17      0.57
191  1.00000000 0.5388017 0.034918369 0.04076742    0.26   0.17      0.57
192  0.05078125 0.5388017 0.034918369 0.04076742    0.26   0.17      0.57
193  1.00000000 0.5388017 0.034918369 0.04076742    0.26   0.17      0.57
194  0.27734375 0.5388017 0.034918369 0.04076742    0.26   0.17      0.57
195  0.12500000 0.5388017 0.034918369 0.04076742    0.26   0.17      0.57
196  0.30078125 0.5388017 0.034918369 0.04076742    0.26   0.17      0.57
197  0.14453125 0.5388017 0.034918369 0.04076742    0.26   0.17      0.57
198  1.00000000 0.5388017 0.034918369 0.04076742    0.26   0.17      0.57
199  0.11328125 0.5388017 0.034918369 0.04076742    0.26   0.17      0.57
200  1.00000000 0.5388017 0.034918369 0.04076742    0.26   0.17      0.57
201  0.01953125 0.5686662 0.011476295 0.17398745    0.35   0.09      0.56
202  0.02734375 0.5686662 0.011476295 0.17398745    0.35   0.09      0.56
203  0.03515625 0.5686662 0.011476295 0.17398745    0.35   0.09      0.56
204  0.10937500 0.5686662 0.011476295 0.17398745    0.35   0.09      0.56
205  1.00000000 0.5686662 0.011476295 0.17398745    0.35   0.09      0.56
206  1.00000000 0.5686662 0.011476295 0.17398745    0.35   0.09      0.56
207  0.05078125 0.5686662 0.011476295 0.17398745    0.35   0.09      0.56
208  0.31250000 0.5686662 0.011476295 0.17398745    0.35   0.09      0.56
209  1.00000000 0.5686662 0.011476295 0.17398745    0.35   0.09      0.56
210  1.00000000 0.5686662 0.011476295 0.17398745    0.35   0.09      0.56
211  1.00000000 0.5686662 0.011476295 0.17398745    0.35   0.09      0.56
212  1.00000000 0.5686662 0.011476295 0.17398745    0.35   0.09      0.56
213  0.04687500 0.5686662 0.011476295 0.17398745    0.35   0.09      0.56
214  1.00000000 0.5686662 0.011476295 0.17398745    0.35   0.09      0.56
215  1.00000000 0.5686662 0.011476295 0.17398745    0.35   0.09      0.56
216  1.00000000 0.5686662 0.011476295 0.17398745    0.35   0.09      0.56
217  0.02343750 0.5686662 0.011476295 0.17398745    0.35   0.09      0.56
218  1.00000000 0.5686662 0.011476295 0.17398745    0.35   0.09      0.56
219  0.23046875 0.5686662 0.011476295 0.17398745    0.35   0.09      0.56
220  1.00000000 0.5686662 0.011476295 0.17398745    0.35   0.09      0.56
221  0.08203125 0.5686662 0.011476295 0.17398745    0.35   0.09      0.56
222  1.00000000 0.5686662 0.011476295 0.17398745    0.35   0.09      0.56
223  1.00000000 0.5686662 0.011476295 0.17398745    0.35   0.09      0.56
224  1.00000000 0.5686662 0.011476295 0.17398745    0.35   0.09      0.56
225  1.00000000 0.5686662 0.011476295 0.17398745    0.35   0.09      0.56
226  1.00000000 0.5686662 0.011476295 0.17398745    0.35   0.09      0.56
227  1.00000000 0.5686662 0.011476295 0.17398745    0.35   0.09      0.56
228  0.03515625 0.5686662 0.011476295 0.17398745    0.35   0.09      0.56
229  1.00000000 0.5686662 0.011476295 0.17398745    0.35   0.09      0.56
230  0.08593750 0.5686662 0.011476295 0.17398745    0.35   0.09      0.56
231  0.05078125 0.5686662 0.011476295 0.17398745    0.35   0.09      0.56
232  1.00000000 0.5686662 0.011476295 0.17398745    0.35   0.09      0.56
233  1.00000000 0.5686662 0.011476295 0.17398745    0.35   0.09      0.56
234  1.00000000 0.5686662 0.011476295 0.17398745    0.35   0.09      0.56
235  1.00000000 0.5686662 0.011476295 0.17398745    0.35   0.09      0.56
236  0.03515625 0.5686662 0.011476295 0.17398745    0.35   0.09      0.56
237  1.00000000 0.5686662 0.011476295 0.17398745    0.35   0.09      0.56
238  1.00000000 0.5686662 0.011476295 0.17398745    0.35   0.09      0.56
239  0.06640625 0.5686662 0.011476295 0.17398745    0.35   0.09      0.56
240  1.00000000 0.5686662 0.011476295 0.17398745    0.35   0.09      0.56
241  0.25000000 0.5686662 0.011476295 0.17398745    0.35   0.09      0.56
242  0.01953125 0.5686662 0.011476295 0.17398745    0.35   0.09      0.56
243  0.05859375 0.5686662 0.011476295 0.17398745    0.35   0.09      0.56
244  1.00000000 0.5686662 0.011476295 0.17398745    0.35   0.09      0.56
245  0.03906250 0.5686662 0.011476295 0.17398745    0.35   0.09      0.56
246  0.03125000 0.5686662 0.011476295 0.17398745    0.35   0.09      0.56
247  1.00000000 0.5686662 0.011476295 0.17398745    0.35   0.09      0.56
248  1.00000000 0.5686662 0.011476295 0.17398745    0.35   0.09      0.56
249  1.00000000 0.5686662 0.011476295 0.17398745    0.35   0.09      0.56
250  0.05078125 0.5686662 0.011476295 0.17398745    0.35   0.09      0.56
251  0.08593750 0.5686662 0.011476295 0.17398745    0.35   0.09      0.56
252  1.00000000 0.5686662 0.011476295 0.17398745    0.35   0.09      0.56
253  1.00000000 0.5686662 0.011476295 0.17398745    0.35   0.09      0.56
254  1.00000000 0.5686662 0.011476295 0.17398745    0.35   0.09      0.56
255  1.00000000 0.5686662 0.011476295 0.17398745    0.35   0.09      0.56
256  0.06640625 0.5686662 0.011476295 0.17398745    0.35   0.09      0.56
257  0.09375000 0.5686662 0.011476295 0.17398745    0.35   0.09      0.56
258  0.08203125 0.5686662 0.011476295 0.17398745    0.35   0.09      0.56
259  1.00000000 0.5686662 0.011476295 0.17398745    0.35   0.09      0.56
260  0.06640625 0.5686662 0.011476295 0.17398745    0.35   0.09      0.56
261  1.00000000 0.5686662 0.011476295 0.17398745    0.35   0.09      0.56
262  0.04687500 0.5686662 0.011476295 0.17398745    0.35   0.09      0.56
263  0.38281250 0.5686662 0.011476295 0.17398745    0.35   0.09      0.56
264  1.00000000 0.5686662 0.011476295 0.17398745    0.35   0.09      0.56
265  1.00000000 0.5686662 0.011476295 0.17398745    0.35   0.09      0.56
266  0.05468750 0.5686662 0.011476295 0.17398745    0.35   0.09      0.56
267  1.00000000 0.5686662 0.011476295 0.17398745    0.35   0.09      0.56
268  0.01953125 0.5686662 0.011476295 0.17398745    0.35   0.09      0.56
269  1.00000000 0.5686662 0.011476295 0.17398745    0.35   0.09      0.56
270  1.00000000 0.5686662 0.011476295 0.17398745    0.35   0.09      0.56
271  0.02734375 0.5686662 0.011476295 0.17398745    0.35   0.09      0.56
272  0.03906250 0.5686662 0.011476295 0.17398745    0.35   0.09      0.56
273  1.00000000 0.5686662 0.011476295 0.17398745    0.35   0.09      0.56
274  0.25781250 0.5686662 0.011476295 0.17398745    0.35   0.09      0.56
275  1.00000000 0.5686662 0.011476295 0.17398745    0.35   0.09      0.56
276  1.00000000 0.5686662 0.011476295 0.17398745    0.35   0.09      0.56
277  0.01171875 0.5686662 0.011476295 0.17398745    0.35   0.09      0.56
278  1.00000000 0.5686662 0.011476295 0.17398745    0.35   0.09      0.56
279  0.13671875 0.5686662 0.011476295 0.17398745    0.35   0.09      0.56
280  1.00000000 0.5686662 0.011476295 0.17398745    0.35   0.09      0.56
281  0.08203125 0.5686662 0.011476295 0.17398745    0.35   0.09      0.56
282  1.00000000 0.5686662 0.011476295 0.17398745    0.35   0.09      0.56
283  0.21093750 0.5686662 0.011476295 0.17398745    0.35   0.09      0.56
284  0.08203125 0.5686662 0.011476295 0.17398745    0.35   0.09      0.56
285  1.00000000 0.5686662 0.011476295 0.17398745    0.35   0.09      0.56
286  1.00000000 0.5686662 0.011476295 0.17398745    0.35   0.09      0.56
287  0.08984375 0.5686662 0.011476295 0.17398745    0.35   0.09      0.56
288  0.01562500 0.5686662 0.011476295 0.17398745    0.35   0.09      0.56
289  1.00000000 0.5686662 0.011476295 0.17398745    0.35   0.09      0.56
290  1.00000000 0.5686662 0.011476295 0.17398745    0.35   0.09      0.56
291  0.02343750 0.5686662 0.011476295 0.17398745    0.35   0.09      0.56
292  1.00000000 0.5686662 0.011476295 0.17398745    0.35   0.09      0.56
293  1.00000000 0.5686662 0.011476295 0.17398745    0.35   0.09      0.56
294  1.00000000 0.5686662 0.011476295 0.17398745    0.35   0.09      0.56
295  1.00000000 0.5686662 0.011476295 0.17398745    0.35   0.09      0.56
296  0.04296875 0.5686662 0.011476295 0.17398745    0.35   0.09      0.56
297  0.06640625 0.5686662 0.011476295 0.17398745    0.35   0.09      0.56
298  1.00000000 0.5686662 0.011476295 0.17398745    0.35   0.09      0.56
299  1.00000000 0.5686662 0.011476295 0.17398745    0.35   0.09      0.56
300  0.01953125 0.5686662 0.011476295 0.17398745    0.35   0.09      0.56
301  1.00000000 0.5804989 0.024355011 0.37006455    0.24   0.23      0.53
302  0.12500000 0.5804989 0.024355011 0.37006455    0.24   0.23      0.53
303  1.00000000 0.5804989 0.024355011 0.37006455    0.24   0.23      0.53
304  1.00000000 0.5804989 0.024355011 0.37006455    0.24   0.23      0.53
305  0.31640625 0.5804989 0.024355011 0.37006455    0.24   0.23      0.53
306  0.12890625 0.5804989 0.024355011 0.37006455    0.24   0.23      0.53
307  0.15625000 0.5804989 0.024355011 0.37006455    0.24   0.23      0.53
308  0.07031250 0.5804989 0.024355011 0.37006455    0.24   0.23      0.53
309  0.13281250 0.5804989 0.024355011 0.37006455    0.24   0.23      0.53
310  0.25390625 0.5804989 0.024355011 0.37006455    0.24   0.23      0.53
311  1.00000000 0.5804989 0.024355011 0.37006455    0.24   0.23      0.53
312  1.00000000 0.5804989 0.024355011 0.37006455    0.24   0.23      0.53
313  1.00000000 0.5804989 0.024355011 0.37006455    0.24   0.23      0.53
314  1.00000000 0.5804989 0.024355011 0.37006455    0.24   0.23      0.53
315  1.00000000 0.5804989 0.024355011 0.37006455    0.24   0.23      0.53
316  1.00000000 0.5804989 0.024355011 0.37006455    0.24   0.23      0.53
317  0.08593750 0.5804989 0.024355011 0.37006455    0.24   0.23      0.53
318  1.00000000 0.5804989 0.024355011 0.37006455    0.24   0.23      0.53
319  0.16015625 0.5804989 0.024355011 0.37006455    0.24   0.23      0.53
320  0.27343750 0.5804989 0.024355011 0.37006455    0.24   0.23      0.53
321  0.21875000 0.5804989 0.024355011 0.37006455    0.24   0.23      0.53
322  1.00000000 0.5804989 0.024355011 0.37006455    0.24   0.23      0.53
323  1.00000000 0.5804989 0.024355011 0.37006455    0.24   0.23      0.53
324  0.16406250 0.5804989 0.024355011 0.37006455    0.24   0.23      0.53
325  0.15625000 0.5804989 0.024355011 0.37006455    0.24   0.23      0.53
326  1.00000000 0.5804989 0.024355011 0.37006455    0.24   0.23      0.53
327  1.00000000 0.5804989 0.024355011 0.37006455    0.24   0.23      0.53
328  0.14062500 0.5804989 0.024355011 0.37006455    0.24   0.23      0.53
329  1.00000000 0.5804989 0.024355011 0.37006455    0.24   0.23      0.53
330  0.07421875 0.5804989 0.024355011 0.37006455    0.24   0.23      0.53
331  0.22265625 0.5804989 0.024355011 0.37006455    0.24   0.23      0.53
332  0.26171875 0.5804989 0.024355011 0.37006455    0.24   0.23      0.53
333  1.00000000 0.5804989 0.024355011 0.37006455    0.24   0.23      0.53
334  0.31250000 0.5804989 0.024355011 0.37006455    0.24   0.23      0.53
335  0.16796875 0.5804989 0.024355011 0.37006455    0.24   0.23      0.53
336  0.10546875 0.5804989 0.024355011 0.37006455    0.24   0.23      0.53
337  0.02734375 0.5804989 0.024355011 0.37006455    0.24   0.23      0.53
338  0.04687500 0.5804989 0.024355011 0.37006455    0.24   0.23      0.53
339  0.12109375 0.5804989 0.024355011 0.37006455    0.24   0.23      0.53
340  0.09375000 0.5804989 0.024355011 0.37006455    0.24   0.23      0.53
341  0.10546875 0.5804989 0.024355011 0.37006455    0.24   0.23      0.53
342  1.00000000 0.5804989 0.024355011 0.37006455    0.24   0.23      0.53
343  0.13671875 0.5804989 0.024355011 0.37006455    0.24   0.23      0.53
344  1.00000000 0.5804989 0.024355011 0.37006455    0.24   0.23      0.53
345  1.00000000 0.5804989 0.024355011 0.37006455    0.24   0.23      0.53
346  1.00000000 0.5804989 0.024355011 0.37006455    0.24   0.23      0.53
347  1.00000000 0.5804989 0.024355011 0.37006455    0.24   0.23      0.53
348  0.17578125 0.5804989 0.024355011 0.37006455    0.24   0.23      0.53
349  0.25390625 0.5804989 0.024355011 0.37006455    0.24   0.23      0.53
350  1.00000000 0.5804989 0.024355011 0.37006455    0.24   0.23      0.53
351  1.00000000 0.5804989 0.024355011 0.37006455    0.24   0.23      0.53
352  1.00000000 0.5804989 0.024355011 0.37006455    0.24   0.23      0.53
353  0.05859375 0.5804989 0.024355011 0.37006455    0.24   0.23      0.53
354  0.09375000 0.5804989 0.024355011 0.37006455    0.24   0.23      0.53
355  0.11718750 0.5804989 0.024355011 0.37006455    0.24   0.23      0.53
356  1.00000000 0.5804989 0.024355011 0.37006455    0.24   0.23      0.53
357  1.00000000 0.5804989 0.024355011 0.37006455    0.24   0.23      0.53
358  0.16406250 0.5804989 0.024355011 0.37006455    0.24   0.23      0.53
359  1.00000000 0.5804989 0.024355011 0.37006455    0.24   0.23      0.53
360  0.07421875 0.5804989 0.024355011 0.37006455    0.24   0.23      0.53
361  1.00000000 0.5804989 0.024355011 0.37006455    0.24   0.23      0.53
362  0.30468750 0.5804989 0.024355011 0.37006455    0.24   0.23      0.53
363  1.00000000 0.5804989 0.024355011 0.37006455    0.24   0.23      0.53
364  0.16406250 0.5804989 0.024355011 0.37006455    0.24   0.23      0.53
365  0.39062500 0.5804989 0.024355011 0.37006455    0.24   0.23      0.53
366  1.00000000 0.5804989 0.024355011 0.37006455    0.24   0.23      0.53
367  0.05468750 0.5804989 0.024355011 0.37006455    0.24   0.23      0.53
368  0.29296875 0.5804989 0.024355011 0.37006455    0.24   0.23      0.53
369  0.10156250 0.5804989 0.024355011 0.37006455    0.24   0.23      0.53
370  1.00000000 0.5804989 0.024355011 0.37006455    0.24   0.23      0.53
371  1.00000000 0.5804989 0.024355011 0.37006455    0.24   0.23      0.53
372  1.00000000 0.5804989 0.024355011 0.37006455    0.24   0.23      0.53
373  0.04687500 0.5804989 0.024355011 0.37006455    0.24   0.23      0.53
374  1.00000000 0.5804989 0.024355011 0.37006455    0.24   0.23      0.53
375  1.00000000 0.5804989 0.024355011 0.37006455    0.24   0.23      0.53
376  1.00000000 0.5804989 0.024355011 0.37006455    0.24   0.23      0.53
377  0.09375000 0.5804989 0.024355011 0.37006455    0.24   0.23      0.53
378  1.00000000 0.5804989 0.024355011 0.37006455    0.24   0.23      0.53
379  0.11718750 0.5804989 0.024355011 0.37006455    0.24   0.23      0.53
380  0.03125000 0.5804989 0.024355011 0.37006455    0.24   0.23      0.53
381  1.00000000 0.5804989 0.024355011 0.37006455    0.24   0.23      0.53
382  0.33203125 0.5804989 0.024355011 0.37006455    0.24   0.23      0.53
383  1.00000000 0.5804989 0.024355011 0.37006455    0.24   0.23      0.53
384  1.00000000 0.5804989 0.024355011 0.37006455    0.24   0.23      0.53
385  1.00000000 0.5804989 0.024355011 0.37006455    0.24   0.23      0.53
386  1.00000000 0.5804989 0.024355011 0.37006455    0.24   0.23      0.53
387  1.00000000 0.5804989 0.024355011 0.37006455    0.24   0.23      0.53
388  1.00000000 0.5804989 0.024355011 0.37006455    0.24   0.23      0.53
389  1.00000000 0.5804989 0.024355011 0.37006455    0.24   0.23      0.53
390  1.00000000 0.5804989 0.024355011 0.37006455    0.24   0.23      0.53
391  1.00000000 0.5804989 0.024355011 0.37006455    0.24   0.23      0.53
392  1.00000000 0.5804989 0.024355011 0.37006455    0.24   0.23      0.53
393  1.00000000 0.5804989 0.024355011 0.37006455    0.24   0.23      0.53
394  0.04687500 0.5804989 0.024355011 0.37006455    0.24   0.23      0.53
395  1.00000000 0.5804989 0.024355011 0.37006455    0.24   0.23      0.53
396  0.33203125 0.5804989 0.024355011 0.37006455    0.24   0.23      0.53
397  1.00000000 0.5804989 0.024355011 0.37006455    0.24   0.23      0.53
398  1.00000000 0.5804989 0.024355011 0.37006455    0.24   0.23      0.53
399  0.10937500 0.5804989 0.024355011 0.37006455    0.24   0.23      0.53
400  1.00000000 0.5804989 0.024355011 0.37006455    0.24   0.23      0.53
401  0.18359375 0.3968717 0.037995618 0.24387496    0.21   0.33      0.46
402  0.27343750 0.3968717 0.037995618 0.24387496    0.21   0.33      0.46
403  1.00000000 0.3968717 0.037995618 0.24387496    0.21   0.33      0.46
404  0.39843750 0.3968717 0.037995618 0.24387496    0.21   0.33      0.46
405  1.00000000 0.3968717 0.037995618 0.24387496    0.21   0.33      0.46
406  0.17578125 0.3968717 0.037995618 0.24387496    0.21   0.33      0.46
407  0.11328125 0.3968717 0.037995618 0.24387496    0.21   0.33      0.46
408  0.54687500 0.3968717 0.037995618 0.24387496    0.21   0.33      0.46
409  0.17578125 0.3968717 0.037995618 0.24387496    0.21   0.33      0.46
410  0.18750000 0.3968717 0.037995618 0.24387496    0.21   0.33      0.46
411  1.00000000 0.3968717 0.037995618 0.24387496    0.21   0.33      0.46
412  0.10937500 0.3968717 0.037995618 0.24387496    0.21   0.33      0.46
413  1.00000000 0.3968717 0.037995618 0.24387496    0.21   0.33      0.46
414  0.56640625 0.3968717 0.037995618 0.24387496    0.21   0.33      0.46
415  1.00000000 0.3968717 0.037995618 0.24387496    0.21   0.33      0.46
416  1.00000000 0.3968717 0.037995618 0.24387496    0.21   0.33      0.46
417  0.60156250 0.3968717 0.037995618 0.24387496    0.21   0.33      0.46
418  1.00000000 0.3968717 0.037995618 0.24387496    0.21   0.33      0.46
419  1.00000000 0.3968717 0.037995618 0.24387496    0.21   0.33      0.46
420  1.00000000 0.3968717 0.037995618 0.24387496    0.21   0.33      0.46
421  1.00000000 0.3968717 0.037995618 0.24387496    0.21   0.33      0.46
422  0.15625000 0.3968717 0.037995618 0.24387496    0.21   0.33      0.46
423  1.00000000 0.3968717 0.037995618 0.24387496    0.21   0.33      0.46
424  0.28906250 0.3968717 0.037995618 0.24387496    0.21   0.33      0.46
425  0.35546875 0.3968717 0.037995618 0.24387496    0.21   0.33      0.46
426  0.16796875 0.3968717 0.037995618 0.24387496    0.21   0.33      0.46
427  1.00000000 0.3968717 0.037995618 0.24387496    0.21   0.33      0.46
428  0.31250000 0.3968717 0.037995618 0.24387496    0.21   0.33      0.46
429  1.00000000 0.3968717 0.037995618 0.24387496    0.21   0.33      0.46
430  0.46484375 0.3968717 0.037995618 0.24387496    0.21   0.33      0.46
431  1.00000000 0.3968717 0.037995618 0.24387496    0.21   0.33      0.46
432  0.40234375 0.3968717 0.037995618 0.24387496    0.21   0.33      0.46
433  1.00000000 0.3968717 0.037995618 0.24387496    0.21   0.33      0.46
434  0.05468750 0.3968717 0.037995618 0.24387496    0.21   0.33      0.46
435  0.30468750 0.3968717 0.037995618 0.24387496    0.21   0.33      0.46
436  0.39062500 0.3968717 0.037995618 0.24387496    0.21   0.33      0.46
437  0.29296875 0.3968717 0.037995618 0.24387496    0.21   0.33      0.46
438  0.11718750 0.3968717 0.037995618 0.24387496    0.21   0.33      0.46
439  1.00000000 0.3968717 0.037995618 0.24387496    0.21   0.33      0.46
440  1.00000000 0.3968717 0.037995618 0.24387496    0.21   0.33      0.46
441  0.39062500 0.3968717 0.037995618 0.24387496    0.21   0.33      0.46
442  0.24609375 0.3968717 0.037995618 0.24387496    0.21   0.33      0.46
443  1.00000000 0.3968717 0.037995618 0.24387496    0.21   0.33      0.46
444  1.00000000 0.3968717 0.037995618 0.24387496    0.21   0.33      0.46
445  1.00000000 0.3968717 0.037995618 0.24387496    0.21   0.33      0.46
446  0.09765625 0.3968717 0.037995618 0.24387496    0.21   0.33      0.46
447  1.00000000 0.3968717 0.037995618 0.24387496    0.21   0.33      0.46
448  0.14062500 0.3968717 0.037995618 0.24387496    0.21   0.33      0.46
449  0.24218750 0.3968717 0.037995618 0.24387496    0.21   0.33      0.46
450  1.00000000 0.3968717 0.037995618 0.24387496    0.21   0.33      0.46
451  0.13671875 0.3968717 0.037995618 0.24387496    0.21   0.33      0.46
452  1.00000000 0.3968717 0.037995618 0.24387496    0.21   0.33      0.46
453  1.00000000 0.3968717 0.037995618 0.24387496    0.21   0.33      0.46
454  1.00000000 0.3968717 0.037995618 0.24387496    0.21   0.33      0.46
455  0.26171875 0.3968717 0.037995618 0.24387496    0.21   0.33      0.46
456  0.52343750 0.3968717 0.037995618 0.24387496    0.21   0.33      0.46
457  1.00000000 0.3968717 0.037995618 0.24387496    0.21   0.33      0.46
458  0.20703125 0.3968717 0.037995618 0.24387496    0.21   0.33      0.46
459  1.00000000 0.3968717 0.037995618 0.24387496    0.21   0.33      0.46
460  1.00000000 0.3968717 0.037995618 0.24387496    0.21   0.33      0.46
461  0.60546875 0.3968717 0.037995618 0.24387496    0.21   0.33      0.46
462  1.00000000 0.3968717 0.037995618 0.24387496    0.21   0.33      0.46
463  1.00000000 0.3968717 0.037995618 0.24387496    0.21   0.33      0.46
464  0.17578125 0.3968717 0.037995618 0.24387496    0.21   0.33      0.46
465  1.00000000 0.3968717 0.037995618 0.24387496    0.21   0.33      0.46
466  1.00000000 0.3968717 0.037995618 0.24387496    0.21   0.33      0.46
467  1.00000000 0.3968717 0.037995618 0.24387496    0.21   0.33      0.46
468  1.00000000 0.3968717 0.037995618 0.24387496    0.21   0.33      0.46
469  0.26171875 0.3968717 0.037995618 0.24387496    0.21   0.33      0.46
470  0.19921875 0.3968717 0.037995618 0.24387496    0.21   0.33      0.46
471  0.21875000 0.3968717 0.037995618 0.24387496    0.21   0.33      0.46
472  0.29296875 0.3968717 0.037995618 0.24387496    0.21   0.33      0.46
473  0.59765625 0.3968717 0.037995618 0.24387496    0.21   0.33      0.46
474  1.00000000 0.3968717 0.037995618 0.24387496    0.21   0.33      0.46
475  1.00000000 0.3968717 0.037995618 0.24387496    0.21   0.33      0.46
476  0.24609375 0.3968717 0.037995618 0.24387496    0.21   0.33      0.46
477  0.46093750 0.3968717 0.037995618 0.24387496    0.21   0.33      0.46
478  1.00000000 0.3968717 0.037995618 0.24387496    0.21   0.33      0.46
479  1.00000000 0.3968717 0.037995618 0.24387496    0.21   0.33      0.46
480  0.15234375 0.3968717 0.037995618 0.24387496    0.21   0.33      0.46
481  1.00000000 0.3968717 0.037995618 0.24387496    0.21   0.33      0.46
482  1.00000000 0.3968717 0.037995618 0.24387496    0.21   0.33      0.46
483  0.30859375 0.3968717 0.037995618 0.24387496    0.21   0.33      0.46
484  0.18750000 0.3968717 0.037995618 0.24387496    0.21   0.33      0.46
485  1.00000000 0.3968717 0.037995618 0.24387496    0.21   0.33      0.46
486  0.30859375 0.3968717 0.037995618 0.24387496    0.21   0.33      0.46
487  1.00000000 0.3968717 0.037995618 0.24387496    0.21   0.33      0.46
488  1.00000000 0.3968717 0.037995618 0.24387496    0.21   0.33      0.46
489  0.64453125 0.3968717 0.037995618 0.24387496    0.21   0.33      0.46
490  0.34765625 0.3968717 0.037995618 0.24387496    0.21   0.33      0.46
491  0.25390625 0.3968717 0.037995618 0.24387496    0.21   0.33      0.46
492  0.56640625 0.3968717 0.037995618 0.24387496    0.21   0.33      0.46
493  0.17187500 0.3968717 0.037995618 0.24387496    0.21   0.33      0.46
494  0.21093750 0.3968717 0.037995618 0.24387496    0.21   0.33      0.46
495  0.32421875 0.3968717 0.037995618 0.24387496    0.21   0.33      0.46
496  1.00000000 0.3968717 0.037995618 0.24387496    0.21   0.33      0.46
497  0.14843750 0.3968717 0.037995618 0.24387496    0.21   0.33      0.46
498  1.00000000 0.3968717 0.037995618 0.24387496    0.21   0.33      0.46
499  0.09375000 0.3968717 0.037995618 0.24387496    0.21   0.33      0.46
500  1.00000000 0.3968717 0.037995618 0.24387496    0.21   0.33      0.46
501  1.00000000 0.3579108 0.012802319 0.60685988    0.44   0.17      0.39
502  0.02343750 0.3579108 0.012802319 0.60685988    0.44   0.17      0.39
503  0.00781250 0.3579108 0.012802319 0.60685988    0.44   0.17      0.39
504  0.04296875 0.3579108 0.012802319 0.60685988    0.44   0.17      0.39
505  0.02734375 0.3579108 0.012802319 0.60685988    0.44   0.17      0.39
506  1.00000000 0.3579108 0.012802319 0.60685988    0.44   0.17      0.39
507  0.03515625 0.3579108 0.012802319 0.60685988    0.44   0.17      0.39
508  0.05859375 0.3579108 0.012802319 0.60685988    0.44   0.17      0.39
509  0.12500000 0.3579108 0.012802319 0.60685988    0.44   0.17      0.39
510  1.00000000 0.3579108 0.012802319 0.60685988    0.44   0.17      0.39
511  1.00000000 0.3579108 0.012802319 0.60685988    0.44   0.17      0.39
512  0.08593750 0.3579108 0.012802319 0.60685988    0.44   0.17      0.39
513  1.00000000 0.3579108 0.012802319 0.60685988    0.44   0.17      0.39
514  0.08203125 0.3579108 0.012802319 0.60685988    0.44   0.17      0.39
515  0.08984375 0.3579108 0.012802319 0.60685988    0.44   0.17      0.39
516  1.00000000 0.3579108 0.012802319 0.60685988    0.44   0.17      0.39
517  1.00000000 0.3579108 0.012802319 0.60685988    0.44   0.17      0.39
518  0.02343750 0.3579108 0.012802319 0.60685988    0.44   0.17      0.39
519  0.10546875 0.3579108 0.012802319 0.60685988    0.44   0.17      0.39
520  0.08203125 0.3579108 0.012802319 0.60685988    0.44   0.17      0.39
521  1.00000000 0.3579108 0.012802319 0.60685988    0.44   0.17      0.39
522  0.00000000 0.3579108 0.012802319 0.60685988    0.44   0.17      0.39
523  1.00000000 0.3579108 0.012802319 0.60685988    0.44   0.17      0.39
524  1.00000000 0.3579108 0.012802319 0.60685988    0.44   0.17      0.39
525  0.07421875 0.3579108 0.012802319 0.60685988    0.44   0.17      0.39
526  1.00000000 0.3579108 0.012802319 0.60685988    0.44   0.17      0.39
527  1.00000000 0.3579108 0.012802319 0.60685988    0.44   0.17      0.39
528  1.00000000 0.3579108 0.012802319 0.60685988    0.44   0.17      0.39
529  1.00000000 0.3579108 0.012802319 0.60685988    0.44   0.17      0.39
530  1.00000000 0.3579108 0.012802319 0.60685988    0.44   0.17      0.39
531  0.07031250 0.3579108 0.012802319 0.60685988    0.44   0.17      0.39
532  1.00000000 0.3579108 0.012802319 0.60685988    0.44   0.17      0.39
533  0.13671875 0.3579108 0.012802319 0.60685988    0.44   0.17      0.39
534  0.14453125 0.3579108 0.012802319 0.60685988    0.44   0.17      0.39
535  0.08984375 0.3579108 0.012802319 0.60685988    0.44   0.17      0.39
536  0.06250000 0.3579108 0.012802319 0.60685988    0.44   0.17      0.39
537  1.00000000 0.3579108 0.012802319 0.60685988    0.44   0.17      0.39
538  0.02734375 0.3579108 0.012802319 0.60685988    0.44   0.17      0.39
539  1.00000000 0.3579108 0.012802319 0.60685988    0.44   0.17      0.39
540  1.00000000 0.3579108 0.012802319 0.60685988    0.44   0.17      0.39
541  0.16796875 0.3579108 0.012802319 0.60685988    0.44   0.17      0.39
542  1.00000000 0.3579108 0.012802319 0.60685988    0.44   0.17      0.39
543  1.00000000 0.3579108 0.012802319 0.60685988    0.44   0.17      0.39
544  1.00000000 0.3579108 0.012802319 0.60685988    0.44   0.17      0.39
545  0.04296875 0.3579108 0.012802319 0.60685988    0.44   0.17      0.39
546  0.07031250 0.3579108 0.012802319 0.60685988    0.44   0.17      0.39
547  0.03906250 0.3579108 0.012802319 0.60685988    0.44   0.17      0.39
548  0.04296875 0.3579108 0.012802319 0.60685988    0.44   0.17      0.39
549  1.00000000 0.3579108 0.012802319 0.60685988    0.44   0.17      0.39
550  0.18359375 0.3579108 0.012802319 0.60685988    0.44   0.17      0.39
551  0.04296875 0.3579108 0.012802319 0.60685988    0.44   0.17      0.39
552  0.01953125 0.3579108 0.012802319 0.60685988    0.44   0.17      0.39
553  1.00000000 0.3579108 0.012802319 0.60685988    0.44   0.17      0.39
554  1.00000000 0.3579108 0.012802319 0.60685988    0.44   0.17      0.39
555  0.10546875 0.3579108 0.012802319 0.60685988    0.44   0.17      0.39
556  0.04687500 0.3579108 0.012802319 0.60685988    0.44   0.17      0.39
557  0.03125000 0.3579108 0.012802319 0.60685988    0.44   0.17      0.39
558  1.00000000 0.3579108 0.012802319 0.60685988    0.44   0.17      0.39
559  1.00000000 0.3579108 0.012802319 0.60685988    0.44   0.17      0.39
560  0.01562500 0.3579108 0.012802319 0.60685988    0.44   0.17      0.39
561  1.00000000 0.3579108 0.012802319 0.60685988    0.44   0.17      0.39
562  0.02734375 0.3579108 0.012802319 0.60685988    0.44   0.17      0.39
563  0.33203125 0.3579108 0.012802319 0.60685988    0.44   0.17      0.39
564  1.00000000 0.3579108 0.012802319 0.60685988    0.44   0.17      0.39
565  0.01562500 0.3579108 0.012802319 0.60685988    0.44   0.17      0.39
566  0.01953125 0.3579108 0.012802319 0.60685988    0.44   0.17      0.39
567  0.02343750 0.3579108 0.012802319 0.60685988    0.44   0.17      0.39
568  0.03515625 0.3579108 0.012802319 0.60685988    0.44   0.17      0.39
569  0.04687500 0.3579108 0.012802319 0.60685988    0.44   0.17      0.39
570  1.00000000 0.3579108 0.012802319 0.60685988    0.44   0.17      0.39
571  1.00000000 0.3579108 0.012802319 0.60685988    0.44   0.17      0.39
572  0.03125000 0.3579108 0.012802319 0.60685988    0.44   0.17      0.39
573  0.19140625 0.3579108 0.012802319 0.60685988    0.44   0.17      0.39
574  0.08203125 0.3579108 0.012802319 0.60685988    0.44   0.17      0.39
575  1.00000000 0.3579108 0.012802319 0.60685988    0.44   0.17      0.39
576  0.07031250 0.3579108 0.012802319 0.60685988    0.44   0.17      0.39
577  0.07031250 0.3579108 0.012802319 0.60685988    0.44   0.17      0.39
578  1.00000000 0.3579108 0.012802319 0.60685988    0.44   0.17      0.39
579  0.22265625 0.3579108 0.012802319 0.60685988    0.44   0.17      0.39
580  1.00000000 0.3579108 0.012802319 0.60685988    0.44   0.17      0.39
581  0.09765625 0.3579108 0.012802319 0.60685988    0.44   0.17      0.39
582  0.08593750 0.3579108 0.012802319 0.60685988    0.44   0.17      0.39
583  0.07812500 0.3579108 0.012802319 0.60685988    0.44   0.17      0.39
584  0.04687500 0.3579108 0.012802319 0.60685988    0.44   0.17      0.39
585  0.06640625 0.3579108 0.012802319 0.60685988    0.44   0.17      0.39
586  1.00000000 0.3579108 0.012802319 0.60685988    0.44   0.17      0.39
587  0.00781250 0.3579108 0.012802319 0.60685988    0.44   0.17      0.39
588  0.04687500 0.3579108 0.012802319 0.60685988    0.44   0.17      0.39
589  0.13671875 0.3579108 0.012802319 0.60685988    0.44   0.17      0.39
590  1.00000000 0.3579108 0.012802319 0.60685988    0.44   0.17      0.39
591  0.03906250 0.3579108 0.012802319 0.60685988    0.44   0.17      0.39
592  0.08984375 0.3579108 0.012802319 0.60685988    0.44   0.17      0.39
593  0.08984375 0.3579108 0.012802319 0.60685988    0.44   0.17      0.39
594  0.06250000 0.3579108 0.012802319 0.60685988    0.44   0.17      0.39
595  1.00000000 0.3579108 0.012802319 0.60685988    0.44   0.17      0.39
596  0.01562500 0.3579108 0.012802319 0.60685988    0.44   0.17      0.39
597  1.00000000 0.3579108 0.012802319 0.60685988    0.44   0.17      0.39
598  1.00000000 0.3579108 0.012802319 0.60685988    0.44   0.17      0.39
599  0.02343750 0.3579108 0.012802319 0.60685988    0.44   0.17      0.39
600  0.10156250 0.3579108 0.012802319 0.60685988    0.44   0.17      0.39
601  1.00000000 0.2580949 0.031350873 0.14364941    0.33   0.33      0.34
602  1.00000000 0.2580949 0.031350873 0.14364941    0.33   0.33      0.34
603  0.27343750 0.2580949 0.031350873 0.14364941    0.33   0.33      0.34
604  1.00000000 0.2580949 0.031350873 0.14364941    0.33   0.33      0.34
605  0.15625000 0.2580949 0.031350873 0.14364941    0.33   0.33      0.34
606  0.12500000 0.2580949 0.031350873 0.14364941    0.33   0.33      0.34
607  1.00000000 0.2580949 0.031350873 0.14364941    0.33   0.33      0.34
608  0.13671875 0.2580949 0.031350873 0.14364941    0.33   0.33      0.34
609  1.00000000 0.2580949 0.031350873 0.14364941    0.33   0.33      0.34
610  1.00000000 0.2580949 0.031350873 0.14364941    0.33   0.33      0.34
611  1.00000000 0.2580949 0.031350873 0.14364941    0.33   0.33      0.34
612  0.27734375 0.2580949 0.031350873 0.14364941    0.33   0.33      0.34
613  1.00000000 0.2580949 0.031350873 0.14364941    0.33   0.33      0.34
614  0.24609375 0.2580949 0.031350873 0.14364941    0.33   0.33      0.34
615  0.30468750 0.2580949 0.031350873 0.14364941    0.33   0.33      0.34
616  1.00000000 0.2580949 0.031350873 0.14364941    0.33   0.33      0.34
617  0.60937500 0.2580949 0.031350873 0.14364941    0.33   0.33      0.34
618  0.17578125 0.2580949 0.031350873 0.14364941    0.33   0.33      0.34
619  0.21484375 0.2580949 0.031350873 0.14364941    0.33   0.33      0.34
620  0.22265625 0.2580949 0.031350873 0.14364941    0.33   0.33      0.34
621  0.20312500 0.2580949 0.031350873 0.14364941    0.33   0.33      0.34
622  0.37500000 0.2580949 0.031350873 0.14364941    0.33   0.33      0.34
623  0.60937500 0.2580949 0.031350873 0.14364941    0.33   0.33      0.34
624  0.39453125 0.2580949 0.031350873 0.14364941    0.33   0.33      0.34
625  0.37500000 0.2580949 0.031350873 0.14364941    0.33   0.33      0.34
626  0.10156250 0.2580949 0.031350873 0.14364941    0.33   0.33      0.34
627  0.12890625 0.2580949 0.031350873 0.14364941    0.33   0.33      0.34
628  0.18359375 0.2580949 0.031350873 0.14364941    0.33   0.33      0.34
629  0.19140625 0.2580949 0.031350873 0.14364941    0.33   0.33      0.34
630  1.00000000 0.2580949 0.031350873 0.14364941    0.33   0.33      0.34
631  0.19140625 0.2580949 0.031350873 0.14364941    0.33   0.33      0.34
632  0.19140625 0.2580949 0.031350873 0.14364941    0.33   0.33      0.34
633  0.32421875 0.2580949 0.031350873 0.14364941    0.33   0.33      0.34
634  0.09765625 0.2580949 0.031350873 0.14364941    0.33   0.33      0.34
635  0.30078125 0.2580949 0.031350873 0.14364941    0.33   0.33      0.34
636  0.10156250 0.2580949 0.031350873 0.14364941    0.33   0.33      0.34
637  0.19921875 0.2580949 0.031350873 0.14364941    0.33   0.33      0.34
638  0.16406250 0.2580949 0.031350873 0.14364941    0.33   0.33      0.34
639  0.15625000 0.2580949 0.031350873 0.14364941    0.33   0.33      0.34
640  1.00000000 0.2580949 0.031350873 0.14364941    0.33   0.33      0.34
641  0.10546875 0.2580949 0.031350873 0.14364941    0.33   0.33      0.34
642  1.00000000 0.2580949 0.031350873 0.14364941    0.33   0.33      0.34
643  0.15234375 0.2580949 0.031350873 0.14364941    0.33   0.33      0.34
644  0.08593750 0.2580949 0.031350873 0.14364941    0.33   0.33      0.34
645  0.33203125 0.2580949 0.031350873 0.14364941    0.33   0.33      0.34
646  0.59765625 0.2580949 0.031350873 0.14364941    0.33   0.33      0.34
647  0.07421875 0.2580949 0.031350873 0.14364941    0.33   0.33      0.34
648  0.12500000 0.2580949 0.031350873 0.14364941    0.33   0.33      0.34
649  1.00000000 0.2580949 0.031350873 0.14364941    0.33   0.33      0.34
650  0.56640625 0.2580949 0.031350873 0.14364941    0.33   0.33      0.34
651  0.21093750 0.2580949 0.031350873 0.14364941    0.33   0.33      0.34
652  1.00000000 0.2580949 0.031350873 0.14364941    0.33   0.33      0.34
653  1.00000000 0.2580949 0.031350873 0.14364941    0.33   0.33      0.34
654  0.14062500 0.2580949 0.031350873 0.14364941    0.33   0.33      0.34
655  0.08593750 0.2580949 0.031350873 0.14364941    0.33   0.33      0.34
656  1.00000000 0.2580949 0.031350873 0.14364941    0.33   0.33      0.34
657  0.25781250 0.2580949 0.031350873 0.14364941    0.33   0.33      0.34
658  1.00000000 0.2580949 0.031350873 0.14364941    0.33   0.33      0.34
659  0.11718750 0.2580949 0.031350873 0.14364941    0.33   0.33      0.34
660  0.26171875 0.2580949 0.031350873 0.14364941    0.33   0.33      0.34
661  0.12890625 0.2580949 0.031350873 0.14364941    0.33   0.33      0.34
662  1.00000000 0.2580949 0.031350873 0.14364941    0.33   0.33      0.34
663  0.55468750 0.2580949 0.031350873 0.14364941    0.33   0.33      0.34
664  0.35546875 0.2580949 0.031350873 0.14364941    0.33   0.33      0.34
665  0.34375000 0.2580949 0.031350873 0.14364941    0.33   0.33      0.34
666  0.24218750 0.2580949 0.031350873 0.14364941    0.33   0.33      0.34
667  0.58203125 0.2580949 0.031350873 0.14364941    0.33   0.33      0.34
668  0.09765625 0.2580949 0.031350873 0.14364941    0.33   0.33      0.34
669  1.00000000 0.2580949 0.031350873 0.14364941    0.33   0.33      0.34
670  1.00000000 0.2580949 0.031350873 0.14364941    0.33   0.33      0.34
671  0.06640625 0.2580949 0.031350873 0.14364941    0.33   0.33      0.34
672  0.12500000 0.2580949 0.031350873 0.14364941    0.33   0.33      0.34
673  1.00000000 0.2580949 0.031350873 0.14364941    0.33   0.33      0.34
674  1.00000000 0.2580949 0.031350873 0.14364941    0.33   0.33      0.34
675  1.00000000 0.2580949 0.031350873 0.14364941    0.33   0.33      0.34
676  0.21093750 0.2580949 0.031350873 0.14364941    0.33   0.33      0.34
677  0.11328125 0.2580949 0.031350873 0.14364941    0.33   0.33      0.34
678  1.00000000 0.2580949 0.031350873 0.14364941    0.33   0.33      0.34
679  1.00000000 0.2580949 0.031350873 0.14364941    0.33   0.33      0.34
680  0.19921875 0.2580949 0.031350873 0.14364941    0.33   0.33      0.34
681  1.00000000 0.2580949 0.031350873 0.14364941    0.33   0.33      0.34
682  0.10156250 0.2580949 0.031350873 0.14364941    0.33   0.33      0.34
683  0.20312500 0.2580949 0.031350873 0.14364941    0.33   0.33      0.34
684  0.11328125 0.2580949 0.031350873 0.14364941    0.33   0.33      0.34
685  0.26953125 0.2580949 0.031350873 0.14364941    0.33   0.33      0.34
686  1.00000000 0.2580949 0.031350873 0.14364941    0.33   0.33      0.34
687  0.14843750 0.2580949 0.031350873 0.14364941    0.33   0.33      0.34
688  1.00000000 0.2580949 0.031350873 0.14364941    0.33   0.33      0.34
689  1.00000000 0.2580949 0.031350873 0.14364941    0.33   0.33      0.34
690  0.17968750 0.2580949 0.031350873 0.14364941    0.33   0.33      0.34
691  1.00000000 0.2580949 0.031350873 0.14364941    0.33   0.33      0.34
692  0.16406250 0.2580949 0.031350873 0.14364941    0.33   0.33      0.34
693  0.14843750 0.2580949 0.031350873 0.14364941    0.33   0.33      0.34
694  0.13281250 0.2580949 0.031350873 0.14364941    0.33   0.33      0.34
695  0.54296875 0.2580949 0.031350873 0.14364941    0.33   0.33      0.34
696  1.00000000 0.2580949 0.031350873 0.14364941    0.33   0.33      0.34
697  0.19140625 0.2580949 0.031350873 0.14364941    0.33   0.33      0.34
698  0.20312500 0.2580949 0.031350873 0.14364941    0.33   0.33      0.34
699  1.00000000 0.2580949 0.031350873 0.14364941    0.33   0.33      0.34
700  1.00000000 0.2580949 0.031350873 0.14364941    0.33   0.33      0.34
701  1.00000000 0.1894195 0.016774624 0.53835094    0.46   0.31      0.23
702  0.03125000 0.1894195 0.016774624 0.53835094    0.46   0.31      0.23
703  1.00000000 0.1894195 0.016774624 0.53835094    0.46   0.31      0.23
704  0.10937500 0.1894195 0.016774624 0.53835094    0.46   0.31      0.23
705  0.07812500 0.1894195 0.016774624 0.53835094    0.46   0.31      0.23
706  0.10546875 0.1894195 0.016774624 0.53835094    0.46   0.31      0.23
707  0.16015625 0.1894195 0.016774624 0.53835094    0.46   0.31      0.23
708  0.52734375 0.1894195 0.016774624 0.53835094    0.46   0.31      0.23
709  1.00000000 0.1894195 0.016774624 0.53835094    0.46   0.31      0.23
710  0.03515625 0.1894195 0.016774624 0.53835094    0.46   0.31      0.23
711  0.15234375 0.1894195 0.016774624 0.53835094    0.46   0.31      0.23
712  0.03515625 0.1894195 0.016774624 0.53835094    0.46   0.31      0.23
713  1.00000000 0.1894195 0.016774624 0.53835094    0.46   0.31      0.23
714  0.16015625 0.1894195 0.016774624 0.53835094    0.46   0.31      0.23
715  0.13281250 0.1894195 0.016774624 0.53835094    0.46   0.31      0.23
716  0.08984375 0.1894195 0.016774624 0.53835094    0.46   0.31      0.23
717  0.18750000 0.1894195 0.016774624 0.53835094    0.46   0.31      0.23
718  0.06640625 0.1894195 0.016774624 0.53835094    0.46   0.31      0.23
719  1.00000000 0.1894195 0.016774624 0.53835094    0.46   0.31      0.23
720  1.00000000 0.1894195 0.016774624 0.53835094    0.46   0.31      0.23
721  0.11718750 0.1894195 0.016774624 0.53835094    0.46   0.31      0.23
722  1.00000000 0.1894195 0.016774624 0.53835094    0.46   0.31      0.23
723  0.53906250 0.1894195 0.016774624 0.53835094    0.46   0.31      0.23
724  1.00000000 0.1894195 0.016774624 0.53835094    0.46   0.31      0.23
725  0.51562500 0.1894195 0.016774624 0.53835094    0.46   0.31      0.23
726  0.23828125 0.1894195 0.016774624 0.53835094    0.46   0.31      0.23
727  0.07031250 0.1894195 0.016774624 0.53835094    0.46   0.31      0.23
728  0.22265625 0.1894195 0.016774624 0.53835094    0.46   0.31      0.23
729  0.09765625 0.1894195 0.016774624 0.53835094    0.46   0.31      0.23
730  1.00000000 0.1894195 0.016774624 0.53835094    0.46   0.31      0.23
731  0.02734375 0.1894195 0.016774624 0.53835094    0.46   0.31      0.23
732  0.05078125 0.1894195 0.016774624 0.53835094    0.46   0.31      0.23
733  0.05078125 0.1894195 0.016774624 0.53835094    0.46   0.31      0.23
734  0.12890625 0.1894195 0.016774624 0.53835094    0.46   0.31      0.23
735  1.00000000 0.1894195 0.016774624 0.53835094    0.46   0.31      0.23
736  0.09765625 0.1894195 0.016774624 0.53835094    0.46   0.31      0.23
737  0.27734375 0.1894195 0.016774624 0.53835094    0.46   0.31      0.23
738  0.17578125 0.1894195 0.016774624 0.53835094    0.46   0.31      0.23
739  0.05468750 0.1894195 0.016774624 0.53835094    0.46   0.31      0.23
740  0.08984375 0.1894195 0.016774624 0.53835094    0.46   0.31      0.23
741  0.04687500 0.1894195 0.016774624 0.53835094    0.46   0.31      0.23
742  0.10156250 0.1894195 0.016774624 0.53835094    0.46   0.31      0.23
743  1.00000000 0.1894195 0.016774624 0.53835094    0.46   0.31      0.23
744  1.00000000 0.1894195 0.016774624 0.53835094    0.46   0.31      0.23
745  0.07031250 0.1894195 0.016774624 0.53835094    0.46   0.31      0.23
746  0.06250000 0.1894195 0.016774624 0.53835094    0.46   0.31      0.23
747  0.10937500 0.1894195 0.016774624 0.53835094    0.46   0.31      0.23
748  0.08984375 0.1894195 0.016774624 0.53835094    0.46   0.31      0.23
749  0.09765625 0.1894195 0.016774624 0.53835094    0.46   0.31      0.23
750  0.05859375 0.1894195 0.016774624 0.53835094    0.46   0.31      0.23
751  0.09765625 0.1894195 0.016774624 0.53835094    0.46   0.31      0.23
752  1.00000000 0.1894195 0.016774624 0.53835094    0.46   0.31      0.23
753  0.05468750 0.1894195 0.016774624 0.53835094    0.46   0.31      0.23
754  1.00000000 0.1894195 0.016774624 0.53835094    0.46   0.31      0.23
755  0.30468750 0.1894195 0.016774624 0.53835094    0.46   0.31      0.23
756  0.06640625 0.1894195 0.016774624 0.53835094    0.46   0.31      0.23
757  0.33984375 0.1894195 0.016774624 0.53835094    0.46   0.31      0.23
758  0.05468750 0.1894195 0.016774624 0.53835094    0.46   0.31      0.23
759  0.05468750 0.1894195 0.016774624 0.53835094    0.46   0.31      0.23
760  1.00000000 0.1894195 0.016774624 0.53835094    0.46   0.31      0.23
761  0.06640625 0.1894195 0.016774624 0.53835094    0.46   0.31      0.23
762  0.06250000 0.1894195 0.016774624 0.53835094    0.46   0.31      0.23
763  0.01953125 0.1894195 0.016774624 0.53835094    0.46   0.31      0.23
764  0.19921875 0.1894195 0.016774624 0.53835094    0.46   0.31      0.23
765  0.05078125 0.1894195 0.016774624 0.53835094    0.46   0.31      0.23
766  0.16406250 0.1894195 0.016774624 0.53835094    0.46   0.31      0.23
767  1.00000000 0.1894195 0.016774624 0.53835094    0.46   0.31      0.23
768  0.10937500 0.1894195 0.016774624 0.53835094    0.46   0.31      0.23
769  1.00000000 0.1894195 0.016774624 0.53835094    0.46   0.31      0.23
770  0.10156250 0.1894195 0.016774624 0.53835094    0.46   0.31      0.23
771  0.10546875 0.1894195 0.016774624 0.53835094    0.46   0.31      0.23
772  0.40234375 0.1894195 0.016774624 0.53835094    0.46   0.31      0.23
773  0.03515625 0.1894195 0.016774624 0.53835094    0.46   0.31      0.23
774  1.00000000 0.1894195 0.016774624 0.53835094    0.46   0.31      0.23
775  0.55078125 0.1894195 0.016774624 0.53835094    0.46   0.31      0.23
776  0.08203125 0.1894195 0.016774624 0.53835094    0.46   0.31      0.23
777  0.01562500 0.1894195 0.016774624 0.53835094    0.46   0.31      0.23
778  0.07812500 0.1894195 0.016774624 0.53835094    0.46   0.31      0.23
779  0.05859375 0.1894195 0.016774624 0.53835094    0.46   0.31      0.23
780  0.15625000 0.1894195 0.016774624 0.53835094    0.46   0.31      0.23
781  0.27734375 0.1894195 0.016774624 0.53835094    0.46   0.31      0.23
782  0.07421875 0.1894195 0.016774624 0.53835094    0.46   0.31      0.23
783  0.06640625 0.1894195 0.016774624 0.53835094    0.46   0.31      0.23
784  0.21093750 0.1894195 0.016774624 0.53835094    0.46   0.31      0.23
785  0.09375000 0.1894195 0.016774624 0.53835094    0.46   0.31      0.23
786  0.04296875 0.1894195 0.016774624 0.53835094    0.46   0.31      0.23
787  0.02734375 0.1894195 0.016774624 0.53835094    0.46   0.31      0.23
788  1.00000000 0.1894195 0.016774624 0.53835094    0.46   0.31      0.23
789  0.05859375 0.1894195 0.016774624 0.53835094    0.46   0.31      0.23
790  0.11328125 0.1894195 0.016774624 0.53835094    0.46   0.31      0.23
791  0.01953125 0.1894195 0.016774624 0.53835094    0.46   0.31      0.23
792  1.00000000 0.1894195 0.016774624 0.53835094    0.46   0.31      0.23
793  0.12109375 0.1894195 0.016774624 0.53835094    0.46   0.31      0.23
794  1.00000000 0.1894195 0.016774624 0.53835094    0.46   0.31      0.23
795  0.17968750 0.1894195 0.016774624 0.53835094    0.46   0.31      0.23
796  1.00000000 0.1894195 0.016774624 0.53835094    0.46   0.31      0.23
797  0.09765625 0.1894195 0.016774624 0.53835094    0.46   0.31      0.23
798  1.00000000 0.1894195 0.016774624 0.53835094    0.46   0.31      0.23
799  0.15234375 0.1894195 0.016774624 0.53835094    0.46   0.31      0.23
800  0.15234375 0.1894195 0.016774624 0.53835094    0.46   0.31      0.23
801  1.00000000 0.5329955 0.005884846 0.21864351    0.44   0.04      0.52
802  1.00000000 0.5329955 0.005884846 0.21864351    0.44   0.04      0.52
803  0.02343750 0.5329955 0.005884846 0.21864351    0.44   0.04      0.52
804  0.01171875 0.5329955 0.005884846 0.21864351    0.44   0.04      0.52
805  1.00000000 0.5329955 0.005884846 0.21864351    0.44   0.04      0.52
806  1.00000000 0.5329955 0.005884846 0.21864351    0.44   0.04      0.52
807  0.03515625 0.5329955 0.005884846 0.21864351    0.44   0.04      0.52
808  1.00000000 0.5329955 0.005884846 0.21864351    0.44   0.04      0.52
809  0.50781250 0.5329955 0.005884846 0.21864351    0.44   0.04      0.52
810  1.00000000 0.5329955 0.005884846 0.21864351    0.44   0.04      0.52
811  1.00000000 0.5329955 0.005884846 0.21864351    0.44   0.04      0.52
812  0.01171875 0.5329955 0.005884846 0.21864351    0.44   0.04      0.52
813  1.00000000 0.5329955 0.005884846 0.21864351    0.44   0.04      0.52
814  1.00000000 0.5329955 0.005884846 0.21864351    0.44   0.04      0.52
815  0.03125000 0.5329955 0.005884846 0.21864351    0.44   0.04      0.52
816  0.00781250 0.5329955 0.005884846 0.21864351    0.44   0.04      0.52
817  0.10937500 0.5329955 0.005884846 0.21864351    0.44   0.04      0.52
818  0.00781250 0.5329955 0.005884846 0.21864351    0.44   0.04      0.52
819  0.05468750 0.5329955 0.005884846 0.21864351    0.44   0.04      0.52
820  0.02343750 0.5329955 0.005884846 0.21864351    0.44   0.04      0.52
821  1.00000000 0.5329955 0.005884846 0.21864351    0.44   0.04      0.52
822  0.08203125 0.5329955 0.005884846 0.21864351    0.44   0.04      0.52
823  0.03125000 0.5329955 0.005884846 0.21864351    0.44   0.04      0.52
824  1.00000000 0.5329955 0.005884846 0.21864351    0.44   0.04      0.52
825  1.00000000 0.5329955 0.005884846 0.21864351    0.44   0.04      0.52
826  1.00000000 0.5329955 0.005884846 0.21864351    0.44   0.04      0.52
827  1.00000000 0.5329955 0.005884846 0.21864351    0.44   0.04      0.52
828  1.00000000 0.5329955 0.005884846 0.21864351    0.44   0.04      0.52
829  0.04296875 0.5329955 0.005884846 0.21864351    0.44   0.04      0.52
830  0.13281250 0.5329955 0.005884846 0.21864351    0.44   0.04      0.52
831  0.00390625 0.5329955 0.005884846 0.21864351    0.44   0.04      0.52
832  1.00000000 0.5329955 0.005884846 0.21864351    0.44   0.04      0.52
833  1.00000000 0.5329955 0.005884846 0.21864351    0.44   0.04      0.52
834  0.00781250 0.5329955 0.005884846 0.21864351    0.44   0.04      0.52
835  1.00000000 0.5329955 0.005884846 0.21864351    0.44   0.04      0.52
836  1.00000000 0.5329955 0.005884846 0.21864351    0.44   0.04      0.52
837  0.12500000 0.5329955 0.005884846 0.21864351    0.44   0.04      0.52
838  1.00000000 0.5329955 0.005884846 0.21864351    0.44   0.04      0.52
839  0.09375000 0.5329955 0.005884846 0.21864351    0.44   0.04      0.52
840  0.00390625 0.5329955 0.005884846 0.21864351    0.44   0.04      0.52
841  0.01562500 0.5329955 0.005884846 0.21864351    0.44   0.04      0.52
842  1.00000000 0.5329955 0.005884846 0.21864351    0.44   0.04      0.52
843  1.00000000 0.5329955 0.005884846 0.21864351    0.44   0.04      0.52
844  0.50390625 0.5329955 0.005884846 0.21864351    0.44   0.04      0.52
845  1.00000000 0.5329955 0.005884846 0.21864351    0.44   0.04      0.52
846  0.03906250 0.5329955 0.005884846 0.21864351    0.44   0.04      0.52
847  1.00000000 0.5329955 0.005884846 0.21864351    0.44   0.04      0.52
848  1.00000000 0.5329955 0.005884846 0.21864351    0.44   0.04      0.52
849  0.07812500 0.5329955 0.005884846 0.21864351    0.44   0.04      0.52
850  0.04296875 0.5329955 0.005884846 0.21864351    0.44   0.04      0.52
851  1.00000000 0.5329955 0.005884846 0.21864351    0.44   0.04      0.52
852  0.03125000 0.5329955 0.005884846 0.21864351    0.44   0.04      0.52
853  1.00000000 0.5329955 0.005884846 0.21864351    0.44   0.04      0.52
854  1.00000000 0.5329955 0.005884846 0.21864351    0.44   0.04      0.52
855  1.00000000 0.5329955 0.005884846 0.21864351    0.44   0.04      0.52
856  0.12890625 0.5329955 0.005884846 0.21864351    0.44   0.04      0.52
857  1.00000000 0.5329955 0.005884846 0.21864351    0.44   0.04      0.52
858  1.00000000 0.5329955 0.005884846 0.21864351    0.44   0.04      0.52
859  1.00000000 0.5329955 0.005884846 0.21864351    0.44   0.04      0.52
860  1.00000000 0.5329955 0.005884846 0.21864351    0.44   0.04      0.52
861  1.00000000 0.5329955 0.005884846 0.21864351    0.44   0.04      0.52
862  1.00000000 0.5329955 0.005884846 0.21864351    0.44   0.04      0.52
863  1.00000000 0.5329955 0.005884846 0.21864351    0.44   0.04      0.52
864  0.03906250 0.5329955 0.005884846 0.21864351    0.44   0.04      0.52
865  1.00000000 0.5329955 0.005884846 0.21864351    0.44   0.04      0.52
866  1.00000000 0.5329955 0.005884846 0.21864351    0.44   0.04      0.52
867  1.00000000 0.5329955 0.005884846 0.21864351    0.44   0.04      0.52
868  0.07421875 0.5329955 0.005884846 0.21864351    0.44   0.04      0.52
869  0.01171875 0.5329955 0.005884846 0.21864351    0.44   0.04      0.52
870  0.03125000 0.5329955 0.005884846 0.21864351    0.44   0.04      0.52
871  0.02343750 0.5329955 0.005884846 0.21864351    0.44   0.04      0.52
872  1.00000000 0.5329955 0.005884846 0.21864351    0.44   0.04      0.52
873  0.01562500 0.5329955 0.005884846 0.21864351    0.44   0.04      0.52
874  1.00000000 0.5329955 0.005884846 0.21864351    0.44   0.04      0.52
875  1.00000000 0.5329955 0.005884846 0.21864351    0.44   0.04      0.52
876  1.00000000 0.5329955 0.005884846 0.21864351    0.44   0.04      0.52
877  1.00000000 0.5329955 0.005884846 0.21864351    0.44   0.04      0.52
878  1.00000000 0.5329955 0.005884846 0.21864351    0.44   0.04      0.52
879  1.00000000 0.5329955 0.005884846 0.21864351    0.44   0.04      0.52
880  1.00000000 0.5329955 0.005884846 0.21864351    0.44   0.04      0.52
881  0.01171875 0.5329955 0.005884846 0.21864351    0.44   0.04      0.52
882  0.01171875 0.5329955 0.005884846 0.21864351    0.44   0.04      0.52
883  1.00000000 0.5329955 0.005884846 0.21864351    0.44   0.04      0.52
884  1.00000000 0.5329955 0.005884846 0.21864351    0.44   0.04      0.52
885  1.00000000 0.5329955 0.005884846 0.21864351    0.44   0.04      0.52
886  0.01171875 0.5329955 0.005884846 0.21864351    0.44   0.04      0.52
887  0.09765625 0.5329955 0.005884846 0.21864351    0.44   0.04      0.52
888  0.02734375 0.5329955 0.005884846 0.21864351    0.44   0.04      0.52
889  0.13671875 0.5329955 0.005884846 0.21864351    0.44   0.04      0.52
890  1.00000000 0.5329955 0.005884846 0.21864351    0.44   0.04      0.52
891  0.01171875 0.5329955 0.005884846 0.21864351    0.44   0.04      0.52
892  0.01171875 0.5329955 0.005884846 0.21864351    0.44   0.04      0.52
893  0.01562500 0.5329955 0.005884846 0.21864351    0.44   0.04      0.52
894  0.05468750 0.5329955 0.005884846 0.21864351    0.44   0.04      0.52
895  0.01171875 0.5329955 0.005884846 0.21864351    0.44   0.04      0.52
896  0.27734375 0.5329955 0.005884846 0.21864351    0.44   0.04      0.52
897  1.00000000 0.5329955 0.005884846 0.21864351    0.44   0.04      0.52
898  0.08984375 0.5329955 0.005884846 0.21864351    0.44   0.04      0.52
899  0.03906250 0.5329955 0.005884846 0.21864351    0.44   0.04      0.52
900  0.03125000 0.5329955 0.005884846 0.21864351    0.44   0.04      0.52
901  1.00000000 0.5405505 0.025552030 0.25306480    0.29   0.23      0.48
902  1.00000000 0.5405505 0.025552030 0.25306480    0.29   0.23      0.48
903  1.00000000 0.5405505 0.025552030 0.25306480    0.29   0.23      0.48
904  1.00000000 0.5405505 0.025552030 0.25306480    0.29   0.23      0.48
905  1.00000000 0.5405505 0.025552030 0.25306480    0.29   0.23      0.48
906  1.00000000 0.5405505 0.025552030 0.25306480    0.29   0.23      0.48
907  0.10546875 0.5405505 0.025552030 0.25306480    0.29   0.23      0.48
908  0.08593750 0.5405505 0.025552030 0.25306480    0.29   0.23      0.48
909  1.00000000 0.5405505 0.025552030 0.25306480    0.29   0.23      0.48
910  0.24218750 0.5405505 0.025552030 0.25306480    0.29   0.23      0.48
911  1.00000000 0.5405505 0.025552030 0.25306480    0.29   0.23      0.48
912  0.12500000 0.5405505 0.025552030 0.25306480    0.29   0.23      0.48
913  0.14062500 0.5405505 0.025552030 0.25306480    0.29   0.23      0.48
914  0.54687500 0.5405505 0.025552030 0.25306480    0.29   0.23      0.48
915  0.17968750 0.5405505 0.025552030 0.25306480    0.29   0.23      0.48
916  0.19921875 0.5405505 0.025552030 0.25306480    0.29   0.23      0.48
917  1.00000000 0.5405505 0.025552030 0.25306480    0.29   0.23      0.48
918  0.05859375 0.5405505 0.025552030 0.25306480    0.29   0.23      0.48
919  1.00000000 0.5405505 0.025552030 0.25306480    0.29   0.23      0.48
920  1.00000000 0.5405505 0.025552030 0.25306480    0.29   0.23      0.48
921  1.00000000 0.5405505 0.025552030 0.25306480    0.29   0.23      0.48
922  1.00000000 0.5405505 0.025552030 0.25306480    0.29   0.23      0.48
923  0.13281250 0.5405505 0.025552030 0.25306480    0.29   0.23      0.48
924  0.13281250 0.5405505 0.025552030 0.25306480    0.29   0.23      0.48
925  0.20703125 0.5405505 0.025552030 0.25306480    0.29   0.23      0.48
926  0.12109375 0.5405505 0.025552030 0.25306480    0.29   0.23      0.48
927  1.00000000 0.5405505 0.025552030 0.25306480    0.29   0.23      0.48
928  1.00000000 0.5405505 0.025552030 0.25306480    0.29   0.23      0.48
929  1.00000000 0.5405505 0.025552030 0.25306480    0.29   0.23      0.48
930  0.07812500 0.5405505 0.025552030 0.25306480    0.29   0.23      0.48
931  1.00000000 0.5405505 0.025552030 0.25306480    0.29   0.23      0.48
932  1.00000000 0.5405505 0.025552030 0.25306480    0.29   0.23      0.48
933  1.00000000 0.5405505 0.025552030 0.25306480    0.29   0.23      0.48
934  0.16015625 0.5405505 0.025552030 0.25306480    0.29   0.23      0.48
935  0.12500000 0.5405505 0.025552030 0.25306480    0.29   0.23      0.48
936  0.35937500 0.5405505 0.025552030 0.25306480    0.29   0.23      0.48
937  0.14843750 0.5405505 0.025552030 0.25306480    0.29   0.23      0.48
938  0.11328125 0.5405505 0.025552030 0.25306480    0.29   0.23      0.48
939  1.00000000 0.5405505 0.025552030 0.25306480    0.29   0.23      0.48
940  0.42578125 0.5405505 0.025552030 0.25306480    0.29   0.23      0.48
941  0.06250000 0.5405505 0.025552030 0.25306480    0.29   0.23      0.48
942  1.00000000 0.5405505 0.025552030 0.25306480    0.29   0.23      0.48
943  1.00000000 0.5405505 0.025552030 0.25306480    0.29   0.23      0.48
944  0.08593750 0.5405505 0.025552030 0.25306480    0.29   0.23      0.48
945  0.22656250 0.5405505 0.025552030 0.25306480    0.29   0.23      0.48
946  1.00000000 0.5405505 0.025552030 0.25306480    0.29   0.23      0.48
947  1.00000000 0.5405505 0.025552030 0.25306480    0.29   0.23      0.48
948  0.33203125 0.5405505 0.025552030 0.25306480    0.29   0.23      0.48
949  0.17187500 0.5405505 0.025552030 0.25306480    0.29   0.23      0.48
950  0.10546875 0.5405505 0.025552030 0.25306480    0.29   0.23      0.48
951  0.10546875 0.5405505 0.025552030 0.25306480    0.29   0.23      0.48
952  1.00000000 0.5405505 0.025552030 0.25306480    0.29   0.23      0.48
953  1.00000000 0.5405505 0.025552030 0.25306480    0.29   0.23      0.48
954  1.00000000 0.5405505 0.025552030 0.25306480    0.29   0.23      0.48
955  1.00000000 0.5405505 0.025552030 0.25306480    0.29   0.23      0.48
956  0.11328125 0.5405505 0.025552030 0.25306480    0.29   0.23      0.48
957  1.00000000 0.5405505 0.025552030 0.25306480    0.29   0.23      0.48
958  1.00000000 0.5405505 0.025552030 0.25306480    0.29   0.23      0.48
959  0.12500000 0.5405505 0.025552030 0.25306480    0.29   0.23      0.48
960  0.20312500 0.5405505 0.025552030 0.25306480    0.29   0.23      0.48
961  0.12500000 0.5405505 0.025552030 0.25306480    0.29   0.23      0.48
962  1.00000000 0.5405505 0.025552030 0.25306480    0.29   0.23      0.48
963  0.15234375 0.5405505 0.025552030 0.25306480    0.29   0.23      0.48
964  1.00000000 0.5405505 0.025552030 0.25306480    0.29   0.23      0.48
965  0.08593750 0.5405505 0.025552030 0.25306480    0.29   0.23      0.48
966  0.19531250 0.5405505 0.025552030 0.25306480    0.29   0.23      0.48
967  0.15625000 0.5405505 0.025552030 0.25306480    0.29   0.23      0.48
968  0.09375000 0.5405505 0.025552030 0.25306480    0.29   0.23      0.48
969  0.08203125 0.5405505 0.025552030 0.25306480    0.29   0.23      0.48
970  1.00000000 0.5405505 0.025552030 0.25306480    0.29   0.23      0.48
971  0.41015625 0.5405505 0.025552030 0.25306480    0.29   0.23      0.48
972  0.14843750 0.5405505 0.025552030 0.25306480    0.29   0.23      0.48
973  0.08203125 0.5405505 0.025552030 0.25306480    0.29   0.23      0.48
974  0.22265625 0.5405505 0.025552030 0.25306480    0.29   0.23      0.48
975  0.09765625 0.5405505 0.025552030 0.25306480    0.29   0.23      0.48
976  0.17187500 0.5405505 0.025552030 0.25306480    0.29   0.23      0.48
977  1.00000000 0.5405505 0.025552030 0.25306480    0.29   0.23      0.48
978  0.55078125 0.5405505 0.025552030 0.25306480    0.29   0.23      0.48
979  1.00000000 0.5405505 0.025552030 0.25306480    0.29   0.23      0.48
980  0.25000000 0.5405505 0.025552030 0.25306480    0.29   0.23      0.48
981  0.57421875 0.5405505 0.025552030 0.25306480    0.29   0.23      0.48
982  1.00000000 0.5405505 0.025552030 0.25306480    0.29   0.23      0.48
983  1.00000000 0.5405505 0.025552030 0.25306480    0.29   0.23      0.48
984  0.17187500 0.5405505 0.025552030 0.25306480    0.29   0.23      0.48
985  1.00000000 0.5405505 0.025552030 0.25306480    0.29   0.23      0.48
986  1.00000000 0.5405505 0.025552030 0.25306480    0.29   0.23      0.48
987  0.14843750 0.5405505 0.025552030 0.25306480    0.29   0.23      0.48
988  0.18359375 0.5405505 0.025552030 0.25306480    0.29   0.23      0.48
989  1.00000000 0.5405505 0.025552030 0.25306480    0.29   0.23      0.48
990  1.00000000 0.5405505 0.025552030 0.25306480    0.29   0.23      0.48
991  0.20312500 0.5405505 0.025552030 0.25306480    0.29   0.23      0.48
992  0.12500000 0.5405505 0.025552030 0.25306480    0.29   0.23      0.48
993  1.00000000 0.5405505 0.025552030 0.25306480    0.29   0.23      0.48
994  1.00000000 0.5405505 0.025552030 0.25306480    0.29   0.23      0.48
995  1.00000000 0.5405505 0.025552030 0.25306480    0.29   0.23      0.48
996  1.00000000 0.5405505 0.025552030 0.25306480    0.29   0.23      0.48
997  0.14062500 0.5405505 0.025552030 0.25306480    0.29   0.23      0.48
998  1.00000000 0.5405505 0.025552030 0.25306480    0.29   0.23      0.48
999  1.00000000 0.5405505 0.025552030 0.25306480    0.29   0.23      0.48
1000 1.00000000 0.5405505 0.025552030 0.25306480    0.29   0.23      0.48
