      prop.aneu prob.meio  prob.mito  dispersal euploid mosaic aneuploid
1    0.05078125 0.3012640 0.01150949 0.64427904    0.48   0.22      0.30
2    1.00000000 0.3012640 0.01150949 0.64427904    0.48   0.22      0.30
3    0.08984375 0.3012640 0.01150949 0.64427904    0.48   0.22      0.30
4    0.11718750 0.3012640 0.01150949 0.64427904    0.48   0.22      0.30
5    0.16406250 0.3012640 0.01150949 0.64427904    0.48   0.22      0.30
6    0.01953125 0.3012640 0.01150949 0.64427904    0.48   0.22      0.30
7    0.26562500 0.3012640 0.01150949 0.64427904    0.48   0.22      0.30
8    0.16796875 0.3012640 0.01150949 0.64427904    0.48   0.22      0.30
9    0.11718750 0.3012640 0.01150949 0.64427904    0.48   0.22      0.30
10   0.01953125 0.3012640 0.01150949 0.64427904    0.48   0.22      0.30
11   0.02734375 0.3012640 0.01150949 0.64427904    0.48   0.22      0.30
12   0.02343750 0.3012640 0.01150949 0.64427904    0.48   0.22      0.30
13   0.01562500 0.3012640 0.01150949 0.64427904    0.48   0.22      0.30
14   1.00000000 0.3012640 0.01150949 0.64427904    0.48   0.22      0.30
15   0.07421875 0.3012640 0.01150949 0.64427904    0.48   0.22      0.30
16   0.00781250 0.3012640 0.01150949 0.64427904    0.48   0.22      0.30
17   0.14453125 0.3012640 0.01150949 0.64427904    0.48   0.22      0.30
18   0.03515625 0.3012640 0.01150949 0.64427904    0.48   0.22      0.30
19   0.03906250 0.3012640 0.01150949 0.64427904    0.48   0.22      0.30
20   0.32812500 0.3012640 0.01150949 0.64427904    0.48   0.22      0.30
21   0.01171875 0.3012640 0.01150949 0.64427904    0.48   0.22      0.30
22   0.02343750 0.3012640 0.01150949 0.64427904    0.48   0.22      0.30
23   0.10546875 0.3012640 0.01150949 0.64427904    0.48   0.22      0.30
24   0.01562500 0.3012640 0.01150949 0.64427904    0.48   0.22      0.30
25   1.00000000 0.3012640 0.01150949 0.64427904    0.48   0.22      0.30
26   1.00000000 0.3012640 0.01150949 0.64427904    0.48   0.22      0.30
27   0.04687500 0.3012640 0.01150949 0.64427904    0.48   0.22      0.30
28   0.63671875 0.3012640 0.01150949 0.64427904    0.48   0.22      0.30
29   0.03125000 0.3012640 0.01150949 0.64427904    0.48   0.22      0.30
30   0.09375000 0.3012640 0.01150949 0.64427904    0.48   0.22      0.30
31   1.00000000 0.3012640 0.01150949 0.64427904    0.48   0.22      0.30
32   1.00000000 0.3012640 0.01150949 0.64427904    0.48   0.22      0.30
33   0.08593750 0.3012640 0.01150949 0.64427904    0.48   0.22      0.30
34   0.10546875 0.3012640 0.01150949 0.64427904    0.48   0.22      0.30
35   0.08593750 0.3012640 0.01150949 0.64427904    0.48   0.22      0.30
36   0.02343750 0.3012640 0.01150949 0.64427904    0.48   0.22      0.30
37   1.00000000 0.3012640 0.01150949 0.64427904    0.48   0.22      0.30
38   1.00000000 0.3012640 0.01150949 0.64427904    0.48   0.22      0.30
39   1.00000000 0.3012640 0.01150949 0.64427904    0.48   0.22      0.30
40   0.02343750 0.3012640 0.01150949 0.64427904    0.48   0.22      0.30
41   0.05468750 0.3012640 0.01150949 0.64427904    0.48   0.22      0.30
42   1.00000000 0.3012640 0.01150949 0.64427904    0.48   0.22      0.30
43   0.09375000 0.3012640 0.01150949 0.64427904    0.48   0.22      0.30
44   1.00000000 0.3012640 0.01150949 0.64427904    0.48   0.22      0.30
45   1.00000000 0.3012640 0.01150949 0.64427904    0.48   0.22      0.30
46   0.14843750 0.3012640 0.01150949 0.64427904    0.48   0.22      0.30
47   1.00000000 0.3012640 0.01150949 0.64427904    0.48   0.22      0.30
48   1.00000000 0.3012640 0.01150949 0.64427904    0.48   0.22      0.30
49   1.00000000 0.3012640 0.01150949 0.64427904    0.48   0.22      0.30
50   1.00000000 0.3012640 0.01150949 0.64427904    0.48   0.22      0.30
51   0.07031250 0.3012640 0.01150949 0.64427904    0.48   0.22      0.30
52   0.17578125 0.3012640 0.01150949 0.64427904    0.48   0.22      0.30
53   0.02734375 0.3012640 0.01150949 0.64427904    0.48   0.22      0.30
54   1.00000000 0.3012640 0.01150949 0.64427904    0.48   0.22      0.30
55   0.12890625 0.3012640 0.01150949 0.64427904    0.48   0.22      0.30
56   1.00000000 0.3012640 0.01150949 0.64427904    0.48   0.22      0.30
57   0.50000000 0.3012640 0.01150949 0.64427904    0.48   0.22      0.30
58   0.03906250 0.3012640 0.01150949 0.64427904    0.48   0.22      0.30
59   0.12500000 0.3012640 0.01150949 0.64427904    0.48   0.22      0.30
60   0.21875000 0.3012640 0.01150949 0.64427904    0.48   0.22      0.30
61   1.00000000 0.3012640 0.01150949 0.64427904    0.48   0.22      0.30
62   1.00000000 0.3012640 0.01150949 0.64427904    0.48   0.22      0.30
63   0.08593750 0.3012640 0.01150949 0.64427904    0.48   0.22      0.30
64   0.14062500 0.3012640 0.01150949 0.64427904    0.48   0.22      0.30
65   0.05078125 0.3012640 0.01150949 0.64427904    0.48   0.22      0.30
66   0.01562500 0.3012640 0.01150949 0.64427904    0.48   0.22      0.30
67   0.09375000 0.3012640 0.01150949 0.64427904    0.48   0.22      0.30
68   1.00000000 0.3012640 0.01150949 0.64427904    0.48   0.22      0.30
69   1.00000000 0.3012640 0.01150949 0.64427904    0.48   0.22      0.30
70   1.00000000 0.3012640 0.01150949 0.64427904    0.48   0.22      0.30
71   0.07812500 0.3012640 0.01150949 0.64427904    0.48   0.22      0.30
72   0.06250000 0.3012640 0.01150949 0.64427904    0.48   0.22      0.30
73   0.20312500 0.3012640 0.01150949 0.64427904    0.48   0.22      0.30
74   1.00000000 0.3012640 0.01150949 0.64427904    0.48   0.22      0.30
75   0.03515625 0.3012640 0.01150949 0.64427904    0.48   0.22      0.30
76   0.10546875 0.3012640 0.01150949 0.64427904    0.48   0.22      0.30
77   0.07031250 0.3012640 0.01150949 0.64427904    0.48   0.22      0.30
78   1.00000000 0.3012640 0.01150949 0.64427904    0.48   0.22      0.30
79   0.05468750 0.3012640 0.01150949 0.64427904    0.48   0.22      0.30
80   0.05468750 0.3012640 0.01150949 0.64427904    0.48   0.22      0.30
81   0.17578125 0.3012640 0.01150949 0.64427904    0.48   0.22      0.30
82   1.00000000 0.3012640 0.01150949 0.64427904    0.48   0.22      0.30
83   0.12109375 0.3012640 0.01150949 0.64427904    0.48   0.22      0.30
84   1.00000000 0.3012640 0.01150949 0.64427904    0.48   0.22      0.30
85   1.00000000 0.3012640 0.01150949 0.64427904    0.48   0.22      0.30
86   0.05078125 0.3012640 0.01150949 0.64427904    0.48   0.22      0.30
87   0.40234375 0.3012640 0.01150949 0.64427904    0.48   0.22      0.30
88   0.28515625 0.3012640 0.01150949 0.64427904    0.48   0.22      0.30
89   0.03125000 0.3012640 0.01150949 0.64427904    0.48   0.22      0.30
90   0.17187500 0.3012640 0.01150949 0.64427904    0.48   0.22      0.30
91   0.02343750 0.3012640 0.01150949 0.64427904    0.48   0.22      0.30
92   1.00000000 0.3012640 0.01150949 0.64427904    0.48   0.22      0.30
93   0.05468750 0.3012640 0.01150949 0.64427904    0.48   0.22      0.30
94   0.14453125 0.3012640 0.01150949 0.64427904    0.48   0.22      0.30
95   0.07031250 0.3012640 0.01150949 0.64427904    0.48   0.22      0.30
96   0.16406250 0.3012640 0.01150949 0.64427904    0.48   0.22      0.30
97   0.05468750 0.3012640 0.01150949 0.64427904    0.48   0.22      0.30
98   0.04296875 0.3012640 0.01150949 0.64427904    0.48   0.22      0.30
99   1.00000000 0.3012640 0.01150949 0.64427904    0.48   0.22      0.30
100  0.11718750 0.3012640 0.01150949 0.64427904    0.48   0.22      0.30
101  1.00000000 0.4599353 0.01507311 0.04500766    0.48   0.08      0.44
102  0.14843750 0.4599353 0.01507311 0.04500766    0.48   0.08      0.44
103  1.00000000 0.4599353 0.01507311 0.04500766    0.48   0.08      0.44
104  1.00000000 0.4599353 0.01507311 0.04500766    0.48   0.08      0.44
105  1.00000000 0.4599353 0.01507311 0.04500766    0.48   0.08      0.44
106  0.04296875 0.4599353 0.01507311 0.04500766    0.48   0.08      0.44
107  1.00000000 0.4599353 0.01507311 0.04500766    0.48   0.08      0.44
108  0.08984375 0.4599353 0.01507311 0.04500766    0.48   0.08      0.44
109  1.00000000 0.4599353 0.01507311 0.04500766    0.48   0.08      0.44
110  1.00000000 0.4599353 0.01507311 0.04500766    0.48   0.08      0.44
111  0.03125000 0.4599353 0.01507311 0.04500766    0.48   0.08      0.44
112  0.08984375 0.4599353 0.01507311 0.04500766    0.48   0.08      0.44
113  0.15234375 0.4599353 0.01507311 0.04500766    0.48   0.08      0.44
114  0.07421875 0.4599353 0.01507311 0.04500766    0.48   0.08      0.44
115  1.00000000 0.4599353 0.01507311 0.04500766    0.48   0.08      0.44
116  1.00000000 0.4599353 0.01507311 0.04500766    0.48   0.08      0.44
117  0.06640625 0.4599353 0.01507311 0.04500766    0.48   0.08      0.44
118  1.00000000 0.4599353 0.01507311 0.04500766    0.48   0.08      0.44
119  0.19531250 0.4599353 0.01507311 0.04500766    0.48   0.08      0.44
120  0.07812500 0.4599353 0.01507311 0.04500766    0.48   0.08      0.44
121  0.14843750 0.4599353 0.01507311 0.04500766    0.48   0.08      0.44
122  1.00000000 0.4599353 0.01507311 0.04500766    0.48   0.08      0.44
123  1.00000000 0.4599353 0.01507311 0.04500766    0.48   0.08      0.44
124  0.07031250 0.4599353 0.01507311 0.04500766    0.48   0.08      0.44
125  1.00000000 0.4599353 0.01507311 0.04500766    0.48   0.08      0.44
126  0.04296875 0.4599353 0.01507311 0.04500766    0.48   0.08      0.44
127  1.00000000 0.4599353 0.01507311 0.04500766    0.48   0.08      0.44
128  0.50781250 0.4599353 0.01507311 0.04500766    0.48   0.08      0.44
129  0.17578125 0.4599353 0.01507311 0.04500766    0.48   0.08      0.44
130  0.26953125 0.4599353 0.01507311 0.04500766    0.48   0.08      0.44
131  0.15625000 0.4599353 0.01507311 0.04500766    0.48   0.08      0.44
132  1.00000000 0.4599353 0.01507311 0.04500766    0.48   0.08      0.44
133  0.06640625 0.4599353 0.01507311 0.04500766    0.48   0.08      0.44
134  1.00000000 0.4599353 0.01507311 0.04500766    0.48   0.08      0.44
135  1.00000000 0.4599353 0.01507311 0.04500766    0.48   0.08      0.44
136  0.02343750 0.4599353 0.01507311 0.04500766    0.48   0.08      0.44
137  0.08593750 0.4599353 0.01507311 0.04500766    0.48   0.08      0.44
138  0.02343750 0.4599353 0.01507311 0.04500766    0.48   0.08      0.44
139  0.11718750 0.4599353 0.01507311 0.04500766    0.48   0.08      0.44
140  0.07421875 0.4599353 0.01507311 0.04500766    0.48   0.08      0.44
141  0.03515625 0.4599353 0.01507311 0.04500766    0.48   0.08      0.44
142  0.07812500 0.4599353 0.01507311 0.04500766    0.48   0.08      0.44
143  0.12890625 0.4599353 0.01507311 0.04500766    0.48   0.08      0.44
144  1.00000000 0.4599353 0.01507311 0.04500766    0.48   0.08      0.44
145  1.00000000 0.4599353 0.01507311 0.04500766    0.48   0.08      0.44
146  1.00000000 0.4599353 0.01507311 0.04500766    0.48   0.08      0.44
147  0.08593750 0.4599353 0.01507311 0.04500766    0.48   0.08      0.44
148  0.06250000 0.4599353 0.01507311 0.04500766    0.48   0.08      0.44
149  1.00000000 0.4599353 0.01507311 0.04500766    0.48   0.08      0.44
150  0.55468750 0.4599353 0.01507311 0.04500766    0.48   0.08      0.44
151  1.00000000 0.4599353 0.01507311 0.04500766    0.48   0.08      0.44
152  0.11718750 0.4599353 0.01507311 0.04500766    0.48   0.08      0.44
153  1.00000000 0.4599353 0.01507311 0.04500766    0.48   0.08      0.44
154  1.00000000 0.4599353 0.01507311 0.04500766    0.48   0.08      0.44
155  1.00000000 0.4599353 0.01507311 0.04500766    0.48   0.08      0.44
156  1.00000000 0.4599353 0.01507311 0.04500766    0.48   0.08      0.44
157  1.00000000 0.4599353 0.01507311 0.04500766    0.48   0.08      0.44
158  0.06640625 0.4599353 0.01507311 0.04500766    0.48   0.08      0.44
159  0.33593750 0.4599353 0.01507311 0.04500766    0.48   0.08      0.44
160  1.00000000 0.4599353 0.01507311 0.04500766    0.48   0.08      0.44
161  0.04296875 0.4599353 0.01507311 0.04500766    0.48   0.08      0.44
162  0.15234375 0.4599353 0.01507311 0.04500766    0.48   0.08      0.44
163  0.06640625 0.4599353 0.01507311 0.04500766    0.48   0.08      0.44
164  1.00000000 0.4599353 0.01507311 0.04500766    0.48   0.08      0.44
165  0.07031250 0.4599353 0.01507311 0.04500766    0.48   0.08      0.44
166  0.06640625 0.4599353 0.01507311 0.04500766    0.48   0.08      0.44
167  1.00000000 0.4599353 0.01507311 0.04500766    0.48   0.08      0.44
168  1.00000000 0.4599353 0.01507311 0.04500766    0.48   0.08      0.44
169  0.03125000 0.4599353 0.01507311 0.04500766    0.48   0.08      0.44
170  0.14062500 0.4599353 0.01507311 0.04500766    0.48   0.08      0.44
171  0.15625000 0.4599353 0.01507311 0.04500766    0.48   0.08      0.44
172  0.26953125 0.4599353 0.01507311 0.04500766    0.48   0.08      0.44
173  0.00781250 0.4599353 0.01507311 0.04500766    0.48   0.08      0.44
174  0.05078125 0.4599353 0.01507311 0.04500766    0.48   0.08      0.44
175  0.04296875 0.4599353 0.01507311 0.04500766    0.48   0.08      0.44
176  0.05859375 0.4599353 0.01507311 0.04500766    0.48   0.08      0.44
177  1.00000000 0.4599353 0.01507311 0.04500766    0.48   0.08      0.44
178  1.00000000 0.4599353 0.01507311 0.04500766    0.48   0.08      0.44
179  0.10937500 0.4599353 0.01507311 0.04500766    0.48   0.08      0.44
180  0.05078125 0.4599353 0.01507311 0.04500766    0.48   0.08      0.44
181  0.19921875 0.4599353 0.01507311 0.04500766    0.48   0.08      0.44
182  0.03515625 0.4599353 0.01507311 0.04500766    0.48   0.08      0.44
183  1.00000000 0.4599353 0.01507311 0.04500766    0.48   0.08      0.44
184  1.00000000 0.4599353 0.01507311 0.04500766    0.48   0.08      0.44
185  0.04687500 0.4599353 0.01507311 0.04500766    0.48   0.08      0.44
186  1.00000000 0.4599353 0.01507311 0.04500766    0.48   0.08      0.44
187  1.00000000 0.4599353 0.01507311 0.04500766    0.48   0.08      0.44
188  1.00000000 0.4599353 0.01507311 0.04500766    0.48   0.08      0.44
189  1.00000000 0.4599353 0.01507311 0.04500766    0.48   0.08      0.44
190  1.00000000 0.4599353 0.01507311 0.04500766    0.48   0.08      0.44
191  1.00000000 0.4599353 0.01507311 0.04500766    0.48   0.08      0.44
192  0.06250000 0.4599353 0.01507311 0.04500766    0.48   0.08      0.44
193  1.00000000 0.4599353 0.01507311 0.04500766    0.48   0.08      0.44
194  0.01562500 0.4599353 0.01507311 0.04500766    0.48   0.08      0.44
195  0.05078125 0.4599353 0.01507311 0.04500766    0.48   0.08      0.44
196  0.07812500 0.4599353 0.01507311 0.04500766    0.48   0.08      0.44
197  1.00000000 0.4599353 0.01507311 0.04500766    0.48   0.08      0.44
198  1.00000000 0.4599353 0.01507311 0.04500766    0.48   0.08      0.44
199  0.07421875 0.4599353 0.01507311 0.04500766    0.48   0.08      0.44
200  0.19140625 0.4599353 0.01507311 0.04500766    0.48   0.08      0.44
201  0.32812500 0.3230137 0.03313421 0.11813673    0.32   0.34      0.34
202  1.00000000 0.3230137 0.03313421 0.11813673    0.32   0.34      0.34
203  0.11718750 0.3230137 0.03313421 0.11813673    0.32   0.34      0.34
204  1.00000000 0.3230137 0.03313421 0.11813673    0.32   0.34      0.34
205  1.00000000 0.3230137 0.03313421 0.11813673    0.32   0.34      0.34
206  0.14062500 0.3230137 0.03313421 0.11813673    0.32   0.34      0.34
207  1.00000000 0.3230137 0.03313421 0.11813673    0.32   0.34      0.34
208  1.00000000 0.3230137 0.03313421 0.11813673    0.32   0.34      0.34
209  0.10546875 0.3230137 0.03313421 0.11813673    0.32   0.34      0.34
210  0.29296875 0.3230137 0.03313421 0.11813673    0.32   0.34      0.34
211  0.16406250 0.3230137 0.03313421 0.11813673    0.32   0.34      0.34
212  0.20703125 0.3230137 0.03313421 0.11813673    0.32   0.34      0.34
213  1.00000000 0.3230137 0.03313421 0.11813673    0.32   0.34      0.34
214  0.36328125 0.3230137 0.03313421 0.11813673    0.32   0.34      0.34
215  0.33593750 0.3230137 0.03313421 0.11813673    0.32   0.34      0.34
216  0.16796875 0.3230137 0.03313421 0.11813673    0.32   0.34      0.34
217  0.13671875 0.3230137 0.03313421 0.11813673    0.32   0.34      0.34
218  1.00000000 0.3230137 0.03313421 0.11813673    0.32   0.34      0.34
219  0.29687500 0.3230137 0.03313421 0.11813673    0.32   0.34      0.34
220  0.34375000 0.3230137 0.03313421 0.11813673    0.32   0.34      0.34
221  0.26953125 0.3230137 0.03313421 0.11813673    0.32   0.34      0.34
222  1.00000000 0.3230137 0.03313421 0.11813673    0.32   0.34      0.34
223  0.25781250 0.3230137 0.03313421 0.11813673    0.32   0.34      0.34
224  0.24609375 0.3230137 0.03313421 0.11813673    0.32   0.34      0.34
225  0.15625000 0.3230137 0.03313421 0.11813673    0.32   0.34      0.34
226  0.14843750 0.3230137 0.03313421 0.11813673    0.32   0.34      0.34
227  1.00000000 0.3230137 0.03313421 0.11813673    0.32   0.34      0.34
228  0.24218750 0.3230137 0.03313421 0.11813673    0.32   0.34      0.34
229  0.17187500 0.3230137 0.03313421 0.11813673    0.32   0.34      0.34
230  1.00000000 0.3230137 0.03313421 0.11813673    0.32   0.34      0.34
231  0.32031250 0.3230137 0.03313421 0.11813673    0.32   0.34      0.34
232  0.08203125 0.3230137 0.03313421 0.11813673    0.32   0.34      0.34
233  1.00000000 0.3230137 0.03313421 0.11813673    0.32   0.34      0.34
234  0.15625000 0.3230137 0.03313421 0.11813673    0.32   0.34      0.34
235  1.00000000 0.3230137 0.03313421 0.11813673    0.32   0.34      0.34
236  0.12890625 0.3230137 0.03313421 0.11813673    0.32   0.34      0.34
237  0.23437500 0.3230137 0.03313421 0.11813673    0.32   0.34      0.34
238  0.28906250 0.3230137 0.03313421 0.11813673    0.32   0.34      0.34
239  0.39843750 0.3230137 0.03313421 0.11813673    0.32   0.34      0.34
240  0.24218750 0.3230137 0.03313421 0.11813673    0.32   0.34      0.34
241  1.00000000 0.3230137 0.03313421 0.11813673    0.32   0.34      0.34
242  1.00000000 0.3230137 0.03313421 0.11813673    0.32   0.34      0.34
243  0.17578125 0.3230137 0.03313421 0.11813673    0.32   0.34      0.34
244  1.00000000 0.3230137 0.03313421 0.11813673    0.32   0.34      0.34
245  1.00000000 0.3230137 0.03313421 0.11813673    0.32   0.34      0.34
246  0.39453125 0.3230137 0.03313421 0.11813673    0.32   0.34      0.34
247  0.24218750 0.3230137 0.03313421 0.11813673    0.32   0.34      0.34
248  0.19921875 0.3230137 0.03313421 0.11813673    0.32   0.34      0.34
249  0.17187500 0.3230137 0.03313421 0.11813673    0.32   0.34      0.34
250  1.00000000 0.3230137 0.03313421 0.11813673    0.32   0.34      0.34
251  1.00000000 0.3230137 0.03313421 0.11813673    0.32   0.34      0.34
252  0.25000000 0.3230137 0.03313421 0.11813673    0.32   0.34      0.34
253  0.23828125 0.3230137 0.03313421 0.11813673    0.32   0.34      0.34
254  0.17578125 0.3230137 0.03313421 0.11813673    0.32   0.34      0.34
255  0.30859375 0.3230137 0.03313421 0.11813673    0.32   0.34      0.34
256  0.13671875 0.3230137 0.03313421 0.11813673    0.32   0.34      0.34
257  1.00000000 0.3230137 0.03313421 0.11813673    0.32   0.34      0.34
258  0.19921875 0.3230137 0.03313421 0.11813673    0.32   0.34      0.34
259  0.18359375 0.3230137 0.03313421 0.11813673    0.32   0.34      0.34
260  0.24609375 0.3230137 0.03313421 0.11813673    0.32   0.34      0.34
261  0.14453125 0.3230137 0.03313421 0.11813673    0.32   0.34      0.34
262  0.62890625 0.3230137 0.03313421 0.11813673    0.32   0.34      0.34
263  0.07031250 0.3230137 0.03313421 0.11813673    0.32   0.34      0.34
264  0.18359375 0.3230137 0.03313421 0.11813673    0.32   0.34      0.34
265  0.52343750 0.3230137 0.03313421 0.11813673    0.32   0.34      0.34
266  1.00000000 0.3230137 0.03313421 0.11813673    0.32   0.34      0.34
267  1.00000000 0.3230137 0.03313421 0.11813673    0.32   0.34      0.34
268  1.00000000 0.3230137 0.03313421 0.11813673    0.32   0.34      0.34
269  1.00000000 0.3230137 0.03313421 0.11813673    0.32   0.34      0.34
270  0.60156250 0.3230137 0.03313421 0.11813673    0.32   0.34      0.34
271  0.13281250 0.3230137 0.03313421 0.11813673    0.32   0.34      0.34
272  0.21093750 0.3230137 0.03313421 0.11813673    0.32   0.34      0.34
273  0.64062500 0.3230137 0.03313421 0.11813673    0.32   0.34      0.34
274  0.13281250 0.3230137 0.03313421 0.11813673    0.32   0.34      0.34
275  0.08984375 0.3230137 0.03313421 0.11813673    0.32   0.34      0.34
276  1.00000000 0.3230137 0.03313421 0.11813673    0.32   0.34      0.34
277  1.00000000 0.3230137 0.03313421 0.11813673    0.32   0.34      0.34
278  0.47656250 0.3230137 0.03313421 0.11813673    0.32   0.34      0.34
279  1.00000000 0.3230137 0.03313421 0.11813673    0.32   0.34      0.34
280  1.00000000 0.3230137 0.03313421 0.11813673    0.32   0.34      0.34
281  1.00000000 0.3230137 0.03313421 0.11813673    0.32   0.34      0.34
282  0.32031250 0.3230137 0.03313421 0.11813673    0.32   0.34      0.34
283  0.30859375 0.3230137 0.03313421 0.11813673    0.32   0.34      0.34
284  0.38281250 0.3230137 0.03313421 0.11813673    0.32   0.34      0.34
285  0.18750000 0.3230137 0.03313421 0.11813673    0.32   0.34      0.34
286  0.24609375 0.3230137 0.03313421 0.11813673    0.32   0.34      0.34
287  1.00000000 0.3230137 0.03313421 0.11813673    0.32   0.34      0.34
288  0.09765625 0.3230137 0.03313421 0.11813673    0.32   0.34      0.34
289  1.00000000 0.3230137 0.03313421 0.11813673    0.32   0.34      0.34
290  0.11328125 0.3230137 0.03313421 0.11813673    0.32   0.34      0.34
291  0.12500000 0.3230137 0.03313421 0.11813673    0.32   0.34      0.34
292  0.17578125 0.3230137 0.03313421 0.11813673    0.32   0.34      0.34
293  1.00000000 0.3230137 0.03313421 0.11813673    0.32   0.34      0.34
294  1.00000000 0.3230137 0.03313421 0.11813673    0.32   0.34      0.34
295  0.08203125 0.3230137 0.03313421 0.11813673    0.32   0.34      0.34
296  1.00000000 0.3230137 0.03313421 0.11813673    0.32   0.34      0.34
297  0.34375000 0.3230137 0.03313421 0.11813673    0.32   0.34      0.34
298  1.00000000 0.3230137 0.03313421 0.11813673    0.32   0.34      0.34
299  0.43359375 0.3230137 0.03313421 0.11813673    0.32   0.34      0.34
300  0.28515625 0.3230137 0.03313421 0.11813673    0.32   0.34      0.34
301  1.00000000 0.4912802 0.04411067 0.77748697    0.13   0.35      0.52
302  0.07812500 0.4912802 0.04411067 0.77748697    0.13   0.35      0.52
303  0.38671875 0.4912802 0.04411067 0.77748697    0.13   0.35      0.52
304  1.00000000 0.4912802 0.04411067 0.77748697    0.13   0.35      0.52
305  0.14453125 0.4912802 0.04411067 0.77748697    0.13   0.35      0.52
306  0.15625000 0.4912802 0.04411067 0.77748697    0.13   0.35      0.52
307  0.28515625 0.4912802 0.04411067 0.77748697    0.13   0.35      0.52
308  1.00000000 0.4912802 0.04411067 0.77748697    0.13   0.35      0.52
309  1.00000000 0.4912802 0.04411067 0.77748697    0.13   0.35      0.52
310  1.00000000 0.4912802 0.04411067 0.77748697    0.13   0.35      0.52
311  0.14843750 0.4912802 0.04411067 0.77748697    0.13   0.35      0.52
312  0.09765625 0.4912802 0.04411067 0.77748697    0.13   0.35      0.52
313  1.00000000 0.4912802 0.04411067 0.77748697    0.13   0.35      0.52
314  0.44531250 0.4912802 0.04411067 0.77748697    0.13   0.35      0.52
315  1.00000000 0.4912802 0.04411067 0.77748697    0.13   0.35      0.52
316  0.25781250 0.4912802 0.04411067 0.77748697    0.13   0.35      0.52
317  0.25000000 0.4912802 0.04411067 0.77748697    0.13   0.35      0.52
318  0.62500000 0.4912802 0.04411067 0.77748697    0.13   0.35      0.52
319  1.00000000 0.4912802 0.04411067 0.77748697    0.13   0.35      0.52
320  1.00000000 0.4912802 0.04411067 0.77748697    0.13   0.35      0.52
321  0.60156250 0.4912802 0.04411067 0.77748697    0.13   0.35      0.52
322  1.00000000 0.4912802 0.04411067 0.77748697    0.13   0.35      0.52
323  0.17968750 0.4912802 0.04411067 0.77748697    0.13   0.35      0.52
324  1.00000000 0.4912802 0.04411067 0.77748697    0.13   0.35      0.52
325  0.08593750 0.4912802 0.04411067 0.77748697    0.13   0.35      0.52
326  0.14843750 0.4912802 0.04411067 0.77748697    0.13   0.35      0.52
327  0.12500000 0.4912802 0.04411067 0.77748697    0.13   0.35      0.52
328  1.00000000 0.4912802 0.04411067 0.77748697    0.13   0.35      0.52
329  1.00000000 0.4912802 0.04411067 0.77748697    0.13   0.35      0.52
330  1.00000000 0.4912802 0.04411067 0.77748697    0.13   0.35      0.52
331  1.00000000 0.4912802 0.04411067 0.77748697    0.13   0.35      0.52
332  1.00000000 0.4912802 0.04411067 0.77748697    0.13   0.35      0.52
333  0.28515625 0.4912802 0.04411067 0.77748697    0.13   0.35      0.52
334  1.00000000 0.4912802 0.04411067 0.77748697    0.13   0.35      0.52
335  1.00000000 0.4912802 0.04411067 0.77748697    0.13   0.35      0.52
336  1.00000000 0.4912802 0.04411067 0.77748697    0.13   0.35      0.52
337  1.00000000 0.4912802 0.04411067 0.77748697    0.13   0.35      0.52
338  1.00000000 0.4912802 0.04411067 0.77748697    0.13   0.35      0.52
339  1.00000000 0.4912802 0.04411067 0.77748697    0.13   0.35      0.52
340  0.19531250 0.4912802 0.04411067 0.77748697    0.13   0.35      0.52
341  0.21875000 0.4912802 0.04411067 0.77748697    0.13   0.35      0.52
342  0.57421875 0.4912802 0.04411067 0.77748697    0.13   0.35      0.52
343  0.26562500 0.4912802 0.04411067 0.77748697    0.13   0.35      0.52
344  0.23437500 0.4912802 0.04411067 0.77748697    0.13   0.35      0.52
345  1.00000000 0.4912802 0.04411067 0.77748697    0.13   0.35      0.52
346  1.00000000 0.4912802 0.04411067 0.77748697    0.13   0.35      0.52
347  0.21875000 0.4912802 0.04411067 0.77748697    0.13   0.35      0.52
348  1.00000000 0.4912802 0.04411067 0.77748697    0.13   0.35      0.52
349  0.40625000 0.4912802 0.04411067 0.77748697    0.13   0.35      0.52
350  1.00000000 0.4912802 0.04411067 0.77748697    0.13   0.35      0.52
351  0.53125000 0.4912802 0.04411067 0.77748697    0.13   0.35      0.52
352  1.00000000 0.4912802 0.04411067 0.77748697    0.13   0.35      0.52
353  0.44531250 0.4912802 0.04411067 0.77748697    0.13   0.35      0.52
354  0.18359375 0.4912802 0.04411067 0.77748697    0.13   0.35      0.52
355  1.00000000 0.4912802 0.04411067 0.77748697    0.13   0.35      0.52
356  1.00000000 0.4912802 0.04411067 0.77748697    0.13   0.35      0.52
357  0.23437500 0.4912802 0.04411067 0.77748697    0.13   0.35      0.52
358  0.23046875 0.4912802 0.04411067 0.77748697    0.13   0.35      0.52
359  0.35937500 0.4912802 0.04411067 0.77748697    0.13   0.35      0.52
360  1.00000000 0.4912802 0.04411067 0.77748697    0.13   0.35      0.52
361  0.42187500 0.4912802 0.04411067 0.77748697    0.13   0.35      0.52
362  1.00000000 0.4912802 0.04411067 0.77748697    0.13   0.35      0.52
363  1.00000000 0.4912802 0.04411067 0.77748697    0.13   0.35      0.52
364  0.18750000 0.4912802 0.04411067 0.77748697    0.13   0.35      0.52
365  1.00000000 0.4912802 0.04411067 0.77748697    0.13   0.35      0.52
366  1.00000000 0.4912802 0.04411067 0.77748697    0.13   0.35      0.52
367  0.20703125 0.4912802 0.04411067 0.77748697    0.13   0.35      0.52
368  0.16406250 0.4912802 0.04411067 0.77748697    0.13   0.35      0.52
369  0.25000000 0.4912802 0.04411067 0.77748697    0.13   0.35      0.52
370  1.00000000 0.4912802 0.04411067 0.77748697    0.13   0.35      0.52
371  0.21875000 0.4912802 0.04411067 0.77748697    0.13   0.35      0.52
372  1.00000000 0.4912802 0.04411067 0.77748697    0.13   0.35      0.52
373  0.59375000 0.4912802 0.04411067 0.77748697    0.13   0.35      0.52
374  0.47265625 0.4912802 0.04411067 0.77748697    0.13   0.35      0.52
375  0.25000000 0.4912802 0.04411067 0.77748697    0.13   0.35      0.52
376  0.09765625 0.4912802 0.04411067 0.77748697    0.13   0.35      0.52
377  1.00000000 0.4912802 0.04411067 0.77748697    0.13   0.35      0.52
378  1.00000000 0.4912802 0.04411067 0.77748697    0.13   0.35      0.52
379  1.00000000 0.4912802 0.04411067 0.77748697    0.13   0.35      0.52
380  0.41015625 0.4912802 0.04411067 0.77748697    0.13   0.35      0.52
381  0.10156250 0.4912802 0.04411067 0.77748697    0.13   0.35      0.52
382  1.00000000 0.4912802 0.04411067 0.77748697    0.13   0.35      0.52
383  0.27734375 0.4912802 0.04411067 0.77748697    0.13   0.35      0.52
384  0.11718750 0.4912802 0.04411067 0.77748697    0.13   0.35      0.52
385  0.21093750 0.4912802 0.04411067 0.77748697    0.13   0.35      0.52
386  1.00000000 0.4912802 0.04411067 0.77748697    0.13   0.35      0.52
387  0.54687500 0.4912802 0.04411067 0.77748697    0.13   0.35      0.52
388  1.00000000 0.4912802 0.04411067 0.77748697    0.13   0.35      0.52
389  0.16406250 0.4912802 0.04411067 0.77748697    0.13   0.35      0.52
390  1.00000000 0.4912802 0.04411067 0.77748697    0.13   0.35      0.52
391  1.00000000 0.4912802 0.04411067 0.77748697    0.13   0.35      0.52
392  1.00000000 0.4912802 0.04411067 0.77748697    0.13   0.35      0.52
393  0.22656250 0.4912802 0.04411067 0.77748697    0.13   0.35      0.52
394  1.00000000 0.4912802 0.04411067 0.77748697    0.13   0.35      0.52
395  1.00000000 0.4912802 0.04411067 0.77748697    0.13   0.35      0.52
396  1.00000000 0.4912802 0.04411067 0.77748697    0.13   0.35      0.52
397  1.00000000 0.4912802 0.04411067 0.77748697    0.13   0.35      0.52
398  1.00000000 0.4912802 0.04411067 0.77748697    0.13   0.35      0.52
399  1.00000000 0.4912802 0.04411067 0.77748697    0.13   0.35      0.52
400  1.00000000 0.4912802 0.04411067 0.77748697    0.13   0.35      0.52
401  1.00000000 0.5682339 0.06999647 0.14511448    0.13   0.31      0.56
402  1.00000000 0.5682339 0.06999647 0.14511448    0.13   0.31      0.56
403  1.00000000 0.5682339 0.06999647 0.14511448    0.13   0.31      0.56
404  0.52343750 0.5682339 0.06999647 0.14511448    0.13   0.31      0.56
405  1.00000000 0.5682339 0.06999647 0.14511448    0.13   0.31      0.56
406  0.37500000 0.5682339 0.06999647 0.14511448    0.13   0.31      0.56
407  0.23437500 0.5682339 0.06999647 0.14511448    0.13   0.31      0.56
408  0.33203125 0.5682339 0.06999647 0.14511448    0.13   0.31      0.56
409  0.29296875 0.5682339 0.06999647 0.14511448    0.13   0.31      0.56
410  1.00000000 0.5682339 0.06999647 0.14511448    0.13   0.31      0.56
411  1.00000000 0.5682339 0.06999647 0.14511448    0.13   0.31      0.56
412  0.50390625 0.5682339 0.06999647 0.14511448    0.13   0.31      0.56
413  0.60937500 0.5682339 0.06999647 0.14511448    0.13   0.31      0.56
414  0.33203125 0.5682339 0.06999647 0.14511448    0.13   0.31      0.56
415  1.00000000 0.5682339 0.06999647 0.14511448    0.13   0.31      0.56
416  0.36718750 0.5682339 0.06999647 0.14511448    0.13   0.31      0.56
417  1.00000000 0.5682339 0.06999647 0.14511448    0.13   0.31      0.56
418  1.00000000 0.5682339 0.06999647 0.14511448    0.13   0.31      0.56
419  1.00000000 0.5682339 0.06999647 0.14511448    0.13   0.31      0.56
420  1.00000000 0.5682339 0.06999647 0.14511448    0.13   0.31      0.56
421  1.00000000 0.5682339 0.06999647 0.14511448    0.13   0.31      0.56
422  1.00000000 0.5682339 0.06999647 0.14511448    0.13   0.31      0.56
423  0.47265625 0.5682339 0.06999647 0.14511448    0.13   0.31      0.56
424  0.32421875 0.5682339 0.06999647 0.14511448    0.13   0.31      0.56
425  0.67578125 0.5682339 0.06999647 0.14511448    0.13   0.31      0.56
426  0.51171875 0.5682339 0.06999647 0.14511448    0.13   0.31      0.56
427  0.31250000 0.5682339 0.06999647 0.14511448    0.13   0.31      0.56
428  0.57031250 0.5682339 0.06999647 0.14511448    0.13   0.31      0.56
429  0.32031250 0.5682339 0.06999647 0.14511448    0.13   0.31      0.56
430  0.42968750 0.5682339 0.06999647 0.14511448    0.13   0.31      0.56
431  0.37500000 0.5682339 0.06999647 0.14511448    0.13   0.31      0.56
432  1.00000000 0.5682339 0.06999647 0.14511448    0.13   0.31      0.56
433  1.00000000 0.5682339 0.06999647 0.14511448    0.13   0.31      0.56
434  0.36328125 0.5682339 0.06999647 0.14511448    0.13   0.31      0.56
435  1.00000000 0.5682339 0.06999647 0.14511448    0.13   0.31      0.56
436  1.00000000 0.5682339 0.06999647 0.14511448    0.13   0.31      0.56
437  0.63281250 0.5682339 0.06999647 0.14511448    0.13   0.31      0.56
438  1.00000000 0.5682339 0.06999647 0.14511448    0.13   0.31      0.56
439  1.00000000 0.5682339 0.06999647 0.14511448    0.13   0.31      0.56
440  1.00000000 0.5682339 0.06999647 0.14511448    0.13   0.31      0.56
441  0.36718750 0.5682339 0.06999647 0.14511448    0.13   0.31      0.56
442  0.24609375 0.5682339 0.06999647 0.14511448    0.13   0.31      0.56
443  1.00000000 0.5682339 0.06999647 0.14511448    0.13   0.31      0.56
444  0.50781250 0.5682339 0.06999647 0.14511448    0.13   0.31      0.56
445  0.31640625 0.5682339 0.06999647 0.14511448    0.13   0.31      0.56
446  0.73828125 0.5682339 0.06999647 0.14511448    0.13   0.31      0.56
447  1.00000000 0.5682339 0.06999647 0.14511448    0.13   0.31      0.56
448  1.00000000 0.5682339 0.06999647 0.14511448    0.13   0.31      0.56
449  1.00000000 0.5682339 0.06999647 0.14511448    0.13   0.31      0.56
450  1.00000000 0.5682339 0.06999647 0.14511448    0.13   0.31      0.56
451  1.00000000 0.5682339 0.06999647 0.14511448    0.13   0.31      0.56
452  1.00000000 0.5682339 0.06999647 0.14511448    0.13   0.31      0.56
453  1.00000000 0.5682339 0.06999647 0.14511448    0.13   0.31      0.56
454  0.45703125 0.5682339 0.06999647 0.14511448    0.13   0.31      0.56
455  0.46875000 0.5682339 0.06999647 0.14511448    0.13   0.31      0.56
456  0.62500000 0.5682339 0.06999647 0.14511448    0.13   0.31      0.56
457  0.42968750 0.5682339 0.06999647 0.14511448    0.13   0.31      0.56
458  0.36328125 0.5682339 0.06999647 0.14511448    0.13   0.31      0.56
459  0.23437500 0.5682339 0.06999647 0.14511448    0.13   0.31      0.56
460  1.00000000 0.5682339 0.06999647 0.14511448    0.13   0.31      0.56
461  0.37890625 0.5682339 0.06999647 0.14511448    0.13   0.31      0.56
462  1.00000000 0.5682339 0.06999647 0.14511448    0.13   0.31      0.56
463  1.00000000 0.5682339 0.06999647 0.14511448    0.13   0.31      0.56
464  1.00000000 0.5682339 0.06999647 0.14511448    0.13   0.31      0.56
465  1.00000000 0.5682339 0.06999647 0.14511448    0.13   0.31      0.56
466  1.00000000 0.5682339 0.06999647 0.14511448    0.13   0.31      0.56
467  1.00000000 0.5682339 0.06999647 0.14511448    0.13   0.31      0.56
468  1.00000000 0.5682339 0.06999647 0.14511448    0.13   0.31      0.56
469  1.00000000 0.5682339 0.06999647 0.14511448    0.13   0.31      0.56
470  1.00000000 0.5682339 0.06999647 0.14511448    0.13   0.31      0.56
471  0.32421875 0.5682339 0.06999647 0.14511448    0.13   0.31      0.56
472  1.00000000 0.5682339 0.06999647 0.14511448    0.13   0.31      0.56
473  1.00000000 0.5682339 0.06999647 0.14511448    0.13   0.31      0.56
474  0.51562500 0.5682339 0.06999647 0.14511448    0.13   0.31      0.56
475  1.00000000 0.5682339 0.06999647 0.14511448    0.13   0.31      0.56
476  1.00000000 0.5682339 0.06999647 0.14511448    0.13   0.31      0.56
477  0.40625000 0.5682339 0.06999647 0.14511448    0.13   0.31      0.56
478  1.00000000 0.5682339 0.06999647 0.14511448    0.13   0.31      0.56
479  0.51953125 0.5682339 0.06999647 0.14511448    0.13   0.31      0.56
480  1.00000000 0.5682339 0.06999647 0.14511448    0.13   0.31      0.56
481  1.00000000 0.5682339 0.06999647 0.14511448    0.13   0.31      0.56
482  1.00000000 0.5682339 0.06999647 0.14511448    0.13   0.31      0.56
483  1.00000000 0.5682339 0.06999647 0.14511448    0.13   0.31      0.56
484  0.21484375 0.5682339 0.06999647 0.14511448    0.13   0.31      0.56
485  1.00000000 0.5682339 0.06999647 0.14511448    0.13   0.31      0.56
486  1.00000000 0.5682339 0.06999647 0.14511448    0.13   0.31      0.56
487  0.34765625 0.5682339 0.06999647 0.14511448    0.13   0.31      0.56
488  0.36328125 0.5682339 0.06999647 0.14511448    0.13   0.31      0.56
489  0.23046875 0.5682339 0.06999647 0.14511448    0.13   0.31      0.56
490  1.00000000 0.5682339 0.06999647 0.14511448    0.13   0.31      0.56
491  1.00000000 0.5682339 0.06999647 0.14511448    0.13   0.31      0.56
492  1.00000000 0.5682339 0.06999647 0.14511448    0.13   0.31      0.56
493  1.00000000 0.5682339 0.06999647 0.14511448    0.13   0.31      0.56
494  0.56250000 0.5682339 0.06999647 0.14511448    0.13   0.31      0.56
495  1.00000000 0.5682339 0.06999647 0.14511448    0.13   0.31      0.56
496  0.73437500 0.5682339 0.06999647 0.14511448    0.13   0.31      0.56
497  0.82421875 0.5682339 0.06999647 0.14511448    0.13   0.31      0.56
498  1.00000000 0.5682339 0.06999647 0.14511448    0.13   0.31      0.56
499  0.32421875 0.5682339 0.06999647 0.14511448    0.13   0.31      0.56
500  0.34765625 0.5682339 0.06999647 0.14511448    0.13   0.31      0.56
501  0.10546875 0.3454965 0.01584250 0.15547202    0.57   0.17      0.26
502  0.07031250 0.3454965 0.01584250 0.15547202    0.57   0.17      0.26
503  0.06640625 0.3454965 0.01584250 0.15547202    0.57   0.17      0.26
504  0.02734375 0.3454965 0.01584250 0.15547202    0.57   0.17      0.26
505  0.02343750 0.3454965 0.01584250 0.15547202    0.57   0.17      0.26
506  0.05078125 0.3454965 0.01584250 0.15547202    0.57   0.17      0.26
507  0.20703125 0.3454965 0.01584250 0.15547202    0.57   0.17      0.26
508  0.03906250 0.3454965 0.01584250 0.15547202    0.57   0.17      0.26
509  0.06250000 0.3454965 0.01584250 0.15547202    0.57   0.17      0.26
510  0.08984375 0.3454965 0.01584250 0.15547202    0.57   0.17      0.26
511  0.05078125 0.3454965 0.01584250 0.15547202    0.57   0.17      0.26
512  1.00000000 0.3454965 0.01584250 0.15547202    0.57   0.17      0.26
513  1.00000000 0.3454965 0.01584250 0.15547202    0.57   0.17      0.26
514  0.06640625 0.3454965 0.01584250 0.15547202    0.57   0.17      0.26
515  1.00000000 0.3454965 0.01584250 0.15547202    0.57   0.17      0.26
516  0.07812500 0.3454965 0.01584250 0.15547202    0.57   0.17      0.26
517  1.00000000 0.3454965 0.01584250 0.15547202    0.57   0.17      0.26
518  0.14453125 0.3454965 0.01584250 0.15547202    0.57   0.17      0.26
519  0.22656250 0.3454965 0.01584250 0.15547202    0.57   0.17      0.26
520  0.07421875 0.3454965 0.01584250 0.15547202    0.57   0.17      0.26
521  1.00000000 0.3454965 0.01584250 0.15547202    0.57   0.17      0.26
522  1.00000000 0.3454965 0.01584250 0.15547202    0.57   0.17      0.26
523  1.00000000 0.3454965 0.01584250 0.15547202    0.57   0.17      0.26
524  0.05078125 0.3454965 0.01584250 0.15547202    0.57   0.17      0.26
525  0.01953125 0.3454965 0.01584250 0.15547202    0.57   0.17      0.26
526  0.04687500 0.3454965 0.01584250 0.15547202    0.57   0.17      0.26
527  0.11328125 0.3454965 0.01584250 0.15547202    0.57   0.17      0.26
528  0.03125000 0.3454965 0.01584250 0.15547202    0.57   0.17      0.26
529  0.12109375 0.3454965 0.01584250 0.15547202    0.57   0.17      0.26
530  0.02343750 0.3454965 0.01584250 0.15547202    0.57   0.17      0.26
531  1.00000000 0.3454965 0.01584250 0.15547202    0.57   0.17      0.26
532  0.30078125 0.3454965 0.01584250 0.15547202    0.57   0.17      0.26
533  1.00000000 0.3454965 0.01584250 0.15547202    0.57   0.17      0.26
534  0.02734375 0.3454965 0.01584250 0.15547202    0.57   0.17      0.26
535  1.00000000 0.3454965 0.01584250 0.15547202    0.57   0.17      0.26
536  0.07421875 0.3454965 0.01584250 0.15547202    0.57   0.17      0.26
537  0.10156250 0.3454965 0.01584250 0.15547202    0.57   0.17      0.26
538  0.13281250 0.3454965 0.01584250 0.15547202    0.57   0.17      0.26
539  1.00000000 0.3454965 0.01584250 0.15547202    0.57   0.17      0.26
540  1.00000000 0.3454965 0.01584250 0.15547202    0.57   0.17      0.26
541  0.10546875 0.3454965 0.01584250 0.15547202    0.57   0.17      0.26
542  0.07421875 0.3454965 0.01584250 0.15547202    0.57   0.17      0.26
543  0.53515625 0.3454965 0.01584250 0.15547202    0.57   0.17      0.26
544  0.28125000 0.3454965 0.01584250 0.15547202    0.57   0.17      0.26
545  1.00000000 0.3454965 0.01584250 0.15547202    0.57   0.17      0.26
546  0.04296875 0.3454965 0.01584250 0.15547202    0.57   0.17      0.26
547  1.00000000 0.3454965 0.01584250 0.15547202    0.57   0.17      0.26
548  0.07812500 0.3454965 0.01584250 0.15547202    0.57   0.17      0.26
549  0.07031250 0.3454965 0.01584250 0.15547202    0.57   0.17      0.26
550  1.00000000 0.3454965 0.01584250 0.15547202    0.57   0.17      0.26
551  1.00000000 0.3454965 0.01584250 0.15547202    0.57   0.17      0.26
552  0.12500000 0.3454965 0.01584250 0.15547202    0.57   0.17      0.26
553  0.12109375 0.3454965 0.01584250 0.15547202    0.57   0.17      0.26
554  0.15234375 0.3454965 0.01584250 0.15547202    0.57   0.17      0.26
555  0.30468750 0.3454965 0.01584250 0.15547202    0.57   0.17      0.26
556  0.07421875 0.3454965 0.01584250 0.15547202    0.57   0.17      0.26
557  0.06640625 0.3454965 0.01584250 0.15547202    0.57   0.17      0.26
558  1.00000000 0.3454965 0.01584250 0.15547202    0.57   0.17      0.26
559  0.06250000 0.3454965 0.01584250 0.15547202    0.57   0.17      0.26
560  0.51562500 0.3454965 0.01584250 0.15547202    0.57   0.17      0.26
561  0.06250000 0.3454965 0.01584250 0.15547202    0.57   0.17      0.26
562  0.36328125 0.3454965 0.01584250 0.15547202    0.57   0.17      0.26
563  0.08984375 0.3454965 0.01584250 0.15547202    0.57   0.17      0.26
564  1.00000000 0.3454965 0.01584250 0.15547202    0.57   0.17      0.26
565  0.05859375 0.3454965 0.01584250 0.15547202    0.57   0.17      0.26
566  0.11328125 0.3454965 0.01584250 0.15547202    0.57   0.17      0.26
567  0.03515625 0.3454965 0.01584250 0.15547202    0.57   0.17      0.26
568  0.13281250 0.3454965 0.01584250 0.15547202    0.57   0.17      0.26
569  0.02343750 0.3454965 0.01584250 0.15547202    0.57   0.17      0.26
570  1.00000000 0.3454965 0.01584250 0.15547202    0.57   0.17      0.26
571  0.13281250 0.3454965 0.01584250 0.15547202    0.57   0.17      0.26
572  0.06640625 0.3454965 0.01584250 0.15547202    0.57   0.17      0.26
573  0.04296875 0.3454965 0.01584250 0.15547202    0.57   0.17      0.26
574  0.11718750 0.3454965 0.01584250 0.15547202    0.57   0.17      0.26
575  0.04687500 0.3454965 0.01584250 0.15547202    0.57   0.17      0.26
576  0.04687500 0.3454965 0.01584250 0.15547202    0.57   0.17      0.26
577  1.00000000 0.3454965 0.01584250 0.15547202    0.57   0.17      0.26
578  0.16015625 0.3454965 0.01584250 0.15547202    0.57   0.17      0.26
579  1.00000000 0.3454965 0.01584250 0.15547202    0.57   0.17      0.26
580  0.15625000 0.3454965 0.01584250 0.15547202    0.57   0.17      0.26
581  0.01953125 0.3454965 0.01584250 0.15547202    0.57   0.17      0.26
582  0.05078125 0.3454965 0.01584250 0.15547202    0.57   0.17      0.26
583  1.00000000 0.3454965 0.01584250 0.15547202    0.57   0.17      0.26
584  1.00000000 0.3454965 0.01584250 0.15547202    0.57   0.17      0.26
585  0.05468750 0.3454965 0.01584250 0.15547202    0.57   0.17      0.26
586  0.29687500 0.3454965 0.01584250 0.15547202    0.57   0.17      0.26
587  0.05859375 0.3454965 0.01584250 0.15547202    0.57   0.17      0.26
588  0.08593750 0.3454965 0.01584250 0.15547202    0.57   0.17      0.26
589  0.05468750 0.3454965 0.01584250 0.15547202    0.57   0.17      0.26
590  0.15234375 0.3454965 0.01584250 0.15547202    0.57   0.17      0.26
591  0.02343750 0.3454965 0.01584250 0.15547202    0.57   0.17      0.26
592  1.00000000 0.3454965 0.01584250 0.15547202    0.57   0.17      0.26
593  0.04296875 0.3454965 0.01584250 0.15547202    0.57   0.17      0.26
594  0.03515625 0.3454965 0.01584250 0.15547202    0.57   0.17      0.26
595  0.23437500 0.3454965 0.01584250 0.15547202    0.57   0.17      0.26
596  1.00000000 0.3454965 0.01584250 0.15547202    0.57   0.17      0.26
597  0.02734375 0.3454965 0.01584250 0.15547202    0.57   0.17      0.26
598  0.17578125 0.3454965 0.01584250 0.15547202    0.57   0.17      0.26
599  1.00000000 0.3454965 0.01584250 0.15547202    0.57   0.17      0.26
600  0.15625000 0.3454965 0.01584250 0.15547202    0.57   0.17      0.26
601  1.00000000 0.5025225 0.01737723 0.96561128    0.26   0.29      0.45
602  0.32812500 0.5025225 0.01737723 0.96561128    0.26   0.29      0.45
603  1.00000000 0.5025225 0.01737723 0.96561128    0.26   0.29      0.45
604  1.00000000 0.5025225 0.01737723 0.96561128    0.26   0.29      0.45
605  1.00000000 0.5025225 0.01737723 0.96561128    0.26   0.29      0.45
606  1.00000000 0.5025225 0.01737723 0.96561128    0.26   0.29      0.45
607  0.03515625 0.5025225 0.01737723 0.96561128    0.26   0.29      0.45
608  1.00000000 0.5025225 0.01737723 0.96561128    0.26   0.29      0.45
609  0.20312500 0.5025225 0.01737723 0.96561128    0.26   0.29      0.45
610  0.14453125 0.5025225 0.01737723 0.96561128    0.26   0.29      0.45
611  0.50390625 0.5025225 0.01737723 0.96561128    0.26   0.29      0.45
612  0.14843750 0.5025225 0.01737723 0.96561128    0.26   0.29      0.45
613  1.00000000 0.5025225 0.01737723 0.96561128    0.26   0.29      0.45
614  1.00000000 0.5025225 0.01737723 0.96561128    0.26   0.29      0.45
615  0.05468750 0.5025225 0.01737723 0.96561128    0.26   0.29      0.45
616  1.00000000 0.5025225 0.01737723 0.96561128    0.26   0.29      0.45
617  0.32812500 0.5025225 0.01737723 0.96561128    0.26   0.29      0.45
618  0.18359375 0.5025225 0.01737723 0.96561128    0.26   0.29      0.45
619  1.00000000 0.5025225 0.01737723 0.96561128    0.26   0.29      0.45
620  1.00000000 0.5025225 0.01737723 0.96561128    0.26   0.29      0.45
621  1.00000000 0.5025225 0.01737723 0.96561128    0.26   0.29      0.45
622  0.39843750 0.5025225 0.01737723 0.96561128    0.26   0.29      0.45
623  0.08984375 0.5025225 0.01737723 0.96561128    0.26   0.29      0.45
624  1.00000000 0.5025225 0.01737723 0.96561128    0.26   0.29      0.45
625  0.19140625 0.5025225 0.01737723 0.96561128    0.26   0.29      0.45
626  1.00000000 0.5025225 0.01737723 0.96561128    0.26   0.29      0.45
627  1.00000000 0.5025225 0.01737723 0.96561128    0.26   0.29      0.45
628  1.00000000 0.5025225 0.01737723 0.96561128    0.26   0.29      0.45
629  0.06640625 0.5025225 0.01737723 0.96561128    0.26   0.29      0.45
630  0.08593750 0.5025225 0.01737723 0.96561128    0.26   0.29      0.45
631  1.00000000 0.5025225 0.01737723 0.96561128    0.26   0.29      0.45
632  0.37109375 0.5025225 0.01737723 0.96561128    0.26   0.29      0.45
633  0.51171875 0.5025225 0.01737723 0.96561128    0.26   0.29      0.45
634  0.08593750 0.5025225 0.01737723 0.96561128    0.26   0.29      0.45
635  0.10156250 0.5025225 0.01737723 0.96561128    0.26   0.29      0.45
636  1.00000000 0.5025225 0.01737723 0.96561128    0.26   0.29      0.45
637  0.10156250 0.5025225 0.01737723 0.96561128    0.26   0.29      0.45
638  0.23828125 0.5025225 0.01737723 0.96561128    0.26   0.29      0.45
639  0.07421875 0.5025225 0.01737723 0.96561128    0.26   0.29      0.45
640  0.12890625 0.5025225 0.01737723 0.96561128    0.26   0.29      0.45
641  1.00000000 0.5025225 0.01737723 0.96561128    0.26   0.29      0.45
642  0.05859375 0.5025225 0.01737723 0.96561128    0.26   0.29      0.45
643  0.10546875 0.5025225 0.01737723 0.96561128    0.26   0.29      0.45
644  1.00000000 0.5025225 0.01737723 0.96561128    0.26   0.29      0.45
645  0.16796875 0.5025225 0.01737723 0.96561128    0.26   0.29      0.45
646  0.13281250 0.5025225 0.01737723 0.96561128    0.26   0.29      0.45
647  0.04687500 0.5025225 0.01737723 0.96561128    0.26   0.29      0.45
648  1.00000000 0.5025225 0.01737723 0.96561128    0.26   0.29      0.45
649  1.00000000 0.5025225 0.01737723 0.96561128    0.26   0.29      0.45
650  1.00000000 0.5025225 0.01737723 0.96561128    0.26   0.29      0.45
651  0.17578125 0.5025225 0.01737723 0.96561128    0.26   0.29      0.45
652  1.00000000 0.5025225 0.01737723 0.96561128    0.26   0.29      0.45
653  1.00000000 0.5025225 0.01737723 0.96561128    0.26   0.29      0.45
654  0.04687500 0.5025225 0.01737723 0.96561128    0.26   0.29      0.45
655  0.12109375 0.5025225 0.01737723 0.96561128    0.26   0.29      0.45
656  0.15625000 0.5025225 0.01737723 0.96561128    0.26   0.29      0.45
657  0.07421875 0.5025225 0.01737723 0.96561128    0.26   0.29      0.45
658  1.00000000 0.5025225 0.01737723 0.96561128    0.26   0.29      0.45
659  1.00000000 0.5025225 0.01737723 0.96561128    0.26   0.29      0.45
660  0.08593750 0.5025225 0.01737723 0.96561128    0.26   0.29      0.45
661  0.06640625 0.5025225 0.01737723 0.96561128    0.26   0.29      0.45
662  1.00000000 0.5025225 0.01737723 0.96561128    0.26   0.29      0.45
663  1.00000000 0.5025225 0.01737723 0.96561128    0.26   0.29      0.45
664  1.00000000 0.5025225 0.01737723 0.96561128    0.26   0.29      0.45
665  1.00000000 0.5025225 0.01737723 0.96561128    0.26   0.29      0.45
666  1.00000000 0.5025225 0.01737723 0.96561128    0.26   0.29      0.45
667  1.00000000 0.5025225 0.01737723 0.96561128    0.26   0.29      0.45
668  0.11718750 0.5025225 0.01737723 0.96561128    0.26   0.29      0.45
669  0.18750000 0.5025225 0.01737723 0.96561128    0.26   0.29      0.45
670  1.00000000 0.5025225 0.01737723 0.96561128    0.26   0.29      0.45
671  0.08984375 0.5025225 0.01737723 0.96561128    0.26   0.29      0.45
672  0.39843750 0.5025225 0.01737723 0.96561128    0.26   0.29      0.45
673  1.00000000 0.5025225 0.01737723 0.96561128    0.26   0.29      0.45
674  1.00000000 0.5025225 0.01737723 0.96561128    0.26   0.29      0.45
675  0.11328125 0.5025225 0.01737723 0.96561128    0.26   0.29      0.45
676  1.00000000 0.5025225 0.01737723 0.96561128    0.26   0.29      0.45
677  0.09375000 0.5025225 0.01737723 0.96561128    0.26   0.29      0.45
678  0.55859375 0.5025225 0.01737723 0.96561128    0.26   0.29      0.45
679  1.00000000 0.5025225 0.01737723 0.96561128    0.26   0.29      0.45
680  0.08984375 0.5025225 0.01737723 0.96561128    0.26   0.29      0.45
681  0.12109375 0.5025225 0.01737723 0.96561128    0.26   0.29      0.45
682  0.20703125 0.5025225 0.01737723 0.96561128    0.26   0.29      0.45
683  0.11328125 0.5025225 0.01737723 0.96561128    0.26   0.29      0.45
684  0.02734375 0.5025225 0.01737723 0.96561128    0.26   0.29      0.45
685  1.00000000 0.5025225 0.01737723 0.96561128    0.26   0.29      0.45
686  0.08984375 0.5025225 0.01737723 0.96561128    0.26   0.29      0.45
687  1.00000000 0.5025225 0.01737723 0.96561128    0.26   0.29      0.45
688  1.00000000 0.5025225 0.01737723 0.96561128    0.26   0.29      0.45
689  0.09375000 0.5025225 0.01737723 0.96561128    0.26   0.29      0.45
690  0.06250000 0.5025225 0.01737723 0.96561128    0.26   0.29      0.45
691  1.00000000 0.5025225 0.01737723 0.96561128    0.26   0.29      0.45
692  0.14453125 0.5025225 0.01737723 0.96561128    0.26   0.29      0.45
693  1.00000000 0.5025225 0.01737723 0.96561128    0.26   0.29      0.45
694  0.06250000 0.5025225 0.01737723 0.96561128    0.26   0.29      0.45
695  0.58593750 0.5025225 0.01737723 0.96561128    0.26   0.29      0.45
696  0.12890625 0.5025225 0.01737723 0.96561128    0.26   0.29      0.45
697  0.16796875 0.5025225 0.01737723 0.96561128    0.26   0.29      0.45
698  1.00000000 0.5025225 0.01737723 0.96561128    0.26   0.29      0.45
699  0.11328125 0.5025225 0.01737723 0.96561128    0.26   0.29      0.45
700  0.12500000 0.5025225 0.01737723 0.96561128    0.26   0.29      0.45
701  0.38281250 0.2870066 0.07095509 0.02543932    0.22   0.33      0.45
702  0.29687500 0.2870066 0.07095509 0.02543932    0.22   0.33      0.45
703  0.23046875 0.2870066 0.07095509 0.02543932    0.22   0.33      0.45
704  1.00000000 0.2870066 0.07095509 0.02543932    0.22   0.33      0.45
705  0.61718750 0.2870066 0.07095509 0.02543932    0.22   0.33      0.45
706  0.32031250 0.2870066 0.07095509 0.02543932    0.22   0.33      0.45
707  0.31640625 0.2870066 0.07095509 0.02543932    0.22   0.33      0.45
708  1.00000000 0.2870066 0.07095509 0.02543932    0.22   0.33      0.45
709  0.26171875 0.2870066 0.07095509 0.02543932    0.22   0.33      0.45
710  1.00000000 0.2870066 0.07095509 0.02543932    0.22   0.33      0.45
711  0.37109375 0.2870066 0.07095509 0.02543932    0.22   0.33      0.45
712  0.28906250 0.2870066 0.07095509 0.02543932    0.22   0.33      0.45
713  0.42578125 0.2870066 0.07095509 0.02543932    0.22   0.33      0.45
714  0.14843750 0.2870066 0.07095509 0.02543932    0.22   0.33      0.45
715  0.30859375 0.2870066 0.07095509 0.02543932    0.22   0.33      0.45
716  0.39062500 0.2870066 0.07095509 0.02543932    0.22   0.33      0.45
717  1.00000000 0.2870066 0.07095509 0.02543932    0.22   0.33      0.45
718  1.00000000 0.2870066 0.07095509 0.02543932    0.22   0.33      0.45
719  0.64843750 0.2870066 0.07095509 0.02543932    0.22   0.33      0.45
720  0.58203125 0.2870066 0.07095509 0.02543932    0.22   0.33      0.45
721  0.34765625 0.2870066 0.07095509 0.02543932    0.22   0.33      0.45
722  1.00000000 0.2870066 0.07095509 0.02543932    0.22   0.33      0.45
723  1.00000000 0.2870066 0.07095509 0.02543932    0.22   0.33      0.45
724  0.32031250 0.2870066 0.07095509 0.02543932    0.22   0.33      0.45
725  0.72656250 0.2870066 0.07095509 0.02543932    0.22   0.33      0.45
726  1.00000000 0.2870066 0.07095509 0.02543932    0.22   0.33      0.45
727  0.45312500 0.2870066 0.07095509 0.02543932    0.22   0.33      0.45
728  0.60937500 0.2870066 0.07095509 0.02543932    0.22   0.33      0.45
729  0.57812500 0.2870066 0.07095509 0.02543932    0.22   0.33      0.45
730  0.45312500 0.2870066 0.07095509 0.02543932    0.22   0.33      0.45
731  0.32421875 0.2870066 0.07095509 0.02543932    0.22   0.33      0.45
732  0.50390625 0.2870066 0.07095509 0.02543932    0.22   0.33      0.45
733  0.29296875 0.2870066 0.07095509 0.02543932    0.22   0.33      0.45
734  0.68750000 0.2870066 0.07095509 0.02543932    0.22   0.33      0.45
735  1.00000000 0.2870066 0.07095509 0.02543932    0.22   0.33      0.45
736  0.43359375 0.2870066 0.07095509 0.02543932    0.22   0.33      0.45
737  0.42578125 0.2870066 0.07095509 0.02543932    0.22   0.33      0.45
738  0.35546875 0.2870066 0.07095509 0.02543932    0.22   0.33      0.45
739  0.27734375 0.2870066 0.07095509 0.02543932    0.22   0.33      0.45
740  0.53906250 0.2870066 0.07095509 0.02543932    0.22   0.33      0.45
741  0.28515625 0.2870066 0.07095509 0.02543932    0.22   0.33      0.45
742  0.44531250 0.2870066 0.07095509 0.02543932    0.22   0.33      0.45
743  0.26562500 0.2870066 0.07095509 0.02543932    0.22   0.33      0.45
744  1.00000000 0.2870066 0.07095509 0.02543932    0.22   0.33      0.45
745  0.29687500 0.2870066 0.07095509 0.02543932    0.22   0.33      0.45
746  0.61328125 0.2870066 0.07095509 0.02543932    0.22   0.33      0.45
747  0.42578125 0.2870066 0.07095509 0.02543932    0.22   0.33      0.45
748  0.29687500 0.2870066 0.07095509 0.02543932    0.22   0.33      0.45
749  0.54687500 0.2870066 0.07095509 0.02543932    0.22   0.33      0.45
750  1.00000000 0.2870066 0.07095509 0.02543932    0.22   0.33      0.45
751  0.24218750 0.2870066 0.07095509 0.02543932    0.22   0.33      0.45
752  0.26562500 0.2870066 0.07095509 0.02543932    0.22   0.33      0.45
753  1.00000000 0.2870066 0.07095509 0.02543932    0.22   0.33      0.45
754  0.33203125 0.2870066 0.07095509 0.02543932    0.22   0.33      0.45
755  1.00000000 0.2870066 0.07095509 0.02543932    0.22   0.33      0.45
756  1.00000000 0.2870066 0.07095509 0.02543932    0.22   0.33      0.45
757  1.00000000 0.2870066 0.07095509 0.02543932    0.22   0.33      0.45
758  0.28906250 0.2870066 0.07095509 0.02543932    0.22   0.33      0.45
759  1.00000000 0.2870066 0.07095509 0.02543932    0.22   0.33      0.45
760  0.35937500 0.2870066 0.07095509 0.02543932    0.22   0.33      0.45
761  0.51171875 0.2870066 0.07095509 0.02543932    0.22   0.33      0.45
762  1.00000000 0.2870066 0.07095509 0.02543932    0.22   0.33      0.45
763  1.00000000 0.2870066 0.07095509 0.02543932    0.22   0.33      0.45
764  1.00000000 0.2870066 0.07095509 0.02543932    0.22   0.33      0.45
765  0.50390625 0.2870066 0.07095509 0.02543932    0.22   0.33      0.45
766  0.86328125 0.2870066 0.07095509 0.02543932    0.22   0.33      0.45
767  1.00000000 0.2870066 0.07095509 0.02543932    0.22   0.33      0.45
768  1.00000000 0.2870066 0.07095509 0.02543932    0.22   0.33      0.45
769  0.44140625 0.2870066 0.07095509 0.02543932    0.22   0.33      0.45
770  0.53515625 0.2870066 0.07095509 0.02543932    0.22   0.33      0.45
771  0.27343750 0.2870066 0.07095509 0.02543932    0.22   0.33      0.45
772  0.60937500 0.2870066 0.07095509 0.02543932    0.22   0.33      0.45
773  1.00000000 0.2870066 0.07095509 0.02543932    0.22   0.33      0.45
774  1.00000000 0.2870066 0.07095509 0.02543932    0.22   0.33      0.45
775  0.33984375 0.2870066 0.07095509 0.02543932    0.22   0.33      0.45
776  0.37500000 0.2870066 0.07095509 0.02543932    0.22   0.33      0.45
777  1.00000000 0.2870066 0.07095509 0.02543932    0.22   0.33      0.45
778  0.21484375 0.2870066 0.07095509 0.02543932    0.22   0.33      0.45
779  0.52734375 0.2870066 0.07095509 0.02543932    0.22   0.33      0.45
780  0.51953125 0.2870066 0.07095509 0.02543932    0.22   0.33      0.45
781  1.00000000 0.2870066 0.07095509 0.02543932    0.22   0.33      0.45
782  0.21875000 0.2870066 0.07095509 0.02543932    0.22   0.33      0.45
783  0.62500000 0.2870066 0.07095509 0.02543932    0.22   0.33      0.45
784  0.26953125 0.2870066 0.07095509 0.02543932    0.22   0.33      0.45
785  0.26953125 0.2870066 0.07095509 0.02543932    0.22   0.33      0.45
786  1.00000000 0.2870066 0.07095509 0.02543932    0.22   0.33      0.45
787  0.56640625 0.2870066 0.07095509 0.02543932    0.22   0.33      0.45
788  1.00000000 0.2870066 0.07095509 0.02543932    0.22   0.33      0.45
789  1.00000000 0.2870066 0.07095509 0.02543932    0.22   0.33      0.45
790  0.63281250 0.2870066 0.07095509 0.02543932    0.22   0.33      0.45
791  1.00000000 0.2870066 0.07095509 0.02543932    0.22   0.33      0.45
792  0.59765625 0.2870066 0.07095509 0.02543932    0.22   0.33      0.45
793  0.25000000 0.2870066 0.07095509 0.02543932    0.22   0.33      0.45
794  0.46484375 0.2870066 0.07095509 0.02543932    0.22   0.33      0.45
795  1.00000000 0.2870066 0.07095509 0.02543932    0.22   0.33      0.45
796  1.00000000 0.2870066 0.07095509 0.02543932    0.22   0.33      0.45
797  1.00000000 0.2870066 0.07095509 0.02543932    0.22   0.33      0.45
798  1.00000000 0.2870066 0.07095509 0.02543932    0.22   0.33      0.45
799  0.70703125 0.2870066 0.07095509 0.02543932    0.22   0.33      0.45
800  1.00000000 0.2870066 0.07095509 0.02543932    0.22   0.33      0.45
801  1.00000000 0.5333481 0.02299801 0.70172650    0.20   0.26      0.54
802  1.00000000 0.5333481 0.02299801 0.70172650    0.20   0.26      0.54
803  0.06250000 0.5333481 0.02299801 0.70172650    0.20   0.26      0.54
804  0.30078125 0.5333481 0.02299801 0.70172650    0.20   0.26      0.54
805  1.00000000 0.5333481 0.02299801 0.70172650    0.20   0.26      0.54
806  0.08984375 0.5333481 0.02299801 0.70172650    0.20   0.26      0.54
807  0.18359375 0.5333481 0.02299801 0.70172650    0.20   0.26      0.54
808  1.00000000 0.5333481 0.02299801 0.70172650    0.20   0.26      0.54
809  1.00000000 0.5333481 0.02299801 0.70172650    0.20   0.26      0.54
810  0.17578125 0.5333481 0.02299801 0.70172650    0.20   0.26      0.54
811  1.00000000 0.5333481 0.02299801 0.70172650    0.20   0.26      0.54
812  0.57421875 0.5333481 0.02299801 0.70172650    0.20   0.26      0.54
813  0.28906250 0.5333481 0.02299801 0.70172650    0.20   0.26      0.54
814  1.00000000 0.5333481 0.02299801 0.70172650    0.20   0.26      0.54
815  1.00000000 0.5333481 0.02299801 0.70172650    0.20   0.26      0.54
816  0.13281250 0.5333481 0.02299801 0.70172650    0.20   0.26      0.54
817  1.00000000 0.5333481 0.02299801 0.70172650    0.20   0.26      0.54
818  0.10546875 0.5333481 0.02299801 0.70172650    0.20   0.26      0.54
819  0.24218750 0.5333481 0.02299801 0.70172650    0.20   0.26      0.54
820  1.00000000 0.5333481 0.02299801 0.70172650    0.20   0.26      0.54
821  1.00000000 0.5333481 0.02299801 0.70172650    0.20   0.26      0.54
822  0.11718750 0.5333481 0.02299801 0.70172650    0.20   0.26      0.54
823  1.00000000 0.5333481 0.02299801 0.70172650    0.20   0.26      0.54
824  1.00000000 0.5333481 0.02299801 0.70172650    0.20   0.26      0.54
825  1.00000000 0.5333481 0.02299801 0.70172650    0.20   0.26      0.54
826  0.07421875 0.5333481 0.02299801 0.70172650    0.20   0.26      0.54
827  1.00000000 0.5333481 0.02299801 0.70172650    0.20   0.26      0.54
828  1.00000000 0.5333481 0.02299801 0.70172650    0.20   0.26      0.54
829  1.00000000 0.5333481 0.02299801 0.70172650    0.20   0.26      0.54
830  1.00000000 0.5333481 0.02299801 0.70172650    0.20   0.26      0.54
831  0.25000000 0.5333481 0.02299801 0.70172650    0.20   0.26      0.54
832  0.03125000 0.5333481 0.02299801 0.70172650    0.20   0.26      0.54
833  1.00000000 0.5333481 0.02299801 0.70172650    0.20   0.26      0.54
834  1.00000000 0.5333481 0.02299801 0.70172650    0.20   0.26      0.54
835  1.00000000 0.5333481 0.02299801 0.70172650    0.20   0.26      0.54
836  0.01562500 0.5333481 0.02299801 0.70172650    0.20   0.26      0.54
837  0.14062500 0.5333481 0.02299801 0.70172650    0.20   0.26      0.54
838  0.11718750 0.5333481 0.02299801 0.70172650    0.20   0.26      0.54
839  1.00000000 0.5333481 0.02299801 0.70172650    0.20   0.26      0.54
840  1.00000000 0.5333481 0.02299801 0.70172650    0.20   0.26      0.54
841  0.10546875 0.5333481 0.02299801 0.70172650    0.20   0.26      0.54
842  1.00000000 0.5333481 0.02299801 0.70172650    0.20   0.26      0.54
843  0.06250000 0.5333481 0.02299801 0.70172650    0.20   0.26      0.54
844  1.00000000 0.5333481 0.02299801 0.70172650    0.20   0.26      0.54
845  0.11718750 0.5333481 0.02299801 0.70172650    0.20   0.26      0.54
846  1.00000000 0.5333481 0.02299801 0.70172650    0.20   0.26      0.54
847  1.00000000 0.5333481 0.02299801 0.70172650    0.20   0.26      0.54
848  1.00000000 0.5333481 0.02299801 0.70172650    0.20   0.26      0.54
849  1.00000000 0.5333481 0.02299801 0.70172650    0.20   0.26      0.54
850  1.00000000 0.5333481 0.02299801 0.70172650    0.20   0.26      0.54
851  0.07812500 0.5333481 0.02299801 0.70172650    0.20   0.26      0.54
852  0.19921875 0.5333481 0.02299801 0.70172650    0.20   0.26      0.54
853  0.18359375 0.5333481 0.02299801 0.70172650    0.20   0.26      0.54
854  0.14062500 0.5333481 0.02299801 0.70172650    0.20   0.26      0.54
855  1.00000000 0.5333481 0.02299801 0.70172650    0.20   0.26      0.54
856  1.00000000 0.5333481 0.02299801 0.70172650    0.20   0.26      0.54
857  0.11328125 0.5333481 0.02299801 0.70172650    0.20   0.26      0.54
858  1.00000000 0.5333481 0.02299801 0.70172650    0.20   0.26      0.54
859  0.25781250 0.5333481 0.02299801 0.70172650    0.20   0.26      0.54
860  1.00000000 0.5333481 0.02299801 0.70172650    0.20   0.26      0.54
861  0.15234375 0.5333481 0.02299801 0.70172650    0.20   0.26      0.54
862  1.00000000 0.5333481 0.02299801 0.70172650    0.20   0.26      0.54
863  0.14453125 0.5333481 0.02299801 0.70172650    0.20   0.26      0.54
864  0.11718750 0.5333481 0.02299801 0.70172650    0.20   0.26      0.54
865  1.00000000 0.5333481 0.02299801 0.70172650    0.20   0.26      0.54
866  0.07031250 0.5333481 0.02299801 0.70172650    0.20   0.26      0.54
867  0.06250000 0.5333481 0.02299801 0.70172650    0.20   0.26      0.54
868  1.00000000 0.5333481 0.02299801 0.70172650    0.20   0.26      0.54
869  0.09375000 0.5333481 0.02299801 0.70172650    0.20   0.26      0.54
870  0.29296875 0.5333481 0.02299801 0.70172650    0.20   0.26      0.54
871  1.00000000 0.5333481 0.02299801 0.70172650    0.20   0.26      0.54
872  0.18359375 0.5333481 0.02299801 0.70172650    0.20   0.26      0.54
873  0.07421875 0.5333481 0.02299801 0.70172650    0.20   0.26      0.54
874  0.05468750 0.5333481 0.02299801 0.70172650    0.20   0.26      0.54
875  0.07812500 0.5333481 0.02299801 0.70172650    0.20   0.26      0.54
876  1.00000000 0.5333481 0.02299801 0.70172650    0.20   0.26      0.54
877  1.00000000 0.5333481 0.02299801 0.70172650    0.20   0.26      0.54
878  1.00000000 0.5333481 0.02299801 0.70172650    0.20   0.26      0.54
879  1.00000000 0.5333481 0.02299801 0.70172650    0.20   0.26      0.54
880  1.00000000 0.5333481 0.02299801 0.70172650    0.20   0.26      0.54
881  0.08593750 0.5333481 0.02299801 0.70172650    0.20   0.26      0.54
882  1.00000000 0.5333481 0.02299801 0.70172650    0.20   0.26      0.54
883  1.00000000 0.5333481 0.02299801 0.70172650    0.20   0.26      0.54
884  1.00000000 0.5333481 0.02299801 0.70172650    0.20   0.26      0.54
885  0.12109375 0.5333481 0.02299801 0.70172650    0.20   0.26      0.54
886  1.00000000 0.5333481 0.02299801 0.70172650    0.20   0.26      0.54
887  1.00000000 0.5333481 0.02299801 0.70172650    0.20   0.26      0.54
888  0.19531250 0.5333481 0.02299801 0.70172650    0.20   0.26      0.54
889  1.00000000 0.5333481 0.02299801 0.70172650    0.20   0.26      0.54
890  1.00000000 0.5333481 0.02299801 0.70172650    0.20   0.26      0.54
891  1.00000000 0.5333481 0.02299801 0.70172650    0.20   0.26      0.54
892  0.10937500 0.5333481 0.02299801 0.70172650    0.20   0.26      0.54
893  0.16015625 0.5333481 0.02299801 0.70172650    0.20   0.26      0.54
894  0.07031250 0.5333481 0.02299801 0.70172650    0.20   0.26      0.54
895  0.21875000 0.5333481 0.02299801 0.70172650    0.20   0.26      0.54
896  0.07421875 0.5333481 0.02299801 0.70172650    0.20   0.26      0.54
897  1.00000000 0.5333481 0.02299801 0.70172650    0.20   0.26      0.54
898  1.00000000 0.5333481 0.02299801 0.70172650    0.20   0.26      0.54
899  1.00000000 0.5333481 0.02299801 0.70172650    0.20   0.26      0.54
900  0.23046875 0.5333481 0.02299801 0.70172650    0.20   0.26      0.54
901  0.26171875 0.2967603 0.02872560 0.06604716    0.39   0.32      0.29
902  0.13671875 0.2967603 0.02872560 0.06604716    0.39   0.32      0.29
903  0.33593750 0.2967603 0.02872560 0.06604716    0.39   0.32      0.29
904  0.32812500 0.2967603 0.02872560 0.06604716    0.39   0.32      0.29
905  1.00000000 0.2967603 0.02872560 0.06604716    0.39   0.32      0.29
906  0.18359375 0.2967603 0.02872560 0.06604716    0.39   0.32      0.29
907  0.10156250 0.2967603 0.02872560 0.06604716    0.39   0.32      0.29
908  0.10546875 0.2967603 0.02872560 0.06604716    0.39   0.32      0.29
909  0.05859375 0.2967603 0.02872560 0.06604716    0.39   0.32      0.29
910  1.00000000 0.2967603 0.02872560 0.06604716    0.39   0.32      0.29
911  1.00000000 0.2967603 0.02872560 0.06604716    0.39   0.32      0.29
912  0.10546875 0.2967603 0.02872560 0.06604716    0.39   0.32      0.29
913  0.08984375 0.2967603 0.02872560 0.06604716    0.39   0.32      0.29
914  0.11718750 0.2967603 0.02872560 0.06604716    0.39   0.32      0.29
915  0.26562500 0.2967603 0.02872560 0.06604716    0.39   0.32      0.29
916  1.00000000 0.2967603 0.02872560 0.06604716    0.39   0.32      0.29
917  0.13281250 0.2967603 0.02872560 0.06604716    0.39   0.32      0.29
918  1.00000000 0.2967603 0.02872560 0.06604716    0.39   0.32      0.29
919  0.33593750 0.2967603 0.02872560 0.06604716    0.39   0.32      0.29
920  0.10546875 0.2967603 0.02872560 0.06604716    0.39   0.32      0.29
921  1.00000000 0.2967603 0.02872560 0.06604716    0.39   0.32      0.29
922  1.00000000 0.2967603 0.02872560 0.06604716    0.39   0.32      0.29
923  0.08203125 0.2967603 0.02872560 0.06604716    0.39   0.32      0.29
924  1.00000000 0.2967603 0.02872560 0.06604716    0.39   0.32      0.29
925  0.17187500 0.2967603 0.02872560 0.06604716    0.39   0.32      0.29
926  0.10937500 0.2967603 0.02872560 0.06604716    0.39   0.32      0.29
927  0.21093750 0.2967603 0.02872560 0.06604716    0.39   0.32      0.29
928  0.10937500 0.2967603 0.02872560 0.06604716    0.39   0.32      0.29
929  1.00000000 0.2967603 0.02872560 0.06604716    0.39   0.32      0.29
930  0.21875000 0.2967603 0.02872560 0.06604716    0.39   0.32      0.29
931  0.09375000 0.2967603 0.02872560 0.06604716    0.39   0.32      0.29
932  0.21875000 0.2967603 0.02872560 0.06604716    0.39   0.32      0.29
933  0.12890625 0.2967603 0.02872560 0.06604716    0.39   0.32      0.29
934  0.14843750 0.2967603 0.02872560 0.06604716    0.39   0.32      0.29
935  0.11328125 0.2967603 0.02872560 0.06604716    0.39   0.32      0.29
936  1.00000000 0.2967603 0.02872560 0.06604716    0.39   0.32      0.29
937  0.10156250 0.2967603 0.02872560 0.06604716    0.39   0.32      0.29
938  0.24218750 0.2967603 0.02872560 0.06604716    0.39   0.32      0.29
939  0.54296875 0.2967603 0.02872560 0.06604716    0.39   0.32      0.29
940  1.00000000 0.2967603 0.02872560 0.06604716    0.39   0.32      0.29
941  1.00000000 0.2967603 0.02872560 0.06604716    0.39   0.32      0.29
942  0.28125000 0.2967603 0.02872560 0.06604716    0.39   0.32      0.29
943  0.13281250 0.2967603 0.02872560 0.06604716    0.39   0.32      0.29
944  0.21093750 0.2967603 0.02872560 0.06604716    0.39   0.32      0.29
945  0.22265625 0.2967603 0.02872560 0.06604716    0.39   0.32      0.29
946  0.23828125 0.2967603 0.02872560 0.06604716    0.39   0.32      0.29
947  1.00000000 0.2967603 0.02872560 0.06604716    0.39   0.32      0.29
948  0.11328125 0.2967603 0.02872560 0.06604716    0.39   0.32      0.29
949  0.17968750 0.2967603 0.02872560 0.06604716    0.39   0.32      0.29
950  0.07031250 0.2967603 0.02872560 0.06604716    0.39   0.32      0.29
951  0.37500000 0.2967603 0.02872560 0.06604716    0.39   0.32      0.29
952  1.00000000 0.2967603 0.02872560 0.06604716    0.39   0.32      0.29
953  0.17968750 0.2967603 0.02872560 0.06604716    0.39   0.32      0.29
954  0.12890625 0.2967603 0.02872560 0.06604716    0.39   0.32      0.29
955  1.00000000 0.2967603 0.02872560 0.06604716    0.39   0.32      0.29
956  0.16796875 0.2967603 0.02872560 0.06604716    0.39   0.32      0.29
957  0.56640625 0.2967603 0.02872560 0.06604716    0.39   0.32      0.29
958  0.35156250 0.2967603 0.02872560 0.06604716    0.39   0.32      0.29
959  1.00000000 0.2967603 0.02872560 0.06604716    0.39   0.32      0.29
960  1.00000000 0.2967603 0.02872560 0.06604716    0.39   0.32      0.29
961  0.37109375 0.2967603 0.02872560 0.06604716    0.39   0.32      0.29
962  0.15234375 0.2967603 0.02872560 0.06604716    0.39   0.32      0.29
963  0.10937500 0.2967603 0.02872560 0.06604716    0.39   0.32      0.29
964  0.33984375 0.2967603 0.02872560 0.06604716    0.39   0.32      0.29
965  0.12500000 0.2967603 0.02872560 0.06604716    0.39   0.32      0.29
966  0.35546875 0.2967603 0.02872560 0.06604716    0.39   0.32      0.29
967  0.33203125 0.2967603 0.02872560 0.06604716    0.39   0.32      0.29
968  0.14843750 0.2967603 0.02872560 0.06604716    0.39   0.32      0.29
969  0.22656250 0.2967603 0.02872560 0.06604716    0.39   0.32      0.29
970  1.00000000 0.2967603 0.02872560 0.06604716    0.39   0.32      0.29
971  0.39062500 0.2967603 0.02872560 0.06604716    0.39   0.32      0.29
972  0.13281250 0.2967603 0.02872560 0.06604716    0.39   0.32      0.29
973  1.00000000 0.2967603 0.02872560 0.06604716    0.39   0.32      0.29
974  1.00000000 0.2967603 0.02872560 0.06604716    0.39   0.32      0.29
975  0.15234375 0.2967603 0.02872560 0.06604716    0.39   0.32      0.29
976  0.10156250 0.2967603 0.02872560 0.06604716    0.39   0.32      0.29
977  1.00000000 0.2967603 0.02872560 0.06604716    0.39   0.32      0.29
978  0.07812500 0.2967603 0.02872560 0.06604716    0.39   0.32      0.29
979  1.00000000 0.2967603 0.02872560 0.06604716    0.39   0.32      0.29
980  0.07031250 0.2967603 0.02872560 0.06604716    0.39   0.32      0.29
981  0.53125000 0.2967603 0.02872560 0.06604716    0.39   0.32      0.29
982  0.11718750 0.2967603 0.02872560 0.06604716    0.39   0.32      0.29
983  0.11328125 0.2967603 0.02872560 0.06604716    0.39   0.32      0.29
984  1.00000000 0.2967603 0.02872560 0.06604716    0.39   0.32      0.29
985  0.11718750 0.2967603 0.02872560 0.06604716    0.39   0.32      0.29
986  0.09765625 0.2967603 0.02872560 0.06604716    0.39   0.32      0.29
987  0.14062500 0.2967603 0.02872560 0.06604716    0.39   0.32      0.29
988  0.19531250 0.2967603 0.02872560 0.06604716    0.39   0.32      0.29
989  0.19140625 0.2967603 0.02872560 0.06604716    0.39   0.32      0.29
990  1.00000000 0.2967603 0.02872560 0.06604716    0.39   0.32      0.29
991  0.11718750 0.2967603 0.02872560 0.06604716    0.39   0.32      0.29
992  0.13281250 0.2967603 0.02872560 0.06604716    0.39   0.32      0.29
993  0.12109375 0.2967603 0.02872560 0.06604716    0.39   0.32      0.29
994  0.38671875 0.2967603 0.02872560 0.06604716    0.39   0.32      0.29
995  0.31250000 0.2967603 0.02872560 0.06604716    0.39   0.32      0.29
996  1.00000000 0.2967603 0.02872560 0.06604716    0.39   0.32      0.29
997  0.29687500 0.2967603 0.02872560 0.06604716    0.39   0.32      0.29
998  0.33593750 0.2967603 0.02872560 0.06604716    0.39   0.32      0.29
999  0.19140625 0.2967603 0.02872560 0.06604716    0.39   0.32      0.29
1000 1.00000000 0.2967603 0.02872560 0.06604716    0.39   0.32      0.29
