      prop.aneu prob.meio  prob.mito dispersal euploid mosaic aneuploid
1    0.09765625 0.4265842 0.01176402         0    0.51   0.13      0.36
2    0.04687500 0.4265842 0.01176402         0    0.51   0.13      0.36
3    0.23828125 0.4265842 0.01176402         0    0.51   0.13      0.36
4    1.00000000 0.4265842 0.01176402         0    0.51   0.13      0.36
5    0.60937500 0.4265842 0.01176402         0    0.51   0.13      0.36
6    0.08593750 0.4265842 0.01176402         0    0.51   0.13      0.36
7    0.05468750 0.4265842 0.01176402         0    0.51   0.13      0.36
8    0.02734375 0.4265842 0.01176402         0    0.51   0.13      0.36
9    0.50781250 0.4265842 0.01176402         0    0.51   0.13      0.36
10   0.27734375 0.4265842 0.01176402         0    0.51   0.13      0.36
11   1.00000000 0.4265842 0.01176402         0    0.51   0.13      0.36
12   0.04296875 0.4265842 0.01176402         0    0.51   0.13      0.36
13   1.00000000 0.4265842 0.01176402         0    0.51   0.13      0.36
14   0.00000000 0.4265842 0.01176402         0    0.51   0.13      0.36
15   0.15625000 0.4265842 0.01176402         0    0.51   0.13      0.36
16   0.23437500 0.4265842 0.01176402         0    0.51   0.13      0.36
17   1.00000000 0.4265842 0.01176402         0    0.51   0.13      0.36
18   1.00000000 0.4265842 0.01176402         0    0.51   0.13      0.36
19   1.00000000 0.4265842 0.01176402         0    0.51   0.13      0.36
20   1.00000000 0.4265842 0.01176402         0    0.51   0.13      0.36
21   1.00000000 0.4265842 0.01176402         0    0.51   0.13      0.36
22   1.00000000 0.4265842 0.01176402         0    0.51   0.13      0.36
23   1.00000000 0.4265842 0.01176402         0    0.51   0.13      0.36
24   0.05859375 0.4265842 0.01176402         0    0.51   0.13      0.36
25   0.10937500 0.4265842 0.01176402         0    0.51   0.13      0.36
26   1.00000000 0.4265842 0.01176402         0    0.51   0.13      0.36
27   0.03515625 0.4265842 0.01176402         0    0.51   0.13      0.36
28   0.07421875 0.4265842 0.01176402         0    0.51   0.13      0.36
29   1.00000000 0.4265842 0.01176402         0    0.51   0.13      0.36
30   0.06250000 0.4265842 0.01176402         0    0.51   0.13      0.36
31   1.00000000 0.4265842 0.01176402         0    0.51   0.13      0.36
32   0.12890625 0.4265842 0.01176402         0    0.51   0.13      0.36
33   0.00781250 0.4265842 0.01176402         0    0.51   0.13      0.36
34   0.02343750 0.4265842 0.01176402         0    0.51   0.13      0.36
35   1.00000000 0.4265842 0.01176402         0    0.51   0.13      0.36
36   0.08203125 0.4265842 0.01176402         0    0.51   0.13      0.36
37   1.00000000 0.4265842 0.01176402         0    0.51   0.13      0.36
38   1.00000000 0.4265842 0.01176402         0    0.51   0.13      0.36
39   0.02734375 0.4265842 0.01176402         0    0.51   0.13      0.36
40   0.03125000 0.4265842 0.01176402         0    0.51   0.13      0.36
41   0.03125000 0.4265842 0.01176402         0    0.51   0.13      0.36
42   0.03515625 0.4265842 0.01176402         0    0.51   0.13      0.36
43   1.00000000 0.4265842 0.01176402         0    0.51   0.13      0.36
44   0.05468750 0.4265842 0.01176402         0    0.51   0.13      0.36
45   0.54296875 0.4265842 0.01176402         0    0.51   0.13      0.36
46   0.02734375 0.4265842 0.01176402         0    0.51   0.13      0.36
47   0.29296875 0.4265842 0.01176402         0    0.51   0.13      0.36
48   1.00000000 0.4265842 0.01176402         0    0.51   0.13      0.36
49   1.00000000 0.4265842 0.01176402         0    0.51   0.13      0.36
50   1.00000000 0.4265842 0.01176402         0    0.51   0.13      0.36
51   1.00000000 0.4265842 0.01176402         0    0.51   0.13      0.36
52   1.00000000 0.4265842 0.01176402         0    0.51   0.13      0.36
53   0.26562500 0.4265842 0.01176402         0    0.51   0.13      0.36
54   1.00000000 0.4265842 0.01176402         0    0.51   0.13      0.36
55   0.08984375 0.4265842 0.01176402         0    0.51   0.13      0.36
56   0.05078125 0.4265842 0.01176402         0    0.51   0.13      0.36
57   0.54296875 0.4265842 0.01176402         0    0.51   0.13      0.36
58   0.05078125 0.4265842 0.01176402         0    0.51   0.13      0.36
59   0.05078125 0.4265842 0.01176402         0    0.51   0.13      0.36
60   1.00000000 0.4265842 0.01176402         0    0.51   0.13      0.36
61   0.05468750 0.4265842 0.01176402         0    0.51   0.13      0.36
62   0.03906250 0.4265842 0.01176402         0    0.51   0.13      0.36
63   1.00000000 0.4265842 0.01176402         0    0.51   0.13      0.36
64   0.06640625 0.4265842 0.01176402         0    0.51   0.13      0.36
65   1.00000000 0.4265842 0.01176402         0    0.51   0.13      0.36
66   1.00000000 0.4265842 0.01176402         0    0.51   0.13      0.36
67   1.00000000 0.4265842 0.01176402         0    0.51   0.13      0.36
68   0.18750000 0.4265842 0.01176402         0    0.51   0.13      0.36
69   0.07421875 0.4265842 0.01176402         0    0.51   0.13      0.36
70   1.00000000 0.4265842 0.01176402         0    0.51   0.13      0.36
71   0.15234375 0.4265842 0.01176402         0    0.51   0.13      0.36
72   1.00000000 0.4265842 0.01176402         0    0.51   0.13      0.36
73   0.03515625 0.4265842 0.01176402         0    0.51   0.13      0.36
74   0.14843750 0.4265842 0.01176402         0    0.51   0.13      0.36
75   0.02734375 0.4265842 0.01176402         0    0.51   0.13      0.36
76   0.08984375 0.4265842 0.01176402         0    0.51   0.13      0.36
77   0.03906250 0.4265842 0.01176402         0    0.51   0.13      0.36
78   0.03906250 0.4265842 0.01176402         0    0.51   0.13      0.36
79   0.27343750 0.4265842 0.01176402         0    0.51   0.13      0.36
80   0.04296875 0.4265842 0.01176402         0    0.51   0.13      0.36
81   0.08593750 0.4265842 0.01176402         0    0.51   0.13      0.36
82   0.03125000 0.4265842 0.01176402         0    0.51   0.13      0.36
83   0.02734375 0.4265842 0.01176402         0    0.51   0.13      0.36
84   1.00000000 0.4265842 0.01176402         0    0.51   0.13      0.36
85   0.04296875 0.4265842 0.01176402         0    0.51   0.13      0.36
86   0.01562500 0.4265842 0.01176402         0    0.51   0.13      0.36
87   0.12500000 0.4265842 0.01176402         0    0.51   0.13      0.36
88   0.03906250 0.4265842 0.01176402         0    0.51   0.13      0.36
89   0.03515625 0.4265842 0.01176402         0    0.51   0.13      0.36
90   0.10156250 0.4265842 0.01176402         0    0.51   0.13      0.36
91   0.03125000 0.4265842 0.01176402         0    0.51   0.13      0.36
92   0.02343750 0.4265842 0.01176402         0    0.51   0.13      0.36
93   0.10156250 0.4265842 0.01176402         0    0.51   0.13      0.36
94   0.33593750 0.4265842 0.01176402         0    0.51   0.13      0.36
95   0.11718750 0.4265842 0.01176402         0    0.51   0.13      0.36
96   1.00000000 0.4265842 0.01176402         0    0.51   0.13      0.36
97   0.16796875 0.4265842 0.01176402         0    0.51   0.13      0.36
98   1.00000000 0.4265842 0.01176402         0    0.51   0.13      0.36
99   0.03515625 0.4265842 0.01176402         0    0.51   0.13      0.36
100  0.00781250 0.4265842 0.01176402         0    0.51   0.13      0.36
101  1.00000000 0.3075982 0.02039201         0    0.48   0.19      0.33
102  0.13671875 0.3075982 0.02039201         0    0.48   0.19      0.33
103  1.00000000 0.3075982 0.02039201         0    0.48   0.19      0.33
104  1.00000000 0.3075982 0.02039201         0    0.48   0.19      0.33
105  1.00000000 0.3075982 0.02039201         0    0.48   0.19      0.33
106  1.00000000 0.3075982 0.02039201         0    0.48   0.19      0.33
107  1.00000000 0.3075982 0.02039201         0    0.48   0.19      0.33
108  0.14062500 0.3075982 0.02039201         0    0.48   0.19      0.33
109  1.00000000 0.3075982 0.02039201         0    0.48   0.19      0.33
110  0.09765625 0.3075982 0.02039201         0    0.48   0.19      0.33
111  0.11718750 0.3075982 0.02039201         0    0.48   0.19      0.33
112  0.10937500 0.3075982 0.02039201         0    0.48   0.19      0.33
113  0.08984375 0.3075982 0.02039201         0    0.48   0.19      0.33
114  0.20312500 0.3075982 0.02039201         0    0.48   0.19      0.33
115  0.17187500 0.3075982 0.02039201         0    0.48   0.19      0.33
116  0.17187500 0.3075982 0.02039201         0    0.48   0.19      0.33
117  1.00000000 0.3075982 0.02039201         0    0.48   0.19      0.33
118  0.05468750 0.3075982 0.02039201         0    0.48   0.19      0.33
119  0.25390625 0.3075982 0.02039201         0    0.48   0.19      0.33
120  0.65625000 0.3075982 0.02039201         0    0.48   0.19      0.33
121  0.10937500 0.3075982 0.02039201         0    0.48   0.19      0.33
122  0.19921875 0.3075982 0.02039201         0    0.48   0.19      0.33
123  0.37109375 0.3075982 0.02039201         0    0.48   0.19      0.33
124  1.00000000 0.3075982 0.02039201         0    0.48   0.19      0.33
125  1.00000000 0.3075982 0.02039201         0    0.48   0.19      0.33
126  0.23046875 0.3075982 0.02039201         0    0.48   0.19      0.33
127  0.25390625 0.3075982 0.02039201         0    0.48   0.19      0.33
128  0.10937500 0.3075982 0.02039201         0    0.48   0.19      0.33
129  0.09375000 0.3075982 0.02039201         0    0.48   0.19      0.33
130  0.04296875 0.3075982 0.02039201         0    0.48   0.19      0.33
131  1.00000000 0.3075982 0.02039201         0    0.48   0.19      0.33
132  0.16796875 0.3075982 0.02039201         0    0.48   0.19      0.33
133  1.00000000 0.3075982 0.02039201         0    0.48   0.19      0.33
134  0.18359375 0.3075982 0.02039201         0    0.48   0.19      0.33
135  1.00000000 0.3075982 0.02039201         0    0.48   0.19      0.33
136  0.19140625 0.3075982 0.02039201         0    0.48   0.19      0.33
137  0.07812500 0.3075982 0.02039201         0    0.48   0.19      0.33
138  0.10546875 0.3075982 0.02039201         0    0.48   0.19      0.33
139  0.12890625 0.3075982 0.02039201         0    0.48   0.19      0.33
140  1.00000000 0.3075982 0.02039201         0    0.48   0.19      0.33
141  0.20703125 0.3075982 0.02039201         0    0.48   0.19      0.33
142  0.03515625 0.3075982 0.02039201         0    0.48   0.19      0.33
143  0.15234375 0.3075982 0.02039201         0    0.48   0.19      0.33
144  1.00000000 0.3075982 0.02039201         0    0.48   0.19      0.33
145  1.00000000 0.3075982 0.02039201         0    0.48   0.19      0.33
146  0.07421875 0.3075982 0.02039201         0    0.48   0.19      0.33
147  1.00000000 0.3075982 0.02039201         0    0.48   0.19      0.33
148  0.55859375 0.3075982 0.02039201         0    0.48   0.19      0.33
149  0.10937500 0.3075982 0.02039201         0    0.48   0.19      0.33
150  0.38671875 0.3075982 0.02039201         0    0.48   0.19      0.33
151  0.10937500 0.3075982 0.02039201         0    0.48   0.19      0.33
152  0.52343750 0.3075982 0.02039201         0    0.48   0.19      0.33
153  0.10937500 0.3075982 0.02039201         0    0.48   0.19      0.33
154  0.08203125 0.3075982 0.02039201         0    0.48   0.19      0.33
155  1.00000000 0.3075982 0.02039201         0    0.48   0.19      0.33
156  0.04687500 0.3075982 0.02039201         0    0.48   0.19      0.33
157  1.00000000 0.3075982 0.02039201         0    0.48   0.19      0.33
158  0.14453125 0.3075982 0.02039201         0    0.48   0.19      0.33
159  0.05078125 0.3075982 0.02039201         0    0.48   0.19      0.33
160  0.16796875 0.3075982 0.02039201         0    0.48   0.19      0.33
161  0.07421875 0.3075982 0.02039201         0    0.48   0.19      0.33
162  0.35546875 0.3075982 0.02039201         0    0.48   0.19      0.33
163  1.00000000 0.3075982 0.02039201         0    0.48   0.19      0.33
164  1.00000000 0.3075982 0.02039201         0    0.48   0.19      0.33
165  0.07031250 0.3075982 0.02039201         0    0.48   0.19      0.33
166  0.16406250 0.3075982 0.02039201         0    0.48   0.19      0.33
167  0.08593750 0.3075982 0.02039201         0    0.48   0.19      0.33
168  0.16796875 0.3075982 0.02039201         0    0.48   0.19      0.33
169  0.07812500 0.3075982 0.02039201         0    0.48   0.19      0.33
170  0.10156250 0.3075982 0.02039201         0    0.48   0.19      0.33
171  0.10156250 0.3075982 0.02039201         0    0.48   0.19      0.33
172  0.07031250 0.3075982 0.02039201         0    0.48   0.19      0.33
173  0.10156250 0.3075982 0.02039201         0    0.48   0.19      0.33
174  0.21484375 0.3075982 0.02039201         0    0.48   0.19      0.33
175  1.00000000 0.3075982 0.02039201         0    0.48   0.19      0.33
176  0.16406250 0.3075982 0.02039201         0    0.48   0.19      0.33
177  1.00000000 0.3075982 0.02039201         0    0.48   0.19      0.33
178  0.10937500 0.3075982 0.02039201         0    0.48   0.19      0.33
179  0.09375000 0.3075982 0.02039201         0    0.48   0.19      0.33
180  0.05468750 0.3075982 0.02039201         0    0.48   0.19      0.33
181  0.09765625 0.3075982 0.02039201         0    0.48   0.19      0.33
182  0.23437500 0.3075982 0.02039201         0    0.48   0.19      0.33
183  0.12109375 0.3075982 0.02039201         0    0.48   0.19      0.33
184  0.19531250 0.3075982 0.02039201         0    0.48   0.19      0.33
185  1.00000000 0.3075982 0.02039201         0    0.48   0.19      0.33
186  1.00000000 0.3075982 0.02039201         0    0.48   0.19      0.33
187  1.00000000 0.3075982 0.02039201         0    0.48   0.19      0.33
188  0.03515625 0.3075982 0.02039201         0    0.48   0.19      0.33
189  1.00000000 0.3075982 0.02039201         0    0.48   0.19      0.33
190  0.15234375 0.3075982 0.02039201         0    0.48   0.19      0.33
191  0.14453125 0.3075982 0.02039201         0    0.48   0.19      0.33
192  0.10546875 0.3075982 0.02039201         0    0.48   0.19      0.33
193  0.10156250 0.3075982 0.02039201         0    0.48   0.19      0.33
194  1.00000000 0.3075982 0.02039201         0    0.48   0.19      0.33
195  0.11328125 0.3075982 0.02039201         0    0.48   0.19      0.33
196  1.00000000 0.3075982 0.02039201         0    0.48   0.19      0.33
197  0.08593750 0.3075982 0.02039201         0    0.48   0.19      0.33
198  1.00000000 0.3075982 0.02039201         0    0.48   0.19      0.33
199  0.39062500 0.3075982 0.02039201         0    0.48   0.19      0.33
200  0.11718750 0.3075982 0.02039201         0    0.48   0.19      0.33
201  0.14843750 0.4700773 0.03756252         0    0.27   0.21      0.52
202  0.18359375 0.4700773 0.03756252         0    0.27   0.21      0.52
203  0.16015625 0.4700773 0.03756252         0    0.27   0.21      0.52
204  1.00000000 0.4700773 0.03756252         0    0.27   0.21      0.52
205  0.24218750 0.4700773 0.03756252         0    0.27   0.21      0.52
206  0.19921875 0.4700773 0.03756252         0    0.27   0.21      0.52
207  1.00000000 0.4700773 0.03756252         0    0.27   0.21      0.52
208  1.00000000 0.4700773 0.03756252         0    0.27   0.21      0.52
209  0.09375000 0.4700773 0.03756252         0    0.27   0.21      0.52
210  0.39062500 0.4700773 0.03756252         0    0.27   0.21      0.52
211  1.00000000 0.4700773 0.03756252         0    0.27   0.21      0.52
212  0.19531250 0.4700773 0.03756252         0    0.27   0.21      0.52
213  1.00000000 0.4700773 0.03756252         0    0.27   0.21      0.52
214  0.46484375 0.4700773 0.03756252         0    0.27   0.21      0.52
215  1.00000000 0.4700773 0.03756252         0    0.27   0.21      0.52
216  0.30859375 0.4700773 0.03756252         0    0.27   0.21      0.52
217  0.29296875 0.4700773 0.03756252         0    0.27   0.21      0.52
218  0.18750000 0.4700773 0.03756252         0    0.27   0.21      0.52
219  0.37109375 0.4700773 0.03756252         0    0.27   0.21      0.52
220  1.00000000 0.4700773 0.03756252         0    0.27   0.21      0.52
221  0.18750000 0.4700773 0.03756252         0    0.27   0.21      0.52
222  0.23046875 0.4700773 0.03756252         0    0.27   0.21      0.52
223  1.00000000 0.4700773 0.03756252         0    0.27   0.21      0.52
224  1.00000000 0.4700773 0.03756252         0    0.27   0.21      0.52
225  0.11718750 0.4700773 0.03756252         0    0.27   0.21      0.52
226  1.00000000 0.4700773 0.03756252         0    0.27   0.21      0.52
227  0.31250000 0.4700773 0.03756252         0    0.27   0.21      0.52
228  0.06250000 0.4700773 0.03756252         0    0.27   0.21      0.52
229  1.00000000 0.4700773 0.03756252         0    0.27   0.21      0.52
230  1.00000000 0.4700773 0.03756252         0    0.27   0.21      0.52
231  1.00000000 0.4700773 0.03756252         0    0.27   0.21      0.52
232  1.00000000 0.4700773 0.03756252         0    0.27   0.21      0.52
233  1.00000000 0.4700773 0.03756252         0    0.27   0.21      0.52
234  0.20312500 0.4700773 0.03756252         0    0.27   0.21      0.52
235  1.00000000 0.4700773 0.03756252         0    0.27   0.21      0.52
236  0.44140625 0.4700773 0.03756252         0    0.27   0.21      0.52
237  1.00000000 0.4700773 0.03756252         0    0.27   0.21      0.52
238  0.22265625 0.4700773 0.03756252         0    0.27   0.21      0.52
239  1.00000000 0.4700773 0.03756252         0    0.27   0.21      0.52
240  1.00000000 0.4700773 0.03756252         0    0.27   0.21      0.52
241  1.00000000 0.4700773 0.03756252         0    0.27   0.21      0.52
242  0.64453125 0.4700773 0.03756252         0    0.27   0.21      0.52
243  0.35156250 0.4700773 0.03756252         0    0.27   0.21      0.52
244  1.00000000 0.4700773 0.03756252         0    0.27   0.21      0.52
245  0.15625000 0.4700773 0.03756252         0    0.27   0.21      0.52
246  0.14843750 0.4700773 0.03756252         0    0.27   0.21      0.52
247  0.23437500 0.4700773 0.03756252         0    0.27   0.21      0.52
248  1.00000000 0.4700773 0.03756252         0    0.27   0.21      0.52
249  0.20312500 0.4700773 0.03756252         0    0.27   0.21      0.52
250  0.12890625 0.4700773 0.03756252         0    0.27   0.21      0.52
251  0.47656250 0.4700773 0.03756252         0    0.27   0.21      0.52
252  0.14843750 0.4700773 0.03756252         0    0.27   0.21      0.52
253  0.33203125 0.4700773 0.03756252         0    0.27   0.21      0.52
254  0.31640625 0.4700773 0.03756252         0    0.27   0.21      0.52
255  0.10546875 0.4700773 0.03756252         0    0.27   0.21      0.52
256  0.18750000 0.4700773 0.03756252         0    0.27   0.21      0.52
257  0.19140625 0.4700773 0.03756252         0    0.27   0.21      0.52
258  1.00000000 0.4700773 0.03756252         0    0.27   0.21      0.52
259  0.20703125 0.4700773 0.03756252         0    0.27   0.21      0.52
260  1.00000000 0.4700773 0.03756252         0    0.27   0.21      0.52
261  1.00000000 0.4700773 0.03756252         0    0.27   0.21      0.52
262  1.00000000 0.4700773 0.03756252         0    0.27   0.21      0.52
263  0.14843750 0.4700773 0.03756252         0    0.27   0.21      0.52
264  1.00000000 0.4700773 0.03756252         0    0.27   0.21      0.52
265  1.00000000 0.4700773 0.03756252         0    0.27   0.21      0.52
266  1.00000000 0.4700773 0.03756252         0    0.27   0.21      0.52
267  0.11718750 0.4700773 0.03756252         0    0.27   0.21      0.52
268  0.29296875 0.4700773 0.03756252         0    0.27   0.21      0.52
269  0.17968750 0.4700773 0.03756252         0    0.27   0.21      0.52
270  0.24609375 0.4700773 0.03756252         0    0.27   0.21      0.52
271  1.00000000 0.4700773 0.03756252         0    0.27   0.21      0.52
272  1.00000000 0.4700773 0.03756252         0    0.27   0.21      0.52
273  1.00000000 0.4700773 0.03756252         0    0.27   0.21      0.52
274  0.23437500 0.4700773 0.03756252         0    0.27   0.21      0.52
275  1.00000000 0.4700773 0.03756252         0    0.27   0.21      0.52
276  1.00000000 0.4700773 0.03756252         0    0.27   0.21      0.52
277  1.00000000 0.4700773 0.03756252         0    0.27   0.21      0.52
278  1.00000000 0.4700773 0.03756252         0    0.27   0.21      0.52
279  0.34765625 0.4700773 0.03756252         0    0.27   0.21      0.52
280  0.55078125 0.4700773 0.03756252         0    0.27   0.21      0.52
281  1.00000000 0.4700773 0.03756252         0    0.27   0.21      0.52
282  0.37109375 0.4700773 0.03756252         0    0.27   0.21      0.52
283  0.26171875 0.4700773 0.03756252         0    0.27   0.21      0.52
284  0.66796875 0.4700773 0.03756252         0    0.27   0.21      0.52
285  1.00000000 0.4700773 0.03756252         0    0.27   0.21      0.52
286  1.00000000 0.4700773 0.03756252         0    0.27   0.21      0.52
287  1.00000000 0.4700773 0.03756252         0    0.27   0.21      0.52
288  1.00000000 0.4700773 0.03756252         0    0.27   0.21      0.52
289  0.27734375 0.4700773 0.03756252         0    0.27   0.21      0.52
290  0.41796875 0.4700773 0.03756252         0    0.27   0.21      0.52
291  0.46484375 0.4700773 0.03756252         0    0.27   0.21      0.52
292  0.08203125 0.4700773 0.03756252         0    0.27   0.21      0.52
293  0.18750000 0.4700773 0.03756252         0    0.27   0.21      0.52
294  1.00000000 0.4700773 0.03756252         0    0.27   0.21      0.52
295  1.00000000 0.4700773 0.03756252         0    0.27   0.21      0.52
296  0.57031250 0.4700773 0.03756252         0    0.27   0.21      0.52
297  1.00000000 0.4700773 0.03756252         0    0.27   0.21      0.52
298  0.18359375 0.4700773 0.03756252         0    0.27   0.21      0.52
299  0.26171875 0.4700773 0.03756252         0    0.27   0.21      0.52
300  0.77734375 0.4700773 0.03756252         0    0.27   0.21      0.52
301  1.00000000 0.4206097 0.04311393         0    0.25   0.25      0.50
302  1.00000000 0.4206097 0.04311393         0    0.25   0.25      0.50
303  1.00000000 0.4206097 0.04311393         0    0.25   0.25      0.50
304  1.00000000 0.4206097 0.04311393         0    0.25   0.25      0.50
305  1.00000000 0.4206097 0.04311393         0    0.25   0.25      0.50
306  0.14843750 0.4206097 0.04311393         0    0.25   0.25      0.50
307  0.14843750 0.4206097 0.04311393         0    0.25   0.25      0.50
308  1.00000000 0.4206097 0.04311393         0    0.25   0.25      0.50
309  1.00000000 0.4206097 0.04311393         0    0.25   0.25      0.50
310  0.61718750 0.4206097 0.04311393         0    0.25   0.25      0.50
311  1.00000000 0.4206097 0.04311393         0    0.25   0.25      0.50
312  1.00000000 0.4206097 0.04311393         0    0.25   0.25      0.50
313  0.29687500 0.4206097 0.04311393         0    0.25   0.25      0.50
314  0.09765625 0.4206097 0.04311393         0    0.25   0.25      0.50
315  0.14062500 0.4206097 0.04311393         0    0.25   0.25      0.50
316  0.19140625 0.4206097 0.04311393         0    0.25   0.25      0.50
317  0.20312500 0.4206097 0.04311393         0    0.25   0.25      0.50
318  1.00000000 0.4206097 0.04311393         0    0.25   0.25      0.50
319  0.21875000 0.4206097 0.04311393         0    0.25   0.25      0.50
320  0.17968750 0.4206097 0.04311393         0    0.25   0.25      0.50
321  1.00000000 0.4206097 0.04311393         0    0.25   0.25      0.50
322  0.27343750 0.4206097 0.04311393         0    0.25   0.25      0.50
323  1.00000000 0.4206097 0.04311393         0    0.25   0.25      0.50
324  0.40234375 0.4206097 0.04311393         0    0.25   0.25      0.50
325  0.14062500 0.4206097 0.04311393         0    0.25   0.25      0.50
326  0.23046875 0.4206097 0.04311393         0    0.25   0.25      0.50
327  0.57812500 0.4206097 0.04311393         0    0.25   0.25      0.50
328  1.00000000 0.4206097 0.04311393         0    0.25   0.25      0.50
329  0.39843750 0.4206097 0.04311393         0    0.25   0.25      0.50
330  1.00000000 0.4206097 0.04311393         0    0.25   0.25      0.50
331  0.11718750 0.4206097 0.04311393         0    0.25   0.25      0.50
332  1.00000000 0.4206097 0.04311393         0    0.25   0.25      0.50
333  1.00000000 0.4206097 0.04311393         0    0.25   0.25      0.50
334  0.42968750 0.4206097 0.04311393         0    0.25   0.25      0.50
335  1.00000000 0.4206097 0.04311393         0    0.25   0.25      0.50
336  0.21484375 0.4206097 0.04311393         0    0.25   0.25      0.50
337  1.00000000 0.4206097 0.04311393         0    0.25   0.25      0.50
338  0.48437500 0.4206097 0.04311393         0    0.25   0.25      0.50
339  0.13281250 0.4206097 0.04311393         0    0.25   0.25      0.50
340  0.39062500 0.4206097 0.04311393         0    0.25   0.25      0.50
341  0.67968750 0.4206097 0.04311393         0    0.25   0.25      0.50
342  1.00000000 0.4206097 0.04311393         0    0.25   0.25      0.50
343  1.00000000 0.4206097 0.04311393         0    0.25   0.25      0.50
344  0.32031250 0.4206097 0.04311393         0    0.25   0.25      0.50
345  1.00000000 0.4206097 0.04311393         0    0.25   0.25      0.50
346  1.00000000 0.4206097 0.04311393         0    0.25   0.25      0.50
347  0.12890625 0.4206097 0.04311393         0    0.25   0.25      0.50
348  0.38671875 0.4206097 0.04311393         0    0.25   0.25      0.50
349  0.32812500 0.4206097 0.04311393         0    0.25   0.25      0.50
350  1.00000000 0.4206097 0.04311393         0    0.25   0.25      0.50
351  1.00000000 0.4206097 0.04311393         0    0.25   0.25      0.50
352  1.00000000 0.4206097 0.04311393         0    0.25   0.25      0.50
353  0.27734375 0.4206097 0.04311393         0    0.25   0.25      0.50
354  0.18750000 0.4206097 0.04311393         0    0.25   0.25      0.50
355  0.61328125 0.4206097 0.04311393         0    0.25   0.25      0.50
356  1.00000000 0.4206097 0.04311393         0    0.25   0.25      0.50
357  1.00000000 0.4206097 0.04311393         0    0.25   0.25      0.50
358  1.00000000 0.4206097 0.04311393         0    0.25   0.25      0.50
359  0.13281250 0.4206097 0.04311393         0    0.25   0.25      0.50
360  1.00000000 0.4206097 0.04311393         0    0.25   0.25      0.50
361  0.69531250 0.4206097 0.04311393         0    0.25   0.25      0.50
362  0.17578125 0.4206097 0.04311393         0    0.25   0.25      0.50
363  0.27343750 0.4206097 0.04311393         0    0.25   0.25      0.50
364  0.61718750 0.4206097 0.04311393         0    0.25   0.25      0.50
365  0.33593750 0.4206097 0.04311393         0    0.25   0.25      0.50
366  1.00000000 0.4206097 0.04311393         0    0.25   0.25      0.50
367  0.33984375 0.4206097 0.04311393         0    0.25   0.25      0.50
368  0.26562500 0.4206097 0.04311393         0    0.25   0.25      0.50
369  1.00000000 0.4206097 0.04311393         0    0.25   0.25      0.50
370  1.00000000 0.4206097 0.04311393         0    0.25   0.25      0.50
371  1.00000000 0.4206097 0.04311393         0    0.25   0.25      0.50
372  0.41406250 0.4206097 0.04311393         0    0.25   0.25      0.50
373  0.30859375 0.4206097 0.04311393         0    0.25   0.25      0.50
374  1.00000000 0.4206097 0.04311393         0    0.25   0.25      0.50
375  0.38281250 0.4206097 0.04311393         0    0.25   0.25      0.50
376  0.21875000 0.4206097 0.04311393         0    0.25   0.25      0.50
377  1.00000000 0.4206097 0.04311393         0    0.25   0.25      0.50
378  0.33984375 0.4206097 0.04311393         0    0.25   0.25      0.50
379  1.00000000 0.4206097 0.04311393         0    0.25   0.25      0.50
380  0.23828125 0.4206097 0.04311393         0    0.25   0.25      0.50
381  0.20703125 0.4206097 0.04311393         0    0.25   0.25      0.50
382  1.00000000 0.4206097 0.04311393         0    0.25   0.25      0.50
383  0.30078125 0.4206097 0.04311393         0    0.25   0.25      0.50
384  0.34765625 0.4206097 0.04311393         0    0.25   0.25      0.50
385  0.19140625 0.4206097 0.04311393         0    0.25   0.25      0.50
386  1.00000000 0.4206097 0.04311393         0    0.25   0.25      0.50
387  1.00000000 0.4206097 0.04311393         0    0.25   0.25      0.50
388  1.00000000 0.4206097 0.04311393         0    0.25   0.25      0.50
389  0.27734375 0.4206097 0.04311393         0    0.25   0.25      0.50
390  1.00000000 0.4206097 0.04311393         0    0.25   0.25      0.50
391  0.12500000 0.4206097 0.04311393         0    0.25   0.25      0.50
392  1.00000000 0.4206097 0.04311393         0    0.25   0.25      0.50
393  0.41015625 0.4206097 0.04311393         0    0.25   0.25      0.50
394  1.00000000 0.4206097 0.04311393         0    0.25   0.25      0.50
395  1.00000000 0.4206097 0.04311393         0    0.25   0.25      0.50
396  1.00000000 0.4206097 0.04311393         0    0.25   0.25      0.50
397  0.33203125 0.4206097 0.04311393         0    0.25   0.25      0.50
398  1.00000000 0.4206097 0.04311393         0    0.25   0.25      0.50
399  0.39062500 0.4206097 0.04311393         0    0.25   0.25      0.50
400  0.17578125 0.4206097 0.04311393         0    0.25   0.25      0.50
401  0.56640625 0.4131036 0.02986360         0    0.29   0.23      0.48
402  0.05078125 0.4131036 0.02986360         0    0.29   0.23      0.48
403  1.00000000 0.4131036 0.02986360         0    0.29   0.23      0.48
404  1.00000000 0.4131036 0.02986360         0    0.29   0.23      0.48
405  1.00000000 0.4131036 0.02986360         0    0.29   0.23      0.48
406  0.26562500 0.4131036 0.02986360         0    0.29   0.23      0.48
407  0.76953125 0.4131036 0.02986360         0    0.29   0.23      0.48
408  0.15625000 0.4131036 0.02986360         0    0.29   0.23      0.48
409  1.00000000 0.4131036 0.02986360         0    0.29   0.23      0.48
410  0.23437500 0.4131036 0.02986360         0    0.29   0.23      0.48
411  0.51953125 0.4131036 0.02986360         0    0.29   0.23      0.48
412  0.24609375 0.4131036 0.02986360         0    0.29   0.23      0.48
413  0.19531250 0.4131036 0.02986360         0    0.29   0.23      0.48
414  1.00000000 0.4131036 0.02986360         0    0.29   0.23      0.48
415  1.00000000 0.4131036 0.02986360         0    0.29   0.23      0.48
416  0.65625000 0.4131036 0.02986360         0    0.29   0.23      0.48
417  0.07812500 0.4131036 0.02986360         0    0.29   0.23      0.48
418  1.00000000 0.4131036 0.02986360         0    0.29   0.23      0.48
419  0.22265625 0.4131036 0.02986360         0    0.29   0.23      0.48
420  1.00000000 0.4131036 0.02986360         0    0.29   0.23      0.48
421  0.51562500 0.4131036 0.02986360         0    0.29   0.23      0.48
422  0.21093750 0.4131036 0.02986360         0    0.29   0.23      0.48
423  0.57031250 0.4131036 0.02986360         0    0.29   0.23      0.48
424  0.16406250 0.4131036 0.02986360         0    0.29   0.23      0.48
425  1.00000000 0.4131036 0.02986360         0    0.29   0.23      0.48
426  1.00000000 0.4131036 0.02986360         0    0.29   0.23      0.48
427  0.24609375 0.4131036 0.02986360         0    0.29   0.23      0.48
428  0.16406250 0.4131036 0.02986360         0    0.29   0.23      0.48
429  0.26171875 0.4131036 0.02986360         0    0.29   0.23      0.48
430  0.14453125 0.4131036 0.02986360         0    0.29   0.23      0.48
431  0.23046875 0.4131036 0.02986360         0    0.29   0.23      0.48
432  0.63671875 0.4131036 0.02986360         0    0.29   0.23      0.48
433  1.00000000 0.4131036 0.02986360         0    0.29   0.23      0.48
434  0.24609375 0.4131036 0.02986360         0    0.29   0.23      0.48
435  0.16015625 0.4131036 0.02986360         0    0.29   0.23      0.48
436  1.00000000 0.4131036 0.02986360         0    0.29   0.23      0.48
437  1.00000000 0.4131036 0.02986360         0    0.29   0.23      0.48
438  0.14843750 0.4131036 0.02986360         0    0.29   0.23      0.48
439  0.18750000 0.4131036 0.02986360         0    0.29   0.23      0.48
440  0.16406250 0.4131036 0.02986360         0    0.29   0.23      0.48
441  0.51953125 0.4131036 0.02986360         0    0.29   0.23      0.48
442  1.00000000 0.4131036 0.02986360         0    0.29   0.23      0.48
443  1.00000000 0.4131036 0.02986360         0    0.29   0.23      0.48
444  0.07421875 0.4131036 0.02986360         0    0.29   0.23      0.48
445  1.00000000 0.4131036 0.02986360         0    0.29   0.23      0.48
446  1.00000000 0.4131036 0.02986360         0    0.29   0.23      0.48
447  0.20312500 0.4131036 0.02986360         0    0.29   0.23      0.48
448  1.00000000 0.4131036 0.02986360         0    0.29   0.23      0.48
449  1.00000000 0.4131036 0.02986360         0    0.29   0.23      0.48
450  1.00000000 0.4131036 0.02986360         0    0.29   0.23      0.48
451  0.22265625 0.4131036 0.02986360         0    0.29   0.23      0.48
452  0.17187500 0.4131036 0.02986360         0    0.29   0.23      0.48
453  0.23046875 0.4131036 0.02986360         0    0.29   0.23      0.48
454  1.00000000 0.4131036 0.02986360         0    0.29   0.23      0.48
455  0.76953125 0.4131036 0.02986360         0    0.29   0.23      0.48
456  0.08203125 0.4131036 0.02986360         0    0.29   0.23      0.48
457  1.00000000 0.4131036 0.02986360         0    0.29   0.23      0.48
458  0.53515625 0.4131036 0.02986360         0    0.29   0.23      0.48
459  0.18750000 0.4131036 0.02986360         0    0.29   0.23      0.48
460  0.21484375 0.4131036 0.02986360         0    0.29   0.23      0.48
461  1.00000000 0.4131036 0.02986360         0    0.29   0.23      0.48
462  1.00000000 0.4131036 0.02986360         0    0.29   0.23      0.48
463  0.17968750 0.4131036 0.02986360         0    0.29   0.23      0.48
464  1.00000000 0.4131036 0.02986360         0    0.29   0.23      0.48
465  0.12500000 0.4131036 0.02986360         0    0.29   0.23      0.48
466  1.00000000 0.4131036 0.02986360         0    0.29   0.23      0.48
467  1.00000000 0.4131036 0.02986360         0    0.29   0.23      0.48
468  0.17187500 0.4131036 0.02986360         0    0.29   0.23      0.48
469  1.00000000 0.4131036 0.02986360         0    0.29   0.23      0.48
470  0.22656250 0.4131036 0.02986360         0    0.29   0.23      0.48
471  0.30468750 0.4131036 0.02986360         0    0.29   0.23      0.48
472  1.00000000 0.4131036 0.02986360         0    0.29   0.23      0.48
473  0.34765625 0.4131036 0.02986360         0    0.29   0.23      0.48
474  0.37500000 0.4131036 0.02986360         0    0.29   0.23      0.48
475  1.00000000 0.4131036 0.02986360         0    0.29   0.23      0.48
476  0.07421875 0.4131036 0.02986360         0    0.29   0.23      0.48
477  0.19921875 0.4131036 0.02986360         0    0.29   0.23      0.48
478  1.00000000 0.4131036 0.02986360         0    0.29   0.23      0.48
479  1.00000000 0.4131036 0.02986360         0    0.29   0.23      0.48
480  0.14062500 0.4131036 0.02986360         0    0.29   0.23      0.48
481  0.20703125 0.4131036 0.02986360         0    0.29   0.23      0.48
482  1.00000000 0.4131036 0.02986360         0    0.29   0.23      0.48
483  0.15625000 0.4131036 0.02986360         0    0.29   0.23      0.48
484  1.00000000 0.4131036 0.02986360         0    0.29   0.23      0.48
485  0.14453125 0.4131036 0.02986360         0    0.29   0.23      0.48
486  1.00000000 0.4131036 0.02986360         0    0.29   0.23      0.48
487  1.00000000 0.4131036 0.02986360         0    0.29   0.23      0.48
488  1.00000000 0.4131036 0.02986360         0    0.29   0.23      0.48
489  0.09765625 0.4131036 0.02986360         0    0.29   0.23      0.48
490  1.00000000 0.4131036 0.02986360         0    0.29   0.23      0.48
491  0.25000000 0.4131036 0.02986360         0    0.29   0.23      0.48
492  1.00000000 0.4131036 0.02986360         0    0.29   0.23      0.48
493  0.08593750 0.4131036 0.02986360         0    0.29   0.23      0.48
494  1.00000000 0.4131036 0.02986360         0    0.29   0.23      0.48
495  1.00000000 0.4131036 0.02986360         0    0.29   0.23      0.48
496  0.08593750 0.4131036 0.02986360         0    0.29   0.23      0.48
497  0.19921875 0.4131036 0.02986360         0    0.29   0.23      0.48
498  1.00000000 0.4131036 0.02986360         0    0.29   0.23      0.48
499  0.12500000 0.4131036 0.02986360         0    0.29   0.23      0.48
500  1.00000000 0.4131036 0.02986360         0    0.29   0.23      0.48
501  0.08203125 0.3780193 0.01552897         0    0.43   0.19      0.38
502  1.00000000 0.3780193 0.01552897         0    0.43   0.19      0.38
503  1.00000000 0.3780193 0.01552897         0    0.43   0.19      0.38
504  0.10156250 0.3780193 0.01552897         0    0.43   0.19      0.38
505  1.00000000 0.3780193 0.01552897         0    0.43   0.19      0.38
506  0.07421875 0.3780193 0.01552897         0    0.43   0.19      0.38
507  0.16015625 0.3780193 0.01552897         0    0.43   0.19      0.38
508  1.00000000 0.3780193 0.01552897         0    0.43   0.19      0.38
509  1.00000000 0.3780193 0.01552897         0    0.43   0.19      0.38
510  0.10546875 0.3780193 0.01552897         0    0.43   0.19      0.38
511  0.09375000 0.3780193 0.01552897         0    0.43   0.19      0.38
512  0.17187500 0.3780193 0.01552897         0    0.43   0.19      0.38
513  0.19531250 0.3780193 0.01552897         0    0.43   0.19      0.38
514  1.00000000 0.3780193 0.01552897         0    0.43   0.19      0.38
515  1.00000000 0.3780193 0.01552897         0    0.43   0.19      0.38
516  0.03906250 0.3780193 0.01552897         0    0.43   0.19      0.38
517  0.07421875 0.3780193 0.01552897         0    0.43   0.19      0.38
518  0.09765625 0.3780193 0.01552897         0    0.43   0.19      0.38
519  0.17187500 0.3780193 0.01552897         0    0.43   0.19      0.38
520  0.05468750 0.3780193 0.01552897         0    0.43   0.19      0.38
521  1.00000000 0.3780193 0.01552897         0    0.43   0.19      0.38
522  0.14062500 0.3780193 0.01552897         0    0.43   0.19      0.38
523  0.32421875 0.3780193 0.01552897         0    0.43   0.19      0.38
524  0.05859375 0.3780193 0.01552897         0    0.43   0.19      0.38
525  0.01562500 0.3780193 0.01552897         0    0.43   0.19      0.38
526  0.07812500 0.3780193 0.01552897         0    0.43   0.19      0.38
527  1.00000000 0.3780193 0.01552897         0    0.43   0.19      0.38
528  0.17968750 0.3780193 0.01552897         0    0.43   0.19      0.38
529  0.09765625 0.3780193 0.01552897         0    0.43   0.19      0.38
530  1.00000000 0.3780193 0.01552897         0    0.43   0.19      0.38
531  0.02734375 0.3780193 0.01552897         0    0.43   0.19      0.38
532  1.00000000 0.3780193 0.01552897         0    0.43   0.19      0.38
533  1.00000000 0.3780193 0.01552897         0    0.43   0.19      0.38
534  0.01562500 0.3780193 0.01552897         0    0.43   0.19      0.38
535  1.00000000 0.3780193 0.01552897         0    0.43   0.19      0.38
536  0.07812500 0.3780193 0.01552897         0    0.43   0.19      0.38
537  1.00000000 0.3780193 0.01552897         0    0.43   0.19      0.38
538  0.53515625 0.3780193 0.01552897         0    0.43   0.19      0.38
539  0.04296875 0.3780193 0.01552897         0    0.43   0.19      0.38
540  0.50781250 0.3780193 0.01552897         0    0.43   0.19      0.38
541  0.30859375 0.3780193 0.01552897         0    0.43   0.19      0.38
542  0.27343750 0.3780193 0.01552897         0    0.43   0.19      0.38
543  0.10156250 0.3780193 0.01552897         0    0.43   0.19      0.38
544  0.11328125 0.3780193 0.01552897         0    0.43   0.19      0.38
545  0.06250000 0.3780193 0.01552897         0    0.43   0.19      0.38
546  0.08203125 0.3780193 0.01552897         0    0.43   0.19      0.38
547  0.05078125 0.3780193 0.01552897         0    0.43   0.19      0.38
548  0.05859375 0.3780193 0.01552897         0    0.43   0.19      0.38
549  0.00781250 0.3780193 0.01552897         0    0.43   0.19      0.38
550  0.10546875 0.3780193 0.01552897         0    0.43   0.19      0.38
551  0.03906250 0.3780193 0.01552897         0    0.43   0.19      0.38
552  0.05859375 0.3780193 0.01552897         0    0.43   0.19      0.38
553  0.25390625 0.3780193 0.01552897         0    0.43   0.19      0.38
554  0.08203125 0.3780193 0.01552897         0    0.43   0.19      0.38
555  1.00000000 0.3780193 0.01552897         0    0.43   0.19      0.38
556  1.00000000 0.3780193 0.01552897         0    0.43   0.19      0.38
557  0.04296875 0.3780193 0.01552897         0    0.43   0.19      0.38
558  1.00000000 0.3780193 0.01552897         0    0.43   0.19      0.38
559  1.00000000 0.3780193 0.01552897         0    0.43   0.19      0.38
560  0.01953125 0.3780193 0.01552897         0    0.43   0.19      0.38
561  0.17578125 0.3780193 0.01552897         0    0.43   0.19      0.38
562  1.00000000 0.3780193 0.01552897         0    0.43   0.19      0.38
563  1.00000000 0.3780193 0.01552897         0    0.43   0.19      0.38
564  0.03906250 0.3780193 0.01552897         0    0.43   0.19      0.38
565  1.00000000 0.3780193 0.01552897         0    0.43   0.19      0.38
566  1.00000000 0.3780193 0.01552897         0    0.43   0.19      0.38
567  0.03515625 0.3780193 0.01552897         0    0.43   0.19      0.38
568  0.55468750 0.3780193 0.01552897         0    0.43   0.19      0.38
569  1.00000000 0.3780193 0.01552897         0    0.43   0.19      0.38
570  0.01953125 0.3780193 0.01552897         0    0.43   0.19      0.38
571  1.00000000 0.3780193 0.01552897         0    0.43   0.19      0.38
572  1.00000000 0.3780193 0.01552897         0    0.43   0.19      0.38
573  0.02734375 0.3780193 0.01552897         0    0.43   0.19      0.38
574  1.00000000 0.3780193 0.01552897         0    0.43   0.19      0.38
575  0.08984375 0.3780193 0.01552897         0    0.43   0.19      0.38
576  1.00000000 0.3780193 0.01552897         0    0.43   0.19      0.38
577  1.00000000 0.3780193 0.01552897         0    0.43   0.19      0.38
578  0.04296875 0.3780193 0.01552897         0    0.43   0.19      0.38
579  0.18359375 0.3780193 0.01552897         0    0.43   0.19      0.38
580  0.05859375 0.3780193 0.01552897         0    0.43   0.19      0.38
581  1.00000000 0.3780193 0.01552897         0    0.43   0.19      0.38
582  1.00000000 0.3780193 0.01552897         0    0.43   0.19      0.38
583  1.00000000 0.3780193 0.01552897         0    0.43   0.19      0.38
584  1.00000000 0.3780193 0.01552897         0    0.43   0.19      0.38
585  1.00000000 0.3780193 0.01552897         0    0.43   0.19      0.38
586  0.05859375 0.3780193 0.01552897         0    0.43   0.19      0.38
587  0.13281250 0.3780193 0.01552897         0    0.43   0.19      0.38
588  0.08203125 0.3780193 0.01552897         0    0.43   0.19      0.38
589  1.00000000 0.3780193 0.01552897         0    0.43   0.19      0.38
590  0.17968750 0.3780193 0.01552897         0    0.43   0.19      0.38
591  1.00000000 0.3780193 0.01552897         0    0.43   0.19      0.38
592  0.07421875 0.3780193 0.01552897         0    0.43   0.19      0.38
593  0.06250000 0.3780193 0.01552897         0    0.43   0.19      0.38
594  0.08984375 0.3780193 0.01552897         0    0.43   0.19      0.38
595  0.10546875 0.3780193 0.01552897         0    0.43   0.19      0.38
596  1.00000000 0.3780193 0.01552897         0    0.43   0.19      0.38
597  0.23437500 0.3780193 0.01552897         0    0.43   0.19      0.38
598  0.05078125 0.3780193 0.01552897         0    0.43   0.19      0.38
599  0.01562500 0.3780193 0.01552897         0    0.43   0.19      0.38
600  1.00000000 0.3780193 0.01552897         0    0.43   0.19      0.38
601  1.00000000 0.4374762 0.06376750         0    0.35   0.20      0.45
602  0.58593750 0.4374762 0.06376750         0    0.35   0.20      0.45
603  0.53125000 0.4374762 0.06376750         0    0.35   0.20      0.45
604  0.25390625 0.4374762 0.06376750         0    0.35   0.20      0.45
605  0.23046875 0.4374762 0.06376750         0    0.35   0.20      0.45
606  0.32031250 0.4374762 0.06376750         0    0.35   0.20      0.45
607  0.39062500 0.4374762 0.06376750         0    0.35   0.20      0.45
608  1.00000000 0.4374762 0.06376750         0    0.35   0.20      0.45
609  0.44140625 0.4374762 0.06376750         0    0.35   0.20      0.45
610  0.20703125 0.4374762 0.06376750         0    0.35   0.20      0.45
611  0.44921875 0.4374762 0.06376750         0    0.35   0.20      0.45
612  0.52343750 0.4374762 0.06376750         0    0.35   0.20      0.45
613  0.77734375 0.4374762 0.06376750         0    0.35   0.20      0.45
614  0.20703125 0.4374762 0.06376750         0    0.35   0.20      0.45
615  1.00000000 0.4374762 0.06376750         0    0.35   0.20      0.45
616  0.83203125 0.4374762 0.06376750         0    0.35   0.20      0.45
617  0.59375000 0.4374762 0.06376750         0    0.35   0.20      0.45
618  1.00000000 0.4374762 0.06376750         0    0.35   0.20      0.45
619  1.00000000 0.4374762 0.06376750         0    0.35   0.20      0.45
620  0.43359375 0.4374762 0.06376750         0    0.35   0.20      0.45
621  1.00000000 0.4374762 0.06376750         0    0.35   0.20      0.45
622  0.42187500 0.4374762 0.06376750         0    0.35   0.20      0.45
623  1.00000000 0.4374762 0.06376750         0    0.35   0.20      0.45
624  1.00000000 0.4374762 0.06376750         0    0.35   0.20      0.45
625  0.44921875 0.4374762 0.06376750         0    0.35   0.20      0.45
626  0.44921875 0.4374762 0.06376750         0    0.35   0.20      0.45
627  0.22265625 0.4374762 0.06376750         0    0.35   0.20      0.45
628  0.37890625 0.4374762 0.06376750         0    0.35   0.20      0.45
629  0.32031250 0.4374762 0.06376750         0    0.35   0.20      0.45
630  0.26953125 0.4374762 0.06376750         0    0.35   0.20      0.45
631  0.66406250 0.4374762 0.06376750         0    0.35   0.20      0.45
632  0.24609375 0.4374762 0.06376750         0    0.35   0.20      0.45
633  1.00000000 0.4374762 0.06376750         0    0.35   0.20      0.45
634  0.40625000 0.4374762 0.06376750         0    0.35   0.20      0.45
635  0.20703125 0.4374762 0.06376750         0    0.35   0.20      0.45
636  0.35156250 0.4374762 0.06376750         0    0.35   0.20      0.45
637  0.32812500 0.4374762 0.06376750         0    0.35   0.20      0.45
638  0.30468750 0.4374762 0.06376750         0    0.35   0.20      0.45
639  0.24609375 0.4374762 0.06376750         0    0.35   0.20      0.45
640  0.27343750 0.4374762 0.06376750         0    0.35   0.20      0.45
641  0.26171875 0.4374762 0.06376750         0    0.35   0.20      0.45
642  0.41406250 0.4374762 0.06376750         0    0.35   0.20      0.45
643  0.32812500 0.4374762 0.06376750         0    0.35   0.20      0.45
644  1.00000000 0.4374762 0.06376750         0    0.35   0.20      0.45
645  0.28125000 0.4374762 0.06376750         0    0.35   0.20      0.45
646  1.00000000 0.4374762 0.06376750         0    0.35   0.20      0.45
647  1.00000000 0.4374762 0.06376750         0    0.35   0.20      0.45
648  1.00000000 0.4374762 0.06376750         0    0.35   0.20      0.45
649  0.70703125 0.4374762 0.06376750         0    0.35   0.20      0.45
650  0.29296875 0.4374762 0.06376750         0    0.35   0.20      0.45
651  0.40625000 0.4374762 0.06376750         0    0.35   0.20      0.45
652  0.21484375 0.4374762 0.06376750         0    0.35   0.20      0.45
653  1.00000000 0.4374762 0.06376750         0    0.35   0.20      0.45
654  0.39453125 0.4374762 0.06376750         0    0.35   0.20      0.45
655  1.00000000 0.4374762 0.06376750         0    0.35   0.20      0.45
656  0.30078125 0.4374762 0.06376750         0    0.35   0.20      0.45
657  1.00000000 0.4374762 0.06376750         0    0.35   0.20      0.45
658  1.00000000 0.4374762 0.06376750         0    0.35   0.20      0.45
659  1.00000000 0.4374762 0.06376750         0    0.35   0.20      0.45
660  0.28906250 0.4374762 0.06376750         0    0.35   0.20      0.45
661  0.34375000 0.4374762 0.06376750         0    0.35   0.20      0.45
662  1.00000000 0.4374762 0.06376750         0    0.35   0.20      0.45
663  1.00000000 0.4374762 0.06376750         0    0.35   0.20      0.45
664  0.47656250 0.4374762 0.06376750         0    0.35   0.20      0.45
665  0.20312500 0.4374762 0.06376750         0    0.35   0.20      0.45
666  0.60546875 0.4374762 0.06376750         0    0.35   0.20      0.45
667  1.00000000 0.4374762 0.06376750         0    0.35   0.20      0.45
668  1.00000000 0.4374762 0.06376750         0    0.35   0.20      0.45
669  1.00000000 0.4374762 0.06376750         0    0.35   0.20      0.45
670  0.50781250 0.4374762 0.06376750         0    0.35   0.20      0.45
671  0.24609375 0.4374762 0.06376750         0    0.35   0.20      0.45
672  0.60156250 0.4374762 0.06376750         0    0.35   0.20      0.45
673  0.79687500 0.4374762 0.06376750         0    0.35   0.20      0.45
674  0.46875000 0.4374762 0.06376750         0    0.35   0.20      0.45
675  0.36718750 0.4374762 0.06376750         0    0.35   0.20      0.45
676  0.26562500 0.4374762 0.06376750         0    0.35   0.20      0.45
677  0.30859375 0.4374762 0.06376750         0    0.35   0.20      0.45
678  0.33203125 0.4374762 0.06376750         0    0.35   0.20      0.45
679  1.00000000 0.4374762 0.06376750         0    0.35   0.20      0.45
680  1.00000000 0.4374762 0.06376750         0    0.35   0.20      0.45
681  0.57421875 0.4374762 0.06376750         0    0.35   0.20      0.45
682  0.30859375 0.4374762 0.06376750         0    0.35   0.20      0.45
683  1.00000000 0.4374762 0.06376750         0    0.35   0.20      0.45
684  1.00000000 0.4374762 0.06376750         0    0.35   0.20      0.45
685  0.42968750 0.4374762 0.06376750         0    0.35   0.20      0.45
686  0.35546875 0.4374762 0.06376750         0    0.35   0.20      0.45
687  1.00000000 0.4374762 0.06376750         0    0.35   0.20      0.45
688  1.00000000 0.4374762 0.06376750         0    0.35   0.20      0.45
689  0.40234375 0.4374762 0.06376750         0    0.35   0.20      0.45
690  0.51171875 0.4374762 0.06376750         0    0.35   0.20      0.45
691  1.00000000 0.4374762 0.06376750         0    0.35   0.20      0.45
692  1.00000000 0.4374762 0.06376750         0    0.35   0.20      0.45
693  0.21093750 0.4374762 0.06376750         0    0.35   0.20      0.45
694  0.37890625 0.4374762 0.06376750         0    0.35   0.20      0.45
695  1.00000000 0.4374762 0.06376750         0    0.35   0.20      0.45
696  1.00000000 0.4374762 0.06376750         0    0.35   0.20      0.45
697  1.00000000 0.4374762 0.06376750         0    0.35   0.20      0.45
698  1.00000000 0.4374762 0.06376750         0    0.35   0.20      0.45
699  0.35546875 0.4374762 0.06376750         0    0.35   0.20      0.45
700  0.39062500 0.4374762 0.06376750         0    0.35   0.20      0.45
701  0.02343750 0.4071041 0.01004684         0    0.49   0.12      0.39
702  0.19921875 0.4071041 0.01004684         0    0.49   0.12      0.39
703  1.00000000 0.4071041 0.01004684         0    0.49   0.12      0.39
704  0.51562500 0.4071041 0.01004684         0    0.49   0.12      0.39
705  0.15234375 0.4071041 0.01004684         0    0.49   0.12      0.39
706  0.02734375 0.4071041 0.01004684         0    0.49   0.12      0.39
707  0.04296875 0.4071041 0.01004684         0    0.49   0.12      0.39
708  0.01953125 0.4071041 0.01004684         0    0.49   0.12      0.39
709  0.51562500 0.4071041 0.01004684         0    0.49   0.12      0.39
710  1.00000000 0.4071041 0.01004684         0    0.49   0.12      0.39
711  0.01171875 0.4071041 0.01004684         0    0.49   0.12      0.39
712  0.02734375 0.4071041 0.01004684         0    0.49   0.12      0.39
713  0.05078125 0.4071041 0.01004684         0    0.49   0.12      0.39
714  0.34375000 0.4071041 0.01004684         0    0.49   0.12      0.39
715  1.00000000 0.4071041 0.01004684         0    0.49   0.12      0.39
716  0.02734375 0.4071041 0.01004684         0    0.49   0.12      0.39
717  1.00000000 0.4071041 0.01004684         0    0.49   0.12      0.39
718  0.01171875 0.4071041 0.01004684         0    0.49   0.12      0.39
719  0.01953125 0.4071041 0.01004684         0    0.49   0.12      0.39
720  0.08593750 0.4071041 0.01004684         0    0.49   0.12      0.39
721  1.00000000 0.4071041 0.01004684         0    0.49   0.12      0.39
722  0.02343750 0.4071041 0.01004684         0    0.49   0.12      0.39
723  0.25390625 0.4071041 0.01004684         0    0.49   0.12      0.39
724  0.07812500 0.4071041 0.01004684         0    0.49   0.12      0.39
725  1.00000000 0.4071041 0.01004684         0    0.49   0.12      0.39
726  0.08984375 0.4071041 0.01004684         0    0.49   0.12      0.39
727  0.11328125 0.4071041 0.01004684         0    0.49   0.12      0.39
728  0.35546875 0.4071041 0.01004684         0    0.49   0.12      0.39
729  1.00000000 0.4071041 0.01004684         0    0.49   0.12      0.39
730  0.03906250 0.4071041 0.01004684         0    0.49   0.12      0.39
731  1.00000000 0.4071041 0.01004684         0    0.49   0.12      0.39
732  1.00000000 0.4071041 0.01004684         0    0.49   0.12      0.39
733  1.00000000 0.4071041 0.01004684         0    0.49   0.12      0.39
734  0.02734375 0.4071041 0.01004684         0    0.49   0.12      0.39
735  0.14062500 0.4071041 0.01004684         0    0.49   0.12      0.39
736  1.00000000 0.4071041 0.01004684         0    0.49   0.12      0.39
737  0.10937500 0.4071041 0.01004684         0    0.49   0.12      0.39
738  0.02343750 0.4071041 0.01004684         0    0.49   0.12      0.39
739  0.01562500 0.4071041 0.01004684         0    0.49   0.12      0.39
740  1.00000000 0.4071041 0.01004684         0    0.49   0.12      0.39
741  0.03906250 0.4071041 0.01004684         0    0.49   0.12      0.39
742  1.00000000 0.4071041 0.01004684         0    0.49   0.12      0.39
743  0.03515625 0.4071041 0.01004684         0    0.49   0.12      0.39
744  1.00000000 0.4071041 0.01004684         0    0.49   0.12      0.39
745  0.07031250 0.4071041 0.01004684         0    0.49   0.12      0.39
746  1.00000000 0.4071041 0.01004684         0    0.49   0.12      0.39
747  1.00000000 0.4071041 0.01004684         0    0.49   0.12      0.39
748  0.07031250 0.4071041 0.01004684         0    0.49   0.12      0.39
749  0.04687500 0.4071041 0.01004684         0    0.49   0.12      0.39
750  0.04687500 0.4071041 0.01004684         0    0.49   0.12      0.39
751  1.00000000 0.4071041 0.01004684         0    0.49   0.12      0.39
752  1.00000000 0.4071041 0.01004684         0    0.49   0.12      0.39
753  0.33203125 0.4071041 0.01004684         0    0.49   0.12      0.39
754  0.08593750 0.4071041 0.01004684         0    0.49   0.12      0.39
755  0.05859375 0.4071041 0.01004684         0    0.49   0.12      0.39
756  1.00000000 0.4071041 0.01004684         0    0.49   0.12      0.39
757  1.00000000 0.4071041 0.01004684         0    0.49   0.12      0.39
758  0.12890625 0.4071041 0.01004684         0    0.49   0.12      0.39
759  0.07031250 0.4071041 0.01004684         0    0.49   0.12      0.39
760  1.00000000 0.4071041 0.01004684         0    0.49   0.12      0.39
761  0.04687500 0.4071041 0.01004684         0    0.49   0.12      0.39
762  0.02734375 0.4071041 0.01004684         0    0.49   0.12      0.39
763  0.01171875 0.4071041 0.01004684         0    0.49   0.12      0.39
764  0.09765625 0.4071041 0.01004684         0    0.49   0.12      0.39
765  1.00000000 0.4071041 0.01004684         0    0.49   0.12      0.39
766  0.51562500 0.4071041 0.01004684         0    0.49   0.12      0.39
767  0.00781250 0.4071041 0.01004684         0    0.49   0.12      0.39
768  1.00000000 0.4071041 0.01004684         0    0.49   0.12      0.39
769  0.02734375 0.4071041 0.01004684         0    0.49   0.12      0.39
770  1.00000000 0.4071041 0.01004684         0    0.49   0.12      0.39
771  1.00000000 0.4071041 0.01004684         0    0.49   0.12      0.39
772  0.18359375 0.4071041 0.01004684         0    0.49   0.12      0.39
773  0.03906250 0.4071041 0.01004684         0    0.49   0.12      0.39
774  0.01953125 0.4071041 0.01004684         0    0.49   0.12      0.39
775  1.00000000 0.4071041 0.01004684         0    0.49   0.12      0.39
776  1.00000000 0.4071041 0.01004684         0    0.49   0.12      0.39
777  0.03906250 0.4071041 0.01004684         0    0.49   0.12      0.39
778  0.08593750 0.4071041 0.01004684         0    0.49   0.12      0.39
779  0.06640625 0.4071041 0.01004684         0    0.49   0.12      0.39
780  0.01562500 0.4071041 0.01004684         0    0.49   0.12      0.39
781  0.02734375 0.4071041 0.01004684         0    0.49   0.12      0.39
782  0.03906250 0.4071041 0.01004684         0    0.49   0.12      0.39
783  0.04296875 0.4071041 0.01004684         0    0.49   0.12      0.39
784  0.07421875 0.4071041 0.01004684         0    0.49   0.12      0.39
785  1.00000000 0.4071041 0.01004684         0    0.49   0.12      0.39
786  1.00000000 0.4071041 0.01004684         0    0.49   0.12      0.39
787  0.03906250 0.4071041 0.01004684         0    0.49   0.12      0.39
788  0.02734375 0.4071041 0.01004684         0    0.49   0.12      0.39
789  1.00000000 0.4071041 0.01004684         0    0.49   0.12      0.39
790  0.03906250 0.4071041 0.01004684         0    0.49   0.12      0.39
791  0.01953125 0.4071041 0.01004684         0    0.49   0.12      0.39
792  1.00000000 0.4071041 0.01004684         0    0.49   0.12      0.39
793  0.04687500 0.4071041 0.01004684         0    0.49   0.12      0.39
794  1.00000000 0.4071041 0.01004684         0    0.49   0.12      0.39
795  1.00000000 0.4071041 0.01004684         0    0.49   0.12      0.39
796  0.16796875 0.4071041 0.01004684         0    0.49   0.12      0.39
797  0.10937500 0.4071041 0.01004684         0    0.49   0.12      0.39
798  1.00000000 0.4071041 0.01004684         0    0.49   0.12      0.39
799  0.04687500 0.4071041 0.01004684         0    0.49   0.12      0.39
800  1.00000000 0.4071041 0.01004684         0    0.49   0.12      0.39
801  0.10546875 0.4577561 0.02245677         0    0.41   0.14      0.45
802  1.00000000 0.4577561 0.02245677         0    0.41   0.14      0.45
803  1.00000000 0.4577561 0.02245677         0    0.41   0.14      0.45
804  1.00000000 0.4577561 0.02245677         0    0.41   0.14      0.45
805  0.10546875 0.4577561 0.02245677         0    0.41   0.14      0.45
806  0.09375000 0.4577561 0.02245677         0    0.41   0.14      0.45
807  1.00000000 0.4577561 0.02245677         0    0.41   0.14      0.45
808  1.00000000 0.4577561 0.02245677         0    0.41   0.14      0.45
809  0.04687500 0.4577561 0.02245677         0    0.41   0.14      0.45
810  1.00000000 0.4577561 0.02245677         0    0.41   0.14      0.45
811  0.10156250 0.4577561 0.02245677         0    0.41   0.14      0.45
812  1.00000000 0.4577561 0.02245677         0    0.41   0.14      0.45
813  1.00000000 0.4577561 0.02245677         0    0.41   0.14      0.45
814  0.25781250 0.4577561 0.02245677         0    0.41   0.14      0.45
815  1.00000000 0.4577561 0.02245677         0    0.41   0.14      0.45
816  1.00000000 0.4577561 0.02245677         0    0.41   0.14      0.45
817  1.00000000 0.4577561 0.02245677         0    0.41   0.14      0.45
818  0.11328125 0.4577561 0.02245677         0    0.41   0.14      0.45
819  0.08593750 0.4577561 0.02245677         0    0.41   0.14      0.45
820  0.08984375 0.4577561 0.02245677         0    0.41   0.14      0.45
821  0.03515625 0.4577561 0.02245677         0    0.41   0.14      0.45
822  0.16796875 0.4577561 0.02245677         0    0.41   0.14      0.45
823  0.07031250 0.4577561 0.02245677         0    0.41   0.14      0.45
824  0.55859375 0.4577561 0.02245677         0    0.41   0.14      0.45
825  1.00000000 0.4577561 0.02245677         0    0.41   0.14      0.45
826  1.00000000 0.4577561 0.02245677         0    0.41   0.14      0.45
827  0.26562500 0.4577561 0.02245677         0    0.41   0.14      0.45
828  0.10937500 0.4577561 0.02245677         0    0.41   0.14      0.45
829  1.00000000 0.4577561 0.02245677         0    0.41   0.14      0.45
830  0.05859375 0.4577561 0.02245677         0    0.41   0.14      0.45
831  1.00000000 0.4577561 0.02245677         0    0.41   0.14      0.45
832  0.22656250 0.4577561 0.02245677         0    0.41   0.14      0.45
833  1.00000000 0.4577561 0.02245677         0    0.41   0.14      0.45
834  1.00000000 0.4577561 0.02245677         0    0.41   0.14      0.45
835  0.23046875 0.4577561 0.02245677         0    0.41   0.14      0.45
836  1.00000000 0.4577561 0.02245677         0    0.41   0.14      0.45
837  1.00000000 0.4577561 0.02245677         0    0.41   0.14      0.45
838  0.06250000 0.4577561 0.02245677         0    0.41   0.14      0.45
839  1.00000000 0.4577561 0.02245677         0    0.41   0.14      0.45
840  1.00000000 0.4577561 0.02245677         0    0.41   0.14      0.45
841  0.19531250 0.4577561 0.02245677         0    0.41   0.14      0.45
842  0.12890625 0.4577561 0.02245677         0    0.41   0.14      0.45
843  0.31250000 0.4577561 0.02245677         0    0.41   0.14      0.45
844  1.00000000 0.4577561 0.02245677         0    0.41   0.14      0.45
845  0.10937500 0.4577561 0.02245677         0    0.41   0.14      0.45
846  1.00000000 0.4577561 0.02245677         0    0.41   0.14      0.45
847  1.00000000 0.4577561 0.02245677         0    0.41   0.14      0.45
848  0.08984375 0.4577561 0.02245677         0    0.41   0.14      0.45
849  0.31250000 0.4577561 0.02245677         0    0.41   0.14      0.45
850  1.00000000 0.4577561 0.02245677         0    0.41   0.14      0.45
851  1.00000000 0.4577561 0.02245677         0    0.41   0.14      0.45
852  1.00000000 0.4577561 0.02245677         0    0.41   0.14      0.45
853  0.05859375 0.4577561 0.02245677         0    0.41   0.14      0.45
854  0.12500000 0.4577561 0.02245677         0    0.41   0.14      0.45
855  1.00000000 0.4577561 0.02245677         0    0.41   0.14      0.45
856  0.30468750 0.4577561 0.02245677         0    0.41   0.14      0.45
857  1.00000000 0.4577561 0.02245677         0    0.41   0.14      0.45
858  1.00000000 0.4577561 0.02245677         0    0.41   0.14      0.45
859  1.00000000 0.4577561 0.02245677         0    0.41   0.14      0.45
860  0.16796875 0.4577561 0.02245677         0    0.41   0.14      0.45
861  0.33984375 0.4577561 0.02245677         0    0.41   0.14      0.45
862  1.00000000 0.4577561 0.02245677         0    0.41   0.14      0.45
863  0.02734375 0.4577561 0.02245677         0    0.41   0.14      0.45
864  1.00000000 0.4577561 0.02245677         0    0.41   0.14      0.45
865  0.20703125 0.4577561 0.02245677         0    0.41   0.14      0.45
866  1.00000000 0.4577561 0.02245677         0    0.41   0.14      0.45
867  1.00000000 0.4577561 0.02245677         0    0.41   0.14      0.45
868  0.33203125 0.4577561 0.02245677         0    0.41   0.14      0.45
869  0.04687500 0.4577561 0.02245677         0    0.41   0.14      0.45
870  0.10156250 0.4577561 0.02245677         0    0.41   0.14      0.45
871  1.00000000 0.4577561 0.02245677         0    0.41   0.14      0.45
872  0.20312500 0.4577561 0.02245677         0    0.41   0.14      0.45
873  0.12890625 0.4577561 0.02245677         0    0.41   0.14      0.45
874  1.00000000 0.4577561 0.02245677         0    0.41   0.14      0.45
875  0.39453125 0.4577561 0.02245677         0    0.41   0.14      0.45
876  1.00000000 0.4577561 0.02245677         0    0.41   0.14      0.45
877  1.00000000 0.4577561 0.02245677         0    0.41   0.14      0.45
878  0.12109375 0.4577561 0.02245677         0    0.41   0.14      0.45
879  0.07421875 0.4577561 0.02245677         0    0.41   0.14      0.45
880  1.00000000 0.4577561 0.02245677         0    0.41   0.14      0.45
881  0.17187500 0.4577561 0.02245677         0    0.41   0.14      0.45
882  1.00000000 0.4577561 0.02245677         0    0.41   0.14      0.45
883  0.14843750 0.4577561 0.02245677         0    0.41   0.14      0.45
884  1.00000000 0.4577561 0.02245677         0    0.41   0.14      0.45
885  0.15234375 0.4577561 0.02245677         0    0.41   0.14      0.45
886  1.00000000 0.4577561 0.02245677         0    0.41   0.14      0.45
887  0.19140625 0.4577561 0.02245677         0    0.41   0.14      0.45
888  0.07812500 0.4577561 0.02245677         0    0.41   0.14      0.45
889  1.00000000 0.4577561 0.02245677         0    0.41   0.14      0.45
890  0.10546875 0.4577561 0.02245677         0    0.41   0.14      0.45
891  0.27734375 0.4577561 0.02245677         0    0.41   0.14      0.45
892  0.12109375 0.4577561 0.02245677         0    0.41   0.14      0.45
893  0.05468750 0.4577561 0.02245677         0    0.41   0.14      0.45
894  0.05859375 0.4577561 0.02245677         0    0.41   0.14      0.45
895  1.00000000 0.4577561 0.02245677         0    0.41   0.14      0.45
896  0.79296875 0.4577561 0.02245677         0    0.41   0.14      0.45
897  0.34765625 0.4577561 0.02245677         0    0.41   0.14      0.45
898  0.13281250 0.4577561 0.02245677         0    0.41   0.14      0.45
899  0.22265625 0.4577561 0.02245677         0    0.41   0.14      0.45
900  0.07812500 0.4577561 0.02245677         0    0.41   0.14      0.45
901  1.00000000 0.4906690 0.01642804         0    0.40   0.14      0.46
902  1.00000000 0.4906690 0.01642804         0    0.40   0.14      0.46
903  0.09375000 0.4906690 0.01642804         0    0.40   0.14      0.46
904  0.09765625 0.4906690 0.01642804         0    0.40   0.14      0.46
905  0.10546875 0.4906690 0.01642804         0    0.40   0.14      0.46
906  0.10156250 0.4906690 0.01642804         0    0.40   0.14      0.46
907  0.16796875 0.4906690 0.01642804         0    0.40   0.14      0.46
908  0.07031250 0.4906690 0.01642804         0    0.40   0.14      0.46
909  0.46484375 0.4906690 0.01642804         0    0.40   0.14      0.46
910  0.10546875 0.4906690 0.01642804         0    0.40   0.14      0.46
911  0.29687500 0.4906690 0.01642804         0    0.40   0.14      0.46
912  1.00000000 0.4906690 0.01642804         0    0.40   0.14      0.46
913  1.00000000 0.4906690 0.01642804         0    0.40   0.14      0.46
914  1.00000000 0.4906690 0.01642804         0    0.40   0.14      0.46
915  1.00000000 0.4906690 0.01642804         0    0.40   0.14      0.46
916  0.22656250 0.4906690 0.01642804         0    0.40   0.14      0.46
917  0.27343750 0.4906690 0.01642804         0    0.40   0.14      0.46
918  0.03906250 0.4906690 0.01642804         0    0.40   0.14      0.46
919  1.00000000 0.4906690 0.01642804         0    0.40   0.14      0.46
920  0.05078125 0.4906690 0.01642804         0    0.40   0.14      0.46
921  0.07421875 0.4906690 0.01642804         0    0.40   0.14      0.46
922  0.06250000 0.4906690 0.01642804         0    0.40   0.14      0.46
923  1.00000000 0.4906690 0.01642804         0    0.40   0.14      0.46
924  0.09375000 0.4906690 0.01642804         0    0.40   0.14      0.46
925  0.11328125 0.4906690 0.01642804         0    0.40   0.14      0.46
926  0.07421875 0.4906690 0.01642804         0    0.40   0.14      0.46
927  1.00000000 0.4906690 0.01642804         0    0.40   0.14      0.46
928  0.09375000 0.4906690 0.01642804         0    0.40   0.14      0.46
929  0.06250000 0.4906690 0.01642804         0    0.40   0.14      0.46
930  0.03125000 0.4906690 0.01642804         0    0.40   0.14      0.46
931  0.01562500 0.4906690 0.01642804         0    0.40   0.14      0.46
932  1.00000000 0.4906690 0.01642804         0    0.40   0.14      0.46
933  0.13281250 0.4906690 0.01642804         0    0.40   0.14      0.46
934  1.00000000 0.4906690 0.01642804         0    0.40   0.14      0.46
935  0.05078125 0.4906690 0.01642804         0    0.40   0.14      0.46
936  0.08593750 0.4906690 0.01642804         0    0.40   0.14      0.46
937  0.08593750 0.4906690 0.01642804         0    0.40   0.14      0.46
938  1.00000000 0.4906690 0.01642804         0    0.40   0.14      0.46
939  0.43359375 0.4906690 0.01642804         0    0.40   0.14      0.46
940  0.01562500 0.4906690 0.01642804         0    0.40   0.14      0.46
941  1.00000000 0.4906690 0.01642804         0    0.40   0.14      0.46
942  0.18359375 0.4906690 0.01642804         0    0.40   0.14      0.46
943  0.05078125 0.4906690 0.01642804         0    0.40   0.14      0.46
944  1.00000000 0.4906690 0.01642804         0    0.40   0.14      0.46
945  1.00000000 0.4906690 0.01642804         0    0.40   0.14      0.46
946  0.26953125 0.4906690 0.01642804         0    0.40   0.14      0.46
947  0.14062500 0.4906690 0.01642804         0    0.40   0.14      0.46
948  0.05859375 0.4906690 0.01642804         0    0.40   0.14      0.46
949  1.00000000 0.4906690 0.01642804         0    0.40   0.14      0.46
950  0.10546875 0.4906690 0.01642804         0    0.40   0.14      0.46
951  0.21875000 0.4906690 0.01642804         0    0.40   0.14      0.46
952  1.00000000 0.4906690 0.01642804         0    0.40   0.14      0.46
953  0.07812500 0.4906690 0.01642804         0    0.40   0.14      0.46
954  1.00000000 0.4906690 0.01642804         0    0.40   0.14      0.46
955  1.00000000 0.4906690 0.01642804         0    0.40   0.14      0.46
956  0.09765625 0.4906690 0.01642804         0    0.40   0.14      0.46
957  0.08203125 0.4906690 0.01642804         0    0.40   0.14      0.46
958  1.00000000 0.4906690 0.01642804         0    0.40   0.14      0.46
959  1.00000000 0.4906690 0.01642804         0    0.40   0.14      0.46
960  1.00000000 0.4906690 0.01642804         0    0.40   0.14      0.46
961  0.11328125 0.4906690 0.01642804         0    0.40   0.14      0.46
962  1.00000000 0.4906690 0.01642804         0    0.40   0.14      0.46
963  1.00000000 0.4906690 0.01642804         0    0.40   0.14      0.46
964  0.17187500 0.4906690 0.01642804         0    0.40   0.14      0.46
965  1.00000000 0.4906690 0.01642804         0    0.40   0.14      0.46
966  1.00000000 0.4906690 0.01642804         0    0.40   0.14      0.46
967  0.33203125 0.4906690 0.01642804         0    0.40   0.14      0.46
968  0.03125000 0.4906690 0.01642804         0    0.40   0.14      0.46
969  1.00000000 0.4906690 0.01642804         0    0.40   0.14      0.46
970  0.23828125 0.4906690 0.01642804         0    0.40   0.14      0.46
971  0.23437500 0.4906690 0.01642804         0    0.40   0.14      0.46
972  0.09765625 0.4906690 0.01642804         0    0.40   0.14      0.46
973  1.00000000 0.4906690 0.01642804         0    0.40   0.14      0.46
974  1.00000000 0.4906690 0.01642804         0    0.40   0.14      0.46
975  1.00000000 0.4906690 0.01642804         0    0.40   0.14      0.46
976  1.00000000 0.4906690 0.01642804         0    0.40   0.14      0.46
977  1.00000000 0.4906690 0.01642804         0    0.40   0.14      0.46
978  0.26953125 0.4906690 0.01642804         0    0.40   0.14      0.46
979  0.11328125 0.4906690 0.01642804         0    0.40   0.14      0.46
980  1.00000000 0.4906690 0.01642804         0    0.40   0.14      0.46
981  1.00000000 0.4906690 0.01642804         0    0.40   0.14      0.46
982  0.26953125 0.4906690 0.01642804         0    0.40   0.14      0.46
983  0.06250000 0.4906690 0.01642804         0    0.40   0.14      0.46
984  1.00000000 0.4906690 0.01642804         0    0.40   0.14      0.46
985  0.01562500 0.4906690 0.01642804         0    0.40   0.14      0.46
986  0.03125000 0.4906690 0.01642804         0    0.40   0.14      0.46
987  1.00000000 0.4906690 0.01642804         0    0.40   0.14      0.46
988  0.03515625 0.4906690 0.01642804         0    0.40   0.14      0.46
989  1.00000000 0.4906690 0.01642804         0    0.40   0.14      0.46
990  1.00000000 0.4906690 0.01642804         0    0.40   0.14      0.46
991  1.00000000 0.4906690 0.01642804         0    0.40   0.14      0.46
992  1.00000000 0.4906690 0.01642804         0    0.40   0.14      0.46
993  1.00000000 0.4906690 0.01642804         0    0.40   0.14      0.46
994  1.00000000 0.4906690 0.01642804         0    0.40   0.14      0.46
995  0.05468750 0.4906690 0.01642804         0    0.40   0.14      0.46
996  0.06250000 0.4906690 0.01642804         0    0.40   0.14      0.46
997  0.05859375 0.4906690 0.01642804         0    0.40   0.14      0.46
998  0.10156250 0.4906690 0.01642804         0    0.40   0.14      0.46
999  1.00000000 0.4906690 0.01642804         0    0.40   0.14      0.46
1000 1.00000000 0.4906690 0.01642804         0    0.40   0.14      0.46
