      prop.aneu    prob.meio    prob.mito   dispersal euploid mosaic aneuploid
1    1.00000000 0.3724424106 0.9748309995 0.866438161    0.00   0.00      1.00
2    0.90070313 0.4864156973 0.1764195492 0.520323016    0.00   0.32      0.68
3    1.00000000 0.7069211253 0.7483834946 0.728904612    0.00   0.00      1.00
4    0.99996094 0.6958769225 0.6925073403 0.651637301    0.00   0.00      1.00
5    1.00000000 0.4192493604 0.9810072617 0.976967971    0.00   0.00      1.00
6    1.00000000 0.3261948167 0.7952380604 0.442885665    0.00   0.00      1.00
7    1.00000000 0.3463579644 0.7748840488 0.517258088    0.00   0.00      1.00
8    0.99839844 0.2841579227 0.5457515107 0.550276797    0.00   0.00      1.00
9    1.00000000 0.1891834992 0.9607232728 0.187058146    0.00   0.00      1.00
10   1.00000000 0.1187952985 0.9685420257 0.855940687    0.00   0.00      1.00
11   1.00000000 0.6619547640 0.9993197434 0.388363828    0.00   0.00      1.00
12   0.99207031 0.6034473961 0.3588606585 0.293846042    0.00   0.03      0.97
13   1.00000000 0.0101608895 0.7478549087 0.471048859    0.00   0.00      1.00
14   0.99972656 0.7700724148 0.5700906194 0.169306229    0.00   0.00      1.00
15   1.00000000 0.8924210225 0.7728595433 0.580944437    0.00   0.00      1.00
16   0.99988281 0.1278125017 0.7519204456 0.096169258    0.00   0.00      1.00
17   0.99980469 0.0598768534 0.7074647625 0.937188373    0.00   0.00      1.00
18   0.99558594 0.7357014597 0.4066712083 0.608385600    0.00   0.02      0.98
19   0.79992188 0.1661150581 0.1648842224 0.190378570    0.01   0.62      0.37
20   1.00000000 0.6206410737 0.9646197746 0.176717323    0.00   0.00      1.00
21   1.00000000 0.9335795210 0.9198905460 0.805314041    0.00   0.00      1.00
22   0.99960938 0.0582271800 0.6050565287 0.488956888    0.00   0.00      1.00
23   0.99613281 0.5257324520 0.4419627523 0.620752965    0.00   0.03      0.97
24   0.98027344 0.7903986101 0.2644125267 0.533926354    0.00   0.11      0.89
25   0.46410156 0.0674011509 0.0668569412 0.211975900    0.14   0.76      0.10
26   0.53015625 0.3140816938 0.0603024927 0.309963363    0.14   0.59      0.27
27   0.93273438 0.5482091112 0.2255852874 0.274028716    0.00   0.23      0.77
28   0.95539063 0.1107733087 0.3084705535 0.128695371    0.00   0.29      0.71
29   0.70839844 0.0678174591 0.1418630427 0.740182113    0.00   0.79      0.21
30   1.00000000 0.2588048608 0.7184042633 0.193888025    0.00   0.00      1.00
31   0.99968750 0.5762912391 0.6522341212 0.022307135    0.00   0.01      0.99
32   1.00000000 0.7919032972 0.8352221251 0.823720797    0.00   0.00      1.00
33   0.99988281 0.6629593682 0.6271364181 0.282819579    0.00   0.01      0.99
34   0.98074219 0.0074211571 0.3794566954 0.594529504    0.00   0.04      0.96
35   1.00000000 0.7113508589 0.8004815816 0.774539622    0.00   0.00      1.00
36   1.00000000 0.4273572427 0.9169447562 0.619398945    0.00   0.00      1.00
37   0.99984375 0.3495364152 0.6580666353 0.012319792    0.00   0.00      1.00
38   1.00000000 0.7966183708 0.9377767805 0.791665209    0.00   0.00      1.00
39   1.00000000 0.8102920093 0.9828457262 0.031939248    0.00   0.00      1.00
40   0.99984375 0.3464410701 0.6357028270 0.773753095    0.00   0.01      0.99
41   0.34640625 0.1596991636 0.0283492247 0.447653460    0.36   0.46      0.18
42   1.00000000 0.1839293009 0.6882869438 0.815643626    0.00   0.00      1.00
43   0.98726563 0.9531866910 0.2045733263 0.808558741    0.00   0.07      0.93
44   1.00000000 0.5183351976 0.8607980043 0.629875947    0.00   0.00      1.00
45   0.81804687 0.7570248635 0.0389789694 0.781241238    0.07   0.17      0.76
46   0.88535156 0.8782775884 0.0175750058 0.287002505    0.07   0.07      0.86
47   0.99410156 0.3703933107 0.4489682852 0.146354248    0.00   0.05      0.95
48   1.00000000 0.0940317747 0.9305842014 0.725067933    0.00   0.00      1.00
49   0.99726563 0.4447734517 0.5217008735 0.734613924    0.00   0.01      0.99
50   0.99925781 0.8879946501 0.4244935808 0.929410896    0.00   0.00      1.00
51   0.50421875 0.4801330348 0.0080133616 0.904030773    0.43   0.10      0.47
52   1.00000000 0.7624671541 0.9986863681 0.848036735    0.00   0.00      1.00
53   0.92152344 0.6073977877 0.1922113369 0.398309145    0.00   0.26      0.74
54   0.99242188 0.0708305864 0.4487904690 0.432903004    0.00   0.03      0.97
55   0.42753906 0.1120593345 0.0521449717 0.779517458    0.09   0.75      0.16
56   0.66812500 0.1879443813 0.1039493117 0.915625095    0.00   0.68      0.32
57   1.00000000 0.0720592670 0.7669565484 0.547516800    0.00   0.00      1.00
58   0.99339844 0.0084839382 0.4770120874 0.148179529    0.00   0.03      0.97
59   1.00000000 0.9366222464 0.8985176696 0.251285700    0.00   0.00      1.00
60   0.93363281 0.2391849095 0.2758729428 0.533772248    0.00   0.28      0.72
61   0.95867187 0.1314472957 0.3253098908 0.616731354    0.00   0.15      0.85
62   0.99996094 0.8059941577 0.6071389134 0.743817143    0.00   0.00      1.00
63   0.99871094 0.8323064705 0.4762771130 0.385738175    0.00   0.02      0.98
64   1.00000000 0.6347488745 0.9923131436 0.077283950    0.00   0.00      1.00
65   1.00000000 0.4294051451 0.9052047685 0.875758845    0.00   0.00      1.00
66   0.99820312 0.2083648271 0.5485102634 0.156656026    0.00   0.01      0.99
67   0.99757812 0.8029028608 0.3861911071 0.291534570    0.00   0.01      0.99
68   0.98347656 0.4090478236 0.3520788644 0.762196670    0.00   0.06      0.94
69   0.23031250 0.2134399051 0.0109966097 0.515569061    0.58   0.27      0.15
70   0.95750000 0.8421652671 0.1685976577 0.970563604    0.00   0.13      0.87
71   0.99996094 0.5553022465 0.6024616265 0.420520780    0.00   0.00      1.00
72   0.81125000 0.6711870329 0.1065868589 0.324526080    0.02   0.37      0.61
73   1.00000000 0.7616005223 0.7033559983 0.554247060    0.00   0.00      1.00
74   1.00000000 0.5580249189 0.9199760838 0.011823387    0.00   0.00      1.00
75   0.92183594 0.4088263304 0.2264475746 0.130319733    0.00   0.23      0.77
76   0.78527344 0.6048194852 0.0685787846 0.814554111    0.02   0.36      0.62
77   0.99863281 0.3630415811 0.5553474897 0.823857447    0.00   0.00      1.00
78   1.00000000 0.7111275527 0.7640372268 0.192054406    0.00   0.00      1.00
79   0.99992187 0.7951633362 0.6555432489 0.863534229    0.00   0.00      1.00
80   0.97945313 0.7891665085 0.2486735412 0.682815193    0.00   0.08      0.92
81   0.74687500 0.6527687327 0.0319513534 0.792222959    0.11   0.20      0.69
82   1.00000000 0.6884803718 0.8123757786 0.412811892    0.00   0.00      1.00
83   1.00000000 0.8139171032 0.9450504195 0.313122188    0.00   0.00      1.00
84   0.99867187 0.8860889114 0.4491559616 0.502467719    0.00   0.00      1.00
85   0.98542969 0.4716860519 0.3566952641 0.126294681    0.00   0.07      0.93
86   0.99847656 0.6998611586 0.4771433342 0.025352795    0.00   0.00      1.00
87   0.57906250 0.4536587754 0.0444050555 0.937091282    0.07   0.51      0.42
88   1.00000000 0.9831522368 0.8812938668 0.542547304    0.00   0.00      1.00
89   0.99839844 0.7547542595 0.4699895191 0.787034796    0.00   0.02      0.98
90   0.91222656 0.3500192955 0.2241623991 0.009715731    0.01   0.24      0.75
91   0.99886719 0.9345275117 0.2544106394 0.570075016    0.00   0.00      1.00
92   0.98066406 0.4045616915 0.3561849152 0.796276426    0.00   0.09      0.91
93   1.00000000 0.8315645917 0.8221148264 0.905383093    0.00   0.00      1.00
94   0.69941406 0.0633347977 0.1389972167 0.735225457    0.00   0.72      0.28
95   0.98261719 0.8343473251 0.2430967332 0.226139368    0.00   0.06      0.94
96   0.97507813 0.2612000299 0.3542184741 0.583186419    0.00   0.08      0.92
97   0.99964844 0.5575894841 0.5341982702 0.205288419    0.00   0.00      1.00
98   0.75800781 0.3191003548 0.1100824669 0.277120132    0.00   0.59      0.41
99   0.98820312 0.6977039394 0.3280317546 0.674456744    0.00   0.03      0.97
100  0.98402344 0.4957147825 0.3250170699 0.724879909    0.00   0.08      0.92
101  0.99941406 0.9271151449 0.3922243605 0.002718406    0.00   0.00      1.00
102  0.99996094 0.4296505281 0.7468388812 0.393452463    0.00   0.00      1.00
103  0.87550781 0.2235948397 0.2251110899 0.351576645    0.00   0.35      0.65
104  0.99464844 0.5466879006 0.4407296337 0.425109805    0.00   0.02      0.98
105  1.00000000 0.7531870720 0.8322625593 0.724644774    0.00   0.00      1.00
106  1.00000000 0.9995135954 0.9338541038 0.932729353    0.00   0.00      1.00
107  1.00000000 0.8731665395 0.8730629256 0.502029380    0.00   0.00      1.00
108  1.00000000 0.9793069970 0.5670301144 0.847645225    0.00   0.00      1.00
109  0.94597656 0.2996799792 0.2663412101 0.203965751    0.00   0.19      0.81
110  0.99699219 0.5723273922 0.4862464401 0.900121282    0.00   0.02      0.98
111  0.98714844 0.4238727544 0.3780081577 0.903603379    0.00   0.02      0.98
112  0.95937500 0.7310761167 0.1916090434 0.989503711    0.00   0.16      0.84
113  0.98675781 0.2333930908 0.4091300927 0.019587956    0.00   0.13      0.87
114  1.00000000 0.9959779675 0.9673797360 0.672211004    0.00   0.00      1.00
115  1.00000000 0.9902062763 0.6222975228 0.122782749    0.00   0.00      1.00
116  0.99910156 0.6003161238 0.5860898821 0.664516990    0.00   0.01      0.99
117  0.99367187 0.3248639491 0.4405007467 0.811312497    0.00   0.04      0.96
118  0.93332031 0.5938086838 0.1930671588 0.143759082    0.01   0.23      0.76
119  1.00000000 0.7195902981 0.7324033475 0.817955638    0.00   0.00      1.00
120  1.00000000 0.6190824059 0.9918253249 0.589534404    0.00   0.00      1.00
121  0.99976562 0.0584928822 0.6147074485 0.297705038    0.00   0.00      1.00
122  0.74214844 0.3667759853 0.1179089241 0.074345158    0.09   0.49      0.42
123  1.00000000 0.9484900704 0.5928309627 0.693099916    0.00   0.00      1.00
124  0.99988281 0.7328533633 0.5733088518 0.527558028    0.00   0.00      1.00
125  1.00000000 0.2573599119 0.9159809218 0.881577267    0.00   0.00      1.00
126  0.62917969 0.5109484224 0.0156488079 0.364946370    0.26   0.16      0.58
127  0.99992187 0.5820444117 0.6220763754 0.777371043    0.00   0.00      1.00
128  0.99972656 0.6967153077 0.5456423329 0.084021782    0.00   0.00      1.00
129  1.00000000 0.5332165742 0.8027051759 0.592582982    0.00   0.00      1.00
130  0.99675781 0.3863018153 0.4989979304 0.275481076    0.00   0.02      0.98
131  0.99984375 0.7382646198 0.5889002199 0.873455664    0.00   0.00      1.00
132  0.95871094 0.3271047703 0.3037566002 0.957554805    0.00   0.21      0.79
133  0.98062500 0.5940800039 0.2846465646 0.007150845    0.00   0.09      0.91
134  1.00000000 0.4399641431 0.7663948266 0.009800555    0.00   0.00      1.00
135  1.00000000 0.3550310154 0.8599223436 0.906345201    0.00   0.00      1.00
136  0.91367188 0.6429726621 0.1723043576 0.618767786    0.00   0.30      0.70
137  0.81667969 0.4173012825 0.1153824832 0.545390862    0.00   0.45      0.55
138  1.00000000 0.7937318399 0.7311513578 0.855525160    0.00   0.00      1.00
139  0.45757813 0.0357051110 0.0690965538 0.126876117    0.18   0.74      0.08
140  1.00000000 0.4340830895 0.9608843783 0.723595996    0.00   0.00      1.00
141  1.00000000 0.2066767085 0.7579394081 0.879562721    0.00   0.00      1.00
142  0.99675781 0.3446009683 0.4560948045 0.376010535    0.00   0.02      0.98
143  0.99886719 0.6856164667 0.5080772988 0.356766782    0.00   0.01      0.99
144  1.00000000 0.7415068795 0.9072444888 0.438623372    0.00   0.00      1.00
145  0.90339844 0.6861484484 0.1405505878 0.961542049    0.00   0.25      0.75
146  0.91390625 0.7741351402 0.1183666005 0.897103165    0.00   0.19      0.81
147  0.76695313 0.3963257973 0.1314496740 0.453128506    0.00   0.55      0.45
148  0.99980469 0.9494210642 0.4496232474 0.647076642    0.00   0.00      1.00
149  1.00000000 0.9875125606 0.1403409436 0.308927782    0.00   0.00      1.00
150  0.99621094 0.3315493274 0.4898200904 0.568541604    0.00   0.01      0.99
151  0.98035156 0.8901072217 0.1841871187 0.169946489    0.00   0.05      0.95
152  0.98554688 0.2236613333 0.3989002346 0.439359747    0.00   0.07      0.93
153  1.00000000 0.2153607653 0.9112071365 0.957898182    0.00   0.00      1.00
154  0.85480469 0.7585809224 0.0494445560 0.562410083    0.03   0.18      0.79
155  0.99335938 0.3997706345 0.4303690635 0.687520056    0.00   0.01      0.99
156  1.00000000 0.8932948771 0.7958809785 0.107968195    0.00   0.00      1.00
157  0.98914062 0.4420181417 0.3501763323 0.397014659    0.00   0.03      0.97
158  0.99980469 0.1816519408 0.6597828362 0.507429687    0.00   0.00      1.00
159  0.97003906 0.1302150323 0.3610205532 0.398682796    0.00   0.15      0.85
160  0.99996094 0.4291933773 0.7034887704 0.615000721    0.00   0.00      1.00
161  0.97437500 0.2964438656 0.3373937651 0.438042484    0.00   0.15      0.85
162  0.83500000 0.2800919921 0.1705987246 0.874910288    0.00   0.46      0.54
163  0.99933594 0.9071321061 0.5483131851 0.104994478    0.00   0.00      1.00
164  0.99578125 0.9571736238 0.2100993453 0.981467563    0.00   0.00      1.00
165  0.97101563 0.0364479157 0.3546699830 0.833698323    0.00   0.15      0.85
166  0.99921875 0.6862559887 0.5437526195 0.500544038    0.00   0.00      1.00
167  0.99980469 0.4088316883 0.6129740865 0.207352460    0.00   0.00      1.00
168  0.86300781 0.6699880871 0.0945383706 0.365130743    0.02   0.25      0.73
169  0.96753906 0.5543696478 0.2840093928 0.501529401    0.00   0.17      0.83
170  0.95226563 0.6944737036 0.2090619167 0.395699158    0.00   0.19      0.81
171  1.00000000 0.9248428659 0.8374476403 0.420479652    0.00   0.00      1.00
172  0.91441406 0.8470903006 0.0837346653 0.891925270    0.00   0.17      0.83
173  1.00000000 0.9030282404 0.9582349292 0.897704378    0.00   0.00      1.00
174  0.98277344 0.8396237690 0.2370426042 0.199221613    0.00   0.08      0.92
175  0.99937500 0.7637519857 0.5449299002 0.994416770    0.00   0.00      1.00
176  1.00000000 0.8378325286 0.5819766899 0.719360790    0.00   0.00      1.00
177  1.00000000 0.6503350884 0.9885611515 0.583333787    0.00   0.00      1.00
178  0.99972656 0.2197597241 0.6176534165 0.440618971    0.00   0.00      1.00
179  0.98937500 0.6730150972 0.3648329233 0.192668759    0.00   0.05      0.95
180  0.91925781 0.6309047362 0.1708534625 0.442040974    0.00   0.25      0.75
181  0.99964844 0.4570126506 0.6426642053 0.920307073    0.00   0.00      1.00
182  0.88824219 0.1266885092 0.2385131579 0.508108739    0.00   0.40      0.60
183  1.00000000 0.8362255038 0.6293863058 0.942803572    0.00   0.00      1.00
184  0.99730469 0.4341079930 0.4928836911 0.988254785    0.00   0.02      0.98
185  0.99945313 0.6557010252 0.5402829295 0.589774400    0.00   0.00      1.00
186  1.00000000 0.6554681472 0.8045423902 0.576040503    0.00   0.00      1.00
187  0.90765625 0.4364987316 0.2124501080 0.293479846    0.00   0.32      0.68
188  0.92761719 0.1270232163 0.2650717066 0.644576089    0.00   0.31      0.69
189  0.99539062 0.9464405107 0.2644203915 0.384619621    0.00   0.01      0.99
190  1.00000000 0.8312436491 0.8801984368 0.047077560    0.00   0.00      1.00
191  1.00000000 0.0038159655 0.8438527863 0.699500018    0.00   0.00      1.00
192  0.50597656 0.1099132292 0.0788807662 0.251507557    0.10   0.77      0.13
193  0.99960938 0.1555895552 0.6187527864 0.757303085    0.00   0.00      1.00
194  1.00000000 0.7007817777 0.7992279928 0.715071446    0.00   0.00      1.00
195  0.99996094 0.9293986207 0.6222718679 0.762184078    0.00   0.00      1.00
196  1.00000000 0.8977039305 0.7678458819 0.870159931    0.00   0.00      1.00
197  0.88523438 0.6193075590 0.1579017257 0.246448142    0.01   0.26      0.73
198  1.00000000 0.9462003843 0.7812293342 0.391848988    0.00   0.00      1.00
199  1.00000000 0.6889507063 0.9348430608 0.789603697    0.00   0.00      1.00
200  0.96007813 0.2736885094 0.2904596135 0.317745421    0.00   0.25      0.75
201  0.19246094 0.1206864619 0.0054881319 0.326803547    0.74   0.10      0.16
202  0.84019531 0.6627006708 0.1061746653 0.904445370    0.00   0.33      0.67
203  0.99210937 0.4378852500 0.4057997284 0.706244930    0.00   0.02      0.98
204  0.99722656 0.9166921941 0.2913827524 0.559685342    0.00   0.02      0.98
205  1.00000000 0.5713426592 0.6876213497 0.824186474    0.00   0.00      1.00
206  1.00000000 0.5338389669 0.7462432701 0.177183006    0.00   0.00      1.00
207  0.99914063 0.0401549991 0.5874471786 0.264652932    0.00   0.01      0.99
208  1.00000000 0.1469415482 0.9055614579 0.368981112    0.00   0.00      1.00
209  1.00000000 0.8335185037 0.6086114245 0.992447390    0.00   0.00      1.00
210  0.99964844 0.8376059351 0.5898141458 0.544413391    0.00   0.01      0.99
211  0.99992187 0.1573980052 0.6953015691 0.142531432    0.00   0.00      1.00
212  1.00000000 0.0501006744 0.8047806658 0.021957481    0.00   0.00      1.00
213  0.99828125 0.9624417454 0.3400612874 0.482143052    0.00   0.02      0.98
214  0.52242188 0.2144927785 0.0625120711 0.252987908    0.13   0.67      0.20
215  0.72363281 0.4331003481 0.0890633354 0.296679523    0.06   0.46      0.48
216  0.92480469 0.5300859415 0.2193206502 0.485944884    0.00   0.21      0.79
217  1.00000000 0.5866037807 0.6297171172 0.223152857    0.00   0.00      1.00
218  0.99960938 0.2727159248 0.6192453650 0.091552924    0.00   0.00      1.00
219  0.99992187 0.1740250140 0.7057494815 0.829863340    0.00   0.00      1.00
220  1.00000000 0.2671014073 0.8725816733 0.440598995    0.00   0.00      1.00
221  1.00000000 0.5953129260 0.8586251005 0.339521542    0.00   0.00      1.00
222  1.00000000 0.4272367703 0.8195857909 0.681392621    0.00   0.00      1.00
223  1.00000000 0.4991826888 0.9386806886 0.656418219    0.00   0.00      1.00
224  0.99898438 0.0056966997 0.5644771806 0.343065711    0.00   0.01      0.99
225  1.00000000 0.6918197931 0.8059636927 0.294926574    0.00   0.00      1.00
226  1.00000000 0.2946376691 0.9518801186 0.022501298    0.00   0.00      1.00
227  0.99960938 0.4902424552 0.6342611143 0.573631931    0.00   0.00      1.00
228  0.99964844 0.4117895728 0.5790783877 0.534395168    0.00   0.01      0.99
229  0.91589844 0.4003016707 0.2276584732 0.450028049    0.00   0.30      0.70
230  0.99988281 0.9499335485 0.5727982225 0.695326559    0.00   0.00      1.00
231  0.99078125 0.2214782573 0.4418067709 0.200325876    0.00   0.05      0.95
232  0.99632813 0.7779748880 0.3799373859 0.106839579    0.00   0.03      0.97
233  1.00000000 0.7500534081 0.6831745636 0.594288344    0.00   0.00      1.00
234  0.66316406 0.5534502247 0.0430044059 0.070292710    0.19   0.26      0.55
235  0.99996094 0.3921579381 0.6637561002 0.847830545    0.00   0.00      1.00
236  1.00000000 0.2329629133 0.7983452412 0.466584888    0.00   0.00      1.00
237  0.99789063 0.5339261468 0.5070862866 0.362880999    0.00   0.01      0.99
238  1.00000000 0.2414673129 0.9752543224 0.632718917    0.00   0.00      1.00
239  0.99832031 0.1857811795 0.5389678245 0.536346501    0.00   0.00      1.00
240  1.00000000 0.3085919921 0.7584861391 0.048131741    0.00   0.00      1.00
241  1.00000000 0.8590638204 0.6021948471 0.065937971    0.00   0.00      1.00
242  0.99882812 0.0005663373 0.5559060555 0.080636118    0.00   0.00      1.00
243  1.00000000 0.6725093294 0.9738580459 0.292470521    0.00   0.00      1.00
244  0.71882813 0.6991522326 0.0269049585 0.437522776    0.12   0.23      0.65
245  1.00000000 0.1759709311 0.9027289769 0.333191025    0.00   0.00      1.00
246  0.97730469 0.7859837762 0.2490446053 0.468191643    0.00   0.08      0.92
247  0.99234375 0.9065251164 0.2849257500 0.845857467    0.00   0.03      0.97
248  0.99375000 0.0270302487 0.4661129543 0.646208669    0.00   0.02      0.98
249  0.99929687 0.6057646980 0.5143469698 0.731440508    0.00   0.01      0.99
250  0.99992187 0.8098951783 0.6289144121 0.415237837    0.00   0.00      1.00
251  0.99996094 0.3049603205 0.7351169263 0.594694421    0.00   0.00      1.00
252  0.84109375 0.8871981632 0.0480823324 0.693236322    0.05   0.17      0.78
253  0.94031250 0.3880797911 0.2437991069 0.279612367    0.00   0.23      0.77
254  0.99964844 0.8363113925 0.4761930886 0.639841948    0.00   0.00      1.00
255  1.00000000 0.1046121607 0.8262078874 0.685069478    0.00   0.00      1.00
256  0.93660156 0.9131610189 0.0497806191 0.313063676    0.04   0.05      0.91
257  1.00000000 0.0095170392 0.8242478054 0.741190602    0.00   0.00      1.00
258  0.99996094 0.0565597627 0.7009904557 0.261463621    0.00   0.00      1.00
259  0.91554687 0.2438175268 0.2455924314 0.212140874    0.00   0.27      0.73
260  0.99406250 0.1705684164 0.4686024042 0.614657069    0.00   0.04      0.96
261  0.98707031 0.0781456048 0.4127706462 0.988687341    0.00   0.07      0.93
262  0.99558594 0.4487245094 0.4806179455 0.679036230    0.00   0.04      0.96
263  1.00000000 0.4931682788 0.7087562757 0.219505884    0.00   0.00      1.00
264  1.00000000 0.0516734906 0.9832484261 0.562486686    0.00   0.00      1.00
265  1.00000000 0.8388311616 0.6894491483 0.563995229    0.00   0.00      1.00
266  1.00000000 0.9846583547 0.6072129190 0.833658934    0.00   0.00      1.00
267  0.97523437 0.2830330110 0.3605931380 0.278490775    0.00   0.13      0.87
268  1.00000000 0.0138936166 0.9857530138 0.341066384    0.00   0.00      1.00
269  1.00000000 0.1900228255 0.7944475894 0.710731489    0.00   0.00      1.00
270  0.34636719 0.0815041298 0.0411420404 0.393161269    0.29   0.59      0.12
271  1.00000000 0.1425307780 0.9803535838 0.954150883    0.00   0.00      1.00
272  0.97804687 0.4250946734 0.3138557645 0.211505938    0.00   0.12      0.88
273  1.00000000 0.7300931376 0.9677244888 0.241697584    0.00   0.00      1.00
274  0.40515625 0.0774923502 0.0559124532 0.434396173    0.19   0.70      0.11
275  0.99984375 0.7819052457 0.6351413787 0.979746580    0.00   0.00      1.00
276  0.99980469 0.3119427490 0.6137444137 0.597226099    0.00   0.00      1.00
277  0.99714844 0.1750220046 0.4911027639 0.429046799    0.00   0.01      0.99
278  1.00000000 0.2103870953 0.9952185825 0.937333235    0.00   0.00      1.00
279  1.00000000 0.5666999223 0.9315980813 0.970959635    0.00   0.00      1.00
280  0.71652344 0.0302784226 0.1470364840 0.985364414    0.00   0.81      0.19
281  0.99996094 0.8291598673 0.6071129721 0.218789559    0.00   0.00      1.00
282  1.00000000 0.8346780515 0.9254461699 0.201201516    0.00   0.00      1.00
283  0.99496094 0.8659547921 0.3287835538 0.306954616    0.00   0.02      0.98
284  0.99269531 0.3382685117 0.4673553400 0.840293226    0.00   0.02      0.98
285  1.00000000 0.4249764879 0.7675714022 0.630704889    0.00   0.00      1.00
286  1.00000000 0.7342402590 0.6720330205 0.411657675    0.00   0.00      1.00
287  0.99921875 0.1718496466 0.5588578249 0.090734354    0.00   0.00      1.00
288  1.00000000 0.8928914599 0.7964374365 0.481331604    0.00   0.00      1.00
289  0.99843750 0.8639723293 0.4487026660 0.524930781    0.00   0.01      0.99
290  0.97429687 0.1946043612 0.3562971398 0.188627499    0.00   0.07      0.93
291  0.99234375 0.0314900083 0.4472776048 0.258654498    0.00   0.03      0.97
292  1.00000000 0.8504057107 0.8735439559 0.053363325    0.00   0.00      1.00
293  1.00000000 0.1589683860 0.9137095578 0.659363815    0.00   0.00      1.00
294  1.00000000 0.6875572994 0.9572066027 0.165863104    0.00   0.00      1.00
295  1.00000000 0.1523518017 0.8024467728 0.075061364    0.00   0.00      1.00
296  0.93328125 0.8186731201 0.1147129193 0.146347459    0.01   0.11      0.88
297  0.96382813 0.3664911049 0.3179827761 0.922921682    0.00   0.19      0.81
298  1.00000000 0.0574889861 0.7908573735 0.468032090    0.00   0.00      1.00
299  0.73433594 0.3087590688 0.1240929670 0.037669812    0.10   0.43      0.47
300  0.65625000 0.0290360807 0.1189455022 0.150198313    0.03   0.75      0.22
301  0.69367188 0.4460191668 0.0925967544 0.667227652    0.00   0.60      0.40
302  0.91636719 0.0873911974 0.2639231202 0.931491783    0.00   0.35      0.65
303  0.99570313 0.4779618799 0.4449581876 0.042260364    0.00   0.03      0.97
304  1.00000000 0.2142922948 0.7017761469 0.811972768    0.00   0.00      1.00
305  1.00000000 0.7271444832 0.8305487211 0.415506701    0.00   0.00      1.00
306  1.00000000 0.9737815727 0.9699776671 0.994098509    0.00   0.00      1.00
307  1.00000000 0.2634289553 0.8359139843 0.861485841    0.00   0.00      1.00
308  0.99398438 0.3417956331 0.4355866602 0.909489942    0.00   0.03      0.97
309  0.96230469 0.8795280450 0.1798452656 0.330092985    0.00   0.11      0.89
310  0.69109375 0.1985042468 0.1249231345 0.885313520    0.02   0.67      0.31
311  0.22996094 0.2062996314 0.0027501085 0.270518687    0.71   0.08      0.21
312  0.99906250 0.4941294023 0.5235619356 0.361609490    0.00   0.00      1.00
313  0.94703125 0.1223378978 0.2912481229 0.575659584    0.00   0.13      0.87
314  0.99964844 0.5041837441 0.6435190875 0.228884780    0.00   0.00      1.00
315  0.99968750 0.9227099239 0.4964256480 0.267864316    0.00   0.00      1.00
316  0.57167969 0.2607294002 0.0559359055 0.355855596    0.14   0.55      0.31
317  1.00000000 0.6540818538 0.8315699690 0.631724597    0.00   0.00      1.00
318  1.00000000 0.8164476689 0.7699998254 0.724479955    0.00   0.00      1.00
319  0.79156250 0.6256064822 0.0737424998 0.605876902    0.01   0.38      0.61
320  0.91769531 0.3799597654 0.2323159233 0.687303269    0.00   0.31      0.69
321  1.00000000 0.4597061181 0.9748651993 0.672723851    0.00   0.00      1.00
322  0.95628906 0.3066413088 0.2889419284 0.692254689    0.00   0.25      0.75
323  0.96988281 0.5182642841 0.3148487164 0.998236038    0.00   0.14      0.86
324  0.87742188 0.7072270371 0.1181111815 0.283170407    0.01   0.26      0.73
325  0.89976563 0.8037359593 0.0846108703 0.421164889    0.00   0.20      0.80
326  1.00000000 0.8381236461 0.8114134399 0.513579292    0.00   0.00      1.00
327  0.93339844 0.6461827091 0.1858195360 0.838630653    0.00   0.23      0.77
328  0.99988281 0.4648714266 0.6274148484 0.791162378    0.00   0.00      1.00
329  1.00000000 0.2048228974 0.7797682311 0.825541599    0.00   0.00      1.00
330  0.99605469 0.1147927388 0.5035832711 0.701801230    0.00   0.03      0.97
331  1.00000000 0.6300766636 0.8475702913 0.175699784    0.00   0.00      1.00
332  1.00000000 0.7030944845 0.9069212831 0.207771572    0.00   0.00      1.00
333  0.94191406 0.6810044101 0.1751895156 0.523452949    0.00   0.19      0.81
334  0.99976562 0.9835463639 0.4141346188 0.827508837    0.00   0.00      1.00
335  0.99781250 0.4278799586 0.5124721359 0.352488257    0.00   0.00      1.00
336  0.83757812 0.3093579935 0.1733717853 0.459260447    0.00   0.47      0.53
337  0.99515625 0.9729670840 0.2486061596 0.466857615    0.00   0.04      0.96
338  0.99945313 0.7815370120 0.5465284188 0.984965984    0.00   0.00      1.00
339  0.99785156 0.4436336535 0.4768948671 0.760963531    0.00   0.01      0.99
340  1.00000000 0.8989693767 0.7237178879 0.687147182    0.00   0.00      1.00
341  0.99953125 0.2575962159 0.5770819553 0.341467379    0.00   0.00      1.00
342  0.97042969 0.9105721384 0.1358955118 0.509650435    0.00   0.06      0.94
343  0.90300781 0.8024375495 0.0768367345 0.287391700    0.01   0.18      0.81
344  0.48382812 0.5012881812 0.0017549202 0.668722739    0.48   0.04      0.48
345  1.00000000 0.8199355276 0.9069564091 0.489943823    0.00   0.00      1.00
346  0.98179688 0.1876663275 0.3620112087 0.815316790    0.00   0.07      0.93
347  0.99960938 0.6918083918 0.6109140911 0.098485794    0.00   0.00      1.00
348  1.00000000 0.8759508750 0.7361625894 0.706374816    0.00   0.00      1.00
349  1.00000000 0.3002419337 0.7368151438 0.493893423    0.00   0.00      1.00
350  0.96476562 0.3240607318 0.3096697778 0.923993583    0.00   0.09      0.91
351  1.00000000 0.7676060048 0.9303565668 0.732581132    0.00   0.00      1.00
352  1.00000000 0.5639570619 0.9765044316 0.247100433    0.00   0.00      1.00
353  0.96394531 0.6366474663 0.2511904833 0.788862249    0.00   0.18      0.82
354  0.99996094 0.5430118423 0.6361522563 0.015396035    0.00   0.00      1.00
355  1.00000000 0.7143947245 0.8289256941 0.039682477    0.00   0.00      1.00
356  1.00000000 0.6254575483 0.9295876219 0.448089784    0.00   0.00      1.00
357  0.91718750 0.8512676312 0.1133246589 0.041030966    0.07   0.08      0.85
358  1.00000000 0.1414757327 0.8466558424 0.355361377    0.00   0.00      1.00
359  1.00000000 0.4489075895 0.8187485202 0.011676746    0.00   0.00      1.00
360  0.99824219 0.8153000374 0.4310058376 0.070255679    0.00   0.01      0.99
361  0.87636719 0.3164813248 0.1895708486 0.391761470    0.00   0.47      0.53
362  1.00000000 0.5592460886 0.7371938031 0.333682020    0.00   0.00      1.00
363  1.00000000 0.3957545944 0.9514052102 0.397778561    0.00   0.00      1.00
364  0.99156250 0.8892588047 0.2731303379 0.696937284    0.00   0.05      0.95
365  0.95429688 0.3770692996 0.2416391091 0.441394575    0.00   0.19      0.81
366  0.99156250 0.2266580157 0.4111038998 0.381381433    0.00   0.00      1.00
367  1.00000000 0.0238935198 0.8221198320 0.838516665    0.00   0.00      1.00
368  1.00000000 0.2041931555 0.9117206619 0.477172859    0.00   0.00      1.00
369  0.97210938 0.8517599807 0.2056663490 0.355077658    0.00   0.10      0.90
370  0.78003906 0.4330055779 0.1043561450 0.800399173    0.01   0.48      0.51
371  0.99957031 0.2301668245 0.6380875185 0.926903108    0.00   0.00      1.00
372  1.00000000 0.4643936115 0.9537971914 0.157938237    0.00   0.00      1.00
373  0.98414062 0.6929484783 0.3005276234 0.292801680    0.00   0.06      0.94
374  1.00000000 0.1407477984 0.8177551783 0.554721499    0.00   0.00      1.00
375  0.91261719 0.7919873139 0.0915347950 0.289082519    0.01   0.16      0.83
376  0.99578125 0.7895495764 0.3492568047 0.847048932    0.00   0.02      0.98
377  0.99988281 0.4196449236 0.6407107192 0.263249655    0.00   0.00      1.00
378  1.00000000 0.7956731734 0.9150023521 0.752118812    0.00   0.00      1.00
379  0.99417969 0.5153888657 0.4329695005 0.658325261    0.00   0.03      0.97
380  0.83457031 0.1800784047 0.1732651244 0.197763876    0.00   0.48      0.52
381  0.98589844 0.5725486258 0.3587649630 0.605212565    0.00   0.03      0.97
382  1.00000000 0.8879676701 0.9095294599 0.828124759    0.00   0.00      1.00
383  1.00000000 0.2094154528 0.8412960859 0.585756040    0.00   0.00      1.00
384  1.00000000 0.6951290758 0.9633499850 0.528322308    0.00   0.00      1.00
385  1.00000000 0.1469502714 0.7284604323 0.074213045    0.00   0.00      1.00
386  0.87332031 0.6407618683 0.1244370334 0.325144804    0.00   0.33      0.67
387  0.92296875 0.8119112435 0.1165177219 0.981253212    0.01   0.17      0.82
388  0.97984375 0.3984827816 0.3498558325 0.133567086    0.00   0.06      0.94
389  1.00000000 0.0822077547 0.7434118912 0.771115064    0.00   0.00      1.00
390  0.99972656 0.7673835990 0.5473328819 0.131474775    0.00   0.00      1.00
391  0.90285156 0.6297065502 0.1361326938 0.729818533    0.00   0.23      0.77
392  1.00000000 0.0534804275 0.9165924501 0.934138744    0.00   0.00      1.00
393  0.99957031 0.0981700609 0.5846585997 0.760734358    0.00   0.00      1.00
394  0.99308594 0.2960666558 0.4356255678 0.177042945    0.00   0.01      0.99
395  0.76121094 0.0062237487 0.1631802532 0.383030038    0.00   0.71      0.29
396  0.99984375 0.4525458487 0.6705173757 0.338516117    0.00   0.00      1.00
397  1.00000000 0.9118531588 0.9765750610 0.743969998    0.00   0.00      1.00
398  0.89003906 0.2708047209 0.2163054165 0.415595572    0.00   0.33      0.67
399  0.86269531 0.0701035855 0.2104018598 0.929137296    0.00   0.40      0.60
400  0.24722656 0.2129307792 0.0105222526 0.419045746    0.63   0.19      0.18
401  0.88843750 0.3932650187 0.1810803325 0.940192457    0.00   0.34      0.66
402  0.99992187 0.1691026995 0.7909086680 0.948370162    0.00   0.00      1.00
403  0.99972656 0.1864461028 0.6332245509 0.369759707    0.00   0.00      1.00
404  1.00000000 0.6361046915 0.9971130036 0.200849351    0.00   0.00      1.00
405  0.72601563 0.4383641246 0.0883221200 0.217706181    0.07   0.43      0.50
406  0.91941406 0.3779675232 0.2417527058 0.241116949    0.00   0.30      0.70
407  0.77097656 0.6584741028 0.0467630145 0.357528838    0.09   0.22      0.69
408  1.00000000 0.4969883531 0.9714851326 0.001693390    0.00   0.00      1.00
409  0.83425781 0.6026277933 0.1059004308 0.168661830    0.01   0.32      0.67
410  0.92968750 0.4134355881 0.2479676306 0.148194267    0.00   0.26      0.74
411  0.97636719 0.5541559884 0.2957502999 0.429670015    0.00   0.08      0.92
412  0.99675781 0.9190845911 0.3887603162 0.799134149    0.00   0.03      0.97
413  1.00000000 0.3438305913 0.9186794288 0.221521834    0.00   0.00      1.00
414  0.86597656 0.5844817569 0.1368648608 0.304498427    0.00   0.29      0.71
415  0.99992187 0.5689782943 0.6937215589 0.231109847    0.00   0.00      1.00
416  1.00000000 0.4557760179 0.8630709366 0.648909887    0.00   0.00      1.00
417  1.00000000 0.6305427530 0.7256596598 0.329536214    0.00   0.00      1.00
418  0.99972656 0.8393484084 0.4993170125 0.528146046    0.00   0.00      1.00
419  0.94093750 0.2242142132 0.2719216531 0.610652291    0.00   0.20      0.80
420  0.97871094 0.8161563112 0.2244183808 0.088594111    0.00   0.08      0.92
421  0.98210937 0.5719542226 0.3377110506 0.321834936    0.00   0.11      0.89
422  1.00000000 0.1085557572 0.8107456027 0.604375979    0.00   0.00      1.00
423  0.07261719 0.0656758957 0.0003591729 0.926131734    0.91   0.02      0.07
424  0.99277344 0.5766278997 0.3681413191 0.447418352    0.00   0.05      0.95
425  0.93484375 0.8592644201 0.0705011557 0.597372231    0.01   0.10      0.89
426  0.99250000 0.4420772875 0.4392257927 0.465172210    0.00   0.03      0.97
427  1.00000000 0.7208616685 0.8082808326 0.799521532    0.00   0.00      1.00
428  1.00000000 0.2197497194 0.9111059001 0.421270877    0.00   0.00      1.00
429  1.00000000 0.7710731339 0.9096563573 0.860088708    0.00   0.00      1.00
430  1.00000000 0.4320338718 0.9608496730 0.253119144    0.00   0.00      1.00
431  1.00000000 0.4212296640 0.7726387449 0.843650836    0.00   0.00      1.00
432  0.99855469 0.4143965379 0.5185216775 0.346874992    0.00   0.00      1.00
433  0.99964844 0.9411330572 0.3426548138 0.357547307    0.00   0.00      1.00
434  0.94757813 0.3699730798 0.2840729074 0.310741443    0.00   0.23      0.77
435  0.98933594 0.4988548956 0.3830754259 0.623787872    0.00   0.04      0.96
436  0.99996094 0.2606382682 0.7588185903 0.200824153    0.00   0.00      1.00
437  0.97199219 0.6763391425 0.2975287938 0.800104880    0.00   0.11      0.89
438  0.96703125 0.3960107120 0.2969909583 0.071018309    0.00   0.20      0.80
439  1.00000000 0.1809579139 0.8491489687 0.706780416    0.00   0.00      1.00
440  0.26222656 0.2106359887 0.0036049408 0.357073357    0.72   0.04      0.24
441  1.00000000 0.9701242836 0.8787494113 0.601293409    0.00   0.00      1.00
442  0.95476562 0.7676797467 0.2095211167 0.380849389    0.00   0.18      0.82
443  0.99792969 0.6069646496 0.4719895753 0.446805975    0.00   0.01      0.99
444  1.00000000 0.0968739574 0.9888717607 0.105754039    0.00   0.00      1.00
445  1.00000000 0.4697894219 0.8753493014 0.832410833    0.00   0.00      1.00
446  1.00000000 0.6669106518 0.7218203808 0.072829888    0.00   0.00      1.00
447  0.87046875 0.7449307945 0.0970387566 0.785308411    0.00   0.24      0.76
448  0.95507812 0.5083144093 0.2411256933 0.489868335    0.00   0.18      0.82
449  1.00000000 0.6452547649 0.9824328113 0.479533688    0.00   0.00      1.00
450  0.71003906 0.2141981733 0.1330559112 0.937134296    0.01   0.70      0.29
451  1.00000000 0.6536656721 0.8513279278 0.653882835    0.00   0.00      1.00
452  0.99789063 0.6521557425 0.4439864838 0.429754371    0.00   0.01      0.99
453  0.68046875 0.3888153096 0.0852443047 0.838640990    0.01   0.63      0.36
454  0.99988281 0.9618247589 0.5399666324 0.786965555    0.00   0.00      1.00
455  1.00000000 0.6079415500 0.8572564491 0.047298298    0.00   0.00      1.00
456  0.87957031 0.7594322148 0.0773935332 0.062732937    0.05   0.17      0.78
457  0.93718750 0.5912235901 0.1839312038 0.636133534    0.00   0.18      0.82
458  1.00000000 0.9467519522 0.7923209842 0.942136497    0.00   0.00      1.00
459  0.99894531 0.8709235983 0.4732053985 0.821522492    0.00   0.01      0.99
460  0.99945313 0.6477828268 0.5623863363 0.709740569    0.00   0.00      1.00
461  0.97390625 0.9494688855 0.0189542237 0.198570656    0.02   0.01      0.97
462  0.99867187 0.8272229685 0.4448513156 0.973320280    0.00   0.01      0.99
463  0.99984375 0.4046380953 0.7015505214 0.457419426    0.00   0.00      1.00
464  1.00000000 0.1401382554 0.9461363719 0.956145420    0.00   0.00      1.00
465  1.00000000 0.4025460016 0.9084353067 0.260908321    0.00   0.00      1.00
466  1.00000000 0.8590991902 0.8298387229 0.894475602    0.00   0.00      1.00
467  0.76582031 0.1303999834 0.1562643331 0.931762297    0.00   0.67      0.33
468  0.97578125 0.7639816531 0.2807959029 0.741055580    0.00   0.11      0.89
469  1.00000000 0.8694167901 0.7435755818 0.898033554    0.00   0.00      1.00
470  0.86613281 0.1604014225 0.2016047577 0.662711170    0.00   0.41      0.59
471  0.99839844 0.3003303425 0.5514288431 0.519910886    0.00   0.01      0.99
472  0.99675781 0.8793688293 0.2944680266 0.520138766    0.00   0.01      0.99
473  1.00000000 0.3226200743 0.7265754680 0.896630767    0.00   0.00      1.00
474  0.47398438 0.2716721816 0.0331909268 0.548824131    0.29   0.37      0.34
475  1.00000000 0.5243708775 0.7112482262 0.798352395    0.00   0.00      1.00
476  0.66285156 0.3383105656 0.0720162147 0.325561298    0.07   0.50      0.43
477  0.89656250 0.7045120173 0.1314038266 0.267982533    0.02   0.22      0.76
478  0.99945313 0.3894672161 0.6004336695 0.723720936    0.00   0.00      1.00
479  0.99914063 0.1199911560 0.5451737109 0.482930763    0.00   0.00      1.00
480  0.99941406 0.1923833564 0.5785728779 0.530965222    0.00   0.00      1.00
481  0.99792969 0.7979597156 0.4049677558 0.287240732    0.00   0.02      0.98
482  0.92171875 0.2532512133 0.2411633444 0.683821399    0.00   0.33      0.67
483  1.00000000 0.9166728328 0.6428476751 0.575978988    0.00   0.00      1.00
484  0.99937500 0.8786184320 0.4375413340 0.810128627    0.00   0.00      1.00
485  0.99984375 0.1384439354 0.7010531209 0.472879685    0.00   0.01      0.99
486  0.98886719 0.8045647119 0.2452609334 0.109101173    0.00   0.04      0.96
487  1.00000000 0.3873643866 0.8093365703 0.258044459    0.00   0.00      1.00
488  0.99921875 0.0733078872 0.5792404527 0.928053164    0.00   0.01      0.99
489  0.87289063 0.5898241126 0.1510655121 0.987362104    0.00   0.32      0.68
490  1.00000000 0.9999808001 0.7784179861 0.462319898    0.00   0.00      1.00
491  0.99933594 0.4033889093 0.6028644752 0.538793256    0.00   0.00      1.00
492  1.00000000 0.3212189982 0.8421304976 0.738697070    0.00   0.00      1.00
493  1.00000000 0.7585869872 0.8918605535 0.180125547    0.00   0.00      1.00
494  0.96585937 0.1688470501 0.3153334525 0.732273905    0.00   0.17      0.83
495  0.98160156 0.3922614646 0.3458546924 0.071757598    0.00   0.08      0.92
496  0.98359375 0.7780965415 0.2510671427 0.517991367    0.00   0.07      0.93
497  0.99882812 0.6637088004 0.4763291066 0.640266553    0.00   0.00      1.00
498  0.95234375 0.1231794755 0.3004639547 0.393478907    0.00   0.16      0.84
499  0.94796875 0.8336725435 0.1275324041 0.885701489    0.00   0.14      0.86
500  0.84761719 0.2015202423 0.1961732488 0.759955863    0.00   0.45      0.55
501  0.99992187 0.3289307181 0.7619223087 0.995897955    0.00   0.00      1.00
502  0.93820313 0.5911456766 0.2286237059 0.721651415    0.00   0.18      0.82
503  1.00000000 0.8133942073 0.9838714281 0.154016420    0.00   0.00      1.00
504  1.00000000 0.0205846485 0.9941350922 0.575084065    0.00   0.00      1.00
505  0.83269531 0.4471842304 0.1395383885 0.065148829    0.04   0.37      0.59
506  0.99996094 0.0543345104 0.7151521069 0.579751648    0.00   0.00      1.00
507  0.92632812 0.3897558618 0.2206809379 0.057070795    0.00   0.21      0.79
508  1.00000000 0.4226128364 0.9669927768 0.084289544    0.00   0.00      1.00
509  0.99996094 0.3903327412 0.6958918613 0.348564857    0.00   0.00      1.00
510  0.99941406 0.3443853380 0.5606204933 0.907803276    0.00   0.01      0.99
511  1.00000000 0.4347319168 0.8960368310 0.310348454    0.00   0.00      1.00
512  1.00000000 0.0361498345 0.8932596624 0.737690783    0.00   0.00      1.00
513  0.99925781 0.7622866745 0.5029392510 0.312416743    0.00   0.01      0.99
514  0.99996094 0.4439895358 0.6882789307 0.517839829    0.00   0.00      1.00
515  0.54027344 0.4568078816 0.0216848091 0.166206318    0.33   0.21      0.46
516  0.99996094 0.4494172365 0.6528663770 0.991767496    0.00   0.00      1.00
517  0.98937500 0.5798953217 0.3543118217 0.541362536    0.00   0.03      0.97
518  0.96003906 0.7757142195 0.2164256487 0.638365354    0.00   0.15      0.85
519  0.90699219 0.7447168918 0.1225865013 0.417915393    0.00   0.23      0.77
520  1.00000000 0.4950619685 0.8583173731 0.931099290    0.00   0.00      1.00
521  0.99835938 0.1774695248 0.5723875910 0.308936710    0.00   0.01      0.99
522  1.00000000 0.4346604345 0.8572860665 0.026324458    0.00   0.00      1.00
523  0.98117188 0.4162321845 0.3549982521 0.243522886    0.00   0.06      0.94
524  0.99972656 0.3450745966 0.6432837925 0.108881521    0.00   0.00      1.00
525  0.97199219 0.5450705583 0.3168257691 0.811818551    0.00   0.09      0.91
526  1.00000000 0.4714713499 0.8737973084 0.780469312    0.00   0.00      1.00
527  0.99777344 0.9953189259 0.2042594894 0.016365726    0.00   0.01      0.99
528  0.99671875 0.9304988908 0.2886917996 0.958464784    0.00   0.03      0.97
529  0.95863281 0.3183014612 0.2796862011 0.465617147    0.00   0.18      0.82
530  1.00000000 0.2555498607 0.9830373584 0.600535063    0.00   0.00      1.00
531  0.86871094 0.8895984269 0.0292396110 0.148852243    0.11   0.06      0.83
532  1.00000000 0.5636929658 0.9083287017 0.715729461    0.00   0.00      1.00
533  0.98746094 0.2580366263 0.3896633026 0.056734320    0.00   0.04      0.96
534  1.00000000 0.1690550135 0.9435837003 0.244851737    0.00   0.00      1.00
535  1.00000000 0.5050880630 0.7399269268 0.858117181    0.00   0.00      1.00
536  1.00000000 0.4735799243 0.7741909085 0.306856198    0.00   0.00      1.00
537  0.99996094 0.8096460882 0.6100594574 0.210301179    0.00   0.00      1.00
538  1.00000000 0.9174620486 0.8285215546 0.679012062    0.00   0.00      1.00
539  0.94316406 0.0674935163 0.2930047296 0.606834126    0.00   0.24      0.76
540  0.92562500 0.4728591291 0.2186857082 0.976351638    0.00   0.28      0.72
541  0.99382812 0.9732209526 0.1021844631 0.713981031    0.00   0.01      0.99
542  0.99664062 0.8693910833 0.3599109848 0.141507612    0.00   0.02      0.98
543  0.99996094 0.0161354088 0.7672776133 0.237963177    0.00   0.00      1.00
544  0.99285156 0.5110561443 0.4066885479 0.846719229    0.00   0.03      0.97
545  0.91816406 0.7840893392 0.1288008178 0.852331921    0.00   0.20      0.80
546  0.99359375 0.0562507706 0.4528822450 0.941601503    0.00   0.03      0.97
547  0.85808594 0.3057751432 0.1806326318 0.161583372    0.00   0.45      0.55
548  0.99511719 0.7535921487 0.3857086874 0.677732410    0.00   0.01      0.99
549  0.92691406 0.4564635851 0.2235746484 0.316701081    0.00   0.23      0.77
550  1.00000000 0.8233696828 0.8886340840 0.214279418    0.00   0.00      1.00
551  1.00000000 0.2775643803 0.8012839612 0.594485642    0.00   0.00      1.00
552  0.93207031 0.0750662135 0.2802259319 0.580308054    0.00   0.32      0.68
553  0.97039062 0.7604673724 0.2184551239 0.643771417    0.00   0.10      0.90
554  0.97253906 0.3137427894 0.3403793050 0.909505433    0.00   0.11      0.89
555  1.00000000 0.8964871957 0.5957430694 0.078816989    0.00   0.00      1.00
556  1.00000000 0.9422250979 0.8856850490 0.705018118    0.00   0.00      1.00
557  1.00000000 0.7179835169 0.8852227281 0.238078312    0.00   0.00      1.00
558  0.99335938 0.9441031734 0.2209158968 0.158075158    0.00   0.03      0.97
559  0.82410156 0.0887306279 0.1753376299 0.141073489    0.00   0.54      0.46
560  1.00000000 0.5241410758 0.9346059426 0.815954403    0.00   0.00      1.00
561  1.00000000 0.8786381148 0.8357245424 0.874420386    0.00   0.00      1.00
562  1.00000000 0.7283140179 0.8603793483 0.042916196    0.00   0.00      1.00
563  1.00000000 0.2969959839 0.9778443854 0.807838639    0.00   0.00      1.00
564  0.99296875 0.0062741635 0.4567027816 0.772013647    0.00   0.03      0.97
565  1.00000000 0.4311962288 0.8795931919 0.786593495    0.00   0.00      1.00
566  1.00000000 0.5628018910 0.9017919567 0.368720738    0.00   0.00      1.00
567  0.99992187 0.3825625265 0.6396939403 0.920041706    0.00   0.00      1.00
568  0.99902344 0.9703837538 0.3028671436 0.789070211    0.00   0.01      0.99
569  0.81566406 0.8010111824 0.0187185423 0.351619642    0.13   0.08      0.79
570  0.81605469 0.3810567865 0.1360864961 0.511570600    0.00   0.48      0.52
571  0.92625000 0.7987437844 0.1600625024 0.466815440    0.00   0.20      0.80
572  0.91882812 0.3546022945 0.2339321277 0.468010299    0.00   0.22      0.78
573  0.98652344 0.6961672530 0.2863919158 0.083618139    0.00   0.08      0.92
574  1.00000000 0.3522214582 0.8377404334 0.531742073    0.00   0.00      1.00
575  1.00000000 0.4858730733 0.6672702036 0.374355652    0.00   0.00      1.00
576  0.99425781 0.1442221981 0.4830257068 0.558050647    0.00   0.01      0.99
577  0.99996094 0.0580116671 0.6750522244 0.520756201    0.00   0.00      1.00
578  0.98722656 0.2532051040 0.4084489867 0.239229591    0.00   0.04      0.96
579  0.95289062 0.6714210785 0.2245334722 0.906921217    0.00   0.11      0.89
580  0.79667969 0.4019476066 0.1290828511 0.867346608    0.01   0.53      0.46
581  0.96312500 0.3811345079 0.2926720036 0.397169028    0.00   0.16      0.84
582  0.99238281 0.0626744330 0.4487516177 0.908233164    0.00   0.06      0.94
583  0.99433594 0.8195056366 0.3470079524 0.794153776    0.00   0.02      0.98
584  0.87238281 0.6120976005 0.1209856942 0.165794712    0.00   0.30      0.70
585  0.74335938 0.5310463754 0.0644346068 0.610035339    0.04   0.37      0.59
586  0.97292969 0.7031128623 0.2819319901 0.213952626    0.00   0.08      0.92
587  1.00000000 0.8072313860 0.7026389458 0.328245421    0.00   0.00      1.00
588  0.61011719 0.0440396222 0.1015076770 0.024043888    0.18   0.55      0.27
589  0.98792969 0.9178461973 0.1870223461 0.285251617    0.00   0.03      0.97
590  0.98710937 0.9546923062 0.1633590644 0.315938083    0.00   0.03      0.97
591  0.99863281 0.5912297303 0.5276844597 0.214480250    0.00   0.00      1.00
592  0.91699219 0.7084678630 0.1701266791 0.076131972    0.00   0.18      0.82
593  1.00000000 0.9524434730 0.7974980327 0.551721508    0.00   0.00      1.00
594  0.99957031 0.7535591079 0.5873372932 0.893689870    0.00   0.00      1.00
595  0.97980469 0.2402735066 0.3573877311 0.500687593    0.00   0.08      0.92
596  0.54144531 0.3171731590 0.0487100265 0.584364172    0.10   0.56      0.34
597  1.00000000 0.7799566912 0.9402553451 0.497598945    0.00   0.00      1.00
598  0.87179688 0.6702247011 0.1094158611 0.424477061    0.01   0.29      0.70
599  1.00000000 0.8366094618 0.8192673679 0.148201796    0.00   0.00      1.00
600  0.99617188 0.0600974651 0.4836957888 0.395188644    0.00   0.01      0.99
601  0.99667969 0.8061646193 0.4567885722 0.036823231    0.00   0.01      0.99
602  0.99988281 0.4457668792 0.5988265392 0.347988715    0.00   0.00      1.00
603  0.99488281 0.3528517196 0.4374587697 0.971301233    0.00   0.02      0.98
604  1.00000000 0.4285416754 0.9236689226 0.110843668    0.00   0.00      1.00
605  1.00000000 0.0533024077 0.9052216194 0.722570573    0.00   0.00      1.00
606  1.00000000 0.5828124241 0.7386417917 0.320450359    0.00   0.00      1.00
607  0.96203125 0.5919310998 0.2256832677 0.320327872    0.00   0.15      0.85
608  0.99105469 0.3635285669 0.4303180205 0.915030703    0.00   0.03      0.97
609  1.00000000 0.4216222935 0.8625427757 0.050428350    0.00   0.00      1.00
610  0.68781250 0.3819624106 0.0814059805 0.805147321    0.04   0.54      0.42
611  1.00000000 0.2862601602 0.8357504560 0.779519475    0.00   0.00      1.00
612  0.99476562 0.5268903759 0.4239124798 0.194804595    0.00   0.02      0.98
613  0.99753906 0.5932502537 0.4716014522 0.898685615    0.00   0.02      0.98
614  1.00000000 0.3808367397 0.7395641410 0.063434120    0.00   0.00      1.00
615  0.97218750 0.9701752441 0.0983411109 0.110223766    0.02   0.03      0.95
616  0.99195312 0.1176077242 0.4460293939 0.342131485    0.00   0.05      0.95
617  0.98882812 0.2855457456 0.3862993207 0.467950786    0.00   0.04      0.96
618  1.00000000 0.8726064016 0.9644281170 0.845633342    0.00   0.00      1.00
619  1.00000000 0.8871786653 0.6315303436 0.687888715    0.00   0.00      1.00
620  1.00000000 0.0882877286 0.8397417956 0.301522917    0.00   0.00      1.00
621  0.99972656 0.5408588627 0.6267394042 0.950059483    0.00   0.00      1.00
622  1.00000000 0.4289550951 0.9691921500 0.009944721    0.00   0.00      1.00
623  0.99820312 0.2658402391 0.5248505916 0.848966009    0.00   0.01      0.99
624  0.96312500 0.7127656615 0.2364044101 0.908351358    0.00   0.12      0.88
625  0.94640625 0.6634325664 0.2130750190 0.270632466    0.00   0.16      0.84
626  0.89207031 0.2305811173 0.2255997441 0.311438268    0.00   0.42      0.58
627  0.99730469 0.8470861840 0.4327475387 0.751092914    0.00   0.02      0.98
628  0.99878906 0.0177908281 0.5831147330 0.896873945    0.00   0.00      1.00
629  1.00000000 0.7772739576 0.7873887969 0.917656356    0.00   0.00      1.00
630  1.00000000 0.0419692504 0.8853143624 0.380451059    0.00   0.00      1.00
631  0.82312500 0.1840391420 0.1727163803 0.698410467    0.00   0.51      0.49
632  1.00000000 0.5918723824 0.9455685131 0.020453367    0.00   0.00      1.00
633  0.99921875 0.2413712998 0.5734486005 0.238662020    0.00   0.01      0.99
634  0.99207031 0.7326065376 0.3508117553 0.119708919    0.00   0.06      0.94
635  0.85367187 0.6594128408 0.1095660864 0.625258455    0.01   0.32      0.67
636  0.99996094 0.7628718421 0.6502302177 0.587076321    0.00   0.00      1.00
637  1.00000000 0.8373969663 0.8950413684 0.340097551    0.00   0.00      1.00
638  0.99886719 0.4533737649 0.5723064910 0.442933165    0.00   0.00      1.00
639  1.00000000 0.2874624382 0.9519383197 0.312960533    0.00   0.00      1.00
640  0.97277344 0.6220554567 0.3102991532 0.329437930    0.00   0.10      0.90
641  1.00000000 0.5361436801 0.7398190049 0.992208178    0.00   0.00      1.00
642  1.00000000 0.5996141688 0.7851765419 0.970985115    0.00   0.00      1.00
643  1.00000000 0.3303715538 0.9388668877 0.385650749    0.00   0.00      1.00
644  1.00000000 0.8722262327 0.7142533890 0.474818896    0.00   0.00      1.00
645  1.00000000 0.3942671965 0.7887630817 0.432733413    0.00   0.00      1.00
646  0.99441406 0.4284398479 0.4417067498 0.072358676    0.00   0.02      0.98
647  0.99824219 0.6633946977 0.4391693836 0.006596666    0.00   0.00      1.00
648  1.00000000 0.4431723801 0.7028576669 0.673349124    0.00   0.00      1.00
649  0.75257812 0.1530875450 0.1463763444 0.711126077    0.00   0.71      0.29
650  0.99148437 0.8602830961 0.3463144980 0.535368735    0.00   0.02      0.98
651  1.00000000 0.0515045652 0.7981732471 0.978013480    0.00   0.00      1.00
652  1.00000000 0.8452454112 0.8037030348 0.262780007    0.00   0.00      1.00
653  1.00000000 0.4062167518 0.7892842735 0.714484420    0.00   0.00      1.00
654  0.99875000 0.7823496303 0.5098436452 0.833720546    0.00   0.00      1.00
655  1.00000000 0.9751116135 0.7239188447 0.057364438    0.00   0.00      1.00
656  0.98968750 0.7683024397 0.2899362191 0.278368631    0.00   0.04      0.96
657  0.99472656 0.4370968407 0.4298585339 0.746231907    0.00   0.03      0.97
658  1.00000000 0.3460498077 0.9976030097 0.448083853    0.00   0.00      1.00
659  0.99695312 0.5542460224 0.4610530597 0.446903154    0.00   0.01      0.99
660  0.75906250 0.0861177368 0.1427148629 0.862354644    0.00   0.67      0.33
661  0.98902344 0.7929678927 0.3290755639 0.614046421    0.00   0.03      0.97
662  1.00000000 0.4295887172 0.9984854003 0.776287133    0.00   0.00      1.00
663  0.96437500 0.2896956229 0.2964473674 0.238430652    0.00   0.14      0.86
664  0.99968750 0.3146151248 0.6454287253 0.213961323    0.00   0.00      1.00
665  1.00000000 0.1606917796 0.9455660528 0.953755412    0.00   0.00      1.00
666  0.99953125 0.7291643429 0.5269518788 0.690891274    0.00   0.00      1.00
667  0.99996094 0.1015615666 0.7370451330 0.658220147    0.00   0.01      0.99
668  0.99976562 0.5021513731 0.5797018115 0.090520415    0.00   0.00      1.00
669  0.97941406 0.3728514912 0.3190888355 0.866011902    0.00   0.10      0.90
670  0.97472656 0.3301416964 0.3452661759 0.501941835    0.00   0.09      0.91
671  0.94226562 0.6107929980 0.2205991447 0.983735476    0.00   0.20      0.80
672  0.89410156 0.2548656731 0.2109134875 0.157704326    0.00   0.35      0.65
673  0.73222656 0.4855769759 0.0811645449 0.346645731    0.06   0.41      0.53
674  0.95820313 0.2782288308 0.2833935709 0.527225229    0.00   0.17      0.83
675  0.99972656 0.6179280702 0.6304303801 0.388310120    0.00   0.00      1.00
676  0.99957031 0.4499074640 0.5933833132 0.247854754    0.00   0.00      1.00
677  0.93339844 0.8386492173 0.0918303949 0.874567802    0.00   0.14      0.86
678  1.00000000 0.2773159526 0.9469493278 0.721208130    0.00   0.00      1.00
679  0.94585937 0.9248267764 0.0592652713 0.631571360    0.01   0.08      0.91
680  0.99886719 0.2350284858 0.5775277910 0.449172414    0.00   0.00      1.00
681  1.00000000 0.0165008316 0.8128170553 0.655721509    0.00   0.00      1.00
682  1.00000000 0.8829164582 0.9455650016 0.595319951    0.00   0.00      1.00
683  1.00000000 0.1516171643 0.8696300199 0.714278797    0.00   0.00      1.00
684  0.91949219 0.4442066404 0.2151867861 0.618343763    0.00   0.28      0.72
685  0.98703125 0.6179003934 0.3555220501 0.975837155    0.00   0.07      0.93
686  0.99816406 0.7604747883 0.4292889396 0.916548189    0.00   0.01      0.99
687  1.00000000 0.9962357047 0.5607485101 0.595219276    0.00   0.00      1.00
688  0.94613281 0.2863015835 0.2726387891 0.326221433    0.00   0.23      0.77
689  0.90050781 0.5589332993 0.1752884553 0.833261187    0.00   0.30      0.70
690  0.33781250 0.2327609404 0.0188813822 0.374379549    0.39   0.39      0.22
691  0.99984375 0.6852881811 0.7125497619 0.233550081    0.00   0.00      1.00
692  0.90597656 0.8595932426 0.0158914351 0.602430910    0.07   0.04      0.89
693  0.99925781 0.0809977099 0.6163512731 0.251177191    0.00   0.00      1.00
694  0.99785156 0.9663203631 0.2207995760 0.671716364    0.00   0.01      0.99
695  1.00000000 0.4482159717 0.8505349397 0.566887596    0.00   0.00      1.00
696  0.99457031 0.2068235215 0.4575047935 0.447098898    0.00   0.04      0.96
697  0.85527344 0.7943318421 0.0308471581 0.363002817    0.08   0.10      0.82
698  1.00000000 0.4824760649 0.8636660450 0.278361427    0.00   0.00      1.00
699  0.74812500 0.7459092385 0.0254719502 0.526157900    0.13   0.17      0.70
700  1.00000000 0.8663040004 0.7503882013 0.518801943    0.00   0.00      1.00
701  0.99960938 0.2367971125 0.6368234779 0.604188133    0.00   0.00      1.00
702  1.00000000 0.6816373160 0.8174383345 0.968571419    0.00   0.00      1.00
703  0.97078125 0.6429083925 0.2705038988 0.165405680    0.00   0.08      0.92
704  1.00000000 0.4610743714 0.7604842011 0.904572378    0.00   0.00      1.00
705  0.99847656 0.1198034848 0.5860508066 0.296349379    0.00   0.00      1.00
706  1.00000000 0.3274807173 0.7819938252 0.172854876    0.00   0.00      1.00
707  0.99851563 0.5254340647 0.4769085799 0.246140980    0.00   0.00      1.00
708  0.99890625 0.7923807143 0.5261843575 0.899297546    0.00   0.01      0.99
709  0.99152344 0.8892840035 0.2668740284 0.575766501    0.00   0.05      0.95
710  0.98281250 0.9832845598 0.0869204155 0.012581047    0.01   0.02      0.97
711  1.00000000 0.1118490747 0.9224730509 0.555463953    0.00   0.00      1.00
712  0.92671875 0.7890234941 0.1238128778 0.863685407    0.00   0.17      0.83
713  1.00000000 0.5287284148 0.6621701492 0.088099666    0.00   0.00      1.00
714  0.97175781 0.5716505309 0.2857925110 0.567879737    0.00   0.11      0.89
715  0.95855469 0.7251502695 0.2052405451 0.772168952    0.00   0.14      0.86
716  0.98953125 0.9651022428 0.1265022089 0.630545138    0.00   0.03      0.97
717  0.99988281 0.5355408029 0.6296354283 0.628044768    0.00   0.01      0.99
718  1.00000000 0.8739967064 0.8948675788 0.905610748    0.00   0.00      1.00
719  1.00000000 0.9001656990 0.6776425852 0.437307247    0.00   0.00      1.00
720  0.78511719 0.1955115101 0.1606912932 0.069810139    0.03   0.48      0.49
721  1.00000000 0.9346931241 0.7953160049 0.147625759    0.00   0.00      1.00
722  0.95937500 0.2635440922 0.2927542736 0.134602031    0.00   0.17      0.83
723  0.98710937 0.2252924840 0.4072421410 0.799942627    0.00   0.08      0.92
724  0.98109375 0.5027879816 0.3220556618 0.436122708    0.00   0.07      0.93
725  0.96320313 0.7832667271 0.2086528435 0.784942681    0.00   0.10      0.90
726  0.88007813 0.4209467352 0.1768147685 0.597908166    0.00   0.40      0.60
727  1.00000000 0.2671827583 0.8936935032 0.894334130    0.00   0.00      1.00
728  0.97910156 0.6251191981 0.2949207404 0.808171601    0.00   0.11      0.89
729  0.49128906 0.2638828016 0.0428303543 0.293983686    0.27   0.42      0.31
730  0.98976562 0.9838868175 0.0967508149 0.783581022    0.00   0.02      0.98
731  0.93488281 0.5991011753 0.2341069567 0.561228891    0.00   0.23      0.77
732  1.00000000 0.7733734443 0.7665697164 0.603146376    0.00   0.00      1.00
733  1.00000000 0.0299231182 0.7512249907 0.840565384    0.00   0.00      1.00
734  0.79570312 0.4617014951 0.0985778493 0.803734164    0.00   0.42      0.58
735  0.98996094 0.6695471334 0.3587951299 0.922404951    0.00   0.06      0.94
736  0.98632812 0.4906004432 0.3558434292 0.481593630    0.00   0.04      0.96
737  0.99066406 0.8796413993 0.2478191699 0.169110283    0.00   0.03      0.97
738  1.00000000 0.9776647857 0.9454046928 0.547703692    0.00   0.00      1.00
739  1.00000000 0.7483241055 0.6585190024 0.657024077    0.00   0.00      1.00
740  0.95457031 0.2878884901 0.2947342442 0.524744440    0.00   0.26      0.74
741  1.00000000 0.3890633716 0.7446775953 0.929372629    0.00   0.00      1.00
742  0.97972656 0.9106215432 0.1921761825 0.481032507    0.00   0.06      0.94
743  0.94238281 0.4595154829 0.2248766453 0.684944569    0.00   0.27      0.73
744  0.80925781 0.6213051837 0.0919345780 0.717497994    0.00   0.39      0.61
745  0.99992187 0.6479817543 0.7237390268 0.679840850    0.00   0.00      1.00
746  0.99566406 0.7166935089 0.4373153634 0.055769522    0.00   0.02      0.98
747  0.61949219 0.2706031653 0.0794820583 0.002408496    0.21   0.41      0.38
748  0.99761719 0.2499848679 0.4861493693 0.294939086    0.00   0.02      0.98
749  0.53667969 0.0118110203 0.0904309433 0.818779820    0.02   0.92      0.06
750  0.99886719 0.9585062361 0.3263422092 0.437511046    0.00   0.00      1.00
751  0.99960938 0.1279372314 0.6176905560 0.667601604    0.00   0.00      1.00
752  0.87734375 0.3083255729 0.1950976818 0.289947232    0.00   0.37      0.63
753  0.99890625 0.4426241135 0.5550954998 0.523547034    0.00   0.01      0.99
754  0.99269531 0.7227294901 0.3510996562 0.390559731    0.00   0.04      0.96
755  0.97945313 0.1594855499 0.3696990048 0.163906547    0.00   0.07      0.93
756  1.00000000 0.6704766569 0.7809017231 0.019395868    0.00   0.00      1.00
757  0.99917969 0.7202856259 0.5499149451 0.240473334    0.00   0.00      1.00
758  0.52921875 0.5067904843 0.0116404961 0.128547591    0.41   0.10      0.49
759  0.62433594 0.5458250630 0.0075689354 0.142355968    0.33   0.06      0.61
760  0.97710937 0.7545656643 0.2451226879 0.928667167    0.00   0.08      0.92
761  0.47445312 0.3643583581 0.0301614120 0.134222472    0.27   0.40      0.33
762  0.89105469 0.8836271446 0.0037492488 0.261298137    0.11   0.00      0.89
763  0.99410156 0.3866837828 0.4605247488 0.245136953    0.00   0.06      0.94
764  0.99996094 0.9880628851 0.4450487997 0.575471115    0.00   0.00      1.00
765  1.00000000 0.2899596549 0.9376640888 0.939050472    0.00   0.00      1.00
766  1.00000000 0.3866779963 0.9702370504 0.304873639    0.00   0.00      1.00
767  0.99269531 0.2759230533 0.4364881769 0.228271679    0.00   0.05      0.95
768  1.00000000 0.9034535205 0.8681754882 0.788027804    0.00   0.00      1.00
769  0.99496094 0.8711774526 0.3286103054 0.172176365    0.00   0.03      0.97
770  0.99902344 0.6436736365 0.5383229177 0.732437861    0.00   0.00      1.00
771  0.79210938 0.5376025105 0.0907462121 0.767158620    0.00   0.48      0.52
772  0.95757812 0.9554376679 0.0173287452 0.656086534    0.04   0.01      0.95
773  1.00000000 0.5077176874 0.9341169351 0.688345109    0.00   0.00      1.00
774  0.96453125 0.8284081300 0.1421910701 0.561800519    0.00   0.11      0.89
775  0.99859375 0.1339436858 0.5522657156 0.218375024    0.00   0.01      0.99
776  0.99343750 0.9627089191 0.2381949469 0.825167391    0.00   0.03      0.97
777  1.00000000 0.9843629294 0.9904906903 0.787482307    0.00   0.00      1.00
778  1.00000000 0.5428999900 0.8014130511 0.926935035    0.00   0.00      1.00
779  0.99773437 0.6831327204 0.3881970388 0.425437634    0.00   0.00      1.00
780  1.00000000 0.5311539825 0.8115859572 0.293186425    0.00   0.00      1.00
781  0.99992187 0.8449418053 0.5904271309 0.129842149    0.00   0.00      1.00
782  0.99976562 0.0424459379 0.6988221509 0.951522452    0.00   0.01      0.99
783  0.99257812 0.4084635093 0.4056807884 0.379845550    0.00   0.01      0.99
784  1.00000000 0.4084261446 0.9020254330 0.827121937    0.00   0.00      1.00
785  1.00000000 0.1514986057 0.8006852502 0.697768173    0.00   0.00      1.00
786  1.00000000 0.1192039293 0.9029427320 0.233189213    0.00   0.00      1.00
787  1.00000000 0.8768508488 0.8586411222 0.951814317    0.00   0.00      1.00
788  0.80835937 0.5492908712 0.0773013260 0.345891881    0.05   0.29      0.66
789  0.94984375 0.6822792005 0.1871180777 0.256558385    0.00   0.17      0.83
790  0.99980469 0.0429688760 0.6418441406 0.981572703    0.00   0.00      1.00
791  0.99953125 0.8733017319 0.5150059119 0.230702610    0.00   0.00      1.00
792  0.99820312 0.6845617068 0.5129467249 0.351116649    0.00   0.01      0.99
793  1.00000000 0.6768196344 0.9482418094 0.499584828    0.00   0.00      1.00
794  0.99839844 0.5160392481 0.4926748823 0.614935833    0.00   0.01      0.99
795  0.91902344 0.8331710075 0.1417523755 0.053692523    0.02   0.18      0.80
796  0.99968750 0.8145435478 0.5067030468 0.825969889    0.00   0.00      1.00
797  0.99980469 0.2530548791 0.6062903549 0.420038359    0.00   0.00      1.00
798  0.99890625 0.7277359166 0.4920624897 0.131175654    0.00   0.01      0.99
799  0.92839844 0.5063509070 0.2159043592 0.324291540    0.00   0.19      0.81
800  1.00000000 0.5907343242 0.8031091311 0.660861780    0.00   0.00      1.00
801  0.99996094 0.3289682560 0.7301108150 0.316534541    0.00   0.00      1.00
802  0.99890625 0.8854116900 0.4245298610 0.313720233    0.00   0.00      1.00
803  0.40031250 0.2176876725 0.0257323617 0.380072806    0.31   0.42      0.27
804  0.99914063 0.6206005660 0.5474204191 0.224922568    0.00   0.00      1.00
805  0.63156250 0.5593340460 0.0322549592 0.953384511    0.12   0.35      0.53
806  1.00000000 0.9310227185 0.6076750115 0.073588677    0.00   0.00      1.00
807  1.00000000 0.6967081532 0.7045150290 0.915043686    0.00   0.00      1.00
808  1.00000000 0.1397051287 0.9879308953 0.211249946    0.00   0.00      1.00
809  1.00000000 0.5388249152 0.8295139382 0.156363166    0.00   0.00      1.00
810  0.99531250 0.5805983231 0.4466044733 0.895024566    0.00   0.02      0.98
811  1.00000000 0.9059223938 0.8944911677 0.198417245    0.00   0.00      1.00
812  1.00000000 0.2724421951 0.8104278394 0.501542151    0.00   0.00      1.00
813  0.99929687 0.3279115036 0.5760245540 0.200061919    0.00   0.00      1.00
814  0.98140625 0.5284917785 0.3414333982 0.356694074    0.00   0.13      0.87
815  0.99949219 0.1908316796 0.5798504890 0.019078245    0.00   0.01      0.99
816  0.99855469 0.0862100059 0.5690987185 0.153122749    0.00   0.00      1.00
817  0.99953125 0.3810567833 0.5952948653 0.232652561    0.00   0.00      1.00
818  0.99964844 0.8076758550 0.5520930307 0.453365664    0.00   0.00      1.00
819  1.00000000 0.5441785317 0.9725909184 0.040884350    0.00   0.00      1.00
820  1.00000000 0.8321594833 0.6535621427 0.461054096    0.00   0.00      1.00
821  0.99980469 0.2667655966 0.6661889090 0.819644188    0.00   0.00      1.00
822  0.99113281 0.2776546876 0.4188021447 0.550831167    0.00   0.06      0.94
823  0.91695313 0.4955334761 0.2003762380 0.327480422    0.00   0.27      0.73
824  1.00000000 0.3652677182 0.9725777470 0.897655820    0.00   0.00      1.00
825  0.98824219 0.5839872279 0.3446988130 0.437661869    0.00   0.04      0.96
826  1.00000000 0.8155415950 0.9618374207 0.340983787    0.00   0.00      1.00
827  0.99433594 0.7958031460 0.2806885322 0.499000373    0.00   0.02      0.98
828  0.98308594 0.1863413348 0.3922469458 0.653165829    0.00   0.06      0.94
829  0.93480469 0.7720511551 0.1026133387 0.600379109    0.00   0.15      0.85
830  0.75687500 0.6337272970 0.0677449878 0.185641650    0.07   0.32      0.61
831  0.99949219 0.3720366636 0.5940039272 0.946175340    0.00   0.00      1.00
832  0.97882813 0.6235478953 0.2950067532 0.603511615    0.00   0.08      0.92
833  0.99968750 0.4638132560 0.6327553005 0.530500762    0.00   0.00      1.00
834  0.99972656 0.1577867973 0.6126497698 0.953538992    0.00   0.00      1.00
835  0.99988281 0.0948256042 0.6641415143 0.003257124    0.00   0.00      1.00
836  0.99703125 0.0919281654 0.5185701072 0.524947345    0.00   0.02      0.98
837  0.43292969 0.2373570965 0.0396632776 0.909750776    0.13   0.64      0.23
838  0.95835938 0.9609364306 0.0342725706 0.357461636    0.02   0.03      0.95
839  1.00000000 0.5446288132 0.8001239230 0.720251492    0.00   0.00      1.00
840  1.00000000 0.4355345266 0.9157860181 0.139377713    0.00   0.00      1.00
841  0.98980469 0.0303228956 0.4438929998 0.983650899    0.00   0.07      0.93
842  0.94156250 0.6718595598 0.1834399465 0.881249005    0.00   0.20      0.80
843  1.00000000 0.3594650717 0.7388505293 0.479731257    0.00   0.00      1.00
844  0.99140625 0.8080051285 0.3406587075 0.183081238    0.00   0.04      0.96
845  1.00000000 0.9508208514 0.7477338489 0.273423115    0.00   0.00      1.00
846  0.97671875 0.5473893716 0.3180736033 0.549035706    0.00   0.07      0.93
847  1.00000000 0.2942530101 0.8547094639 0.506621819    0.00   0.00      1.00
848  0.99882812 0.0773913271 0.5676606526 0.094901922    0.00   0.00      1.00
849  0.99972656 0.3295978715 0.6367999760 0.525040681    0.00   0.00      1.00
850  0.24906250 0.0810797673 0.0318334915 0.802145414    0.31   0.63      0.06
851  1.00000000 0.0838103250 0.8266475692 0.925171686    0.00   0.00      1.00
852  0.99511719 0.8684727252 0.3466120029 0.172355145    0.00   0.03      0.97
853  1.00000000 0.4983572471 0.7742117292 0.734757307    0.00   0.00      1.00
854  1.00000000 0.9846385987 0.8451927444 0.705154696    0.00   0.00      1.00
855  0.86550781 0.3612553179 0.1713261879 0.152412810    0.00   0.47      0.53
856  0.89238281 0.4148138950 0.1959821265 0.151828583    0.00   0.38      0.62
857  0.99957031 0.9588417218 0.3890550055 0.634052575    0.00   0.00      1.00
858  0.97878906 0.9680681841 0.0567884943 0.229943156    0.02   0.01      0.97
859  0.87093750 0.6519034561 0.1123285317 0.803004413    0.00   0.31      0.69
860  0.98906250 0.3930616383 0.3818159138 0.185590944    0.00   0.06      0.94
861  0.90570313 0.4335977207 0.2135825749 0.899546204    0.00   0.36      0.64
862  1.00000000 0.3154459456 0.7583277870 0.007595958    0.00   0.00      1.00
863  1.00000000 0.7810529373 0.8151924449 0.923883972    0.00   0.00      1.00
864  0.76394531 0.7638596394 0.0035792189 0.231044955    0.24   0.00      0.76
865  0.28835937 0.1516277732 0.0234769140 0.532985045    0.40   0.47      0.13
866  0.99664062 0.7969617960 0.3992241225 0.453752497    0.00   0.01      0.99
867  0.90792969 0.3873545625 0.1961167795 0.756418054    0.00   0.25      0.75
868  1.00000000 0.8112453236 0.7436467470 0.319658762    0.00   0.00      1.00
869  1.00000000 0.5277121302 0.6915891536 0.012520278    0.00   0.00      1.00
870  0.89988281 0.2620289770 0.2129200955 0.071255327    0.00   0.29      0.71
871  1.00000000 0.2065645573 0.8979160425 0.534993046    0.00   0.00      1.00
872  0.54410156 0.0645698470 0.0930834396 0.599819300    0.01   0.88      0.11
873  1.00000000 0.0478697491 0.7004798551 0.756316327    0.00   0.00      1.00
874  0.67652344 0.3632809664 0.0924476511 0.217135871    0.03   0.62      0.35
875  0.99886719 0.2283833669 0.5500873534 0.837746977    0.00   0.00      1.00
876  0.97035156 0.0858316377 0.3470698670 0.980222929    0.00   0.13      0.87
877  0.99382812 0.6679001276 0.3761138057 0.099391241    0.00   0.01      0.99
878  0.96628906 0.7689543997 0.2021685350 0.427971926    0.00   0.10      0.90
879  1.00000000 0.1108453972 0.8312790256 0.653988317    0.00   0.00      1.00
880  0.99890625 0.2674973137 0.5613763523 0.195570408    0.00   0.01      0.99
881  1.00000000 0.8911471132 0.8596108067 0.952359680    0.00   0.00      1.00
882  0.58484375 0.0674414535 0.0962143373 0.514605305    0.04   0.82      0.14
883  1.00000000 0.1071426130 0.7542986474 0.236417943    0.00   0.00      1.00
884  0.88691406 0.0511984536 0.2376931168 0.398595427    0.00   0.43      0.57
885  0.99992187 0.5231204806 0.5984129740 0.937542973    0.00   0.00      1.00
886  0.88347656 0.3090801160 0.1969567107 0.281682424    0.00   0.37      0.63
887  0.99550781 0.5297199956 0.4340858031 0.174249019    0.00   0.02      0.98
888  0.99871094 0.8157839011 0.4557980022 0.618263907    0.00   0.01      0.99
889  0.95722656 0.8979248751 0.1031249485 0.864973115    0.00   0.11      0.89
890  0.97597656 0.9807235778 0.0751657456 0.723598735    0.00   0.03      0.97
891  1.00000000 0.0034225283 0.8511726379 0.185381600    0.00   0.00      1.00
892  0.99996094 0.8906705019 0.6349245552 0.699028030    0.00   0.00      1.00
893  0.98914062 0.9003692903 0.2042977163 0.326014883    0.00   0.06      0.94
894  0.99976562 0.6120740415 0.6017885050 0.508527769    0.00   0.00      1.00
895  0.99277344 0.1433561225 0.4609481157 0.513666378    0.00   0.04      0.96
896  1.00000000 0.9850493683 0.5191716556 0.342149410    0.00   0.00      1.00
897  1.00000000 0.2905846064 0.8983759293 0.226187582    0.00   0.00      1.00
898  0.96984375 0.5847964506 0.2613462259 0.585031939    0.00   0.13      0.87
899  0.89316406 0.0008308636 0.2526804127 0.916297599    0.00   0.38      0.62
900  0.99253906 0.3853049271 0.4491674772 0.361639670    0.00   0.02      0.98
901  0.97347656 0.8514139703 0.2094900324 0.956948130    0.00   0.06      0.94
902  1.00000000 0.0464750393 0.7407929231 0.219046620    0.00   0.00      1.00
903  1.00000000 0.2734978145 0.9031148995 0.243949874    0.00   0.00      1.00
904  1.00000000 0.9687932217 0.8024756755 0.756828705    0.00   0.00      1.00
905  1.00000000 0.6514824543 0.7632791435 0.677409035    0.00   0.00      1.00
906  1.00000000 0.6534328514 0.8490713183 0.606241312    0.00   0.00      1.00
907  1.00000000 0.4174449237 0.9016039355 0.004114238    0.00   0.00      1.00
908  1.00000000 0.9646899083 0.7109651743 0.284461018    0.00   0.00      1.00
909  0.99558594 0.3214408376 0.4614941457 0.973069367    0.00   0.02      0.98
910  1.00000000 0.5960148266 0.8220036565 0.496243934    0.00   0.00      1.00
911  1.00000000 0.4330375283 0.7162019832 0.320900270    0.00   0.00      1.00
912  1.00000000 0.8942217454 0.9395687489 0.392434513    0.00   0.00      1.00
913  1.00000000 0.2813972267 0.8272482981 0.136581827    0.00   0.00      1.00
914  0.95750000 0.9325346919 0.0208812593 0.188374755    0.02   0.04      0.94
915  0.97425781 0.4904500342 0.3076748382 0.788419431    0.00   0.09      0.91
916  0.99230469 0.5407258808 0.4111661157 0.120555531    0.00   0.06      0.94
917  0.99824219 0.0128623110 0.5480175896 0.483392122    0.00   0.01      0.99
918  0.99671875 0.5846181416 0.4136302320 0.307089260    0.00   0.01      0.99
919  1.00000000 0.0327463842 0.9269096595 0.878329311    0.00   0.00      1.00
920  0.98785156 0.4362019389 0.3819195358 0.279727114    0.00   0.07      0.93
921  1.00000000 0.1870643292 0.9798139867 0.542624020    0.00   0.00      1.00
922  0.99996094 0.3542723446 0.8075309657 0.193583554    0.00   0.00      1.00
923  0.99757812 0.3317522358 0.4938045950 0.472245365    0.00   0.00      1.00
924  0.99777344 0.4406136626 0.5491090904 0.580700604    0.00   0.01      0.99
925  0.99949219 0.5085071400 0.5844479178 0.185957769    0.00   0.00      1.00
926  1.00000000 0.5762112984 0.7289953213 0.979335368    0.00   0.00      1.00
927  1.00000000 0.6084611674 0.9418393050 0.522769506    0.00   0.00      1.00
928  0.82136719 0.6791244405 0.0701705876 0.842015965    0.01   0.28      0.71
929  0.86015625 0.5402627850 0.1249007140 0.310328631    0.01   0.36      0.63
930  1.00000000 0.8048078967 0.6659349205 0.176447705    0.00   0.00      1.00
931  1.00000000 0.4602146202 0.6898041677 0.964272968    0.00   0.00      1.00
932  0.97292969 0.1981374088 0.3377286333 0.495216169    0.00   0.12      0.88
933  1.00000000 0.4625653706 0.7535872557 0.941381406    0.00   0.00      1.00
934  0.99890625 0.1494806306 0.5752806645 0.829172962    0.00   0.01      0.99
935  0.92640625 0.4147715634 0.2233067243 0.556889789    0.00   0.26      0.74
936  1.00000000 0.0628422329 0.9998801057 0.041230174    0.00   0.00      1.00
937  0.99980469 0.3815389166 0.6938037656 0.022460056    0.00   0.00      1.00
938  0.99601562 0.0131961051 0.5016966313 0.887938399    0.00   0.01      0.99
939  0.83234375 0.4255253440 0.1509414399 0.379281315    0.00   0.50      0.50
940  0.93171875 0.6636044397 0.1931221422 0.796256772    0.00   0.18      0.82
941  0.68910156 0.5125414955 0.0505628199 0.646837238    0.07   0.40      0.53
942  0.99832031 0.4894695471 0.5072288825 0.022091700    0.00   0.00      1.00
943  0.96699219 0.8418786894 0.1997745645 0.430510068    0.00   0.09      0.91
944  1.00000000 0.3778966002 0.6690446238 0.359522013    0.00   0.00      1.00
945  0.98910156 0.6009515077 0.3638641608 0.235487853    0.00   0.01      0.99
946  1.00000000 0.7594121054 0.9863141621 0.804594363    0.00   0.00      1.00
947  0.99980469 0.0368354127 0.6841566933 0.125784497    0.00   0.00      1.00
948  0.89980469 0.8976563606 0.0210184299 0.105731566    0.08   0.04      0.88
949  0.99960938 0.8837866557 0.5285084068 0.579307554    0.00   0.01      0.99
950  0.44531250 0.2133204839 0.0449297940 0.524878051    0.20   0.56      0.24
951  1.00000000 0.0490990595 0.9857993333 0.239795312    0.00   0.00      1.00
952  0.99480469 0.7401060315 0.3675985723 0.095105631    0.00   0.03      0.97
953  0.97613281 0.9521450466 0.1126990104 0.988168724    0.00   0.05      0.95
954  1.00000000 0.8047727104 0.6630213859 0.417783794    0.00   0.00      1.00
955  0.82707031 0.0335141122 0.1886538193 0.207691312    0.01   0.55      0.44
956  1.00000000 0.4459270046 0.7991639855 0.195765705    0.00   0.00      1.00
957  0.99796875 0.7592956161 0.4680757527 0.803639526    0.00   0.00      1.00
958  0.99960938 0.1818061713 0.6076330380 0.804041190    0.00   0.01      0.99
959  0.99996094 0.6025775366 0.6759326337 0.854377365    0.00   0.00      1.00
960  1.00000000 0.6500352367 0.9884311853 0.402031948    0.00   0.00      1.00
961  1.00000000 0.4594642231 0.9590770877 0.908848574    0.00   0.00      1.00
962  1.00000000 0.6031788492 0.7315131701 0.584596816    0.00   0.00      1.00
963  0.94445313 0.7123758737 0.1687477485 0.800516064    0.00   0.14      0.86
964  1.00000000 0.6097612837 0.8659860839 0.323614710    0.00   0.00      1.00
965  0.99996094 0.7620190298 0.6596305922 0.175398615    0.00   0.00      1.00
966  1.00000000 0.3028941357 0.9213360953 0.619852287    0.00   0.00      1.00
967  0.94699219 0.1760477468 0.2954088624 0.189494907    0.00   0.20      0.80
968  1.00000000 0.3394729157 0.8917392555 0.195181089    0.00   0.00      1.00
969  0.99964844 0.4574001576 0.5929986509 0.678283181    0.00   0.00      1.00
970  0.93941406 0.0874467518 0.2939196792 0.621264299    0.00   0.23      0.77
971  0.94898437 0.1555265493 0.2775018387 0.408772264    0.00   0.22      0.78
972  0.35777344 0.2403131756 0.0239096023 0.093872120    0.51   0.26      0.23
973  0.99894531 0.6755292702 0.5360680376 0.320998717    0.00   0.00      1.00
974  1.00000000 0.9778200993 0.2269156931 0.687478211    0.00   0.00      1.00
975  1.00000000 0.7556506039 0.9685563531 0.172276275    0.00   0.00      1.00
976  1.00000000 0.9862051569 0.6802642958 0.607199995    0.00   0.00      1.00
977  0.99160156 0.2091019470 0.4261846426 0.444362110    0.00   0.05      0.95
978  0.96011719 0.5240288482 0.2709441183 0.579007883    0.00   0.12      0.88
979  0.96367187 0.3329828773 0.3091922738 0.640746447    0.00   0.16      0.84
980  0.99976562 0.7899251156 0.6578329836 0.362296147    0.00   0.00      1.00
981  0.87281250 0.8326027812 0.0205177246 0.943107589    0.09   0.06      0.85
982  1.00000000 0.8734640363 0.6941257576 0.831964293    0.00   0.00      1.00
983  0.96457031 0.9570353474 0.0235719876 0.925603222    0.02   0.02      0.96
984  0.99957031 0.6925428135 0.5709049206 0.707448098    0.00   0.00      1.00
985  1.00000000 0.4235604815 0.9377401141 0.192920553    0.00   0.00      1.00
986  0.64621094 0.3488374837 0.0725576887 0.297099521    0.06   0.54      0.40
987  1.00000000 0.0557344533 0.7828680216 0.683088955    0.00   0.00      1.00
988  0.99902344 0.9524361908 0.3281111626 0.325423532    0.00   0.01      0.99
989  0.94566406 0.1205568479 0.3036584561 0.482100613    0.00   0.18      0.82
990  0.99957031 0.7885334722 0.4901259127 0.795183147    0.00   0.02      0.98
991  0.92820313 0.0206924360 0.2705580380 0.856525562    0.00   0.31      0.69
992  0.95898438 0.4246748129 0.2765177849 0.242547462    0.00   0.17      0.83
993  1.00000000 0.2957061129 0.8183308460 0.546907663    0.00   0.00      1.00
994  0.99953125 0.3838722063 0.6084418450 0.486553209    0.00   0.00      1.00
995  1.00000000 0.8257344351 0.8010061681 0.275425534    0.00   0.00      1.00
996  0.95296875 0.0699378310 0.3110831822 0.150413359    0.00   0.20      0.80
997  1.00000000 0.5225290789 0.6883404166 0.184238223    0.00   0.00      1.00
998  1.00000000 0.9059953624 0.7255532956 0.832555325    0.00   0.00      1.00
999  1.00000000 0.0943469291 0.9855056601 0.789324357    0.00   0.00      1.00
1000 0.98281250 0.7128203274 0.2995552439 0.381444538    0.00   0.06      0.94
