     prop.aneu   prob.meio   prob.mito    dispersal euploid mosaic aneuploid
1    0.8861719 0.704051088 0.097897071 0.5592308058    0.01   0.25      0.74
2    0.8231250 0.583764226 0.127800881 0.0698001103    0.03   0.39      0.58
3    0.9983203 0.518498742 0.497269412 0.0936282855    0.00   0.00      1.00
4    0.9939062 0.067271599 0.470346225 0.2232235435    0.00   0.00      1.00
5    1.0000000 0.858247711 0.737017475 0.7200374713    0.00   0.00      1.00
6    0.9930859 0.949260030 0.210787530 0.3896159518    0.00   0.03      0.97
7    1.0000000 0.438606804 0.908599351 0.9633028558    0.00   0.00      1.00
8    0.6512109 0.029989160 0.105779718 0.9508936391    0.00   0.81      0.19
9    0.9415625 0.379106147 0.248407593 0.4755880956    0.00   0.18      0.82
10   0.8426562 0.099465236 0.185751608 0.8381583923    0.00   0.60      0.40
11   0.8454297 0.414075772 0.148537418 0.3897128860    0.00   0.38      0.62
12   0.9135937 0.577727055 0.149959909 0.7326664701    0.00   0.26      0.74
13   0.9708203 0.387510875 0.323525644 0.5237456411    0.00   0.10      0.90
14   1.0000000 0.878685891 0.891537934 0.4368048145    0.00   0.00      1.00
15   0.9998828 0.657970710 0.613675145 0.4792242129    0.00   0.00      1.00
16   1.0000000 0.662782306 0.897177263 0.9610664099    0.00   0.00      1.00
17   1.0000000 0.864802161 0.677715024 0.7260447692    0.00   0.00      1.00
18   0.9999219 0.411934809 0.656669487 0.4341951895    0.00   0.00      1.00
19   0.9976172 0.821086912 0.306109331 0.2880786487    0.00   0.00      1.00
20   1.0000000 0.980039290 0.170274064 0.8036527731    0.00   0.00      1.00
21   1.0000000 0.421318836 0.797637109 0.0582416127    0.00   0.00      1.00
22   1.0000000 0.765833103 0.687970021 0.1106806393    0.00   0.00      1.00
23   1.0000000 0.155982425 0.849330107 0.4124894701    0.00   0.00      1.00
24   0.9963281 0.917705186 0.302843309 0.7254483199    0.00   0.00      1.00
25   0.9371094 0.513549880 0.225150165 0.5105945012    0.00   0.21      0.79
26   0.9725000 0.553137317 0.282991844 0.2072089384    0.00   0.12      0.88
27   1.0000000 0.324151242 0.894101788 0.3208315638    0.00   0.00      1.00
28   0.9993359 0.548957085 0.541474617 0.7304160956    0.00   0.00      1.00
29   0.9893750 0.531102009 0.379292889 0.1524903600    0.00   0.07      0.93
30   1.0000000 0.940117612 0.889570275 0.1304206869    0.00   0.00      1.00
31   1.0000000 0.093091217 0.950020436 0.9695156894    0.00   0.00      1.00
32   1.0000000 0.960922583 0.596513740 0.9407306628    0.00   0.00      1.00
33   0.9669141 0.518349827 0.294780260 0.6278913831    0.00   0.13      0.87
34   1.0000000 0.795200063 0.956368426 0.6888287559    0.00   0.00      1.00
35   0.9176562 0.762693662 0.113139721 0.1430550448    0.00   0.19      0.81
36   0.9609766 0.165405063 0.317421858 0.5799009304    0.00   0.19      0.81
37   0.9999609 0.739738012 0.704052722 0.2895770450    0.00   0.00      1.00
38   0.9999219 0.783693767 0.642235037 0.5474570633    0.00   0.00      1.00
39   0.9851562 0.175797583 0.387605142 0.8354655821    0.00   0.07      0.93
40   1.0000000 0.967451368 0.717667055 0.4573922628    0.00   0.00      1.00
41   0.8795703 0.393461598 0.183055722 0.8592519534    0.00   0.38      0.62
42   1.0000000 0.841398492 0.844405545 0.4866631171    0.00   0.00      1.00
43   0.9820313 0.019860063 0.402297124 0.1396125546    0.00   0.11      0.89
44   0.9953516 0.576253799 0.439013426 0.0128974982    0.00   0.02      0.98
45   1.0000000 0.490351948 0.970400095 0.8714184496    0.00   0.00      1.00
46   1.0000000 0.987869514 0.515484884 0.7932026330    0.00   0.00      1.00
47   0.9398437 0.018171152 0.290377890 0.2742612986    0.00   0.27      0.73
48   1.0000000 0.962572701 0.602511939 0.1911140282    0.00   0.00      1.00
49   0.9953125 0.178252932 0.471393134 0.8509360827    0.00   0.02      0.98
50   0.5257031 0.161449312 0.067361345 0.0840313362    0.18   0.59      0.23
51   0.9990625 0.629097017 0.507667979 0.9141099702    0.00   0.00      1.00
52   0.9177734 0.205533145 0.258901693 0.7913759295    0.00   0.27      0.73
53   1.0000000 0.030099102 0.772334386 0.1326701280    0.00   0.00      1.00
54   0.9986328 0.291480669 0.533479811 0.8142441052    0.00   0.00      1.00
55   1.0000000 0.421138648 0.750392065 0.1942237252    0.00   0.00      1.00
56   0.7822266 0.275919831 0.142158537 0.7189948058    0.00   0.56      0.44
57   0.8623828 0.896882009 0.038779508 0.1626717390    0.10   0.08      0.82
58   1.0000000 0.067970088 0.894858922 0.5930776205    0.00   0.00      1.00
59   0.3129297 0.067641395 0.034140170 0.0619554867    0.46   0.40      0.14
60   0.9775000 0.272176750 0.352431019 0.7066668437    0.00   0.11      0.89
61   1.0000000 0.072145841 0.821565412 0.1868603143    0.00   0.00      1.00
62   1.0000000 0.546050487 0.828761269 0.2857630986    0.00   0.00      1.00
63   0.6202734 0.334320895 0.058278637 0.6518072325    0.01   0.61      0.38
64   0.9997266 0.891227632 0.544447429 0.2679400598    0.00   0.00      1.00
65   1.0000000 0.311547717 0.737006908 0.6157024777    0.00   0.00      1.00
66   0.9987109 0.920733865 0.368327648 0.4042381656    0.00   0.02      0.98
67   0.8071484 0.367653295 0.140081890 0.9027562044    0.00   0.51      0.49
68   0.9646484 0.233584312 0.310052805 0.8449091879    0.00   0.16      0.84
69   1.0000000 0.878710177 0.671718446 0.2943915916    0.00   0.00      1.00
70   1.0000000 0.038055341 0.874606297 0.7836971255    0.00   0.00      1.00
71   1.0000000 0.774103798 0.805361458 0.2063915341    0.00   0.00      1.00
72   0.9995703 0.535279491 0.565343997 0.0549552210    0.00   0.00      1.00
73   0.4414844 0.383765640 0.030812188 0.2196726131    0.44   0.26      0.30
74   0.9964063 0.661062295 0.452097869 0.1192519022    0.00   0.01      0.99
75   0.8001563 0.244257915 0.162103153 0.6832058800    0.00   0.56      0.44
76   0.9998828 0.468928074 0.652047954 0.8566461967    0.00   0.00      1.00
77   1.0000000 0.894083278 0.886514604 0.6905048455    0.00   0.00      1.00
78   0.9766797 0.908802964 0.152451524 0.0468719159    0.00   0.08      0.92
79   0.9876172 0.531711751 0.333695781 0.5472032453    0.00   0.04      0.96
80   0.9996875 0.801069806 0.628953767 0.5751672012    0.00   0.00      1.00
81   0.9996484 0.877693947 0.579755201 0.0590609915    0.00   0.00      1.00
82   0.9085156 0.586287198 0.168314736 0.0575798070    0.01   0.25      0.74
83   1.0000000 0.348631779 0.706705268 0.4180937875    0.00   0.00      1.00
84   0.9750000 0.565178357 0.312289947 0.3973509457    0.00   0.08      0.92
85   0.9984375 0.644454965 0.505157267 0.5485964459    0.00   0.01      0.99
86   0.3503516 0.191459827 0.022785050 0.1969073315    0.45   0.33      0.22
87   0.9999219 0.311003792 0.680089355 0.6659392335    0.00   0.00      1.00
88   1.0000000 0.004154891 0.717704891 0.9469693643    0.00   0.00      1.00
89   0.9975391 0.233456254 0.540627339 0.8045732616    0.00   0.00      1.00
90   0.9918359 0.368693623 0.410812188 0.8936866003    0.00   0.03      0.97
91   1.0000000 0.494985730 0.796673367 0.6546122676    0.00   0.00      1.00
92   1.0000000 0.782185169 0.823831540 0.6899992689    0.00   0.00      1.00
93   0.9201563 0.625060104 0.179554990 0.0079111487    0.01   0.22      0.77
94   0.9994922 0.970510588 0.341274628 0.2195123159    0.00   0.00      1.00
95   0.9588672 0.140869701 0.328882905 0.7799431151    0.00   0.19      0.81
96   0.8856250 0.336748214 0.173635315 0.7421854336    0.00   0.36      0.64
97   0.9521484 0.645521143 0.224683942 0.6047199897    0.00   0.20      0.80
98   0.3100781 0.128441141 0.028240585 0.1601421868    0.42   0.44      0.14
99   1.0000000 0.180676846 0.916356977 0.9845073307    0.00   0.00      1.00
100  0.9180859 0.679498640 0.161608595 0.4540557801    0.00   0.23      0.77
101  0.9978516 0.908361348 0.378829258 0.6751293954    0.00   0.00      1.00
102  1.0000000 0.854498628 0.870496960 0.1054762213    0.00   0.00      1.00
103  0.9742578 0.961732523 0.082073849 0.3582431450    0.00   0.04      0.96
104  0.9954297 0.678640398 0.399782173 0.7695306942    0.00   0.02      0.98
105  1.0000000 0.738380530 0.909442141 0.8922508971    0.00   0.00      1.00
106  1.0000000 0.737811461 0.879675468 0.0429128071    0.00   0.00      1.00
107  0.8744922 0.126710131 0.216660217 0.9403324125    0.00   0.47      0.53
108  0.9998828 0.200241859 0.720684943 0.6203407296    0.00   0.00      1.00
109  0.9993359 0.772633555 0.509276045 0.1569717929    0.00   0.00      1.00
110  0.9978125 0.434618921 0.514092337 0.3050046703    0.00   0.01      0.99
111  1.0000000 0.225922971 0.915874748 0.0554696878    0.00   0.00      1.00
112  0.9081641 0.246881448 0.230412082 0.4194940233    0.00   0.34      0.66
113  0.9815625 0.776501170 0.287550634 0.1652927820    0.00   0.06      0.94
114  0.9999219 0.547215955 0.685334128 0.7354556045    0.00   0.00      1.00
115  0.9550781 0.625061205 0.247074776 0.1140140751    0.00   0.11      0.89
116  1.0000000 0.283933931 0.975269097 0.0217644379    0.00   0.00      1.00
117  0.9998047 0.007758369 0.644226982 0.7543553149    0.00   0.00      1.00
118  0.9997656 0.138740662 0.644130317 0.5045436379    0.00   0.00      1.00
119  0.9991797 0.721003326 0.517932056 0.0876409537    0.00   0.01      0.99
120  0.9979687 0.822102115 0.428275805 0.6200263649    0.00   0.02      0.98
121  0.9433594 0.421140140 0.255265126 0.7651896998    0.00   0.28      0.72
122  0.9744141 0.844171484 0.190968410 0.8256993426    0.00   0.09      0.91
123  0.9835547 0.042866739 0.408586093 0.4921125083    0.00   0.07      0.93
124  0.9368750 0.887456500 0.060973206 0.6671711772    0.02   0.08      0.90
125  0.9959766 0.873994260 0.423774889 0.8266132844    0.00   0.01      0.99
126  1.0000000 0.869961850 0.985402413 0.0026493911    0.00   0.00      1.00
127  0.9850000 0.959601172 0.210769943 0.0741122044    0.00   0.05      0.95
128  0.8328125 0.702457889 0.083059498 0.9969499041    0.00   0.31      0.69
129  1.0000000 0.492327506 0.891076526 0.5972262477    0.00   0.00      1.00
130  0.7073438 0.244703501 0.112416170 0.7822862153    0.02   0.63      0.35
131  1.0000000 0.046310566 0.948552354 0.4160609716    0.00   0.00      1.00
132  0.9505469 0.811399651 0.158078718 0.6740782482    0.00   0.14      0.86
133  0.9509375 0.262176053 0.305082338 0.6866494147    0.00   0.24      0.76
134  0.9981641 0.127770258 0.545319198 0.4778783158    0.00   0.02      0.98
135  0.9998047 0.856131101 0.566873164 0.6518449467    0.00   0.00      1.00
136  0.9995703 0.573522546 0.534133635 0.4112124296    0.00   0.01      0.99
137  0.9908984 0.038172174 0.439266384 0.7626796463    0.00   0.03      0.97
138  0.9959375 0.315608862 0.485385944 0.7323885374    0.00   0.05      0.95
139  0.9982422 0.773228676 0.477696830 0.3481044031    0.00   0.02      0.98
140  0.8648828 0.835908635 0.048940794 0.6078026530    0.02   0.18      0.80
141  0.9225000 0.773701869 0.116732361 0.4963487419    0.00   0.17      0.83
142  0.9977344 0.691705805 0.461061044 0.4701164225    0.00   0.00      1.00
143  0.9999219 0.870551215 0.583721426 0.1923347281    0.00   0.00      1.00
144  0.9997266 0.094596513 0.569762948 0.2762444939    0.00   0.01      0.99
145  1.0000000 0.268134756 0.896412811 0.6661258924    0.00   0.00      1.00
146  0.7410156 0.628251378 0.039997197 0.1105673495    0.23   0.12      0.65
147  1.0000000 0.660832741 0.929847359 0.3946578021    0.00   0.00      1.00
148  1.0000000 0.431546383 0.885871211 0.5025834634    0.00   0.00      1.00
149  0.9705078 0.216084442 0.342996365 0.3582126682    0.00   0.12      0.88
150  1.0000000 0.983234369 0.547204646 0.2672522857    0.00   0.00      1.00
151  1.0000000 0.089588874 0.836154199 0.6597357651    0.00   0.00      1.00
152  0.9970313 0.960774469 0.314122399 0.7958560663    0.00   0.02      0.98
153  0.8978906 0.527905784 0.172888259 0.3861674862    0.00   0.32      0.68
154  1.0000000 0.282587243 0.908098320 0.8992761369    0.00   0.00      1.00
155  0.9971484 0.706767455 0.444193286 0.7092311766    0.00   0.00      1.00
156  0.9853906 0.487223319 0.351766017 0.5520425921    0.00   0.10      0.90
157  0.8257031 0.300290005 0.133307482 0.9720049221    0.00   0.54      0.46
158  0.8650000 0.878437941 0.005926250 0.2371471068    0.11   0.03      0.86
159  1.0000000 0.664260946 0.804059309 0.6314287111    0.00   0.00      1.00
160  0.9935156 0.579932101 0.394518954 0.8072232280    0.00   0.02      0.98
161  0.8785547 0.697489207 0.102116370 0.0869451084    0.03   0.19      0.78
162  0.9986328 0.813772622 0.464677328 0.4510439239    0.00   0.00      1.00
163  0.9942578 0.680806133 0.396224380 0.1277439101    0.00   0.05      0.95
164  0.9994531 0.095998977 0.589263400 0.3425431927    0.00   0.01      0.99
165  1.0000000 0.586607726 0.783914883 0.2971858736    0.00   0.00      1.00
166  0.9998828 0.443038216 0.664871904 0.1837424415    0.00   0.00      1.00
167  0.8075000 0.710964215 0.034889201 0.8738878120    0.04   0.21      0.75
168  1.0000000 0.922385602 0.977583438 0.8768533049    0.00   0.00      1.00
169  0.9987500 0.429287099 0.566052296 0.8132814835    0.00   0.01      0.99
170  0.5071875 0.425901178 0.008597282 0.1932063529    0.47   0.05      0.48
171  1.0000000 0.145206912 0.892480564 0.3919028938    0.00   0.00      1.00
172  0.9576562 0.756577373 0.201507871 0.2764002772    0.00   0.17      0.83
173  0.9852734 0.480398266 0.345289705 0.7203653203    0.00   0.07      0.93
174  0.3496484 0.324057489 0.009247379 0.7668654909    0.53   0.17      0.30
175  0.4504687 0.105173572 0.063927229 0.5084888875    0.12   0.76      0.12
176  1.0000000 0.731205808 0.974263684 0.9584882162    0.00   0.00      1.00
177  0.7067969 0.543643447 0.059203992 0.1092010064    0.20   0.27      0.53
178  0.9998438 0.351401059 0.674576012 0.1919458804    0.00   0.00      1.00
179  0.7860156 0.396299660 0.124789559 0.9556707097    0.01   0.47      0.52
180  0.9951172 0.546287696 0.452577695 0.3058183729    0.00   0.01      0.99
181  0.9947656 0.863537890 0.334072737 0.0034930683    0.00   0.01      0.99
182  1.0000000 0.421873965 0.872770813 0.8226527218    0.00   0.00      1.00
183  0.9155078 0.155625743 0.249566537 0.8888732602    0.00   0.32      0.68
184  0.9999609 0.185541898 0.757516264 0.0856341370    0.00   0.00      1.00
185  0.9698828 0.459073429 0.314027535 0.6969847861    0.00   0.14      0.86
186  1.0000000 0.526095307 0.787336153 0.4444869333    0.00   0.00      1.00
187  0.9550781 0.402331146 0.268422541 0.7882813893    0.00   0.18      0.82
188  0.9997266 0.502426032 0.607210558 0.3199115293    0.00   0.00      1.00
189  1.0000000 0.655283243 0.983965346 0.9311505470    0.00   0.00      1.00
190  0.6981250 0.102026273 0.125958216 0.6739024287    0.00   0.73      0.27
191  0.8182031 0.390071125 0.135508001 0.9224518586    0.00   0.54      0.46
192  1.0000000 0.535078584 0.824548800 0.2024008697    0.00   0.00      1.00
193  0.9999219 0.551270549 0.697826321 0.1408793600    0.00   0.00      1.00
194  1.0000000 0.896994347 0.792045443 0.2922837087    0.00   0.00      1.00
195  1.0000000 0.882087766 0.992514981 0.1574984244    0.00   0.00      1.00
196  0.9687500 0.168598779 0.334911082 0.8863957296    0.00   0.12      0.88
197  0.8755078 0.145303356 0.206616877 0.6602176547    0.00   0.50      0.50
198  0.9910937 0.895275119 0.274536743 0.9447417071    0.00   0.02      0.98
199  0.9842969 0.230754597 0.383107811 0.4693563895    0.00   0.07      0.93
200  1.0000000 0.727245119 0.876681011 0.7623834952    0.00   0.00      1.00
201  0.8834766 0.412166926 0.182973606 0.8073504558    0.00   0.40      0.60
202  1.0000000 0.925884174 0.625949854 0.6933380570    0.00   0.00      1.00
203  0.9899609 0.286553583 0.398979863 0.1205198262    0.00   0.07      0.93
204  0.9998828 0.453696320 0.657492745 0.2517955205    0.00   0.00      1.00
205  1.0000000 0.482643731 0.895296089 0.6957945370    0.00   0.00      1.00
206  1.0000000 0.058317133 0.894203088 0.5590248220    0.00   0.00      1.00
207  0.7834766 0.537747729 0.088444455 0.4150253476    0.01   0.41      0.58
208  0.9917969 0.244610190 0.423159120 0.8212561300    0.00   0.05      0.95
209  1.0000000 0.266051013 0.990058536 0.3711256234    0.00   0.00      1.00
210  0.8905469 0.446772032 0.183542283 0.2054461294    0.00   0.32      0.68
211  0.9533594 0.927078743 0.014042177 0.0216908404    0.01   0.05      0.94
212  0.9978125 0.180146697 0.539869257 0.9537314547    0.00   0.02      0.98
213  0.9845312 0.134476655 0.414306363 0.9727827345    0.00   0.09      0.91
214  0.9624219 0.171387252 0.334514859 0.4590910994    0.00   0.13      0.87
215  0.9992969 0.578729717 0.543720473 0.6796496005    0.00   0.00      1.00
216  1.0000000 0.760912162 0.825442506 0.2966077484    0.00   0.00      1.00
217  0.9711328 0.814111662 0.225723332 0.1463615971    0.00   0.10      0.90
218  0.9855859 0.778960405 0.264608526 0.4956342394    0.00   0.08      0.92
219  1.0000000 0.659356986 0.885497336 0.4497016817    0.00   0.00      1.00
220  1.0000000 0.220979973 0.781997964 0.2955733221    0.00   0.00      1.00
221  0.9994922 0.044976745 0.602153945 0.1877815577    0.00   0.01      0.99
222  0.9995312 0.642696725 0.576199995 0.5055237066    0.00   0.00      1.00
223  0.8131250 0.204447048 0.160114292 0.8230613279    0.00   0.55      0.45
224  0.9655469 0.056361155 0.344727684 0.2243318988    0.00   0.17      0.83
225  0.7185938 0.266672150 0.097382234 0.5215226621    0.01   0.60      0.39
226  0.8787891 0.784287177 0.040265356 0.2919213010    0.04   0.13      0.83
227  1.0000000 0.991437810 0.998572601 0.1172078915    0.00   0.00      1.00
228  0.9982422 0.498956759 0.520476285 0.3437659799    0.00   0.01      0.99
229  0.9999609 0.432761582 0.704258641 0.6298186521    0.00   0.00      1.00
230  0.9995703 0.350691077 0.584596091 0.2313198224    0.00   0.01      0.99
231  0.9893359 0.581181688 0.363845818 0.3333279120    0.00   0.04      0.96
232  0.7730078 0.288387646 0.139859567 0.6857372795    0.02   0.53      0.45
233  0.5955859 0.589129230 0.009648855 0.4775072574    0.31   0.12      0.57
234  0.9875391 0.879295891 0.253371275 0.8265709486    0.00   0.04      0.96
235  0.6674609 0.605181736 0.021952759 0.7607126739    0.13   0.28      0.59
236  0.9994531 0.563159795 0.546262463 0.4773359196    0.00   0.01      0.99
237  0.8948438 0.626327477 0.168265469 0.5207902167    0.01   0.28      0.71
238  1.0000000 0.176531677 0.882019507 0.8876159964    0.00   0.00      1.00
239  0.9230078 0.515980669 0.204859663 0.1340656790    0.00   0.24      0.76
240  1.0000000 0.888880724 0.857892336 0.5026672627    0.00   0.00      1.00
241  0.9378125 0.822575680 0.173156575 0.3757230418    0.00   0.17      0.83
242  0.9888281 0.747677233 0.332104288 0.4623666890    0.00   0.04      0.96
243  1.0000000 0.527882783 0.904438579 0.8059758854    0.00   0.00      1.00
244  0.9998438 0.189258707 0.701306630 0.9561744579    0.00   0.00      1.00
245  1.0000000 0.913516255 0.916534487 0.1325071545    0.00   0.00      1.00
246  0.8100000 0.312512576 0.135660850 0.5972314975    0.00   0.52      0.48
247  0.9926953 0.965844939 0.186584083 0.1495608278    0.00   0.02      0.98
248  0.9811719 0.146246872 0.381247654 0.9053588272    0.00   0.10      0.90
249  0.5416797 0.519993037 0.011684258 0.5487916900    0.31   0.19      0.50
250  1.0000000 0.674809815 0.701895504 0.1335674720    0.00   0.00      1.00
251  1.0000000 0.175149929 0.759013811 0.1005917646    0.00   0.00      1.00
252  0.9467188 0.500419349 0.230992138 0.4122876832    0.00   0.15      0.85
253  0.9985156 0.116800892 0.543568228 0.7438438407    0.00   0.00      1.00
254  0.9982031 0.306848107 0.516750186 0.5279153630    0.00   0.01      0.99
255  0.9077734 0.524438757 0.177230989 0.6973399967    0.00   0.30      0.70
256  0.8141016 0.609715537 0.088802400 0.2647440177    0.04   0.33      0.63
257  0.5877344 0.100148919 0.093644246 0.0532027555    0.17   0.61      0.22
258  1.0000000 0.123104524 0.795002328 0.8749765111    0.00   0.00      1.00
259  0.9996484 0.540536816 0.583805304 0.1023770350    0.00   0.00      1.00
260  0.9431641 0.250039106 0.284136194 0.1647430672    0.00   0.26      0.74
261  0.9591406 0.953939209 0.029720344 0.7449618487    0.01   0.04      0.95
262  0.9998047 0.963752562 0.614817737 0.1185829490    0.00   0.00      1.00
263  0.9760156 0.227322728 0.374089848 0.0953182341    0.00   0.14      0.86
264  1.0000000 0.994567297 0.751952403 0.6630549326    0.00   0.00      1.00
265  1.0000000 0.163735115 0.787499882 0.0603226149    0.00   0.00      1.00
266  0.9212500 0.744665114 0.111298669 0.8240983177    0.00   0.15      0.85
267  0.8922656 0.131244646 0.212064635 0.5032164110    0.00   0.44      0.56
268  0.9990234 0.799745563 0.488667125 0.5565794974    0.00   0.00      1.00
269  0.9639062 0.169071260 0.334067462 0.1254839357    0.00   0.18      0.82
270  0.9977734 0.536687737 0.498572245 0.3472567578    0.00   0.01      0.99
271  0.9997656 0.446586277 0.666299208 0.6233359550    0.00   0.01      0.99
272  0.9976953 0.330708715 0.529922725 0.3191052165    0.00   0.00      1.00
273  0.8588281 0.370503098 0.179909979 0.4872557658    0.00   0.41      0.59
274  0.9998047 0.274721161 0.673591575 0.6167320604    0.00   0.00      1.00
275  1.0000000 0.281063031 0.964975981 0.4188501623    0.00   0.00      1.00
276  1.0000000 0.112537372 0.801385460 0.0666770425    0.00   0.00      1.00
277  1.0000000 0.956642577 0.677385769 0.9395994593    0.00   0.00      1.00
278  0.9521875 0.553875356 0.243052421 0.7405138800    0.00   0.22      0.78
279  0.9963281 0.625598366 0.408129667 0.5832736725    0.00   0.01      0.99
280  1.0000000 0.791500845 0.707158789 0.2059226644    0.00   0.00      1.00
281  1.0000000 0.566928196 0.832436390 0.1928884673    0.00   0.00      1.00
282  0.5802344 0.370223490 0.064909719 0.8473224093    0.00   0.69      0.31
283  1.0000000 0.528626922 0.935260126 0.8212735192    0.00   0.00      1.00
284  1.0000000 0.088794200 0.956508183 0.6113451784    0.00   0.00      1.00
285  0.9969922 0.754542759 0.423761661 0.1934785654    0.00   0.03      0.97
286  0.9847266 0.989907276 0.052077370 0.4069539912    0.01   0.01      0.98
287  0.9999219 0.007096308 0.701641277 0.2768838911    0.00   0.01      0.99
288  1.0000000 0.249341192 0.790423138 0.8020805300    0.00   0.00      1.00
289  0.9991016 0.670977699 0.506108220 0.8358221457    0.00   0.00      1.00
290  0.9990234 0.082792866 0.574911156 0.0209244331    0.00   0.00      1.00
291  0.8058984 0.292183456 0.150778463 0.7262944379    0.01   0.55      0.44
292  0.9665625 0.908082880 0.114539834 0.6271203258    0.00   0.08      0.92
293  0.9955859 0.486040366 0.485591736 0.0880661986    0.00   0.02      0.98
294  0.9997266 0.184433252 0.645534951 0.0735341848    0.00   0.00      1.00
295  1.0000000 0.637582073 0.789062147 0.7783460012    0.00   0.00      1.00
296  1.0000000 0.458150532 0.789493243 0.1197389602    0.00   0.00      1.00
297  0.7803516 0.199326479 0.149096476 0.9614525535    0.01   0.62      0.37
298  1.0000000 0.725979920 0.986050320 0.4287326424    0.00   0.00      1.00
299  1.0000000 0.575319725 0.910914535 0.9783004988    0.00   0.00      1.00
300  0.7270703 0.039914388 0.152967550 0.7465538899    0.00   0.77      0.23
301  0.3926172 0.254520241 0.017052506 0.4085501833    0.42   0.26      0.32
302  1.0000000 0.509844810 0.977171568 0.2813476080    0.00   0.00      1.00
303  0.9994922 0.749756512 0.499029004 0.5289133617    0.00   0.00      1.00
304  0.9389453 0.713812059 0.162277569 0.4411516103    0.00   0.20      0.80
305  0.9998828 0.462253273 0.645444213 0.8192275963    0.00   0.00      1.00
306  0.8907031 0.652224565 0.128417270 0.3520057912    0.00   0.26      0.74
307  0.9878516 0.192421016 0.413672237 0.1010564715    0.00   0.03      0.97
308  0.9998438 0.420187896 0.664158448 0.5800774393    0.00   0.00      1.00
309  1.0000000 0.083277827 0.860715499 0.8310170968    0.00   0.00      1.00
310  0.7210547 0.094947594 0.139343919 0.8167900355    0.00   0.74      0.26
311  1.0000000 0.956754080 0.672587440 0.2153236242    0.00   0.00      1.00
312  0.7407031 0.230426964 0.127744796 0.5037758783    0.01   0.65      0.34
313  1.0000000 0.001766059 0.893576831 0.7381613555    0.00   0.00      1.00
314  0.9118359 0.892461846 0.017004494 0.9011538334    0.05   0.05      0.90
315  0.9994922 0.092455800 0.611041676 0.0863150610    0.00   0.01      0.99
316  1.0000000 0.345380709 0.930215981 0.6124532588    0.00   0.00      1.00
317  1.0000000 0.501622393 0.816893958 0.0374494474    0.00   0.00      1.00
318  0.3985547 0.059036565 0.058053656 0.6308696258    0.09   0.87      0.04
319  0.9986719 0.904166518 0.408106090 0.1005817377    0.00   0.01      0.99
320  0.9999609 0.077609373 0.732382442 0.0716934870    0.00   0.00      1.00
321  1.0000000 0.921813101 0.815333029 0.5131166927    0.00   0.00      1.00
322  1.0000000 0.518634382 0.750394028 0.7234379319    0.00   0.00      1.00
323  1.0000000 0.086963459 0.962296469 0.1641476150    0.00   0.00      1.00
324  1.0000000 0.350549164 0.818434106 0.3981064991    0.00   0.00      1.00
325  1.0000000 0.982364340 0.015894039 0.1838104483    0.00   0.00      1.00
326  0.8080859 0.536878502 0.100475815 0.8985254250    0.01   0.38      0.61
327  1.0000000 0.176053845 0.886775656 0.1630728128    0.00   0.00      1.00
328  1.0000000 0.756098643 0.954333603 0.0696839348    0.00   0.00      1.00
329  1.0000000 0.922282910 0.748554186 0.1619708461    0.00   0.00      1.00
330  0.7582813 0.667471926 0.061671192 0.3638805875    0.08   0.29      0.63
331  0.8966406 0.086478537 0.231313163 0.8487469137    0.00   0.38      0.62
332  0.9894141 0.193051764 0.411704842 0.8133729184    0.00   0.07      0.93
333  0.3931641 0.424070205 0.005745549 0.6914054556    0.46   0.17      0.37
334  1.0000000 0.943955385 0.529723279 0.4653119955    0.00   0.00      1.00
335  1.0000000 0.122364269 0.951386967 0.5655454637    0.00   0.00      1.00
336  1.0000000 0.662137205 0.778016993 0.9478229447    0.00   0.00      1.00
337  0.9989062 0.601409603 0.492248959 0.4708362443    0.00   0.01      0.99
338  0.9842188 0.642463405 0.312171578 0.0491222416    0.00   0.09      0.91
339  0.9466016 0.117821597 0.294712406 0.7379064255    0.00   0.18      0.82
340  0.9998047 0.531751987 0.612418671 0.3651009197    0.00   0.00      1.00
341  1.0000000 0.389123839 0.878977969 0.3650603807    0.00   0.00      1.00
342  0.9908594 0.967934764 0.117656798 0.4072206439    0.00   0.02      0.98
343  1.0000000 0.343344895 0.902293837 0.2312276403    0.00   0.00      1.00
344  0.9999609 0.710122630 0.725471434 0.0311117924    0.00   0.00      1.00
345  0.9962891 0.645370943 0.411306093 0.2647455691    0.00   0.02      0.98
346  0.9913281 0.165401715 0.453871917 0.0541189541    0.00   0.04      0.96
347  0.9801172 0.747555338 0.276573913 0.7647430499    0.00   0.06      0.94
348  0.9957422 0.636977197 0.447752089 0.5079516794    0.00   0.02      0.98
349  0.9989844 0.638597911 0.522246760 0.6683958326    0.00   0.01      0.99
350  1.0000000 0.639079207 0.917824368 0.3545889647    0.00   0.00      1.00
351  1.0000000 0.587415441 0.879271194 0.3736017144    0.00   0.00      1.00
352  0.8367187 0.048717604 0.195339487 0.3274130255    0.00   0.51      0.49
353  1.0000000 0.734629571 0.804743485 0.3282249302    0.00   0.00      1.00
354  1.0000000 0.680621126 0.822358286 0.1199810226    0.00   0.00      1.00
355  1.0000000 0.201459962 0.724962995 0.3339695688    0.00   0.00      1.00
356  1.0000000 0.264732011 0.897225708 0.5129271026    0.00   0.00      1.00
357  1.0000000 0.321305541 0.880528349 0.2858960186    0.00   0.00      1.00
358  0.9964063 0.452882441 0.444860568 0.5008801832    0.00   0.01      0.99
359  0.9999219 0.488590941 0.696568144 0.3339740196    0.00   0.00      1.00
360  0.9992578 0.159076536 0.575004184 0.9713492314    0.00   0.01      0.99
361  0.8339844 0.386679551 0.139985135 0.4614328179    0.01   0.44      0.55
362  1.0000000 0.873386686 0.712640514 0.7576870865    0.00   0.00      1.00
363  0.9962500 0.695340228 0.399483333 0.5926954146    0.00   0.01      0.99
364  0.8791797 0.714119627 0.130141991 0.8474547050    0.00   0.29      0.71
365  0.9940234 0.051069091 0.459902646 0.1357945132    0.00   0.04      0.96
366  0.9962500 0.453523690 0.458357423 0.4419962598    0.00   0.03      0.97
367  0.8199219 0.597216540 0.100867582 0.7536159691    0.00   0.35      0.65
368  0.5423438 0.547766875 0.003389398 0.1391902638    0.42   0.05      0.53
369  1.0000000 0.296687735 0.836046044 0.9214479867    0.00   0.00      1.00
370  1.0000000 0.543330949 0.832930939 0.1569248484    0.00   0.00      1.00
371  1.0000000 0.878855610 0.704542080 0.3388798425    0.00   0.00      1.00
372  1.0000000 0.598991744 0.819424720 0.7366768529    0.00   0.00      1.00
373  0.9999219 0.028512376 0.750544662 0.0437687235    0.00   0.00      1.00
374  0.9999219 0.639986151 0.637003599 0.4723155675    0.00   0.00      1.00
375  1.0000000 0.628426853 0.937340675 0.2963835942    0.00   0.00      1.00
376  0.7727734 0.798193589 0.002566964 0.7471042597    0.21   0.02      0.77
377  0.9980469 0.069253064 0.551698872 0.6325548054    0.00   0.00      1.00
378  0.8532031 0.493382365 0.143279831 0.9126742384    0.00   0.36      0.64
379  0.8811328 0.124018788 0.223079288 0.2595711343    0.00   0.41      0.59
380  1.0000000 0.955062415 0.739712908 0.6066645805    0.00   0.00      1.00
381  0.9171094 0.881362210 0.024686890 0.2488332782    0.05   0.05      0.90
382  0.9821875 0.461257555 0.330061573 0.0665689351    0.00   0.08      0.92
383  0.9533984 0.621709794 0.222708275 0.2933363128    0.00   0.16      0.84
384  0.8623437 0.601696104 0.111805844 0.3151080208    0.00   0.33      0.67
385  1.0000000 0.753806666 0.637290564 0.1655521027    0.00   0.00      1.00
386  0.9999609 0.419956940 0.671351483 0.3971417893    0.00   0.00      1.00
387  1.0000000 0.210094358 0.826889410 0.0941522026    0.00   0.00      1.00
388  0.9927734 0.309057534 0.440207093 0.3843230577    0.00   0.04      0.96
389  0.9995703 0.413170276 0.591339358 0.5970182323    0.00   0.00      1.00
390  1.0000000 0.550804813 0.973001628 0.4835785998    0.00   0.00      1.00
391  0.9994141 0.455798539 0.602002742 0.5821527145    0.00   0.01      0.99
392  1.0000000 0.999048164 0.989122694 0.6028863280    0.00   0.00      1.00
393  0.9995703 0.571801197 0.565873782 0.6059105913    0.00   0.00      1.00
394  0.9996875 0.827731145 0.532181617 0.7865210653    0.00   0.01      0.99
395  0.9995703 0.804738042 0.564890137 0.7916355412    0.00   0.01      0.99
396  1.0000000 0.838322739 0.735916267 0.3029494386    0.00   0.00      1.00
397  0.8749609 0.195791693 0.184239859 0.5925929293    0.00   0.40      0.60
398  1.0000000 0.878961747 0.749793608 0.2489179356    0.00   0.00      1.00
399  0.9895703 0.218175420 0.400792441 0.6068175877    0.00   0.07      0.93
400  0.9998828 0.280723638 0.629702395 0.9331501254    0.00   0.00      1.00
401  0.9170312 0.348981122 0.200825386 0.4482837475    0.00   0.29      0.71
402  1.0000000 0.222584157 0.833263599 0.8901590982    0.00   0.00      1.00
403  1.0000000 0.743163251 0.790911221 0.1989779926    0.00   0.00      1.00
404  0.9994531 0.300170850 0.558697744 0.7338838759    0.00   0.00      1.00
405  0.9993750 0.975935442 0.435464620 0.8922244660    0.00   0.00      1.00
406  0.8814844 0.328257407 0.194930117 0.9032411154    0.00   0.36      0.64
407  1.0000000 0.966620962 0.811583652 0.2039512228    0.00   0.00      1.00
408  1.0000000 0.277088656 0.687900015 0.8004370707    0.00   0.00      1.00
409  0.5250781 0.050369976 0.076639737 0.8986391425    0.01   0.82      0.17
410  0.9999219 0.288435141 0.677811373 0.5735842574    0.00   0.00      1.00
411  0.9853125 0.908537636 0.197395429 0.8242464135    0.00   0.07      0.93
412  1.0000000 0.990799752 0.422866657 0.6789681967    0.00   0.00      1.00
413  0.6073828 0.184822365 0.082724475 0.3280295804    0.07   0.69      0.24
414  1.0000000 0.795878570 0.662934631 0.1983051402    0.00   0.00      1.00
415  0.9342578 0.773393324 0.155574552 0.8589026523    0.00   0.22      0.78
416  0.9998828 0.043548003 0.626182707 0.2815773163    0.00   0.01      0.99
417  0.9738672 0.865172848 0.227053590 0.0099069846    0.00   0.16      0.84
418  0.9265625 0.734685845 0.149115594 0.9736317962    0.00   0.20      0.80
419  1.0000000 0.122812738 0.975206510 0.9644838346    0.00   0.00      1.00
420  0.9707813 0.636368027 0.293085430 0.8857192565    0.00   0.13      0.87
421  1.0000000 0.723117398 0.974738484 0.0270798798    0.00   0.00      1.00
422  1.0000000 0.550604779 0.720302912 0.5057381680    0.00   0.00      1.00
423  0.9887891 0.572405136 0.388773188 0.0425633453    0.00   0.06      0.94
424  1.0000000 0.729987534 0.631600522 0.0276046081    0.00   0.00      1.00
425  0.9933984 0.674360423 0.394591589 0.0020145955    0.00   0.04      0.96
426  0.9928516 0.422808246 0.401434796 0.3301777146    0.00   0.03      0.97
427  0.9988281 0.780515329 0.483331644 0.5914272992    0.00   0.01      0.99
428  0.8259375 0.685592041 0.066987921 0.7948461391    0.01   0.27      0.72
429  1.0000000 0.456144455 0.981613886 0.6389223295    0.00   0.00      1.00
430  0.9998828 0.740477262 0.662055100 0.0439168252    0.00   0.00      1.00
431  1.0000000 0.942310609 0.887637705 0.4836511919    0.00   0.00      1.00
432  1.0000000 0.300459650 0.696490231 0.0219969419    0.00   0.00      1.00
433  1.0000000 0.718323802 0.742763536 0.9013829990    0.00   0.00      1.00
434  0.9999609 0.406579642 0.678002260 0.6766434223    0.00   0.00      1.00
435  1.0000000 0.357064999 0.755021945 0.8083143558    0.00   0.00      1.00
436  1.0000000 0.520431059 0.907408154 0.0738215388    0.00   0.00      1.00
437  0.9869531 0.359715193 0.395096954 0.6555453110    0.00   0.07      0.93
438  1.0000000 0.405790314 0.672798642 0.2595803184    0.00   0.00      1.00
439  0.9977344 0.481981217 0.492785054 0.8097023454    0.00   0.01      0.99
440  1.0000000 0.972335091 0.549411851 0.0820435148    0.00   0.00      1.00
441  0.9992188 0.950973168 0.396436139 0.0760593356    0.00   0.01      0.99
442  1.0000000 0.461875130 0.950087718 0.1126295733    0.00   0.00      1.00
443  0.9933594 0.987812043 0.111435555 0.2472058116    0.01   0.01      0.98
444  0.9873828 0.213459726 0.408672788 0.3113043981    0.00   0.07      0.93
445  1.0000000 0.333420027 0.815633048 0.4167642505    0.00   0.00      1.00
446  0.8944922 0.558471902 0.157313819 0.6953519224    0.01   0.25      0.74
447  0.9954688 0.392247226 0.454492319 0.5296221904    0.00   0.05      0.95
448  1.0000000 0.479495479 0.734795543 0.8803615342    0.00   0.00      1.00
449  0.9384766 0.594437483 0.209612173 0.8917404141    0.00   0.20      0.80
450  0.8750781 0.397267806 0.179987222 0.6524967372    0.00   0.40      0.60
451  0.9855078 0.115452859 0.398139881 0.5283221784    0.00   0.08      0.92
452  0.9814844 0.342764451 0.354471871 0.6324801729    0.00   0.09      0.91
453  0.9999609 0.908522274 0.621677027 0.5795647074    0.00   0.00      1.00
454  0.9983203 0.684515044 0.477439768 0.7604657079    0.00   0.00      1.00
455  0.5652344 0.387365333 0.051763068 0.2944366594    0.18   0.47      0.35
456  1.0000000 0.334115629 0.767873389 0.2128313594    0.00   0.00      1.00
457  0.9997266 0.553105240 0.623185939 0.4004860735    0.00   0.00      1.00
458  0.9310156 0.513093779 0.219967809 0.0154334037    0.00   0.19      0.81
459  0.9360937 0.773436798 0.147165407 0.9417734996    0.00   0.16      0.84
460  1.0000000 0.522588219 0.833738563 0.4861632483    0.00   0.00      1.00
461  0.9726562 0.116993506 0.350977987 0.7707662173    0.00   0.11      0.89
462  0.9561328 0.458955750 0.260045952 0.4268409899    0.00   0.27      0.73
463  0.9998438 0.502052895 0.632344543 0.8989865482    0.00   0.00      1.00
464  0.9035156 0.201896977 0.234299452 0.8250896137    0.00   0.30      0.70
465  0.5150391 0.423555813 0.034459872 0.9265754323    0.18   0.44      0.38
466  1.0000000 0.493799604 0.988396061 0.3064519756    0.00   0.00      1.00
467  0.9996094 0.682605354 0.512986874 0.2473557142    0.00   0.00      1.00
468  1.0000000 0.291526732 0.857325273 0.0141120316    0.00   0.00      1.00
469  0.9999219 0.315980262 0.664432806 0.9707157041    0.00   0.00      1.00
470  1.0000000 0.596569365 0.693899946 0.0664531221    0.00   0.00      1.00
471  0.9886328 0.109298114 0.417938380 0.5353126689    0.00   0.07      0.93
472  0.9583594 0.005258451 0.323982364 0.1019371941    0.00   0.17      0.83
473  1.0000000 0.001781174 0.932586510 0.0490004939    0.00   0.00      1.00
474  1.0000000 0.538982069 0.819522026 0.8109772853    0.00   0.00      1.00
475  0.9096484 0.631290077 0.151547956 0.3699154507    0.00   0.24      0.76
476  0.9973047 0.041829801 0.502703041 0.3699404632    0.00   0.01      0.99
477  1.0000000 0.187055855 0.866118284 0.7046176165    0.00   0.00      1.00
478  1.0000000 0.325869454 0.859751483 0.7855937916    0.00   0.00      1.00
479  0.9998438 0.473826426 0.602040066 0.6433778992    0.00   0.00      1.00
480  1.0000000 0.850374574 0.712005225 0.4010805031    0.00   0.00      1.00
481  1.0000000 0.804763701 0.618514798 0.3809374450    0.00   0.00      1.00
482  0.9730078 0.333256179 0.328716602 0.6641295545    0.00   0.09      0.91
483  1.0000000 0.839129897 0.820910261 0.3644029151    0.00   0.00      1.00
484  0.6503516 0.327551418 0.070310732 0.9184445594    0.03   0.56      0.41
485  0.9994922 0.623920003 0.544542089 0.0455408066    0.00   0.00      1.00
486  0.9966797 0.643345897 0.467286224 0.8455185776    0.00   0.02      0.98
487  0.8073828 0.374343701 0.150180311 0.3362613106    0.00   0.50      0.50
488  0.9999609 0.048222703 0.735677483 0.6282632819    0.00   0.00      1.00
489  1.0000000 0.268664489 0.807985618 0.4504819450    0.00   0.00      1.00
490  0.9758594 0.370827812 0.338783329 0.8520141793    0.00   0.16      0.84
491  1.0000000 0.251507968 0.877909065 0.4751929424    0.00   0.00      1.00
492  0.9997656 0.355838610 0.617942232 0.1017895746    0.00   0.01      0.99
493  1.0000000 0.514901984 0.911888475 0.3847024587    0.00   0.00      1.00
494  1.0000000 0.776825985 0.592828971 0.5446402924    0.00   0.00      1.00
495  0.9983594 0.061675550 0.533406591 0.1179353818    0.00   0.00      1.00
496  1.0000000 0.232971533 0.957319302 0.3604330295    0.00   0.00      1.00
497  0.9963672 0.731402514 0.368611339 0.8042416191    0.00   0.00      1.00
498  0.9975781 0.728301502 0.444551100 0.2576685487    0.00   0.00      1.00
499  1.0000000 0.665749635 0.830634711 0.9055555984    0.00   0.00      1.00
500  0.9970313 0.372794236 0.481209367 0.9935467630    0.00   0.00      1.00
501  0.8703516 0.152594053 0.206602804 0.3306122900    0.00   0.40      0.60
502  0.9998828 0.940057888 0.489706381 0.2184098463    0.00   0.00      1.00
503  0.9976953 0.154435982 0.506834280 0.7796931916    0.00   0.00      1.00
504  1.0000000 0.769296336 0.915577428 0.9151261549    0.00   0.00      1.00
505  0.9999609 0.117396383 0.732128934 0.7336517945    0.00   0.00      1.00
506  0.9517578 0.279219870 0.282059427 0.4892727272    0.00   0.15      0.85
507  0.9995703 0.127033661 0.626355327 0.5024319075    0.00   0.00      1.00
508  0.9221875 0.492506503 0.214831244 0.5803290666    0.00   0.32      0.68
509  0.9405078 0.091519361 0.289308569 0.1025979472    0.00   0.20      0.80
510  0.9982031 0.627371258 0.459212419 0.1282568588    0.00   0.00      1.00
511  0.5974219 0.432975671 0.036090626 0.3904592702    0.15   0.40      0.45
512  0.9997656 0.588731207 0.555001192 0.9037631857    0.00   0.00      1.00
513  0.5262891 0.511440170 0.008165320 0.4588146270    0.42   0.08      0.50
514  1.0000000 0.734851679 0.821598760 0.7887705967    0.00   0.00      1.00
515  0.9613672 0.611996813 0.250980776 0.0277367102    0.00   0.10      0.90
516  0.9500000 0.780777662 0.190762844 0.6121079889    0.00   0.17      0.83
517  0.9989844 0.941699318 0.346212392 0.5413994975    0.00   0.00      1.00
518  0.9949219 0.163771029 0.486420335 0.3425046918    0.00   0.01      0.99
519  0.9903125 0.613106413 0.386045926 0.6539939966    0.00   0.03      0.97
520  1.0000000 0.109876148 0.999628629 0.8348757837    0.00   0.00      1.00
521  0.9991016 0.949455347 0.409776568 0.1822941094    0.00   0.00      1.00
522  0.9567578 0.946593700 0.026339212 0.5202026041    0.04   0.01      0.95
523  0.9995703 0.929374994 0.567474914 0.2370908943    0.00   0.00      1.00
524  1.0000000 0.115947745 0.746525940 0.3166108916    0.00   0.00      1.00
525  0.9935156 0.207589724 0.462051298 0.8922770284    0.00   0.04      0.96
526  1.0000000 0.889898538 0.717123376 0.6541451020    0.00   0.00      1.00
527  0.9525391 0.495856716 0.232241714 0.2036692740    0.00   0.15      0.85
528  0.9714063 0.242058704 0.336256200 0.1821247968    0.00   0.12      0.88
529  0.9955469 0.953443484 0.248377419 0.9011895668    0.00   0.02      0.98
530  0.9871875 0.701769907 0.299236904 0.4986410623    0.00   0.05      0.95
531  0.9994922 0.055569042 0.596444898 0.4107233402    0.00   0.02      0.98
532  0.9997656 0.926514515 0.503460186 0.8247016049    0.00   0.00      1.00
533  1.0000000 0.945399784 0.688639950 0.2362499053    0.00   0.00      1.00
534  0.8924219 0.775590773 0.042773760 0.3286287757    0.04   0.11      0.85
535  1.0000000 0.197254681 0.697661199 0.9048568967    0.00   0.00      1.00
536  0.6779688 0.054617464 0.125524022 0.6742919160    0.00   0.79      0.21
537  0.9998438 0.789189789 0.594304731 0.7204694636    0.00   0.00      1.00
538  0.9996094 0.935982730 0.562092309 0.9483514258    0.00   0.00      1.00
539  0.9955469 0.991660904 0.096925710 0.3138194119    0.00   0.01      0.99
540  0.9612109 0.123368830 0.303350303 0.5229682340    0.00   0.22      0.78
541  0.9472266 0.832856104 0.108481026 0.8567927717    0.00   0.11      0.89
542  0.9883984 0.945337483 0.217697202 0.4420248356    0.00   0.05      0.95
543  0.9987109 0.506199603 0.547609522 0.9434233324    0.00   0.01      0.99
544  0.9879687 0.744641327 0.358959347 0.5622696150    0.00   0.05      0.95
545  0.9843750 0.206133631 0.366493737 0.2672049678    0.00   0.08      0.92
546  0.9797656 0.571415099 0.344103053 0.7379768440    0.00   0.09      0.91
547  0.9999609 0.335983197 0.630927172 0.2656895663    0.00   0.00      1.00
548  1.0000000 0.477883985 0.895011166 0.2847133880    0.00   0.00      1.00
549  0.9707031 0.243101551 0.334596537 0.7897198906    0.00   0.10      0.90
550  0.9970703 0.171110646 0.512511813 0.3067027088    0.00   0.04      0.96
551  0.9594922 0.536346009 0.272403470 0.3679832385    0.00   0.17      0.83
552  0.8209375 0.719254486 0.027198752 0.4947924656    0.09   0.14      0.77
553  0.9966797 0.030978566 0.508736255 0.8410386536    0.00   0.02      0.98
554  0.8762500 0.769114358 0.095787653 0.7448786004    0.02   0.22      0.76
555  1.0000000 0.971724405 0.898484371 0.1919503142    0.00   0.00      1.00
556  0.9556641 0.167636804 0.297247755 0.4358031042    0.00   0.25      0.75
557  0.9444531 0.616161716 0.231922041 0.3364687129    0.00   0.17      0.83
558  1.0000000 0.786378510 0.910436131 0.2991500779    0.00   0.00      1.00
559  1.0000000 0.209871831 0.926589461 0.1577836142    0.00   0.00      1.00
560  1.0000000 0.290580391 0.958112800 0.5202908516    0.00   0.00      1.00
561  1.0000000 0.069630473 0.937380625 0.4721672407    0.00   0.00      1.00
562  0.9834375 0.704372046 0.306535267 0.5545298019    0.00   0.07      0.93
563  1.0000000 0.027765208 0.854103444 0.1628253025    0.00   0.00      1.00
564  0.9998828 0.177301345 0.631373157 0.9316776190    0.00   0.00      1.00
565  0.9587109 0.832007847 0.177028678 0.8549557799    0.00   0.13      0.87
566  0.9992578 0.076209576 0.578460041 0.1086938854    0.00   0.00      1.00
567  0.9970313 0.622599276 0.465228112 0.4147360031    0.00   0.02      0.98
568  1.0000000 0.866445376 0.982807760 0.5754799636    0.00   0.00      1.00
569  0.9996484 0.532120808 0.562244228 0.2735615794    0.00   0.00      1.00
570  1.0000000 0.599400126 0.936842868 0.4961329924    0.00   0.00      1.00
571  0.6372266 0.173643698 0.109084798 0.5528907839    0.02   0.72      0.26
572  0.9988281 0.006555527 0.579966177 0.4972928809    0.00   0.01      0.99
573  0.9999609 0.516689703 0.634856400 0.1802976404    0.00   0.00      1.00
574  0.8224609 0.447361793 0.147048600 0.7040271126    0.00   0.46      0.54
575  0.9998828 0.965539461 0.570571570 0.9356646338    0.00   0.00      1.00
576  0.9401563 0.685059913 0.226539202 0.1856428399    0.00   0.23      0.77
577  1.0000000 0.539551479 0.909809494 0.1511069105    0.00   0.00      1.00
578  0.9952734 0.305712414 0.468615706 0.7735002923    0.00   0.04      0.96
579  0.4305859 0.188295585 0.041734517 0.0747854502    0.35   0.45      0.20
580  0.9751172 0.308167190 0.330089906 0.0704213539    0.00   0.11      0.89
581  1.0000000 0.097544822 0.868702715 0.7548488469    0.00   0.00      1.00
582  0.9978906 0.266936456 0.536662233 0.3457312414    0.00   0.00      1.00
583  0.9998438 0.874080931 0.532573330 0.7709049927    0.00   0.00      1.00
584  0.9982031 0.624650274 0.516629538 0.1246231231    0.00   0.01      0.99
585  0.4530859 0.093820303 0.057018744 0.3353191258    0.17   0.69      0.14
586  1.0000000 0.736908975 0.953280755 0.9691015088    0.00   0.00      1.00
587  0.9006641 0.882318284 0.053994001 0.6058636061    0.02   0.13      0.85
588  0.9650781 0.399066044 0.299023916 0.7857454605    0.00   0.23      0.77
589  0.9985156 0.877170738 0.406212711 0.6006483263    0.00   0.01      0.99
590  0.5992969 0.447228542 0.028132798 0.3060882734    0.15   0.36      0.49
591  0.9106250 0.080818115 0.249852058 0.9012393323    0.00   0.36      0.64
592  0.9997656 0.701485574 0.577974458 0.2855589336    0.00   0.01      0.99
593  0.8623437 0.626443402 0.104625250 0.4265375524    0.01   0.31      0.68
594  0.9997266 0.153284153 0.653153421 0.0197660441    0.00   0.00      1.00
595  0.9461328 0.561697064 0.248932934 0.6894524309    0.00   0.25      0.75
596  0.9050391 0.464080506 0.202965210 0.9852638950    0.00   0.24      0.76
597  0.3786719 0.178321310 0.034502540 0.8910805646    0.16   0.66      0.18
598  0.9990625 0.098481347 0.590788849 0.5393545269    0.00   0.01      0.99
599  0.9995703 0.682547164 0.566214716 0.2598839260    0.00   0.01      0.99
600  1.0000000 0.657740160 0.839221862 0.9025605826    0.00   0.00      1.00
601  0.9960156 0.174026876 0.476696942 0.5297872142    0.00   0.01      0.99
602  0.9992188 0.683057822 0.517828684 0.4800782446    0.00   0.00      1.00
603  1.0000000 0.822837089 0.742069522 0.8366764928    0.00   0.00      1.00
604  0.9904688 0.466364611 0.391024863 0.8436649076    0.00   0.04      0.96
605  0.9952734 0.614744338 0.426980142 0.4793577644    0.00   0.00      1.00
606  0.9663672 0.568833895 0.240798002 0.4079782267    0.00   0.09      0.91
607  0.9260156 0.095006958 0.260464442 0.0204215157    0.00   0.26      0.74
608  1.0000000 0.934895009 0.885884437 0.7270856728    0.00   0.00      1.00
609  0.9841797 0.690030188 0.316484307 0.9615976368    0.00   0.06      0.94
610  0.9286328 0.191115947 0.270613268 0.7784297175    0.00   0.30      0.70
611  0.9954688 0.771618887 0.363249974 0.8424096177    0.00   0.02      0.98
612  1.0000000 0.067961757 0.875184174 0.2168506780    0.00   0.00      1.00
613  0.9971484 0.776705259 0.434418543 0.7610073611    0.00   0.00      1.00
614  0.9533594 0.306069077 0.279884923 0.4112887410    0.00   0.18      0.82
615  0.9530859 0.250212638 0.304076914 0.6511249365    0.00   0.25      0.75
616  0.9992188 0.242598939 0.590455388 0.3407305316    0.00   0.01      0.99
617  0.9998828 0.644679361 0.620441154 0.6990920752    0.00   0.00      1.00
618  0.9984766 0.108979242 0.550825246 0.7688821757    0.00   0.01      0.99
619  0.9994141 0.107158453 0.572737992 0.8687494737    0.00   0.01      0.99
620  0.7389062 0.507533981 0.095055906 0.6518151129    0.00   0.50      0.50
621  0.9997266 0.138690696 0.668443702 0.5762192737    0.00   0.00      1.00
622  0.9919531 0.113306922 0.429784399 0.9141863147    0.00   0.02      0.98
623  0.9896094 0.592871322 0.401536764 0.8608825910    0.00   0.05      0.95
624  0.9999219 0.672724678 0.641252234 0.8460838853    0.00   0.01      0.99
625  0.9841797 0.916905549 0.161171841 0.0574740337    0.00   0.04      0.96
626  0.7914062 0.627243935 0.084507452 0.1854998250    0.04   0.35      0.61
627  0.9712109 0.726751056 0.240771733 0.5917125321    0.00   0.09      0.91
628  0.9126172 0.292190545 0.226118085 0.3384638501    0.00   0.36      0.64
629  0.8856641 0.826495581 0.074596612 0.8841912912    0.02   0.18      0.80
630  0.7368750 0.140489937 0.135320322 0.0302876378    0.07   0.56      0.37
631  1.0000000 0.899932814 0.904376796 0.6175936807    0.00   0.00      1.00
632  0.7622656 0.424832291 0.094893435 0.0377428178    0.11   0.27      0.62
633  0.9874609 0.391392536 0.391638094 0.0521535028    0.00   0.07      0.93
634  1.0000000 0.053813475 0.805399604 0.5263004468    0.00   0.00      1.00
635  0.2409766 0.234293680 0.002070034 0.7751751477    0.71   0.06      0.23
636  0.9902344 0.032854814 0.437428637 0.1919566942    0.00   0.06      0.94
637  0.9983594 0.681324433 0.467313335 0.4270676535    0.00   0.00      1.00
638  0.9992969 0.969386254 0.287064149 0.3601661499    0.00   0.00      1.00
639  0.9832031 0.076759231 0.388115267 0.8892130663    0.00   0.09      0.91
640  0.9984375 0.142222347 0.545481619 0.9206636886    0.00   0.00      1.00
641  0.4403125 0.237723452 0.040190827 0.5198806908    0.26   0.51      0.23
642  0.9990625 0.890442680 0.450094839 0.9225360421    0.00   0.00      1.00
643  1.0000000 0.759944616 0.718312168 0.8531978405    0.00   0.00      1.00
644  0.9999609 0.666826922 0.737998051 0.0847374143    0.00   0.00      1.00
645  1.0000000 0.388226734 0.750257915 0.6468169403    0.00   0.00      1.00
646  0.9123047 0.509676565 0.178893805 0.9147997519    0.00   0.25      0.75
647  0.9290234 0.818759489 0.114171942 0.7799825054    0.00   0.16      0.84
648  0.9992969 0.666115154 0.562119338 0.6796844639    0.00   0.00      1.00
649  0.9987500 0.401067700 0.544671746 0.8196747936    0.00   0.00      1.00
650  0.9829297 0.649888612 0.329422076 0.8569697787    0.00   0.09      0.91
651  0.9528516 0.581646203 0.241078454 0.7194006687    0.00   0.16      0.84
652  1.0000000 0.429089278 0.769609620 0.6621664413    0.00   0.00      1.00
653  0.9980078 0.159412169 0.516582554 0.1791767187    0.00   0.00      1.00
654  0.7337891 0.635287187 0.024434218 0.9952265956    0.15   0.18      0.67
655  0.9981641 0.315973366 0.515202886 0.1724908401    0.00   0.00      1.00
656  0.9977344 0.972612415 0.338993527 0.0433782067    0.00   0.00      1.00
657  0.9979687 0.786901516 0.459465320 0.4629638202    0.00   0.00      1.00
658  0.9350000 0.843245367 0.114169894 0.7863613691    0.00   0.15      0.85
659  1.0000000 0.091729223 0.886134846 0.6808815424    0.00   0.00      1.00
660  0.8030469 0.083044549 0.175083767 0.0277913522    0.01   0.49      0.50
661  0.4078125 0.377485815 0.009415877 0.4618255158    0.43   0.22      0.35
662  1.0000000 0.867427377 0.598450454 0.8791439056    0.00   0.00      1.00
663  0.8291406 0.189675940 0.159548491 0.1397996584    0.01   0.49      0.50
664  0.9881641 0.561493235 0.365733471 0.5801329250    0.00   0.03      0.97
665  0.9959766 0.775838964 0.415638470 0.8197026590    0.00   0.02      0.98
666  1.0000000 0.488975050 0.732868171 0.8045825285    0.00   0.00      1.00
667  0.9752734 0.831959325 0.191442620 0.9300573268    0.00   0.10      0.90
668  0.9998047 0.163588885 0.607336180 0.8041618797    0.00   0.00      1.00
669  0.9974609 0.633712124 0.468225294 0.9954044656    0.00   0.01      0.99
670  0.9981250 0.707269601 0.475616543 0.3312355862    0.00   0.01      0.99
671  0.8043750 0.708000164 0.064353996 0.3808326605    0.06   0.26      0.68
672  0.9855469 0.746553141 0.289621848 0.7463386869    0.00   0.06      0.94
673  0.9981641 0.877463873 0.422397205 0.8229474782    0.00   0.01      0.99
674  1.0000000 0.813110121 0.713795889 0.5000904987    0.00   0.00      1.00
675  1.0000000 0.947489993 0.808932267 0.8374542182    0.00   0.00      1.00
676  0.9998828 0.499966452 0.626483450 0.0087833467    0.00   0.00      1.00
677  0.8264063 0.038401318 0.191481767 0.8536417454    0.00   0.63      0.37
678  0.9998828 0.382726849 0.611377096 0.1704414473    0.00   0.00      1.00
679  0.9999219 0.507452154 0.793709891 0.8499813280    0.00   0.00      1.00
680  1.0000000 0.478160167 0.736240782 0.8826947932    0.00   0.00      1.00
681  0.3685937 0.209051814 0.021604828 0.5042689387    0.39   0.38      0.23
682  0.9974609 0.605786199 0.468575282 0.2157645319    0.00   0.04      0.96
683  1.0000000 0.488194966 0.902998984 0.5751468849    0.00   0.00      1.00
684  0.9953125 0.309312142 0.453933052 0.3802917695    0.00   0.03      0.97
685  0.9005859 0.154873129 0.229491727 0.6241153087    0.00   0.35      0.65
686  1.0000000 0.352689936 0.946826719 0.9812219576    0.00   0.00      1.00
687  0.9916406 0.727625123 0.354180672 0.7114193640    0.00   0.04      0.96
688  0.9978125 0.085230576 0.545174465 0.6826487451    0.00   0.01      0.99
689  0.9976563 0.643258830 0.434977926 0.0395895580    0.00   0.02      0.98
690  0.9767969 0.915840187 0.137712447 0.0837209178    0.00   0.07      0.93
691  0.9396484 0.933452871 0.026353655 0.7926673887    0.03   0.04      0.93
692  1.0000000 0.138525017 0.710511618 0.5530608748    0.00   0.00      1.00
693  0.6514844 0.092826918 0.113760500 0.1597569685    0.05   0.71      0.24
694  0.7631250 0.379618997 0.092710843 0.0786019790    0.05   0.43      0.52
695  0.9367578 0.648365906 0.182553758 0.1569027619    0.00   0.19      0.81
696  0.9519141 0.924478900 0.073078649 0.4982355284    0.00   0.09      0.91
697  0.9980469 0.535493605 0.527613159 0.4816221115    0.00   0.00      1.00
698  0.9933594 0.875135139 0.305843064 0.5806028654    0.00   0.03      0.97
699  0.9903906 0.873096073 0.147732090 0.2074337522    0.00   0.02      0.98
700  1.0000000 0.630419249 0.915989898 0.2112927979    0.00   0.00      1.00
701  0.9901953 0.513595812 0.394200261 0.4538676417    0.00   0.04      0.96
702  0.9993359 0.560128751 0.552348489 0.5602269568    0.00   0.00      1.00
703  1.0000000 0.297873861 0.837821070 0.3776888787    0.00   0.00      1.00
704  0.9970313 0.657995317 0.463132542 0.4262463753    0.00   0.01      0.99
705  1.0000000 0.111301599 0.921589032 0.6745368287    0.00   0.00      1.00
706  0.9986719 0.601179484 0.537916891 0.7144773367    0.00   0.01      0.99
707  0.9968359 0.886816037 0.347531764 0.4186478490    0.00   0.02      0.98
708  0.9776953 0.672758293 0.296536818 0.8330746496    0.00   0.06      0.94
709  1.0000000 0.443535378 0.925529944 0.3277090690    0.00   0.00      1.00
710  0.8066797 0.739893973 0.040561828 0.4745915846    0.05   0.22      0.73
711  1.0000000 0.331211831 0.791290298 0.0003585676    0.00   0.00      1.00
712  0.9960156 0.384558157 0.479114578 0.8433947493    0.00   0.03      0.97
713  1.0000000 0.971002505 0.774404894 0.5705725490    0.00   0.00      1.00
714  1.0000000 0.829697280 0.751624443 0.8846871189    0.00   0.00      1.00
715  0.7465234 0.544058128 0.070261225 0.3384176097    0.03   0.41      0.56
716  1.0000000 0.862575573 0.985473637 0.2563414830    0.00   0.00      1.00
717  0.8945312 0.363551583 0.210722051 0.2222874446    0.00   0.36      0.64
718  1.0000000 0.554715338 0.690490894 0.2084582816    0.00   0.00      1.00
719  0.9986328 0.494577385 0.543624945 0.6494717449    0.00   0.01      0.99
720  1.0000000 0.944468924 0.369685409 0.2128013645    0.00   0.00      1.00
721  1.0000000 0.268089970 0.959729834 0.5759690660    0.00   0.00      1.00
722  1.0000000 0.149056316 0.974963232 0.8124551307    0.00   0.00      1.00
723  1.0000000 0.859350823 0.909160988 0.5573220502    0.00   0.00      1.00
724  0.9994531 0.299896323 0.573751208 0.6744789483    0.00   0.00      1.00
725  0.9973437 0.246048861 0.522983022 0.4767915634    0.00   0.01      0.99
726  0.9937500 0.929003280 0.256717087 0.6191002794    0.00   0.03      0.97
727  1.0000000 0.216878506 0.822475096 0.9434214453    0.00   0.00      1.00
728  1.0000000 0.682493297 0.840919267 0.0362765528    0.00   0.00      1.00
729  1.0000000 0.543970864 0.866582698 0.6104578217    0.00   0.00      1.00
730  0.7026953 0.059476361 0.128875261 0.2158411625    0.02   0.66      0.32
731  1.0000000 0.866948578 0.775291963 0.5728881445    0.00   0.00      1.00
732  0.9998047 0.246134341 0.665507668 0.1950495830    0.00   0.00      1.00
733  1.0000000 0.723583220 0.716525494 0.1741370677    0.00   0.00      1.00
734  1.0000000 0.279004644 0.903280556 0.0421717109    0.00   0.00      1.00
735  0.9916016 0.299870711 0.428447902 0.3887968841    0.00   0.04      0.96
736  1.0000000 0.519303145 0.845706812 0.8069775596    0.00   0.00      1.00
737  0.9175781 0.454755553 0.219481793 0.6821076525    0.00   0.29      0.71
738  0.9389844 0.004468561 0.286375371 0.9896064068    0.00   0.27      0.73
739  0.9888672 0.382311674 0.392138047 0.9327256910    0.00   0.06      0.94
740  0.6901953 0.709246952 0.004535126 0.0802874893    0.29   0.03      0.68
741  0.9999219 0.619818280 0.527739052 0.8920037658    0.00   0.00      1.00
742  1.0000000 0.448530712 0.941183622 0.5877252845    0.00   0.00      1.00
743  1.0000000 0.020032031 0.702954005 0.9974734534    0.00   0.00      1.00
744  0.9998438 0.606480791 0.600211949 0.0797568120    0.00   0.00      1.00
745  0.9941406 0.004422580 0.465489705 0.6910261284    0.00   0.03      0.97
746  0.5958594 0.071423284 0.089791439 0.4332268490    0.02   0.80      0.18
747  0.9958984 0.792704895 0.385879910 0.8137315856    0.00   0.02      0.98
748  1.0000000 0.493545576 0.836005433 0.0546439039    0.00   0.00      1.00
749  0.8912109 0.300912854 0.213590809 0.9174140010    0.00   0.37      0.63
750  0.9979687 0.644196145 0.476527169 0.8285701715    0.00   0.01      0.99
751  0.9899219 0.812347227 0.292152224 0.1289690495    0.00   0.04      0.96
752  0.9994141 0.802153946 0.514166118 0.3410802085    0.00   0.00      1.00
753  0.9907422 0.332256865 0.433203125 0.6675615241    0.00   0.01      0.99
754  0.9978906 0.841683720 0.421790335 0.0810500649    0.00   0.00      1.00
755  1.0000000 0.241610402 0.667979216 0.3820043600    0.00   0.00      1.00
756  0.9873437 0.363945542 0.365375578 0.2392229354    0.00   0.05      0.95
757  0.9521094 0.593762586 0.241078801 0.4520608017    0.00   0.17      0.83
758  1.0000000 0.824662628 0.965588691 0.6174487378    0.00   0.00      1.00
759  1.0000000 0.799408226 0.811439289 0.2801461774    0.00   0.00      1.00
760  0.9635156 0.911019299 0.082618209 0.6708711463    0.00   0.06      0.94
761  0.9982813 0.562134477 0.481684237 0.4832561004    0.00   0.00      1.00
762  0.9998828 0.684617492 0.676010446 0.4046465377    0.00   0.00      1.00
763  0.6425781 0.227876575 0.101313042 0.0278861043    0.16   0.46      0.38
764  1.0000000 0.209446769 0.937558235 0.5182813029    0.00   0.00      1.00
765  0.9977344 0.042168932 0.541813274 0.5539997728    0.00   0.01      0.99
766  0.9987891 0.006529306 0.587052627 0.5354902851    0.00   0.01      0.99
767  0.4628906 0.154676883 0.055008797 0.9343883346    0.04   0.81      0.15
768  1.0000000 0.302180488 0.874075849 0.1938038024    0.00   0.00      1.00
769  0.9989453 0.036544828 0.537147910 0.9694143443    0.00   0.01      0.99
770  1.0000000 0.636375544 0.688862191 0.2544386550    0.00   0.00      1.00
771  0.6905859 0.221625356 0.107010711 0.2605105615    0.03   0.56      0.41
772  0.9400391 0.387842088 0.256953923 0.4866377618    0.00   0.17      0.83
773  1.0000000 0.166694949 0.745610025 0.3483965457    0.00   0.00      1.00
774  0.9999219 0.846242505 0.624503849 0.5218130036    0.00   0.00      1.00
775  0.9730078 0.719922666 0.241666605 0.6146935013    0.00   0.12      0.88
776  0.9995703 0.772254757 0.531899027 0.5174079626    0.00   0.00      1.00
777  0.9978906 0.888815005 0.367464370 0.0989150968    0.00   0.02      0.98
778  1.0000000 0.232432424 0.908803211 0.0516826783    0.00   0.00      1.00
779  1.0000000 0.617490878 0.879612100 0.0131635424    0.00   0.00      1.00
780  0.9998438 0.063273456 0.636343728 0.1822563305    0.00   0.00      1.00
781  1.0000000 0.070233536 0.788814921 0.3161318914    0.00   0.00      1.00
782  0.9987891 0.540077713 0.532328448 0.7433924824    0.00   0.00      1.00
783  0.7724609 0.059071466 0.159514772 0.6398802090    0.00   0.61      0.39
784  0.7628125 0.564220819 0.069793021 0.6016448881    0.02   0.38      0.60
785  1.0000000 0.772853805 0.979005166 0.3485382886    0.00   0.00      1.00
786  0.9703906 0.737225432 0.253981139 0.5390083150    0.00   0.11      0.89
787  0.9606641 0.443296117 0.275295444 0.3057075678    0.00   0.18      0.82
788  0.9990234 0.966866757 0.281015178 0.8502695810    0.00   0.00      1.00
789  0.9997266 0.370880998 0.608540934 0.4004778697    0.00   0.00      1.00
790  0.8726953 0.652991702 0.127091669 0.3472171070    0.00   0.33      0.67
791  1.0000000 0.896045219 0.774761602 0.5687235224    0.00   0.00      1.00
792  1.0000000 0.962121319 0.474748901 0.4738763655    0.00   0.00      1.00
793  1.0000000 0.673520882 0.666154236 0.9756874873    0.00   0.00      1.00
794  0.8712109 0.481025727 0.144503658 0.3424907527    0.00   0.36      0.64
795  1.0000000 0.168333693 0.885804669 0.7111246877    0.00   0.00      1.00
796  0.9994141 0.757465733 0.557999361 0.2403554015    0.00   0.00      1.00
797  0.9114453 0.323039145 0.223837257 0.8126141527    0.00   0.28      0.72
798  1.0000000 0.980432162 0.012110537 0.0986641457    0.00   0.00      1.00
799  0.9996484 0.421393929 0.622964576 0.6476182344    0.00   0.00      1.00
800  0.8881641 0.152127370 0.226300396 0.5892631467    0.00   0.36      0.64
801  0.9268359 0.093474220 0.266210987 0.3878941301    0.00   0.26      0.74
802  0.8591406 0.769088616 0.062040355 0.4153036983    0.02   0.19      0.79
803  0.9985156 0.263718325 0.531549002 0.1484142493    0.00   0.01      0.99
804  0.8483984 0.096442335 0.214153244 0.2272879819    0.00   0.51      0.49
805  1.0000000 0.010990820 0.934649325 0.1362173683    0.00   0.00      1.00
806  0.9951953 0.145366120 0.480087089 0.8481300718    0.00   0.00      1.00
807  1.0000000 0.973822016 0.691528880 0.2034043085    0.00   0.00      1.00
808  1.0000000 0.028936900 0.762614275 0.7660319277    0.00   0.00      1.00
809  0.9999219 0.193289836 0.653765985 0.6203587872    0.00   0.00      1.00
810  0.7842578 0.247338212 0.137325711 0.9399493271    0.00   0.53      0.47
811  0.9951562 0.559120558 0.424351974 0.6591635395    0.00   0.05      0.95
812  1.0000000 0.835461996 0.770257043 0.8877814780    0.00   0.00      1.00
813  0.9996875 0.384602485 0.613154091 0.6714726384    0.00   0.00      1.00
814  1.0000000 0.977154449 0.912227982 0.1456921552    0.00   0.00      1.00
815  0.9965625 0.750124057 0.392304313 0.0645701115    0.00   0.00      1.00
816  0.8514063 0.683673029 0.072823832 0.3895802342    0.02   0.23      0.75
817  0.9846094 0.456621555 0.373518601 0.7369500345    0.00   0.07      0.93
818  0.6471094 0.149933417 0.101456886 0.9598384181    0.00   0.72      0.28
819  1.0000000 0.709744639 0.853008135 0.2828401211    0.00   0.00      1.00
820  1.0000000 0.061813016 0.917730366 0.4511199924    0.00   0.00      1.00
821  0.9955078 0.043118855 0.503295504 0.6674956016    0.00   0.01      0.99
822  1.0000000 0.388283834 0.747392873 0.8994117563    0.00   0.00      1.00
823  0.9633984 0.747784476 0.206717040 0.3634658956    0.00   0.14      0.86
824  0.9723828 0.366207198 0.328134526 0.8945190527    0.00   0.12      0.88
825  1.0000000 0.899953738 0.933013243 0.9300182536    0.00   0.00      1.00
826  0.9976563 0.591926355 0.499578040 0.1999196331    0.00   0.00      1.00
827  0.9782812 0.483439497 0.342887267 0.3750702157    0.00   0.09      0.91
828  0.9964844 0.317248044 0.490295590 0.2602852753    0.00   0.02      0.98
829  0.9850781 0.277884597 0.386410017 0.3222258277    0.00   0.09      0.91
830  0.9992578 0.928649767 0.482841612 0.4974264079    0.00   0.00      1.00
831  0.4124219 0.053304902 0.055101413 0.5712358623    0.10   0.84      0.06
832  0.9995703 0.487812656 0.588075104 0.2130965751    0.00   0.00      1.00
833  1.0000000 0.908954474 0.629514616 0.6711363310    0.00   0.00      1.00
834  0.8927734 0.352126420 0.200284518 0.3983843452    0.00   0.34      0.66
835  0.9407422 0.059315578 0.299249105 0.1954626401    0.00   0.24      0.76
836  0.9843750 0.908015706 0.232858198 0.6560017345    0.00   0.03      0.97
837  1.0000000 0.611112543 0.723950434 0.8997813493    0.00   0.00      1.00
838  0.9999219 0.743590749 0.611909024 0.8500236957    0.00   0.00      1.00
839  0.9786328 0.172820661 0.377359404 0.5218428508    0.00   0.09      0.91
840  0.9920703 0.546155643 0.406464032 0.1565842119    0.00   0.05      0.95
841  0.9999609 0.699314471 0.708364300 0.3254888360    0.00   0.00      1.00
842  0.9694531 0.598662510 0.272846341 0.9411934859    0.00   0.11      0.89
843  0.7232031 0.266027372 0.113039558 0.0457890809    0.07   0.46      0.47
844  1.0000000 0.337674674 0.803737522 0.7248911012    0.00   0.00      1.00
845  1.0000000 0.349548638 0.945467813 0.8799406842    0.00   0.00      1.00
846  0.9396094 0.484532257 0.236906036 0.9852963688    0.00   0.18      0.82
847  0.7156641 0.179440353 0.130966769 0.9080844822    0.00   0.74      0.26
848  0.4000781 0.341373123 0.015307300 0.2337348377    0.48   0.18      0.34
849  0.9507422 0.242813703 0.290549993 0.6845530593    0.00   0.20      0.80
850  1.0000000 0.723259491 0.758106223 0.8412703970    0.00   0.00      1.00
851  1.0000000 0.747159523 0.774384971 0.6756262886    0.00   0.00      1.00
852  0.9824609 0.768357019 0.304488847 0.9512018359    0.00   0.06      0.94
853  1.0000000 0.719897331 0.739626000 0.5719062788    0.00   0.00      1.00
854  0.9878516 0.409563650 0.376922274 0.4788567573    0.00   0.06      0.94
855  0.9769922 0.013811539 0.365154710 0.2597631344    0.00   0.12      0.88
856  0.9997656 0.194808041 0.697818432 0.2570353539    0.00   0.00      1.00
857  0.9226172 0.695378694 0.129426552 0.3422461348    0.00   0.21      0.79
858  0.9996875 0.436373172 0.671097021 0.5929421589    0.00   0.00      1.00
859  0.8845312 0.488442991 0.169261456 0.9777198324    0.00   0.36      0.64
860  0.9998047 0.779233209 0.597094607 0.8631565664    0.00   0.00      1.00
861  0.8365625 0.342255864 0.146572541 0.0825935300    0.01   0.46      0.53
862  0.9565234 0.605403046 0.246272716 0.3241439795    0.00   0.15      0.85
863  1.0000000 0.611413171 0.801465772 0.1691938045    0.00   0.00      1.00
864  1.0000000 0.217649193 0.992122615 0.1181064458    0.00   0.00      1.00
865  0.8543750 0.426966727 0.164815329 0.0449416009    0.04   0.35      0.61
866  0.8921484 0.200561572 0.226668693 0.7192280747    0.00   0.36      0.64
867  0.9982031 0.286479071 0.531798461 0.7311543999    0.00   0.01      0.99
868  0.9997656 0.925528645 0.456749271 0.8236112413    0.00   0.00      1.00
869  0.9184766 0.830450506 0.130233141 0.2827638469    0.00   0.19      0.81
870  1.0000000 0.719143933 0.695210674 0.6034377369    0.00   0.00      1.00
871  1.0000000 0.978630603 0.222694196 0.6898094153    0.00   0.00      1.00
872  0.9998438 0.450212872 0.650619566 0.6134767751    0.00   0.00      1.00
873  1.0000000 0.800249495 0.953593114 0.2743841338    0.00   0.00      1.00
874  0.9987109 0.114186706 0.521961326 0.5820113586    0.00   0.02      0.98
875  0.9914453 0.925702670 0.133632689 0.5179769173    0.00   0.03      0.97
876  1.0000000 0.360837818 0.753457141 0.7754544187    0.00   0.00      1.00
877  1.0000000 0.825697551 0.665504512 0.0547025162    0.00   0.00      1.00
878  1.0000000 0.604834782 0.796703818 0.3848601794    0.00   0.00      1.00
879  0.9022266 0.103476994 0.240612279 0.4521947026    0.00   0.30      0.70
880  0.8803125 0.175916379 0.204996444 0.5527749292    0.00   0.43      0.57
881  0.9250391 0.245237988 0.251510500 0.3222438509    0.00   0.27      0.73
882  0.9870703 0.604499948 0.355941074 0.7174809359    0.00   0.05      0.95
883  0.8512109 0.463753213 0.163238256 0.3988840727    0.00   0.48      0.52
884  1.0000000 0.399407464 0.884873118 0.3978132622    0.00   0.00      1.00
885  1.0000000 0.624437578 0.750753535 0.6410401789    0.00   0.00      1.00
886  0.9073438 0.838605182 0.047138629 0.5001377515    0.02   0.11      0.87
887  0.9840625 0.966913468 0.167149835 0.9577634938    0.00   0.05      0.95
888  0.9882031 0.606968761 0.372834993 0.9065873649    0.00   0.03      0.97
889  1.0000000 0.790516996 0.680292014 0.8143239736    0.00   0.00      1.00
890  0.9698047 0.165204841 0.337510247 0.2055149879    0.00   0.07      0.93
891  0.9152734 0.075618659 0.249827164 0.3950607595    0.00   0.34      0.66
892  1.0000000 0.908871541 0.931441608 0.8200534168    0.00   0.00      1.00
893  0.9975000 0.584865036 0.471354231 0.3625524743    0.00   0.00      1.00
894  0.9945703 0.008521079 0.464095241 0.8076163065    0.00   0.01      0.99
895  0.9992188 0.109305622 0.601598342 0.2281769689    0.00   0.00      1.00
896  0.7194531 0.084023913 0.137457959 0.1643394660    0.00   0.68      0.32
897  0.9977734 0.952664072 0.359038340 0.3899446935    0.00   0.02      0.98
898  0.9990625 0.344063380 0.553816800 0.5918956420    0.00   0.00      1.00
899  0.9883203 0.790097625 0.288971313 0.5451660908    0.00   0.06      0.94
900  0.9503516 0.361502615 0.287732902 0.4984345799    0.00   0.20      0.80
901  0.9973828 0.548395507 0.465474940 0.7976273887    0.00   0.01      0.99
902  0.9907031 0.282110988 0.412013408 0.3218229788    0.00   0.06      0.94
903  0.9735547 0.665872676 0.281613668 0.1605225310    0.00   0.13      0.87
904  1.0000000 0.162498418 0.732898467 0.9102528812    0.00   0.00      1.00
905  0.6985938 0.651093871 0.009071291 0.6462650837    0.22   0.10      0.68
906  1.0000000 0.704785122 0.811000919 0.4338358350    0.00   0.00      1.00
907  0.9846875 0.247030676 0.397707712 0.7840606312    0.00   0.07      0.93
908  1.0000000 0.288581453 0.761466314 0.1108184259    0.00   0.00      1.00
909  1.0000000 0.628127555 0.945404439 0.4809847318    0.00   0.00      1.00
910  0.9409766 0.488111582 0.218296827 0.9064183943    0.00   0.24      0.76
911  0.9742969 0.137513327 0.345784105 0.5168774724    0.00   0.10      0.90
912  1.0000000 0.379727331 0.818676370 0.1872607644    0.00   0.00      1.00
913  0.9999609 0.429606681 0.654242625 0.3130590066    0.00   0.00      1.00
914  0.5020313 0.107322064 0.063143267 0.3270476388    0.10   0.72      0.18
915  0.6270313 0.468994912 0.028523955 0.1845605967    0.21   0.25      0.54
916  0.9990234 0.656864970 0.567775867 0.1526320090    0.00   0.02      0.98
917  0.9959375 0.531251110 0.452462937 0.9116261359    0.00   0.00      1.00
918  0.9998828 0.689812017 0.626880667 0.2539926644    0.00   0.00      1.00
919  0.9996875 0.717369888 0.560496103 0.1078472862    0.00   0.00      1.00
920  0.9998047 0.944565813 0.472678968 0.6705039064    0.00   0.01      0.99
921  0.9966797 0.968372368 0.245774178 0.0533144865    0.00   0.01      0.99
922  0.9917578 0.231004715 0.462552610 0.7889941297    0.00   0.04      0.96
923  0.9982813 0.912997580 0.409352208 0.0615222859    0.00   0.01      0.99
924  0.9842188 0.781567062 0.281986524 0.1086606155    0.00   0.08      0.92
925  0.8525781 0.523805573 0.146187382 0.8969858543    0.00   0.38      0.62
926  1.0000000 0.307485712 0.857031330 0.7795216728    0.00   0.00      1.00
927  0.9999609 0.794961848 0.713592463 0.9656059674    0.00   0.00      1.00
928  0.5491016 0.136934233 0.081602302 0.4758477195    0.05   0.75      0.20
929  0.6017969 0.029621879 0.098769285 0.2289706282    0.09   0.75      0.16
930  0.9975781 0.037124950 0.522892741 0.8908054209    0.00   0.01      0.99
931  0.9666406 0.297751285 0.320285407 0.7824258076    0.00   0.14      0.86
932  1.0000000 0.687511538 0.775493487 0.5957246902    0.00   0.00      1.00
933  1.0000000 0.202740787 0.987553941 0.5782913400    0.00   0.00      1.00
934  0.9839453 0.530221080 0.343443050 0.8429755874    0.00   0.06      0.94
935  1.0000000 0.923805189 0.616057722 0.7707821024    0.00   0.00      1.00
936  1.0000000 0.613512255 0.995233816 0.6949523226    0.00   0.00      1.00
937  0.9986719 0.958969733 0.379010005 0.4290124669    0.00   0.01      0.99
938  0.8936328 0.765706298 0.083978478 0.7872663452    0.01   0.18      0.81
939  1.0000000 0.748306222 0.955155441 0.7674710164    0.00   0.00      1.00
940  0.8445703 0.771509450 0.058942139 0.7731238957    0.01   0.25      0.74
941  0.9972656 0.601363857 0.488751806 0.1793991232    0.00   0.02      0.98
942  0.8014844 0.510151943 0.118361632 0.6120879953    0.01   0.46      0.53
943  0.9999219 0.579070558 0.640728426 0.5940526628    0.00   0.00      1.00
944  0.9739844 0.318075967 0.340380800 0.0272712309    0.00   0.12      0.88
945  0.9128906 0.207654142 0.239669586 0.0844140791    0.00   0.30      0.70
946  1.0000000 0.262134401 0.779938729 0.8509290924    0.00   0.00      1.00
947  0.6215234 0.129027175 0.099093416 0.4617680940    0.03   0.76      0.21
948  1.0000000 0.246880697 0.998456810 0.0221864071    0.00   0.00      1.00
949  0.8297266 0.474248564 0.121998850 0.1763045026    0.00   0.41      0.59
950  0.9994531 0.601629237 0.590646855 0.0568373555    0.00   0.02      0.98
951  1.0000000 0.210205296 0.997326567 0.6626453430    0.00   0.00      1.00
952  0.7465625 0.166272869 0.132771925 0.7638715515    0.00   0.62      0.38
953  1.0000000 0.397970961 0.953493151 0.4173972521    0.00   0.00      1.00
954  0.9976563 0.869872407 0.372352542 0.6081975552    0.00   0.02      0.98
955  0.9999609 0.680470346 0.706388547 0.6387234735    0.00   0.00      1.00
956  0.9586328 0.758786378 0.176329877 0.8137200288    0.00   0.15      0.85
957  0.9985937 0.667678508 0.475732792 0.8389836422    0.00   0.01      0.99
958  0.9985547 0.202064483 0.530106521 0.5089637812    0.00   0.00      1.00
959  0.8513281 0.831423886 0.011934412 0.0257426577    0.15   0.01      0.84
960  1.0000000 0.589210159 0.709919457 0.2580407423    0.00   0.00      1.00
961  0.9997656 0.489143479 0.595781819 0.5408779534    0.00   0.00      1.00
962  1.0000000 0.108044152 0.895928402 0.0538996339    0.00   0.00      1.00
963  1.0000000 0.818200954 0.831119175 0.4988469286    0.00   0.00      1.00
964  0.9517187 0.567274801 0.238288336 0.0769165952    0.00   0.18      0.82
965  1.0000000 0.498807714 0.941476803 0.9674542204    0.00   0.00      1.00
966  1.0000000 0.649995547 0.815429015 0.4857326974    0.00   0.00      1.00
967  0.9976563 0.365764650 0.528243124 0.1294972084    0.00   0.01      0.99
968  1.0000000 0.646084093 0.915928356 0.8134426973    0.00   0.00      1.00
969  0.8912500 0.285368323 0.199123154 0.6173442046    0.00   0.38      0.62
970  1.0000000 0.165890813 0.988625227 0.5053001007    0.00   0.00      1.00
971  0.9990234 0.747245459 0.501669268 0.2007515987    0.00   0.00      1.00
972  0.9998047 0.583530819 0.602290965 0.8426377277    0.00   0.00      1.00
973  0.8906250 0.865544360 0.036947196 0.7555588491    0.02   0.12      0.86
974  0.9468750 0.319859011 0.281993825 0.7352818728    0.00   0.25      0.75
975  0.9994531 0.109195144 0.578815887 0.6505145908    0.00   0.00      1.00
976  0.9979297 0.851778102 0.393881566 0.6967551082    0.00   0.00      1.00
977  1.0000000 0.260635280 0.772787005 0.3180141505    0.00   0.00      1.00
978  0.9996875 0.915277340 0.517845807 0.7546411762    0.00   0.00      1.00
979  0.9981250 0.786795431 0.456752220 0.7756924622    0.00   0.00      1.00
980  0.9997266 0.766484398 0.565114890 0.8164929657    0.00   0.00      1.00
981  0.9999609 0.877027513 0.748816319 0.5743460695    0.00   0.00      1.00
982  0.9799219 0.102965839 0.382996360 0.9894281682    0.00   0.11      0.89
983  1.0000000 0.602427376 0.953363777 0.9728914713    0.00   0.00      1.00
984  1.0000000 0.673977615 0.597363848 0.2576555179    0.00   0.00      1.00
985  0.8516797 0.700563180 0.059142259 0.3223965100    0.04   0.18      0.78
986  0.9998047 0.958979292 0.542983571 0.3204993505    0.00   0.00      1.00
987  0.8764453 0.620828868 0.150838237 0.3206479154    0.00   0.30      0.70
988  1.0000000 0.118723567 0.786611091 0.2674698515    0.00   0.00      1.00
989  0.9880469 0.111062028 0.416547509 0.5138918837    0.00   0.05      0.95
990  0.9999219 0.515042857 0.687872681 0.9016323753    0.00   0.00      1.00
991  1.0000000 0.380487054 0.961300920 0.7971855302    0.00   0.00      1.00
992  0.9977344 0.056828098 0.548869760 0.1499145508    0.00   0.02      0.98
993  0.9860547 0.888686555 0.249184988 0.6336034825    0.00   0.05      0.95
994  1.0000000 0.608186051 0.804645139 0.5559072136    0.00   0.00      1.00
995  0.9999219 0.345792650 0.640448814 0.5642479076    0.00   0.00      1.00
996  1.0000000 0.787402154 0.645220807 0.1887785727    0.00   0.00      1.00
997  0.9996875 0.552207753 0.573907451 0.0915883845    0.00   0.00      1.00
998  0.9862500 0.937664331 0.148776870 0.3381711761    0.00   0.03      0.97
999  0.9907422 0.777861359 0.330246549 0.8622412540    0.00   0.02      0.98
1000 0.9865234 0.857196317 0.200354339 0.5175778121    0.00   0.05      0.95
