     prop.aneu   prob.meio   prob.mito    dispersal euploid mosaic aneuploid
1    1.0000000 0.030513343 0.938405257 0.8637484706    0.00   0.00      1.00
2    0.9965625 0.223807549 0.467394060 0.9416043514    0.00   0.01      0.99
3    0.6535156 0.203302049 0.089328093 0.5103282880    0.02   0.67      0.31
4    1.0000000 0.130406319 0.919912094 0.0506682131    0.00   0.00      1.00
5    0.9858984 0.313573413 0.372089815 0.4537132881    0.00   0.08      0.92
6    0.9669141 0.708425618 0.244334966 0.5075840310    0.00   0.12      0.88
7    0.9944922 0.398414398 0.453289371 0.0757263065    0.00   0.02      0.98
8    0.9942969 0.648642260 0.412248369 0.2392733963    0.00   0.04      0.96
9    0.9446094 0.798187988 0.186569645 0.7363005665    0.00   0.18      0.82
10   1.0000000 0.766449870 0.906382743 0.3611137175    0.00   0.00      1.00
11   0.9817578 0.257410864 0.385984286 0.4572127536    0.00   0.06      0.94
12   1.0000000 0.392985531 0.942785452 0.1439559464    0.00   0.00      1.00
13   0.9970703 0.735739742 0.430053592 0.3123582525    0.00   0.01      0.99
14   0.9999219 0.757499316 0.678537661 0.5978899659    0.00   0.00      1.00
15   0.9885938 0.188007245 0.393783859 0.8724886144    0.00   0.04      0.96
16   0.8887109 0.832370684 0.080417987 0.8394937753    0.03   0.17      0.80
17   0.9971094 0.265287080 0.494586059 0.9039672071    0.00   0.01      0.99
18   0.6960547 0.003846755 0.133285456 0.7242023339    0.00   0.77      0.23
19   1.0000000 0.976411165 0.527045595 0.7457385978    0.00   0.00      1.00
20   0.9939453 0.620894469 0.406417823 0.8660042346    0.00   0.03      0.97
21   0.9346875 0.739012641 0.170404103 0.7560671805    0.00   0.19      0.81
22   1.0000000 0.984875765 0.701851374 0.0897108489    0.00   0.00      1.00
23   0.4358984 0.356634428 0.021363269 0.8920925842    0.32   0.34      0.34
24   1.0000000 0.960721781 0.883473728 0.4183827648    0.00   0.00      1.00
25   1.0000000 0.987813509 0.971965639 0.9892546944    0.00   0.00      1.00
26   1.0000000 0.892220093 0.685588153 0.8037145513    0.00   0.00      1.00
27   1.0000000 0.939168050 0.609101288 0.4727804924    0.00   0.00      1.00
28   0.8566406 0.326942659 0.177923556 0.3004140928    0.00   0.38      0.62
29   0.4339062 0.410504982 0.012058288 0.8638710354    0.42   0.20      0.38
30   1.0000000 0.049385236 0.753946414 0.7966303113    0.00   0.00      1.00
31   0.9915625 0.518254799 0.403917883 0.0580398003    0.00   0.06      0.94
32   0.9957031 0.899119959 0.362209818 0.3453333543    0.00   0.02      0.98
33   1.0000000 0.754233084 0.717682256 0.4713667096    0.00   0.00      1.00
34   0.8277734 0.220481942 0.160682141 0.0245409433    0.07   0.37      0.56
35   1.0000000 0.398422280 0.929347956 0.5626093911    0.00   0.00      1.00
36   0.9997656 0.018444983 0.654294977 0.0719504314    0.00   0.00      1.00
37   1.0000000 0.816513383 0.902595804 0.4528011612    0.00   0.00      1.00
38   0.9698047 0.355125630 0.326190430 0.5658678540    0.00   0.12      0.88
39   1.0000000 0.676138964 0.698418834 0.9333384319    0.00   0.00      1.00
40   1.0000000 0.057245759 0.949829881 0.0014716671    0.00   0.00      1.00
41   0.2833594 0.292134683 0.019561787 0.8204590746    0.39   0.42      0.19
42   1.0000000 0.213862499 0.981143119 0.0149387075    0.00   0.00      1.00
43   0.9875391 0.843808123 0.302211609 0.5144815717    0.00   0.06      0.94
44   0.8585156 0.067775646 0.210140728 0.4420193322    0.00   0.44      0.56
45   0.1514062 0.045753134 0.013867888 0.7851705851    0.50   0.46      0.04
46   0.8594141 0.694664695 0.065987667 0.1737178974    0.06   0.16      0.78
47   0.9976172 0.910850685 0.428809650 0.2871012015    0.00   0.00      1.00
48   1.0000000 0.147831331 0.753687891 0.0745486061    0.00   0.00      1.00
49   0.9424609 0.479595128 0.242942151 0.3145036527    0.00   0.23      0.77
50   0.9630078 0.333370361 0.302462098 0.3769450090    0.00   0.12      0.88
51   0.3926562 0.060529439 0.054659162 0.4424925786    0.10   0.82      0.08
52   0.7943750 0.058790177 0.176836616 0.5158910323    0.00   0.60      0.40
53   0.5909375 0.034200390 0.095070439 0.6929140724    0.01   0.82      0.17
54   1.0000000 0.358657069 0.822740329 0.4406570320    0.00   0.00      1.00
55   0.9999609 0.340747618 0.763097763 0.2087090882    0.00   0.00      1.00
56   0.9998047 0.788364884 0.599616600 0.1834038652    0.00   0.00      1.00
57   0.9081250 0.443485684 0.195900553 0.7858580914    0.00   0.30      0.70
58   1.0000000 0.551704464 0.658023515 0.8831733528    0.00   0.00      1.00
59   1.0000000 0.510976542 0.755940236 0.9027748595    0.00   0.00      1.00
60   0.9996094 0.977625320 0.324311820 0.1590453668    0.00   0.00      1.00
61   0.9264062 0.677573994 0.167729892 0.1867723386    0.00   0.20      0.80
62   1.0000000 0.476854334 0.947562726 0.7863139187    0.00   0.00      1.00
63   0.9564063 0.916112285 0.108894698 0.3405442974    0.00   0.12      0.88
64   0.7350000 0.321682324 0.108030265 0.1376567842    0.03   0.53      0.44
65   1.0000000 0.672898448 0.708145433 0.3467433164    0.00   0.00      1.00
66   1.0000000 0.795342345 0.746107937 0.0490816047    0.00   0.00      1.00
67   1.0000000 0.258294408 0.800007180 0.4591304134    0.00   0.00      1.00
68   1.0000000 0.537394221 0.847847454 0.8474074008    0.00   0.00      1.00
69   1.0000000 0.934202576 0.658040719 0.3739691626    0.00   0.00      1.00
70   1.0000000 0.971198153 0.918664031 0.0017130252    0.00   0.00      1.00
71   1.0000000 0.768579264 0.638049143 0.4275504323    0.00   0.00      1.00
72   0.6858984 0.068411400 0.117588319 0.1887085121    0.02   0.73      0.25
73   0.9997266 0.403994472 0.611833497 0.1546538773    0.00   0.00      1.00
74   1.0000000 0.214988618 0.704325063 0.7176626169    0.00   0.00      1.00
75   0.9971094 0.482546608 0.479752937 0.5579824762    0.00   0.00      1.00
76   0.9579297 0.086278402 0.318914763 0.3132193617    0.00   0.23      0.77
77   0.9999609 0.250535650 0.658531243 0.3879061146    0.00   0.00      1.00
78   1.0000000 0.947606235 0.682015082 0.4942532703    0.00   0.00      1.00
79   1.0000000 0.738555678 0.764502598 0.5403934072    0.00   0.00      1.00
80   0.6582813 0.040221577 0.123326438 0.3416008395    0.02   0.75      0.23
81   0.8312109 0.449821352 0.137867661 0.5215909982    0.00   0.50      0.50
82   1.0000000 0.865961736 0.851585682 0.7306448326    0.00   0.00      1.00
83   0.9573438 0.153751010 0.321035684 0.2886000427    0.00   0.17      0.83
84   1.0000000 0.796951605 0.968265758 0.7948075996    0.00   0.00      1.00
85   0.9967969 0.638110740 0.440005831 0.5246218725    0.00   0.01      0.99
86   0.9825391 0.297330634 0.378708556 0.2425501561    0.00   0.07      0.93
87   0.9993750 0.600850056 0.593934358 0.4296858869    0.00   0.01      0.99
88   0.8073047 0.387714476 0.128050214 0.8781280264    0.00   0.49      0.51
89   1.0000000 0.941403070 0.871869502 0.2006091464    0.00   0.00      1.00
90   0.9993750 0.890568847 0.490860463 0.9990457059    0.00   0.01      0.99
91   0.9984766 0.931080282 0.381838364 0.7253361964    0.00   0.02      0.98
92   0.9901172 0.887983139 0.197698567 0.8336603821    0.00   0.04      0.96
93   0.9997656 0.597401710 0.618334763 0.2997267579    0.00   0.00      1.00
94   0.9998438 0.595764640 0.699793302 0.8024302954    0.00   0.00      1.00
95   1.0000000 0.931415476 0.853063920 0.7331403063    0.00   0.00      1.00
96   1.0000000 0.514559454 0.803497048 0.3384785906    0.00   0.00      1.00
97   0.8600000 0.571925311 0.141473102 0.3007207788    0.01   0.33      0.66
98   0.9982813 0.907345419 0.378976039 0.8299980273    0.00   0.02      0.98
99   1.0000000 0.969142634 0.798121159 0.6436074502    0.00   0.00      1.00
100  0.9908203 0.246741207 0.418213489 0.2290617500    0.00   0.09      0.91
101  0.8162109 0.157045367 0.171757985 0.1793964626    0.01   0.50      0.49
102  0.9912109 0.274448093 0.419583977 0.1278780065    0.00   0.07      0.93
103  0.9999219 0.887034141 0.542997530 0.0626288296    0.00   0.00      1.00
104  1.0000000 0.037883524 0.850872478 0.7035868503    0.00   0.00      1.00
105  1.0000000 0.494897159 0.840115379 0.5690731588    0.00   0.00      1.00
106  1.0000000 0.054770687 0.932558902 0.8322239944    0.00   0.00      1.00
107  1.0000000 0.816278602 0.998480944 0.6821802182    0.00   0.00      1.00
108  0.9975781 0.063089963 0.503748888 0.2478083214    0.00   0.01      0.99
109  0.9993750 0.071935468 0.609782286 0.2497913367    0.00   0.00      1.00
110  0.9716406 0.228899444 0.348666756 0.0233017683    0.00   0.15      0.85
111  0.9941797 0.973510059 0.080359644 0.0393589395    0.00   0.01      0.99
112  0.9992578 0.803985537 0.492554016 0.9858046409    0.00   0.00      1.00
113  0.9804688 0.192742628 0.375417124 0.0996226063    0.00   0.09      0.91
114  0.9967578 0.765583384 0.384481485 0.6399956741    0.00   0.01      0.99
115  0.9901172 0.545196801 0.352674918 0.2995514239    0.00   0.09      0.91
116  0.9999609 0.831249237 0.675172147 0.5115637623    0.00   0.00      1.00
117  1.0000000 0.056425453 0.796067324 0.0198162426    0.00   0.00      1.00
118  0.9601563 0.448924028 0.268804860 0.5150701371    0.00   0.14      0.86
119  1.0000000 0.673972014 0.768963696 0.9090966589    0.00   0.00      1.00
120  0.8473047 0.176086315 0.190369863 0.6476455487    0.00   0.49      0.51
121  0.9820703 0.172783191 0.374655142 0.0453650956    0.00   0.07      0.93
122  0.9846094 0.404658105 0.374699353 0.3039478490    0.00   0.08      0.92
123  1.0000000 0.739345303 0.799701402 0.3741680663    0.00   0.00      1.00
124  1.0000000 0.351786241 0.918675210 0.3522037505    0.00   0.00      1.00
125  0.9960938 0.154395513 0.486843636 0.1312407637    0.00   0.02      0.98
126  0.9644141 0.907302486 0.094039683 0.6843730293    0.00   0.07      0.93
127  1.0000000 0.986667582 0.461389672 0.3351755433    0.00   0.00      1.00
128  1.0000000 0.513008841 0.902510042 0.1389071788    0.00   0.00      1.00
129  0.9941016 0.434276664 0.447674816 0.8962280233    0.00   0.03      0.97
130  0.9761328 0.822073962 0.211957562 0.4180416581    0.00   0.08      0.92
131  0.9998047 0.151365903 0.617025892 0.5933808305    0.00   0.00      1.00
132  1.0000000 0.107446469 0.906613756 0.7638685633    0.00   0.00      1.00
133  0.9943359 0.068463399 0.477282852 0.2374770152    0.00   0.03      0.97
134  0.8889063 0.830189361 0.091550253 0.0222151510    0.02   0.18      0.80
135  0.9874609 0.715831763 0.298322802 0.5455974706    0.00   0.06      0.94
136  1.0000000 0.932089781 0.867500265 0.3454204409    0.00   0.00      1.00
137  0.5059375 0.019118175 0.078292964 0.4043171415    0.02   0.85      0.13
138  0.9998828 0.157519986 0.689331472 0.1961721119    0.00   0.00      1.00
139  1.0000000 0.832486963 0.582749271 0.4931476796    0.00   0.00      1.00
140  0.9810156 0.075004162 0.386997042 0.1841528313    0.00   0.08      0.92
141  0.9991016 0.134610743 0.573087614 0.9809000492    0.00   0.00      1.00
142  0.9333984 0.226877741 0.260816880 0.9863307716    0.00   0.27      0.73
143  0.9239063 0.881605073 0.053804754 0.6227498304    0.00   0.12      0.88
144  0.9992969 0.805249076 0.505603699 0.8711893535    0.00   0.00      1.00
145  0.9999219 0.466149243 0.779627774 0.7901608471    0.00   0.00      1.00
146  1.0000000 0.869643296 0.982589648 0.4355946155    0.00   0.00      1.00
147  1.0000000 0.206571419 0.878587344 0.4076304175    0.00   0.00      1.00
148  0.9998047 0.951045367 0.307269063 0.1303346211    0.00   0.00      1.00
149  1.0000000 0.398233343 0.939599296 0.1525310122    0.00   0.00      1.00
150  0.9998438 0.666865767 0.663172013 0.1550788442    0.00   0.00      1.00
151  0.5770312 0.427888661 0.033719047 0.0145201022    0.35   0.20      0.45
152  0.9929297 0.064815908 0.472443477 0.8842976345    0.00   0.01      0.99
153  1.0000000 0.070384855 0.901524780 0.1903764971    0.00   0.00      1.00
154  1.0000000 0.466911063 0.812135609 0.2427051689    0.00   0.00      1.00
155  0.9724219 0.321451226 0.328945238 0.2860683999    0.00   0.06      0.94
156  0.8425781 0.839170553 0.002312489 0.6465290550    0.15   0.01      0.84
157  0.9877344 0.573011570 0.348698057 0.6474413725    0.00   0.04      0.96
158  0.9203125 0.470992473 0.200146895 0.6052577186    0.00   0.27      0.73
159  0.9617187 0.155672143 0.306892918 0.1467488816    0.00   0.24      0.76
160  0.9999609 0.381066162 0.691650843 0.8716772404    0.00   0.00      1.00
161  0.9961719 0.048804119 0.514952966 0.7387391217    0.00   0.01      0.99
162  0.9856250 0.020809167 0.415464810 0.3036323991    0.00   0.09      0.91
163  0.9521094 0.502410126 0.267236914 0.5523525795    0.00   0.20      0.80
164  0.9876563 0.468381741 0.392219023 0.5811740947    0.00   0.04      0.96
165  0.9968750 0.287132654 0.502536866 0.6943579749    0.00   0.01      0.99
166  0.9049219 0.384671280 0.211610507 0.5940166430    0.00   0.34      0.66
167  0.9971875 0.272360978 0.471568970 0.0769896512    0.00   0.00      1.00
168  0.9989453 0.154575468 0.569612770 0.2852708329    0.00   0.01      0.99
169  1.0000000 0.607705419 0.787412499 0.6319907280    0.00   0.00      1.00
170  1.0000000 0.800199505 0.922960640 0.4330739661    0.00   0.00      1.00
171  0.9991406 0.938001851 0.501070133 0.1932665319    0.00   0.01      0.99
172  0.9962500 0.239034687 0.496588860 0.5285110904    0.00   0.02      0.98
173  0.9999609 0.844594222 0.579463845 0.9238319315    0.00   0.00      1.00
174  0.9962500 0.075742235 0.493433602 0.2843925210    0.00   0.00      1.00
175  0.9916406 0.590679475 0.402702763 0.1173719119    0.00   0.04      0.96
176  0.9301953 0.101763034 0.264205691 0.9814362966    0.00   0.27      0.73
177  1.0000000 0.175112962 0.714567288 0.8758345190    0.00   0.00      1.00
178  0.8857031 0.476618175 0.172661216 0.6174922150    0.00   0.37      0.63
179  0.9938281 0.882439389 0.282904544 0.9532181802    0.00   0.04      0.96
180  1.0000000 0.451791128 0.884304735 0.0038431846    0.00   0.00      1.00
181  1.0000000 0.512998560 0.935836092 0.5823336747    0.00   0.00      1.00
182  1.0000000 0.566470619 0.794263375 0.3222661291    0.00   0.00      1.00
183  1.0000000 0.403828187 0.743661650 0.9863494986    0.00   0.00      1.00
184  1.0000000 0.577948654 0.907148119 0.2782689705    0.00   0.00      1.00
185  0.8299609 0.711598052 0.054960654 0.8831221976    0.03   0.25      0.72
186  0.9982813 0.859750075 0.411651004 0.3119662141    0.00   0.01      0.99
187  0.9956250 0.966139384 0.197890677 0.2255621098    0.00   0.02      0.98
188  1.0000000 0.150663961 0.802725920 0.6397463430    0.00   0.00      1.00
189  0.9942188 0.208283149 0.451227955 0.8269912370    0.00   0.01      0.99
190  1.0000000 0.727956429 0.771694027 0.0334488936    0.00   0.00      1.00
191  0.9342969 0.946319811 0.053164633 0.6578065897    0.00   0.10      0.90
192  0.8884375 0.590687368 0.129821494 0.6489346179    0.00   0.30      0.70
193  0.9999609 0.795336182 0.659609908 0.6005570735    0.00   0.00      1.00
194  1.0000000 0.306979799 0.749671082 0.2011761549    0.00   0.00      1.00
195  0.6920703 0.294537084 0.102974342 0.3019424286    0.03   0.58      0.39
196  1.0000000 0.348569274 0.774080802 0.6260611180    0.00   0.00      1.00
197  1.0000000 0.350210182 0.829404092 0.7288916553    0.00   0.00      1.00
198  0.9998438 0.886199019 0.495933033 0.1268498581    0.00   0.00      1.00
199  1.0000000 0.812402550 0.746222298 0.0061122782    0.00   0.00      1.00
200  0.9590234 0.940875745 0.068546742 0.2404831753    0.01   0.06      0.93
201  1.0000000 0.790388636 0.527375006 0.4844124804    0.00   0.00      1.00
202  1.0000000 0.998502584 0.398906698 0.8233828871    0.00   0.00      1.00
203  1.0000000 0.841042502 0.836842784 0.8515087715    0.00   0.00      1.00
204  1.0000000 0.123838085 0.960129495 0.6125220701    0.00   0.00      1.00
205  1.0000000 0.365552610 0.903031730 0.1727807994    0.00   0.00      1.00
206  1.0000000 0.561405190 0.921189249 0.2113587337    0.00   0.00      1.00
207  0.8099609 0.778565043 0.024942330 0.7396731579    0.11   0.13      0.76
208  0.7144922 0.671428357 0.036618206 0.1203011863    0.19   0.19      0.62
209  0.8719922 0.761759122 0.050788306 0.9621483614    0.00   0.18      0.82
210  1.0000000 0.918909214 0.983096991 0.0405734475    0.00   0.00      1.00
211  0.9998438 0.822214258 0.652052632 0.4126093169    0.00   0.00      1.00
212  0.9958203 0.575980032 0.435600938 0.2464313097    0.00   0.01      0.99
213  1.0000000 0.004493913 0.789115566 0.1196235586    0.00   0.00      1.00
214  1.0000000 0.271164537 0.972937668 0.6694932508    0.00   0.00      1.00
215  0.5716797 0.155714123 0.075363129 0.7999069572    0.02   0.75      0.23
216  1.0000000 0.868744873 0.821560751 0.9826510877    0.00   0.00      1.00
217  0.8968750 0.431743419 0.190768421 0.9722539398    0.00   0.32      0.68
218  1.0000000 0.869392840 0.955415712 0.2126247592    0.00   0.00      1.00
219  0.9430078 0.615825104 0.208761950 0.2618833869    0.00   0.18      0.82
220  0.9966406 0.547969652 0.461939736 0.1886171002    0.00   0.00      1.00
221  0.5700391 0.352330646 0.041521953 0.0017006514    0.37   0.16      0.47
222  0.9967969 0.943985260 0.371359611 0.3860587378    0.00   0.04      0.96
223  1.0000000 0.026244325 0.739461946 0.9693924279    0.00   0.00      1.00
224  0.7928906 0.066940437 0.167208581 0.1340085946    0.03   0.60      0.37
225  0.9094922 0.582556479 0.165301930 0.3302275911    0.00   0.29      0.71
226  0.9208203 0.513415462 0.212318154 0.3927291529    0.00   0.31      0.69
227  0.9951953 0.769004499 0.356428386 0.8222340548    0.00   0.02      0.98
228  1.0000000 0.516531092 0.884816117 0.8460328826    0.00   0.00      1.00
229  1.0000000 0.740179926 0.750849521 0.1573382125    0.00   0.00      1.00
230  1.0000000 0.427868535 0.947997148 0.3925244808    0.00   0.00      1.00
231  0.6880859 0.612834236 0.022489810 0.7125749965    0.14   0.23      0.63
232  0.9446484 0.914950372 0.067908169 0.5026084757    0.00   0.09      0.91
233  0.9992188 0.842874716 0.470115620 0.5538244571    0.00   0.00      1.00
234  0.9836328 0.639935980 0.329538018 0.7290497553    0.00   0.07      0.93
235  1.0000000 0.886018533 0.748072964 0.4772911936    0.00   0.00      1.00
236  0.7118750 0.688989616 0.030871993 0.0031336213    0.21   0.14      0.65
237  1.0000000 0.544857061 0.856130147 0.2675090022    0.00   0.00      1.00
238  0.9583203 0.530045378 0.255473553 0.5109246343    0.00   0.16      0.84
239  0.9996484 0.150314368 0.616614805 0.5543231145    0.00   0.01      0.99
240  0.2653516 0.203766634 0.017608494 0.2931669985    0.52   0.32      0.16
241  0.9191797 0.824817105 0.092301237 0.5770977652    0.01   0.16      0.83
242  0.7725000 0.593266493 0.063382702 0.3678879116    0.06   0.31      0.63
243  1.0000000 0.628260601 0.888764918 0.8157622567    0.00   0.00      1.00
244  0.9403125 0.416019356 0.239682752 0.8280072589    0.00   0.20      0.80
245  0.9999219 0.264981072 0.677335062 0.2635413781    0.00   0.00      1.00
246  0.9316797 0.609440657 0.187746408 0.7709022975    0.00   0.22      0.78
247  0.9113672 0.922726991 0.018800021 0.3642565305    0.07   0.03      0.90
248  0.6937109 0.591111252 0.036563665 0.3023976949    0.22   0.18      0.60
249  0.9998828 0.676541169 0.585809505 0.6918778834    0.00   0.00      1.00
250  0.9999609 0.276761165 0.722725853 0.8461503780    0.00   0.00      1.00
251  0.9987500 0.235154662 0.568403168 0.3453581310    0.00   0.01      0.99
252  0.9876953 0.561147183 0.352622189 0.4678777310    0.00   0.06      0.94
253  0.9992578 0.720283842 0.568239571 0.4656833843    0.00   0.00      1.00
254  0.6971875 0.173463447 0.119261170 0.8230113289    0.00   0.70      0.30
255  1.0000000 0.437329162 0.879475257 0.4461062532    0.00   0.00      1.00
256  0.9809375 0.634472254 0.325534216 0.7199261070    0.00   0.06      0.94
257  1.0000000 0.630079184 0.814819098 0.2259354529    0.00   0.00      1.00
258  0.8501953 0.755642605 0.066316898 0.0054485593    0.10   0.09      0.81
259  0.9646484 0.904373519 0.070117629 0.6747180645    0.00   0.06      0.94
260  0.9294922 0.252123374 0.243944078 0.1579515412    0.00   0.27      0.73
261  0.8609766 0.808726142 0.022106243 0.5333926310    0.10   0.06      0.84
262  1.0000000 0.638895068 0.707411707 0.4786928508    0.00   0.00      1.00
263  0.9982422 0.832933501 0.470571951 0.8240569639    0.00   0.00      1.00
264  0.9085547 0.725882532 0.124688723 0.1722822271    0.00   0.19      0.81
265  0.7040234 0.591281879 0.048888077 0.7806497142    0.05   0.37      0.58
266  0.9998828 0.414499099 0.658942236 0.9921230210    0.00   0.00      1.00
267  0.9989844 0.949362179 0.371788524 0.1159859356    0.00   0.01      0.99
268  0.5094141 0.427446479 0.031472415 0.9553944427    0.14   0.49      0.37
269  1.0000000 0.490169559 0.754199912 0.9903127530    0.00   0.00      1.00
270  0.9955078 0.253701281 0.459468922 0.6684496768    0.00   0.01      0.99
271  0.8264453 0.461650525 0.100684372 0.0491006875    0.04   0.32      0.64
272  1.0000000 0.272904717 0.810672750 0.9598690162    0.00   0.00      1.00
273  0.9972656 0.336622524 0.485258573 0.7362510050    0.00   0.01      0.99
274  0.9992969 0.849163168 0.552326420 0.3001471362    0.00   0.01      0.99
275  0.7150781 0.438857640 0.081189370 0.1980203441    0.06   0.44      0.50
276  1.0000000 0.167137494 0.911192200 0.6421184887    0.00   0.00      1.00
277  0.7341016 0.146618296 0.137431507 0.4593116448    0.01   0.61      0.38
278  1.0000000 0.385015691 0.826170011 0.8793263463    0.00   0.00      1.00
279  0.9998438 0.800956810 0.640502156 0.6701067062    0.00   0.00      1.00
280  0.9866797 0.919724180 0.130646122 0.7186811368    0.00   0.03      0.97
281  0.9873828 0.368612631 0.397502850 0.3056463031    0.00   0.05      0.95
282  1.0000000 0.857347767 0.955390086 0.2186561003    0.00   0.00      1.00
283  0.9907812 0.123474615 0.439658450 0.1267757337    0.00   0.07      0.93
284  0.7372656 0.416035503 0.096504175 0.7861665206    0.00   0.51      0.49
285  0.9886719 0.570660956 0.360762543 0.3309789698    0.00   0.05      0.95
286  0.9997656 0.798385350 0.620366435 0.2713011052    0.00   0.00      1.00
287  1.0000000 0.327834035 0.675227855 0.5498078724    0.00   0.00      1.00
288  1.0000000 0.879492260 0.689976442 0.2806300160    0.00   0.00      1.00
289  0.9998438 0.514770189 0.595735258 0.8797397900    0.00   0.00      1.00
290  1.0000000 0.998739126 0.861334321 0.6927474253    0.00   0.00      1.00
291  0.9658984 0.068401051 0.340359977 0.0901506227    0.00   0.15      0.85
292  0.9980859 0.687681254 0.507429113 0.2007570621    0.00   0.00      1.00
293  1.0000000 0.993952036 0.499485197 0.4733998752    0.00   0.00      1.00
294  0.7745703 0.129492623 0.146543473 0.7247887265    0.01   0.54      0.45
295  0.9921875 0.849972905 0.310820903 0.2658225796    0.00   0.04      0.96
296  1.0000000 0.865218765 0.776571196 0.6878697660    0.00   0.00      1.00
297  0.8563672 0.417123446 0.167040777 0.6800050242    0.00   0.45      0.55
298  0.9999219 0.558996410 0.755665883 0.5284998710    0.00   0.00      1.00
299  0.9965625 0.943422751 0.339681968 0.9752087714    0.00   0.02      0.98
300  0.9091797 0.876594186 0.036473017 0.5271076083    0.04   0.08      0.88
301  1.0000000 0.998622125 0.568344347 0.1742282521    0.00   0.00      1.00
302  0.9141797 0.837438624 0.130096384 0.0606831457    0.04   0.15      0.81
303  1.0000000 0.883986043 0.882272742 0.5950086517    0.00   0.00      1.00
304  0.9999219 0.077837005 0.687020241 0.9843626185    0.00   0.00      1.00
305  0.9833203 0.746044129 0.298061538 0.5509644449    0.00   0.08      0.92
306  0.9991797 0.936903963 0.409994525 0.2364946925    0.00   0.02      0.98
307  0.9480078 0.662664367 0.212705003 0.6226329480    0.00   0.20      0.80
308  1.0000000 0.474449379 0.963093979 0.8288278244    0.00   0.00      1.00
309  1.0000000 0.262635478 0.792621684 0.4101396336    0.00   0.00      1.00
310  0.9992188 0.244229046 0.552278225 0.7461181257    0.00   0.01      0.99
311  0.9999609 0.936841161 0.535898646 0.7911884226    0.00   0.00      1.00
312  1.0000000 0.608833928 0.912803831 0.9360475901    0.00   0.00      1.00
313  1.0000000 0.739329557 0.908452300 0.8786173400    0.00   0.00      1.00
314  0.9841797 0.270846929 0.409425572 0.7813617396    0.00   0.02      0.98
315  0.9711328 0.018519260 0.348557798 0.2695434776    0.00   0.15      0.85
316  0.9985937 0.626004738 0.479423894 0.5582313733    0.00   0.01      0.99
317  0.9685938 0.898805320 0.179828469 0.7374948466    0.00   0.10      0.90
318  0.2439844 0.217018324 0.004373824 0.9990568664    0.64   0.15      0.21
319  0.9986328 0.996967508 0.271896687 0.5748694276    0.00   0.01      0.99
320  0.9888281 0.172013743 0.397513725 0.7078493480    0.00   0.09      0.91
321  0.6930469 0.674213731 0.015638520 0.7252151538    0.21   0.13      0.66
322  1.0000000 0.861921318 0.824963365 0.1776304825    0.00   0.00      1.00
323  1.0000000 0.153907410 0.986385006 0.6031957259    0.00   0.00      1.00
324  1.0000000 0.293905895 0.816036144 0.4611908053    0.00   0.00      1.00
325  0.9999609 0.330180964 0.726032118 0.6855454359    0.00   0.00      1.00
326  1.0000000 0.142774856 0.934764091 0.5005192489    0.00   0.00      1.00
327  1.0000000 0.284488200 0.994974765 0.9938439322    0.00   0.00      1.00
328  0.8598047 0.628919940 0.130832779 0.5353524385    0.00   0.33      0.67
329  0.9709375 0.883612245 0.133355663 0.2301533234    0.00   0.05      0.95
330  0.8821875 0.309741646 0.191278269 0.1079528865    0.01   0.37      0.62
331  1.0000000 0.257569517 0.988286983 0.8688709855    0.00   0.00      1.00
332  0.9997266 0.594161589 0.636323535 0.8698396725    0.00   0.00      1.00
333  1.0000000 0.658648658 0.945515763 0.0458177072    0.00   0.00      1.00
334  0.9626562 0.395407360 0.294189442 0.8378848427    0.00   0.13      0.87
335  1.0000000 0.667013998 0.768978306 0.4182589077    0.00   0.00      1.00
336  0.9532812 0.483050530 0.269780141 0.2335607635    0.00   0.16      0.84
337  1.0000000 0.947774980 0.813604210 0.5158612642    0.00   0.00      1.00
338  1.0000000 0.041965953 0.815638438 0.3233021104    0.00   0.00      1.00
339  1.0000000 0.786140674 0.829154672 0.0184684505    0.00   0.00      1.00
340  1.0000000 0.701968117 0.965470378 0.8707732335    0.00   0.00      1.00
341  1.0000000 0.233457357 0.644428247 0.6548766333    0.00   0.00      1.00
342  0.8744922 0.810062431 0.058240264 0.2375110413    0.07   0.13      0.80
343  1.0000000 0.624363737 0.827469696 0.3131392479    0.00   0.00      1.00
344  0.9862500 0.468019220 0.343018674 0.8916705537    0.00   0.05      0.95
345  0.9994531 0.313341557 0.565291987 0.4832780997    0.00   0.00      1.00
346  1.0000000 0.171170891 0.920822361 0.3124894842    0.00   0.00      1.00
347  0.7603516 0.593239684 0.051558562 0.2189354505    0.10   0.25      0.65
348  0.9998438 0.321006055 0.680892313 0.0223789178    0.00   0.00      1.00
349  0.7117969 0.431953741 0.088565989 0.3298746233    0.02   0.50      0.48
350  0.9841797 0.266579235 0.371940671 0.8724074303    0.00   0.09      0.91
351  1.0000000 0.954163795 0.906427482 0.1042373658    0.00   0.00      1.00
352  1.0000000 0.388668549 0.699700241 0.1802627740    0.00   0.00      1.00
353  0.6451562 0.406407230 0.052762450 0.0365062170    0.21   0.28      0.51
354  1.0000000 0.791836904 0.943382905 0.0315829765    0.00   0.00      1.00
355  0.9090234 0.789042991 0.079858930 0.4083737563    0.00   0.16      0.84
356  1.0000000 0.995513229 0.396113825 0.3141075654    0.00   0.00      1.00
357  0.5001172 0.029040296 0.080289955 0.7717244611    0.03   0.88      0.09
358  0.9711328 0.610679812 0.283699288 0.4749688958    0.00   0.12      0.88
359  1.0000000 0.450732327 0.972144414 0.8097391974    0.00   0.00      1.00
360  0.9996484 0.731283045 0.561429492 0.7133911517    0.00   0.00      1.00
361  1.0000000 0.790984581 0.945331536 0.6008111765    0.00   0.00      1.00
362  1.0000000 0.196925387 0.816614688 0.1839965526    0.00   0.00      1.00
363  1.0000000 0.924133277 0.636975055 0.6506162733    0.00   0.00      1.00
364  0.9995703 0.164546067 0.597125495 0.5724920037    0.00   0.00      1.00
365  1.0000000 0.853417655 0.701641049 0.0880210053    0.00   0.00      1.00
366  0.9997266 0.399238646 0.605747096 0.5854533571    0.00   0.01      0.99
367  0.9112109 0.496375025 0.201045977 0.7877415188    0.00   0.28      0.72
368  0.9997656 0.664831336 0.593338028 0.1291869455    0.00   0.00      1.00
369  0.9781641 0.370913121 0.346210494 0.9946374616    0.00   0.10      0.90
370  0.9278125 0.471507548 0.211970961 0.5716498734    0.00   0.23      0.77
371  0.8944141 0.746100413 0.098926133 0.9614367583    0.02   0.18      0.80
372  0.9998047 0.435764484 0.607856990 0.2463258184    0.00   0.01      0.99
373  0.9934766 0.259693616 0.431298284 0.0799461291    0.00   0.03      0.97
374  0.9060156 0.864381948 0.050716791 0.6876202680    0.02   0.11      0.87
375  0.7323437 0.690133461 0.024350820 0.1282989588    0.15   0.18      0.67
376  0.9994922 0.657312054 0.541118985 0.8116595959    0.00   0.00      1.00
377  0.9327344 0.464373143 0.214208189 0.7331090409    0.01   0.24      0.75
378  0.9875781 0.932779863 0.105304177 0.6643090870    0.00   0.03      0.97
379  0.7665625 0.635952429 0.064801193 0.2461368938    0.08   0.31      0.61
380  0.9111328 0.675653907 0.175435736 0.5726919759    0.01   0.26      0.73
381  0.9924609 0.601457195 0.374229255 0.2729983816    0.00   0.02      0.98
382  0.9992969 0.159318591 0.597782984 0.7708959975    0.00   0.01      0.99
383  1.0000000 0.996118219 0.271855548 0.2251927380    0.00   0.00      1.00
384  1.0000000 0.567717840 0.907752191 0.7891502685    0.00   0.00      1.00
385  0.9994141 0.469253224 0.534411327 0.2312419468    0.00   0.01      0.99
386  0.9783984 0.900906966 0.119227488 0.2372259635    0.00   0.06      0.94
387  1.0000000 0.210449600 0.962254815 0.5252893849    0.00   0.00      1.00
388  1.0000000 0.055382982 0.772151700 0.0474305616    0.00   0.00      1.00
389  0.9407422 0.487779060 0.235416746 0.4284036581    0.00   0.25      0.75
390  1.0000000 0.457068907 0.798635585 0.6699933812    0.00   0.00      1.00
391  0.9999609 0.623337791 0.667395423 0.1968423813    0.00   0.00      1.00
392  1.0000000 0.929331712 0.938480913 0.3574113019    0.00   0.00      1.00
393  0.9998438 0.752219841 0.583988317 0.1296409885    0.00   0.00      1.00
394  1.0000000 0.551523573 0.657645135 0.7132001654    0.00   0.00      1.00
395  1.0000000 0.476443182 0.781877697 0.1807353813    0.00   0.00      1.00
396  1.0000000 0.434698531 0.950344878 0.9065942704    0.00   0.00      1.00
397  0.7501953 0.043852128 0.155946256 0.2964830799    0.00   0.68      0.32
398  0.9769141 0.132357694 0.349829462 0.9470441528    0.00   0.13      0.87
399  1.0000000 0.113416957 0.758033869 0.6205107991    0.00   0.00      1.00
400  0.9998828 0.421254776 0.654145283 0.1764151084    0.00   0.00      1.00
401  1.0000000 0.858199108 0.748937302 0.9212947718    0.00   0.00      1.00
402  0.9996484 0.693107612 0.585599498 0.7230669595    0.00   0.00      1.00
403  0.9675781 0.177940639 0.334558158 0.8087738771    0.00   0.15      0.85
404  1.0000000 0.519376419 0.791281295 0.5969230563    0.00   0.00      1.00
405  0.9989844 0.057041093 0.592463651 0.0223716625    0.00   0.01      0.99
406  1.0000000 0.118245392 0.993621005 0.1044921086    0.00   0.00      1.00
407  0.9999609 0.703056761 0.748269153 0.1131339902    0.00   0.00      1.00
408  0.9969531 0.387428246 0.467200774 0.2858354449    0.00   0.02      0.98
409  0.9960547 0.447527555 0.470225429 0.9311726973    0.00   0.02      0.98
410  0.9999609 0.128423437 0.698484799 0.3076892484    0.00   0.00      1.00
411  0.9996094 0.197892988 0.601642280 0.3181832200    0.00   0.00      1.00
412  0.9999609 0.944922463 0.513554048 0.1948398221    0.00   0.00      1.00
413  0.9821484 0.144057131 0.375867731 0.7561350500    0.00   0.08      0.92
414  0.9080859 0.363555111 0.218909498 0.9184463215    0.00   0.32      0.68
415  0.7904297 0.108015296 0.170287037 0.2640638868    0.00   0.57      0.43
416  0.9310156 0.904856110 0.097495147 0.7383814219    0.00   0.11      0.89
417  0.9674219 0.098575767 0.341595839 0.9794174049    0.00   0.14      0.86
418  0.9832812 0.796796903 0.270488039 0.9460487580    0.00   0.06      0.94
419  0.9678516 0.921210796 0.113884275 0.2246531160    0.00   0.07      0.93
420  1.0000000 0.387431639 0.842375819 0.4649329300    0.00   0.00      1.00
421  0.9774609 0.671347275 0.281510568 0.6179655215    0.00   0.07      0.93
422  0.8616406 0.494023263 0.142851520 0.3632909553    0.00   0.35      0.65
423  0.9989453 0.514631551 0.532109922 0.6699667729    0.00   0.00      1.00
424  1.0000000 0.399815402 0.904413872 0.9518036777    0.00   0.00      1.00
425  0.9983203 0.884320868 0.436977918 0.3676470160    0.00   0.01      0.99
426  0.9325391 0.488521392 0.207924416 0.7015136366    0.00   0.23      0.77
427  1.0000000 0.076127712 0.986618479 0.6612679493    0.00   0.00      1.00
428  0.5747266 0.483558350 0.032745829 0.7739810941    0.18   0.39      0.43
429  0.8645703 0.728246129 0.079763805 0.2553127627    0.02   0.23      0.75
430  0.9863672 0.685498168 0.336020140 0.8439831007    0.00   0.08      0.92
431  0.9999609 0.076153408 0.716925577 0.6033891656    0.00   0.00      1.00
432  1.0000000 0.840063522 0.877458203 0.6891439455    0.00   0.00      1.00
433  0.9495703 0.231323050 0.270825815 0.8207594233    0.00   0.20      0.80
434  1.0000000 0.335333776 0.756656289 0.0819188997    0.00   0.00      1.00
435  1.0000000 0.724665729 0.977107183 0.0378046308    0.00   0.00      1.00
436  1.0000000 0.577763777 0.890697999 0.4013493438    0.00   0.00      1.00
437  0.9957812 0.105461652 0.487713822 0.2290782523    0.00   0.02      0.98
438  0.9989062 0.907223330 0.426410811 0.1990386900    0.00   0.01      0.99
439  0.9385156 0.059241033 0.277289471 0.6433136971    0.00   0.22      0.78
440  0.8927734 0.445965689 0.186884577 0.8438711478    0.00   0.36      0.64
441  0.9879687 0.530892731 0.371345624 0.5333362001    0.00   0.04      0.96
442  0.9997656 0.867258173 0.492394695 0.4037620570    0.00   0.00      1.00
443  0.9440234 0.794346221 0.125177856 0.0230443615    0.03   0.06      0.91
444  1.0000000 0.101559095 0.741891786 0.0687576185    0.00   0.00      1.00
445  1.0000000 0.960385303 0.671920540 0.1658157604    0.00   0.00      1.00
446  1.0000000 0.544995400 0.935710523 0.3653445169    0.00   0.00      1.00
447  1.0000000 0.694378642 0.935766708 0.4371732350    0.00   0.00      1.00
448  1.0000000 0.605375017 0.635562764 0.2697899572    0.00   0.00      1.00
449  0.9822266 0.443313372 0.358964682 0.7659291585    0.00   0.08      0.92
450  0.8834375 0.817908025 0.103583697 0.2478639835    0.03   0.21      0.76
451  0.8891016 0.006921334 0.245983646 0.6020825563    0.00   0.41      0.59
452  0.7511719 0.434841432 0.108075480 0.3932229683    0.03   0.49      0.48
453  0.9975391 0.171802882 0.517643023 0.5762468486    0.00   0.02      0.98
454  0.8805078 0.105891275 0.219136055 0.0278842170    0.00   0.46      0.54
455  0.9908594 0.862859162 0.292973521 0.5991482448    0.00   0.03      0.97
456  0.9926953 0.188755889 0.459314695 0.0008234768    0.00   0.03      0.97
457  0.9929687 0.224836660 0.451041337 0.7980669881    0.00   0.02      0.98
458  0.9994531 0.181206066 0.585876681 0.1259070425    0.00   0.01      0.99
459  0.9999609 0.593257297 0.722207068 0.5091275077    0.00   0.00      1.00
460  0.6601562 0.134032020 0.098923246 0.6036665575    0.01   0.71      0.28
461  0.9421484 0.384827174 0.267543624 0.4851071953    0.00   0.28      0.72
462  1.0000000 0.560057307 0.744101254 0.1265307295    0.00   0.00      1.00
463  0.9987891 0.782800836 0.510063267 0.8750112844    0.00   0.01      0.99
464  1.0000000 0.118588367 0.969806018 0.1476114243    0.00   0.00      1.00
465  0.9999609 0.641713990 0.780234438 0.2057768374    0.00   0.00      1.00
466  0.9478516 0.200003805 0.305595353 0.5472446831    0.00   0.19      0.81
467  0.9999219 0.408355172 0.689727590 0.3143021141    0.00   0.00      1.00
468  0.9997266 0.923345509 0.556571889 0.8162327618    0.00   0.00      1.00
469  1.0000000 0.271656601 0.941069875 0.5728833321    0.00   0.00      1.00
470  1.0000000 0.602681407 0.698205867 0.7140553016    0.00   0.00      1.00
471  0.9986719 0.207608756 0.536920041 0.5531481341    0.00   0.00      1.00
472  1.0000000 0.928431014 0.820989202 0.5797402754    0.00   0.00      1.00
473  0.9998047 0.646922722 0.530729437 0.1701310363    0.00   0.01      0.99
474  1.0000000 0.628837335 0.878559483 0.4124685451    0.00   0.00      1.00
475  1.0000000 0.081742799 0.885393481 0.5026820814    0.00   0.00      1.00
476  0.9979687 0.644147890 0.498472690 0.3226928075    0.00   0.01      0.99
477  0.9951562 0.061898160 0.467874516 0.2068743999    0.00   0.04      0.96
478  1.0000000 0.897277877 0.743646298 0.9546882280    0.00   0.00      1.00
479  1.0000000 0.258530684 0.729037651 0.0010970088    0.00   0.00      1.00
480  0.8171484 0.541073659 0.119207175 0.1914785195    0.01   0.39      0.60
481  0.8693359 0.673941179 0.104468229 0.5783514578    0.00   0.31      0.69
482  0.9999219 0.176902235 0.644995987 0.7337295418    0.00   0.00      1.00
483  0.9635156 0.205177202 0.314667285 0.1495888259    0.00   0.13      0.87
484  0.8793359 0.648019828 0.134229999 0.4352679062    0.00   0.27      0.73
485  0.7712500 0.072552228 0.162810010 0.0230174148    0.03   0.52      0.45
486  1.0000000 0.904443234 0.622478435 0.5461839363    0.00   0.00      1.00
487  1.0000000 0.048935333 0.779956299 0.1334008991    0.00   0.00      1.00
488  1.0000000 0.133525728 0.720169161 0.4347358767    0.00   0.00      1.00
489  0.9896875 0.762743542 0.321006497 0.2832781386    0.00   0.05      0.95
490  0.9999609 0.470151123 0.603756261 0.9969121083    0.00   0.00      1.00
491  0.9990234 0.475237172 0.517869922 0.9678777494    0.00   0.01      0.99
492  0.9999609 0.449520934 0.751676023 0.2608845143    0.00   0.00      1.00
493  1.0000000 0.870249015 0.727024204 0.6148564033    0.00   0.00      1.00
494  0.9996484 0.016654867 0.618447877 0.9493561138    0.00   0.00      1.00
495  1.0000000 0.245824036 0.749457764 0.4521453369    0.00   0.00      1.00
496  1.0000000 0.979759606 0.781453342 0.3369003034    0.00   0.00      1.00
497  0.9951953 0.357009918 0.476948969 0.4257426374    0.00   0.03      0.97
498  0.9047656 0.740896593 0.109751221 0.3917429715    0.00   0.22      0.78
499  0.9873437 0.540599359 0.335561004 0.5989693715    0.00   0.06      0.94
500  0.9968750 0.522747050 0.455612185 0.3317348019    0.00   0.00      1.00
501  0.9968359 0.795895982 0.404411207 0.0866585390    0.00   0.02      0.98
502  0.9337109 0.318400279 0.248619497 0.6018334988    0.00   0.23      0.77
503  0.9194922 0.943271962 0.052191776 0.1468748103    0.03   0.07      0.90
504  0.9745312 0.974140686 0.083695062 0.3667058370    0.00   0.04      0.96
505  0.7195703 0.562646211 0.055763001 0.0298262271    0.18   0.20      0.62
506  0.9999609 0.905158014 0.566289472 0.4864161452    0.00   0.00      1.00
507  0.9982422 0.242078261 0.529970157 0.4816504188    0.00   0.00      1.00
508  1.0000000 0.085914414 0.707567276 0.4303915275    0.00   0.00      1.00
509  0.9242969 0.746799412 0.146828034 0.9594764519    0.00   0.22      0.78
510  1.0000000 0.680706670 0.910849064 0.8482765805    0.00   0.00      1.00
511  0.7553906 0.677472971 0.056237471 0.3955317722    0.05   0.32      0.63
512  0.9914844 0.517646399 0.391450179 0.7698330474    0.00   0.01      0.99
513  1.0000000 0.920898658 0.617789597 0.7685971626    0.00   0.00      1.00
514  0.9958203 0.722329827 0.412424903 0.0727915738    0.00   0.01      0.99
515  1.0000000 0.203647634 0.997607092 0.7569608900    0.00   0.00      1.00
516  0.9043750 0.443967926 0.182773032 0.7447156364    0.00   0.30      0.70
517  0.9995703 0.184394688 0.624443380 0.2470911120    0.00   0.00      1.00
518  0.9703516 0.216535870 0.335979119 0.1358482239    0.00   0.13      0.87
519  0.9855078 0.882421828 0.244418115 0.2079367309    0.00   0.08      0.92
520  1.0000000 0.309871852 0.863269146 0.3898462572    0.00   0.00      1.00
521  1.0000000 0.634980095 0.790862392 0.3505634700    0.00   0.00      1.00
522  0.9336328 0.416881265 0.238880501 0.0031857630    0.00   0.18      0.82
523  1.0000000 0.984452931 0.373728903 0.8243870237    0.00   0.00      1.00
524  0.9843359 0.263529667 0.391943530 0.8497771099    0.00   0.09      0.91
525  0.9589844 0.103129260 0.316374404 0.2785984061    0.00   0.19      0.81
526  1.0000000 0.739450827 0.911760236 0.8228736666    0.00   0.00      1.00
527  0.9999219 0.951130237 0.472112150 0.6664602787    0.00   0.00      1.00
528  0.9997656 0.048306076 0.690971006 0.2734544938    0.00   0.00      1.00
529  0.9934766 0.859434980 0.330379138 0.9801200752    0.00   0.03      0.97
530  1.0000000 0.302635959 0.878018606 0.0290721157    0.00   0.00      1.00
531  0.9623438 0.912488177 0.145819206 0.2314878691    0.00   0.10      0.90
532  0.8999219 0.846495381 0.061964077 0.0282930140    0.04   0.11      0.85
533  0.9832422 0.364485172 0.348902706 0.5099334449    0.00   0.04      0.96
534  0.9965234 0.874073215 0.336372814 0.7200794041    0.00   0.00      1.00
535  0.9936328 0.247912623 0.458374896 0.6595365147    0.00   0.03      0.97
536  0.9858594 0.523406698 0.348177526 0.1765568217    0.00   0.07      0.93
537  0.8828906 0.312814707 0.198347998 0.0932547713    0.00   0.36      0.64
538  1.0000000 0.025128664 0.939958211 0.4725421127    0.00   0.00      1.00
539  1.0000000 0.061377775 0.674782450 0.9293808129    0.00   0.00      1.00
540  0.7658984 0.391394753 0.122706449 0.0085230567    0.08   0.38      0.54
541  0.9917578 0.533327151 0.380245754 0.2701798049    0.00   0.04      0.96
542  1.0000000 0.371409915 0.971361729 0.5398272136    0.00   0.00      1.00
543  0.9992969 0.820411330 0.546602604 0.1454675798    0.00   0.00      1.00
544  1.0000000 0.577787461 0.796160426 0.2035924732    0.00   0.00      1.00
545  0.9310156 0.670370466 0.196958451 0.0691352491    0.01   0.23      0.76
546  0.4347656 0.049249517 0.056205394 0.6494047537    0.12   0.77      0.11
547  0.9781250 0.254734056 0.352507776 0.5756655380    0.00   0.10      0.90
548  0.9986328 0.234565225 0.561454996 0.6479215235    0.00   0.00      1.00
549  0.9999609 0.081155284 0.701204814 0.3619748692    0.00   0.00      1.00
550  0.6943750 0.544277073 0.038568622 0.2536121861    0.16   0.24      0.60
551  0.9087891 0.817062285 0.120586236 0.4902216189    0.00   0.22      0.78
552  0.9987891 0.767349332 0.498411978 0.3104790705    0.00   0.02      0.98
553  0.9782031 0.111537291 0.380442222 0.4432558387    0.00   0.08      0.92
554  0.9115625 0.213048239 0.229819213 0.5497007228    0.00   0.27      0.73
555  0.9992188 0.561861072 0.546373251 0.5576802120    0.00   0.00      1.00
556  1.0000000 0.141638507 0.863944523 0.0460036912    0.00   0.00      1.00
557  1.0000000 0.377764629 0.986315341 0.1250362804    0.00   0.00      1.00
558  0.7442578 0.656761664 0.036248786 0.3492018655    0.08   0.26      0.66
559  0.9999609 0.124800191 0.700353389 0.5437736064    0.00   0.00      1.00
560  1.0000000 0.955733546 0.706329636 0.2448119430    0.00   0.00      1.00
561  1.0000000 0.225537162 0.955997624 0.8548307896    0.00   0.00      1.00
562  1.0000000 0.571956610 0.845640390 0.3568068924    0.00   0.00      1.00
563  0.8590625 0.076537054 0.206144351 0.3642049048    0.00   0.47      0.53
564  0.9989844 0.031111432 0.568235450 0.9484116843    0.00   0.00      1.00
565  1.0000000 0.312545922 0.909350178 0.2044599736    0.00   0.00      1.00
566  0.9998828 0.950738167 0.496283547 0.7770102310    0.00   0.00      1.00
567  0.9866406 0.260555314 0.396592994 0.0504039761    0.00   0.05      0.95
568  0.9579688 0.929468676 0.068224550 0.1093295824    0.01   0.06      0.93
569  0.9982422 0.908235488 0.388645178 0.7391738652    0.00   0.01      0.99
570  0.7488672 0.528526093 0.080586117 0.2352770614    0.05   0.43      0.52
571  0.9998828 0.922836753 0.496301741 0.8609430394    0.00   0.00      1.00
572  0.9753516 0.617716153 0.326312877 0.7184910860    0.00   0.08      0.92
573  0.9991406 0.485814461 0.554019035 0.4691687368    0.00   0.00      1.00
574  1.0000000 0.879472839 0.747213731 0.0637266021    0.00   0.00      1.00
575  0.9887891 0.094953311 0.407484611 0.4079382571    0.00   0.03      0.97
576  0.9660547 0.875411058 0.139407612 0.6002782306    0.00   0.07      0.93
577  1.0000000 0.399146165 0.821073357 0.7215051500    0.00   0.00      1.00
578  0.9997656 0.828985176 0.484763340 0.6828132565    0.00   0.00      1.00
579  1.0000000 0.445555354 0.919072376 0.2149799494    0.00   0.00      1.00
580  0.9997656 0.245209903 0.670697931 0.4118057664    0.00   0.00      1.00
581  1.0000000 0.511115297 0.717807025 0.7631039338    0.00   0.00      1.00
582  1.0000000 0.141907542 0.777118177 0.3784066713    0.00   0.00      1.00
583  1.0000000 0.876104386 0.590462795 0.5780130541    0.00   0.00      1.00
584  0.9967578 0.172536436 0.506969556 0.7605914574    0.00   0.01      0.99
585  0.9068750 0.072974267 0.246575145 0.7968562874    0.00   0.40      0.60
586  1.0000000 0.479778152 0.976411187 0.3060020397    0.00   0.00      1.00
587  0.9983594 0.712715105 0.476660386 0.8244489513    0.00   0.00      1.00
588  1.0000000 0.087393301 0.912621446 0.5484483100    0.00   0.00      1.00
589  0.9892578 0.280433654 0.402176546 0.9638979044    0.00   0.04      0.96
590  0.9982031 0.112113317 0.545164380 0.5930678896    0.00   0.00      1.00
591  1.0000000 0.334740296 0.782681741 0.4441068224    0.00   0.00      1.00
592  1.0000000 0.793116572 0.809882994 0.9147845751    0.00   0.00      1.00
593  0.9985156 0.828054616 0.404029005 0.0997673213    0.00   0.02      0.98
594  1.0000000 0.224709598 0.903018258 0.8601510797    0.00   0.00      1.00
595  1.0000000 0.207693780 0.810990552 0.8869836670    0.00   0.00      1.00
596  1.0000000 0.401678236 0.921907126 0.2773535270    0.00   0.00      1.00
597  0.9916406 0.331061328 0.424489963 0.9391963624    0.00   0.06      0.94
598  0.9871484 0.624797386 0.346062322 0.9147551986    0.00   0.07      0.93
599  0.9719531 0.212021267 0.341829715 0.0905356205    0.00   0.11      0.89
600  0.8162109 0.159628208 0.171941363 0.4258550731    0.00   0.58      0.42
601  1.0000000 0.233776008 0.717547127 0.7523577183    0.00   0.00      1.00
602  1.0000000 0.812271612 0.837988757 0.2918142744    0.00   0.00      1.00
603  0.7575781 0.074988934 0.161328608 0.5981166712    0.01   0.69      0.30
604  0.9369141 0.499425591 0.258517572 0.0392074531    0.00   0.24      0.76
605  0.9996484 0.380337631 0.630975218 0.7144918258    0.00   0.01      0.99
606  0.9998828 0.928318848 0.635237148 0.6958277989    0.00   0.00      1.00
607  0.9702734 0.803221502 0.219744156 0.4028503965    0.00   0.12      0.88
608  0.9980859 0.644008957 0.504496281 0.6408342107    0.00   0.01      0.99
609  0.9739453 0.714444861 0.247581524 0.6730654517    0.00   0.11      0.89
610  0.9342578 0.359374136 0.251686270 0.9460447875    0.00   0.25      0.75
611  0.9483203 0.417755254 0.276814722 0.3865728625    0.00   0.26      0.74
612  1.0000000 0.975958708 0.839254726 0.0560944753    0.00   0.00      1.00
613  1.0000000 0.828809952 0.764465358 0.9414782037    0.00   0.00      1.00
614  0.9998828 0.887465030 0.491773485 0.2672316856    0.00   0.00      1.00
615  0.9935547 0.008427628 0.463541943 0.9797956187    0.00   0.01      0.99
616  1.0000000 0.030805406 0.731911823 0.8061776769    0.00   0.00      1.00
617  0.9899219 0.036691176 0.432131858 0.4732425879    0.00   0.06      0.94
618  1.0000000 0.526606786 0.921401295 0.7475345107    0.00   0.00      1.00
619  1.0000000 0.982705789 0.699180065 0.2484115828    0.00   0.00      1.00
620  0.9800000 0.808812033 0.252181209 0.4346408653    0.00   0.09      0.91
621  0.9990234 0.562679251 0.527710258 0.6842217934    0.00   0.01      0.99
622  1.0000000 0.335694308 0.754299881 0.2014060020    0.00   0.00      1.00
623  0.7860938 0.377264581 0.122305790 0.9631043684    0.00   0.51      0.49
624  1.0000000 0.647449568 0.861126271 0.0500081007    0.00   0.00      1.00
625  1.0000000 0.546858952 0.970514399 0.6662652986    0.00   0.00      1.00
626  0.9796484 0.528045607 0.312948894 0.1969330439    0.00   0.09      0.91
627  0.9634766 0.889628149 0.132414704 0.2020133396    0.00   0.10      0.90
628  0.9985156 0.975298800 0.283073222 0.7974791639    0.00   0.01      0.99
629  0.9903906 0.602232765 0.360510763 0.8399964769    0.00   0.07      0.93
630  0.6806641 0.587334295 0.005383702 0.1169313453    0.29   0.04      0.67
631  0.9999609 0.970934797 0.592857141 0.7529273599    0.00   0.00      1.00
632  0.8588672 0.123056098 0.198641672 0.0436198204    0.02   0.36      0.62
633  1.0000000 0.636094211 0.878989175 0.0376242502    0.00   0.00      1.00
634  0.9701172 0.229653626 0.343380859 0.1491375489    0.00   0.10      0.90
635  0.9993750 0.595305209 0.563329667 0.6883696469    0.00   0.01      0.99
636  1.0000000 0.060995141 0.919810864 0.6237363953    0.00   0.00      1.00
637  1.0000000 0.464735467 0.756158236 0.5453166000    0.00   0.00      1.00
638  0.9968750 0.194085860 0.489007513 0.4224548137    0.00   0.00      1.00
639  0.9998828 0.322999150 0.617275864 0.4241966598    0.00   0.00      1.00
640  1.0000000 0.324141105 0.698486278 0.9583160446    0.00   0.00      1.00
641  0.6561328 0.379311871 0.054649707 0.4753495345    0.15   0.39      0.46
642  0.9962109 0.085903792 0.505340662 0.5859528172    0.00   0.02      0.98
643  0.9812500 0.078360269 0.381176812 0.7935564260    0.00   0.12      0.88
644  1.0000000 0.732018850 0.968146947 0.1633475840    0.00   0.00      1.00
645  1.0000000 0.993372689 0.855104790 0.6534472653    0.00   0.00      1.00
646  0.9812109 0.546393862 0.324449629 0.0065791253    0.00   0.04      0.96
647  0.9560547 0.358299088 0.280237205 0.7653669957    0.00   0.15      0.85
648  1.0000000 0.200721244 0.746040291 0.6818219030    0.00   0.00      1.00
649  1.0000000 0.513715437 0.854645795 0.5263563683    0.00   0.00      1.00
650  1.0000000 0.368230963 0.755413075 0.4431013942    0.00   0.00      1.00
651  0.7499609 0.509501073 0.076929886 0.3044464525    0.07   0.38      0.55
652  1.0000000 0.197269396 0.905988715 0.5635895326    0.00   0.00      1.00
653  0.9426953 0.528431834 0.255576739 0.7033952717    0.00   0.22      0.78
654  1.0000000 0.626852585 0.789782044 0.5865361867    0.00   0.00      1.00
655  1.0000000 0.132354240 0.932932742 0.1701396997    0.00   0.00      1.00
656  0.9124609 0.842038130 0.062332258 0.8328432706    0.00   0.13      0.87
657  1.0000000 0.876799907 0.726891475 0.1450966033    0.00   0.00      1.00
658  0.9657031 0.020741872 0.341658693 0.9025678462    0.00   0.17      0.83
659  0.8521094 0.811507747 0.011455880 0.8558345623    0.07   0.09      0.84
660  1.0000000 0.542653272 0.902629150 0.4654206717    0.00   0.00      1.00
661  1.0000000 0.306865890 0.820440110 0.5361356705    0.00   0.00      1.00
662  0.9722266 0.437013636 0.285945349 0.9530769740    0.00   0.11      0.89
663  0.8342188 0.294362687 0.165561108 0.1338229615    0.00   0.49      0.51
664  1.0000000 0.369752635 0.874990084 0.5771207910    0.00   0.00      1.00
665  1.0000000 0.352792520 0.966546556 0.1297589901    0.00   0.00      1.00
666  0.7203516 0.095476832 0.134329064 0.2082347760    0.01   0.71      0.28
667  0.7325000 0.109578229 0.146018741 0.6570753665    0.00   0.73      0.27
668  0.9995703 0.190577439 0.608567002 0.8660503686    0.00   0.00      1.00
669  1.0000000 0.957270954 0.718922646 0.8592299332    0.00   0.00      1.00
670  1.0000000 0.859389168 0.671965296 0.5345211430    0.00   0.00      1.00
671  0.9528125 0.089218232 0.328809895 0.5059571189    0.00   0.13      0.87
672  0.9999219 0.841274732 0.605331031 0.2388456243    0.00   0.00      1.00
673  0.8692188 0.474649007 0.167547891 0.1532630879    0.00   0.39      0.61
674  0.9753125 0.858816605 0.102560870 0.2720579107    0.01   0.04      0.95
675  0.9999219 0.439719822 0.656333933 0.8269443738    0.00   0.00      1.00
676  0.9998828 0.777271291 0.603774127 0.6279942605    0.00   0.00      1.00
677  0.9989062 0.612748773 0.540991747 0.7969207205    0.00   0.01      0.99
678  0.9723828 0.294945311 0.338971128 0.4225739844    0.00   0.11      0.89
679  0.9503125 0.353934074 0.278109129 0.7590090383    0.00   0.25      0.75
680  0.8941406 0.330410948 0.213867938 0.9900223371    0.00   0.32      0.68
681  0.9858203 0.437687755 0.350522907 0.2026534055    0.00   0.08      0.92
682  0.9986719 0.202208059 0.563730145 0.4164081668    0.00   0.00      1.00
683  0.9893359 0.211212832 0.415755864 0.6758286143    0.00   0.09      0.91
684  1.0000000 0.893557681 0.703994785 0.1246474974    0.00   0.00      1.00
685  0.9998047 0.063983831 0.602441667 0.1937227445    0.00   0.00      1.00
686  1.0000000 0.337383033 0.797698734 0.8799112129    0.00   0.00      1.00
687  0.9983594 0.149355061 0.548231388 0.8996342034    0.00   0.01      0.99
688  0.9992188 0.749521857 0.470410610 0.1107707818    0.00   0.02      0.98
689  0.7494531 0.210585434 0.136811043 0.2997230529    0.00   0.70      0.30
690  1.0000000 0.173623394 0.802505476 0.0909283045    0.00   0.00      1.00
691  1.0000000 0.052817923 0.892974840 0.1159527749    0.00   0.00      1.00
692  0.8790234 0.317833015 0.166685897 0.2532837065    0.01   0.35      0.64
693  1.0000000 0.377582913 0.794992900 0.1007696183    0.00   0.00      1.00
694  0.9939062 0.233283267 0.446091358 0.1802089042    0.00   0.04      0.96
695  0.9994531 0.185881204 0.597144524 0.8905620521    0.00   0.00      1.00
696  0.9997656 0.927245816 0.491834472 0.3005022986    0.00   0.00      1.00
697  1.0000000 0.493646859 0.604882035 0.7443991259    0.00   0.00      1.00
698  0.9748438 0.113436127 0.350032089 0.1700101264    0.00   0.14      0.86
699  1.0000000 0.563178344 0.726787179 0.6425858694    0.00   0.00      1.00
700  0.9998438 0.402347867 0.628191582 0.2328802606    0.00   0.00      1.00
701  0.9150391 0.797385497 0.076367533 0.4195725145    0.02   0.14      0.84
702  1.0000000 0.993860151 0.648809310 0.4735535071    0.00   0.00      1.00
703  0.5316797 0.224036289 0.062372412 0.1210783992    0.19   0.51      0.30
704  1.0000000 0.966537961 0.608906126 0.0153705482    0.00   0.00      1.00
705  0.6848437 0.026831291 0.138144808 0.8751158016    0.00   0.83      0.17
706  0.9843750 0.657595188 0.314106391 0.4853070604    0.00   0.03      0.97
707  1.0000000 0.256300641 0.906406126 0.8156820291    0.00   0.00      1.00
708  0.9767578 0.101917747 0.358226775 0.5352428700    0.00   0.11      0.89
709  0.6146484 0.360412792 0.064446631 0.4174797116    0.05   0.60      0.35
710  1.0000000 0.186779324 0.714378743 0.9551476364    0.00   0.00      1.00
711  0.9514844 0.578863926 0.238999265 0.8323118465    0.00   0.17      0.83
712  0.9998047 0.809937412 0.569570837 0.1643338753    0.00   0.00      1.00
713  1.0000000 0.482321318 0.881800435 0.8670878860    0.00   0.00      1.00
714  1.0000000 0.819873297 0.730128387 0.9797791890    0.00   0.00      1.00
715  0.9971484 0.592267667 0.455794178 0.2327497178    0.00   0.03      0.97
716  0.9751172 0.436376402 0.347498020 0.8282261714    0.00   0.11      0.89
717  0.9822266 0.178805425 0.398536153 0.1588215590    0.00   0.11      0.89
718  0.3290234 0.150733536 0.026396882 0.7543720638    0.34   0.49      0.17
719  1.0000000 0.825161868 0.958818949 0.6327776685    0.00   0.00      1.00
720  1.0000000 0.692167879 0.852270404 0.1277235399    0.00   0.00      1.00
721  1.0000000 0.319360249 0.937514994 0.6820169110    0.00   0.00      1.00
722  1.0000000 0.332069824 0.689308383 0.8279345783    0.00   0.00      1.00
723  1.0000000 0.983563352 0.993708170 0.9135257353    0.00   0.00      1.00
724  1.0000000 0.146522761 0.910328675 0.0230200554    0.00   0.00      1.00
725  0.9881641 0.177876996 0.413215502 0.0244583474    0.00   0.10      0.90
726  0.7212500 0.040478327 0.144326371 0.8914999727    0.00   0.76      0.24
727  0.9957031 0.912223308 0.339371930 0.3548099720    0.00   0.02      0.98
728  0.9748047 0.035210242 0.374301122 0.2333125882    0.00   0.13      0.87
729  1.0000000 0.467359503 0.760295043 0.2632176769    0.00   0.00      1.00
730  0.9999609 0.667632383 0.669206656 0.5471343335    0.00   0.00      1.00
731  0.9997656 0.908391680 0.428948636 0.3760949203    0.00   0.00      1.00
732  0.9965625 0.080853184 0.507488534 0.9192588816    0.00   0.00      1.00
733  0.9998828 0.838915773 0.599143716 0.6017955823    0.00   0.01      0.99
734  0.8169531 0.817063167 0.004831407 0.8252916150    0.17   0.02      0.81
735  1.0000000 0.735230817 0.962819187 0.1705627583    0.00   0.00      1.00
736  1.0000000 0.325820183 0.796007691 0.5793940020    0.00   0.00      1.00
737  1.0000000 0.263425840 0.893865790 0.9083935150    0.00   0.00      1.00
738  0.3429687 0.041735342 0.044954783 0.5038183320    0.16   0.78      0.06
739  0.9999609 0.381118861 0.669448324 0.9131619805    0.00   0.00      1.00
740  0.9920313 0.806144409 0.303903490 0.1237570462    0.00   0.05      0.95
741  0.9972266 0.835060456 0.359885212 0.1348450040    0.00   0.01      0.99
742  1.0000000 0.579832267 0.879526006 0.8939274724    0.00   0.00      1.00
743  0.9815625 0.429758311 0.345333657 0.5146708931    0.00   0.09      0.91
744  1.0000000 0.552264793 0.846024472 0.3849561394    0.00   0.00      1.00
745  0.9996094 0.121106896 0.603432976 0.1254782598    0.00   0.00      1.00
746  0.9999609 0.708290381 0.632482193 0.7320451767    0.00   0.00      1.00
747  0.9617578 0.600831545 0.241994084 0.5155026070    0.00   0.13      0.87
748  1.0000000 0.729573319 0.674047007 0.8812229719    0.00   0.00      1.00
749  1.0000000 0.292083296 0.716765185 0.9924688847    0.00   0.00      1.00
750  0.9273047 0.780081201 0.106519844 0.4362011901    0.00   0.16      0.84
751  0.9998438 0.623436033 0.606311442 0.1624629365    0.00   0.00      1.00
752  0.9800000 0.034823368 0.373226222 0.7103526925    0.00   0.09      0.91
753  0.8469141 0.276934326 0.190303762 0.1219626719    0.00   0.45      0.55
754  0.9941406 0.810580747 0.287874182 0.9789973113    0.00   0.07      0.93
755  0.9850391 0.634615314 0.331945927 0.3477810938    0.00   0.06      0.94
756  0.9995312 0.921893194 0.492161569 0.0299353276    0.00   0.01      0.99
757  1.0000000 0.279427522 0.748659120 0.6652291478    0.00   0.00      1.00
758  1.0000000 0.687770206 0.968773936 0.8711565607    0.00   0.00      1.00
759  1.0000000 0.433000782 0.717967519 0.2735413529    0.00   0.00      1.00
760  0.8763672 0.360889670 0.185897788 0.5967612376    0.00   0.38      0.62
761  1.0000000 0.464763342 0.948868178 0.3168781416    0.00   0.00      1.00
762  0.8090625 0.442643139 0.122028345 0.4438894410    0.00   0.46      0.54
763  0.9999219 0.432712842 0.741608135 0.4347269132    0.00   0.00      1.00
764  0.9714453 0.861131033 0.193451576 0.5267290426    0.00   0.07      0.93
765  0.7094531 0.498430246 0.090704237 0.3371944409    0.03   0.54      0.43
766  0.9998828 0.594929722 0.633929845 0.4561642362    0.00   0.01      0.99
767  1.0000000 0.796309135 0.800400053 0.8856718899    0.00   0.00      1.00
768  0.9999219 0.466804560 0.695863952 0.8951173003    0.00   0.00      1.00
769  0.9994922 0.499600889 0.586030585 0.0928686266    0.00   0.00      1.00
770  0.5682812 0.407708718 0.033170620 0.3656491633    0.26   0.29      0.45
771  0.9987891 0.475276602 0.501007209 0.9528683336    0.00   0.00      1.00
772  0.9611328 0.940790756 0.110844911 0.1999396610    0.01   0.08      0.91
773  0.9767187 0.180177169 0.360230413 0.4794497476    0.00   0.09      0.91
774  1.0000000 0.355257707 0.804023962 0.3264300583    0.00   0.00      1.00
775  1.0000000 0.059169498 0.964728331 0.5615262059    0.00   0.00      1.00
776  0.6953125 0.250108827 0.096166917 0.1590561052    0.06   0.52      0.42
777  0.9935547 0.900758984 0.307688265 0.3044390106    0.00   0.04      0.96
778  0.8792188 0.624391873 0.125856544 0.3886793570    0.00   0.29      0.71
779  1.0000000 0.997421008 0.013798632 0.4840752028    0.00   0.00      1.00
780  1.0000000 0.920384290 0.677866373 0.2960949042    0.00   0.00      1.00
781  0.9799219 0.188562706 0.362615483 0.9535985587    0.00   0.09      0.91
782  0.9998438 0.289327723 0.657940323 0.5822377224    0.00   0.00      1.00
783  0.9994922 0.600387957 0.606205801 0.5007840118    0.00   0.00      1.00
784  0.9977734 0.225642326 0.504925805 0.7153195443    0.00   0.00      1.00
785  0.9903906 0.177012615 0.430054369 0.0585528871    0.00   0.01      0.99
786  0.9998438 0.184584424 0.635845008 0.9514788266    0.00   0.00      1.00
787  1.0000000 0.255842554 0.986336385 0.3120733178    0.00   0.00      1.00
788  0.8407031 0.626251954 0.114806221 0.0729098176    0.11   0.22      0.67
789  0.9786719 0.575201743 0.327935502 0.7409653824    0.00   0.07      0.93
790  0.9997266 0.688533466 0.540299789 0.9111718577    0.00   0.00      1.00
791  0.9996484 0.283561705 0.661933067 0.2039658988    0.00   0.00      1.00
792  0.7871875 0.194182891 0.151180044 0.3512139427    0.01   0.60      0.39
793  0.8217188 0.627647814 0.094526539 0.0790774107    0.06   0.25      0.69
794  1.0000000 0.029826049 0.893172568 0.2267767452    0.00   0.00      1.00
795  0.9405469 0.897158928 0.032796015 0.2647719998    0.04   0.03      0.93
796  1.0000000 0.153280968 0.802217292 0.0543310011    0.00   0.00      1.00
797  1.0000000 0.239149096 0.978606203 0.7230466250    0.00   0.00      1.00
798  0.7562500 0.365230997 0.102595434 0.3583398319    0.00   0.51      0.49
799  0.9987891 0.978579991 0.304411233 0.6359378914    0.00   0.01      0.99
800  1.0000000 0.267261157 0.693719966 0.2354338507    0.00   0.00      1.00
801  0.8827734 0.299486945 0.195758852 0.1947630628    0.00   0.43      0.57
802  1.0000000 0.738582492 0.623102226 0.7754487044    0.00   0.00      1.00
803  0.9556250 0.107160385 0.298876825 0.0889265172    0.00   0.21      0.79
804  0.9997656 0.049744335 0.614195461 0.0099941532    0.00   0.00      1.00
805  0.9485156 0.592184413 0.222260211 0.8135169859    0.00   0.20      0.80
806  1.0000000 0.751519831 0.840533529 0.4635330553    0.00   0.00      1.00
807  0.9439453 0.533480682 0.257965564 0.1915058764    0.00   0.14      0.86
808  0.9999609 0.480057947 0.723942044 0.6705705551    0.00   0.00      1.00
809  1.0000000 0.024341083 0.942072838 0.7632292435    0.00   0.00      1.00
810  0.9975000 0.289182415 0.492844529 0.0110614004    0.00   0.02      0.98
811  1.0000000 0.726735366 0.821850459 0.4291417366    0.00   0.00      1.00
812  1.0000000 0.275722977 0.906092307 0.0120651925    0.00   0.00      1.00
813  0.9996094 0.936364040 0.407644210 0.7581297394    0.00   0.00      1.00
814  0.6467578 0.127844308 0.098023084 0.1598507210    0.03   0.68      0.29
815  0.9543359 0.702644032 0.237866854 0.0683144012    0.00   0.14      0.86
816  0.9775391 0.884797890 0.172232365 0.1946813778    0.00   0.07      0.93
817  0.9999219 0.595978699 0.698013193 0.0951133056    0.00   0.00      1.00
818  1.0000000 0.486078045 0.864611152 0.4923476458    0.00   0.00      1.00
819  0.9999219 0.512780847 0.631194748 0.9278122936    0.00   0.00      1.00
820  0.9979297 0.120858310 0.524516294 0.2482192754    0.00   0.01      0.99
821  1.0000000 0.517877964 0.799497387 0.2110534883    0.00   0.00      1.00
822  0.9998828 0.818947410 0.567638163 0.4889566412    0.00   0.00      1.00
823  1.0000000 0.924706661 0.648820759 0.8016567547    0.00   0.00      1.00
824  0.8470703 0.055443541 0.208197918 0.6534960927    0.00   0.46      0.54
825  0.9593750 0.846944422 0.152906021 0.6615358044    0.00   0.12      0.88
826  0.6859766 0.294056049 0.091369934 0.6404063741    0.01   0.60      0.39
827  0.5363672 0.104404719 0.082767555 0.9245832951    0.03   0.83      0.14
828  0.9996875 0.521470230 0.592140740 0.1181306557    0.00   0.00      1.00
829  0.9975000 0.218551435 0.514954933 0.7406459262    0.00   0.02      0.98
830  0.9475000 0.460208012 0.244958829 0.9268384273    0.00   0.22      0.78
831  1.0000000 0.332343428 0.910274013 0.1084469848    0.00   0.00      1.00
832  0.9992578 0.922213755 0.385553198 0.1440924022    0.00   0.00      1.00
833  1.0000000 0.769910825 0.865004736 0.4809031144    0.00   0.00      1.00
834  0.9994531 0.401156813 0.595574867 0.5815911447    0.00   0.01      0.99
835  1.0000000 0.250047746 0.953028639 0.2141138944    0.00   0.00      1.00
836  0.9775391 0.396721099 0.330635726 0.2034529678    0.00   0.10      0.90
837  0.9599219 0.006728184 0.321793794 0.5939718529    0.00   0.18      0.82
838  1.0000000 0.582823255 0.954522980 0.7840962522    0.00   0.00      1.00
839  1.0000000 0.081128935 0.998553616 0.3622729823    0.00   0.00      1.00
840  0.9985937 0.081686478 0.563194791 0.8181323125    0.00   0.00      1.00
841  0.9480859 0.838959931 0.094349772 0.5052050455    0.00   0.11      0.89
842  0.9998047 0.787642281 0.582297278 0.4482028335    0.00   0.00      1.00
843  0.9994922 0.813535301 0.461880945 0.3965975340    0.00   0.00      1.00
844  1.0000000 0.304985328 0.704855366 0.2515975211    0.00   0.00      1.00
845  1.0000000 0.733021754 0.761861830 0.0429748553    0.00   0.00      1.00
846  0.9989453 0.728814445 0.504018828 0.9105062019    0.00   0.00      1.00
847  0.9967969 0.475251029 0.476390951 0.7720077843    0.00   0.01      0.99
848  0.2151562 0.007841530 0.032976318 0.4708808602    0.34   0.66      0.00
849  1.0000000 0.122849356 0.690051969 0.6023162478    0.00   0.00      1.00
850  0.7082812 0.477946284 0.050827695 0.4624738274    0.08   0.33      0.59
851  0.8655078 0.661506752 0.094443582 0.9433691825    0.01   0.25      0.74
852  1.0000000 0.814291300 0.826083657 0.8959086130    0.00   0.00      1.00
853  0.9956250 0.794252378 0.361664009 0.1313347607    0.00   0.03      0.97
854  0.9805859 0.187536696 0.380739775 0.8947397827    0.00   0.05      0.95
855  0.8617969 0.425344408 0.168204683 0.7596845871    0.00   0.41      0.59
856  0.8171484 0.807058184 0.007285153 0.9403583566    0.16   0.03      0.81
857  0.9999609 0.518426780 0.638671113 0.9927254899    0.00   0.00      1.00
858  0.9982422 0.556375348 0.534974623 0.0953655951    0.00   0.01      0.99
859  0.9855078 0.224085567 0.393341278 0.9123796136    0.00   0.08      0.92
860  1.0000000 0.793625033 0.964341832 0.3286069762    0.00   0.00      1.00
861  0.9521484 0.329628171 0.278496117 0.2178494656    0.00   0.19      0.81
862  0.9996094 0.295586939 0.615334548 0.1092953929    0.00   0.00      1.00
863  0.9993359 0.040225755 0.591831092 0.8099897732    0.00   0.00      1.00
864  0.9575391 0.676482546 0.240973043 0.0774467117    0.00   0.19      0.81
865  1.0000000 0.402718547 0.776134075 0.0977612066    0.00   0.00      1.00
866  0.8776953 0.806931281 0.039235419 0.1714646476    0.08   0.08      0.84
867  1.0000000 0.962716088 0.792142577 0.5926903139    0.00   0.00      1.00
868  1.0000000 0.282148216 0.728761952 0.5189976557    0.00   0.00      1.00
869  1.0000000 0.234120952 0.924182000 0.0176775032    0.00   0.00      1.00
870  1.0000000 0.469027101 0.797539371 0.0720705353    0.00   0.00      1.00
871  1.0000000 0.123555511 0.987690578 0.9887419255    0.00   0.00      1.00
872  1.0000000 0.989605129 0.809011559 0.1297257203    0.00   0.00      1.00
873  1.0000000 0.242646514 0.748832189 0.3665879127    0.00   0.00      1.00
874  0.4553125 0.047946654 0.066849857 0.4848793687    0.04   0.86      0.10
875  0.9999219 0.453792723 0.724245402 0.0355459440    0.00   0.00      1.00
876  0.9974219 0.335941092 0.501602657 0.6281705371    0.00   0.01      0.99
877  0.7577344 0.403225963 0.096628990 0.4168596449    0.02   0.46      0.52
878  0.9998047 0.551587685 0.615545511 0.5792135771    0.00   0.00      1.00
879  1.0000000 0.703838033 0.980418986 0.9614148044    0.00   0.00      1.00
880  1.0000000 0.958874524 0.903235189 0.6496791602    0.00   0.00      1.00
881  0.8863281 0.080465092 0.223664695 0.1636204810    0.00   0.40      0.60
882  1.0000000 0.586583476 0.968812312 0.0229386301    0.00   0.00      1.00
883  1.0000000 0.290589288 0.712649036 0.0178447894    0.00   0.00      1.00
884  0.9975781 0.518874832 0.506289968 0.5688563727    0.00   0.01      0.99
885  1.0000000 0.627028348 0.855932411 0.0763927768    0.00   0.00      1.00
886  0.8100000 0.131020875 0.167399834 0.9215545107    0.00   0.56      0.44
887  1.0000000 0.620326756 0.814643478 0.3686632279    0.00   0.00      1.00
888  1.0000000 0.452959924 0.703894688 0.2614770532    0.00   0.00      1.00
889  0.9896875 0.714635269 0.309198930 0.2811677558    0.00   0.06      0.94
890  1.0000000 0.327737366 0.811583210 0.6142314160    0.00   0.00      1.00
891  0.9990625 0.429574560 0.581193018 0.6240323721    0.00   0.01      0.99
892  1.0000000 0.046210627 0.813076285 0.5637000590    0.00   0.00      1.00
893  0.7646875 0.685093635 0.049076447 0.2411781186    0.07   0.28      0.65
894  0.9485547 0.781855444 0.129028263 0.0711287283    0.00   0.11      0.89
895  0.9996094 0.384198631 0.608762424 0.3001750312    0.00   0.00      1.00
896  0.9988281 0.649260009 0.523209515 0.9552844225    0.00   0.00      1.00
897  0.8682422 0.692774905 0.114773558 0.4693801214    0.00   0.26      0.74
898  1.0000000 0.714117143 0.855298864 0.5744643435    0.00   0.00      1.00
899  0.8513672 0.802004685 0.001502993 0.9810643003    0.15   0.00      0.85
900  0.9991016 0.214531989 0.553217454 0.9598025354    0.00   0.02      0.98
901  0.8184766 0.212491174 0.160654998 0.7987445893    0.00   0.53      0.47
902  1.0000000 0.301946572 0.802610183 0.3125350359    0.00   0.00      1.00
903  1.0000000 0.545649539 0.773585791 0.3231180578    0.00   0.00      1.00
904  1.0000000 0.974698873 0.974205021 0.4089765551    0.00   0.00      1.00
905  0.9789453 0.024042570 0.381463572 0.7314507419    0.00   0.10      0.90
906  0.8763281 0.055506927 0.226400271 0.3888431902    0.00   0.46      0.54
907  0.9831250 0.340730536 0.357174443 0.7736672966    0.00   0.05      0.95
908  0.6865234 0.429140907 0.068023959 0.1600381306    0.12   0.40      0.48
909  0.9995703 0.432446060 0.547009352 0.9708082709    0.00   0.01      0.99
910  0.5590234 0.188217585 0.062610941 0.3439958629    0.14   0.61      0.25
911  0.9982813 0.280715031 0.528907346 0.6305315751    0.00   0.00      1.00
912  0.9766016 0.069218911 0.366550038 0.7944477322    0.00   0.14      0.86
913  1.0000000 0.718523048 0.955815094 0.4780061832    0.00   0.00      1.00
914  0.9137500 0.452953606 0.219213550 0.0062328789    0.00   0.26      0.74
915  0.8738672 0.640708140 0.126785117 0.4632163320    0.00   0.31      0.69
916  0.9983984 0.008541784 0.543093905 0.9930845110    0.00   0.00      1.00
917  0.9563281 0.193737241 0.306848120 0.6961025507    0.00   0.15      0.85
918  0.9983984 0.902805124 0.365479130 0.3913734364    0.00   0.01      0.99
919  0.9998047 0.319268054 0.596481924 0.3083164021    0.00   0.00      1.00
920  0.9923828 0.686687210 0.363354320 0.1309235906    0.00   0.04      0.96
921  0.9953125 0.314750417 0.463046550 0.3264242129    0.00   0.03      0.97
922  0.9997266 0.066912355 0.688322223 0.3970063813    0.00   0.00      1.00
923  0.9950391 0.095652886 0.462257810 0.8936459464    0.00   0.04      0.96
924  1.0000000 0.061284453 0.781096488 0.2216782521    0.00   0.00      1.00
925  1.0000000 0.199577792 0.747147807 0.8388038005    0.00   0.00      1.00
926  0.8931250 0.751306416 0.098810956 0.9708577879    0.00   0.22      0.78
927  0.7015234 0.209665336 0.129994893 0.2763775161    0.02   0.70      0.28
928  1.0000000 0.102402346 0.943292796 0.5708598001    0.00   0.00      1.00
929  0.9437500 0.186123494 0.280634885 0.0842478082    0.00   0.27      0.73
930  1.0000000 0.183638347 0.742603059 0.5692499434    0.00   0.00      1.00
931  1.0000000 0.470143554 0.782272177 0.5874215341    0.00   0.00      1.00
932  0.9833203 0.890601992 0.247025457 0.0109033806    0.00   0.07      0.93
933  0.9402734 0.255485685 0.269815972 0.7986441953    0.00   0.24      0.76
934  1.0000000 0.949884321 0.506618999 0.9556378068    0.00   0.00      1.00
935  1.0000000 0.767940247 0.987297449 0.8309318407    0.00   0.00      1.00
936  1.0000000 0.889459581 0.660433313 0.1031105246    0.00   0.00      1.00
937  0.7440625 0.596317726 0.066795831 0.1894003989    0.11   0.31      0.58
938  0.9854297 0.652901125 0.315258342 0.0760150263    0.00   0.08      0.92
939  0.9999219 0.993956392 0.505571624 0.4072662990    0.00   0.00      1.00
940  1.0000000 0.549340186 0.787380205 0.2096064459    0.00   0.00      1.00
941  0.9594922 0.772064305 0.204933462 0.3560422957    0.00   0.14      0.86
942  1.0000000 0.266275973 0.941728550 0.9082970966    0.00   0.00      1.00
943  0.9980078 0.951352077 0.342896356 0.9537316426    0.00   0.00      1.00
944  0.9706250 0.428075928 0.312834802 0.6615914204    0.00   0.13      0.87
945  0.9907422 0.118189482 0.418501090 0.5732405446    0.00   0.11      0.89
946  0.9554297 0.095833523 0.304689671 0.7295745211    0.00   0.17      0.83
947  0.8829297 0.645864774 0.119456961 0.6289400584    0.00   0.26      0.74
948  1.0000000 0.610946257 0.961816606 0.0732606684    0.00   0.00      1.00
949  0.9994922 0.867130575 0.479742343 0.0613356160    0.00   0.00      1.00
950  0.9998828 0.966531605 0.599464772 0.2332828555    0.00   0.00      1.00
951  1.0000000 0.600410061 0.968593411 0.4251999818    0.00   0.00      1.00
952  1.0000000 0.664393616 0.850648409 0.2063866716    0.00   0.00      1.00
953  0.4295312 0.324123842 0.016135822 0.9658431723    0.36   0.29      0.35
954  0.5950781 0.460297901 0.050168295 0.1391571905    0.30   0.30      0.40
955  0.9844141 0.630573292 0.336143857 0.2585153896    0.00   0.04      0.96
956  0.8946094 0.044790452 0.244329746 0.0329851124    0.00   0.37      0.63
957  1.0000000 0.380156389 0.930139390 0.0503979288    0.00   0.00      1.00
958  0.9976172 0.211128312 0.490229700 0.3261004328    0.00   0.00      1.00
959  0.9466406 0.612125582 0.219662101 0.9042626708    0.00   0.22      0.78
960  1.0000000 0.736016962 0.890401407 0.0272628975    0.00   0.00      1.00
961  1.0000000 0.499872091 0.824815855 0.5092034999    0.00   0.00      1.00
962  0.9988672 0.254355137 0.556999737 0.2505563931    0.00   0.02      0.98
963  0.7358594 0.481276786 0.085794761 0.3740062357    0.03   0.46      0.51
964  0.8592969 0.489810370 0.139508599 0.4767624082    0.00   0.40      0.60
965  0.9995312 0.888001014 0.513215695 0.2004635902    0.00   0.00      1.00
966  1.0000000 0.992155304 0.623227498 0.3539626482    0.00   0.00      1.00
967  1.0000000 0.726060552 0.957100350 0.3602246961    0.00   0.00      1.00
968  0.9578906 0.016266066 0.335477827 0.9670332815    0.00   0.14      0.86
969  0.9994531 0.190696864 0.615732771 0.2234214721    0.00   0.01      0.99
970  0.9823047 0.787638135 0.265970616 0.1612383190    0.00   0.06      0.94
971  0.9117578 0.540365366 0.187813207 0.4177844098    0.00   0.30      0.70
972  0.9617187 0.332054192 0.300215647 0.0565295520    0.00   0.14      0.86
973  1.0000000 0.008548452 0.969119477 0.5179537935    0.00   0.00      1.00
974  0.9401953 0.837338174 0.150531541 0.5652164782    0.00   0.18      0.82
975  1.0000000 0.037366010 0.804643169 0.8517522963    0.00   0.00      1.00
976  0.9912891 0.749973027 0.339735935 0.5510992734    0.00   0.04      0.96
977  0.2111328 0.150269284 0.008577427 0.6753660128    0.56   0.29      0.15
978  0.9578516 0.375427671 0.298465137 0.1131695863    0.00   0.20      0.80
979  0.4616797 0.198223486 0.060143552 0.0884135808    0.29   0.53      0.18
980  0.9999609 0.743727828 0.668158432 0.6699496000    0.00   0.00      1.00
981  0.9884375 0.976927256 0.150046373 0.5241576952    0.01   0.02      0.97
982  0.7786328 0.451159004 0.111849596 0.9209631658    0.00   0.51      0.49
983  0.9011719 0.665051311 0.142724868 0.9277148612    0.00   0.26      0.74
984  0.9994531 0.951522417 0.427838284 0.9168062524    0.00   0.00      1.00
985  1.0000000 0.286881818 0.943975434 0.6380658660    0.00   0.00      1.00
986  0.4124609 0.329596299 0.015615714 0.2312554277    0.48   0.20      0.32
987  0.9517578 0.596613214 0.216545638 0.4447898625    0.00   0.16      0.84
988  0.9905859 0.355809321 0.403104480 0.3003058955    0.00   0.06      0.94
989  0.9538281 0.832577524 0.131287122 0.5086570771    0.00   0.11      0.89
990  0.9979297 0.334004778 0.528723841 0.7031560640    0.00   0.01      0.99
991  1.0000000 0.417797421 0.880590949 0.9977616887    0.00   0.00      1.00
992  0.9999609 0.654621318 0.658597247 0.6840472112    0.00   0.00      1.00
993  0.9876563 0.691554197 0.309852336 0.6880271202    0.00   0.04      0.96
994  0.9091016 0.561320564 0.168441871 0.4708143787    0.00   0.31      0.69
995  0.9943750 0.330763584 0.455560980 0.1527195638    0.00   0.01      0.99
996  0.9850000 0.295231842 0.391543269 0.3777070309    0.00   0.06      0.94
997  0.5730078 0.087949811 0.091212823 0.9588781346    0.02   0.78      0.20
998  0.8043750 0.583850302 0.095128743 0.7780331322    0.01   0.42      0.57
999  1.0000000 0.320504482 0.892169007 0.4194441736    0.00   0.00      1.00
1000 0.9994141 0.523572302 0.566454378 0.7327821394    0.00   0.00      1.00
