      prop.aneu   prob.meio   prob.mito   dispersal euploid mosaic aneuploid
1    0.90074219 0.589949487 0.154987556 0.601001367    0.00   0.25      0.75
2    1.00000000 0.777627893 0.761311358 0.017391998    0.00   0.00      1.00
3    1.00000000 0.193912222 0.879708036 0.445484920    0.00   0.00      1.00
4    0.60542969 0.533935503 0.015873071 0.542428275    0.19   0.28      0.53
5    0.95421875 0.785143696 0.164856571 0.595414210    0.00   0.13      0.87
6    1.00000000 0.772176554 0.934546269 0.829611941    0.00   0.00      1.00
7    1.00000000 0.421599954 0.991765139 0.601696851    0.00   0.00      1.00
8    0.90207031 0.472474842 0.200126580 0.291876082    0.00   0.36      0.64
9    1.00000000 0.967638460 0.766301658 0.652222612    0.00   0.00      1.00
10   0.99949219 0.688851532 0.576385556 0.264667613    0.00   0.00      1.00
11   0.99968750 0.182306620 0.636408605 0.981383395    0.00   0.00      1.00
12   0.98843750 0.760808806 0.313025487 0.592686839    0.00   0.04      0.96
13   1.00000000 0.815827931 0.971008570 0.235284590    0.00   0.00      1.00
14   0.99996094 0.927394013 0.658012961 0.592735993    0.00   0.00      1.00
15   1.00000000 0.351249279 0.974665894 0.320768178    0.00   0.00      1.00
16   0.99589844 0.299863316 0.458659620 0.272769505    0.00   0.00      1.00
17   1.00000000 0.028169441 0.988868373 0.853088917    0.00   0.00      1.00
18   0.99964844 0.932802828 0.492332803 0.492892823    0.00   0.00      1.00
19   0.99742188 0.104507871 0.506886059 0.154418655    0.00   0.01      0.99
20   0.99933594 0.720447201 0.501785078 0.902725731    0.00   0.00      1.00
21   0.98695312 0.726985365 0.320468693 0.327077101    0.00   0.06      0.94
22   1.00000000 0.941097266 0.466489703 0.217883443    0.00   0.00      1.00
23   0.95089844 0.207636722 0.280885897 0.987778609    0.00   0.21      0.79
24   0.99894531 0.512111426 0.511572483 0.807788210    0.00   0.00      1.00
25   0.99691406 0.833159851 0.410857839 0.205690828    0.00   0.02      0.98
26   0.04500000 0.032881184 0.005187798 0.324371281    0.85   0.14      0.01
27   0.99460938 0.383099936 0.455052544 0.245540344    0.00   0.01      0.99
28   0.99660156 0.327848827 0.496767432 0.387660267    0.00   0.01      0.99
29   1.00000000 0.627169101 0.792299950 0.182597043    0.00   0.00      1.00
30   0.90695313 0.249344173 0.237935618 0.301447283    0.00   0.31      0.69
31   0.99867187 0.547397497 0.511451785 0.682766148    0.00   0.00      1.00
32   0.78011719 0.488242658 0.116840852 0.687264651    0.00   0.51      0.49
33   1.00000000 0.617747306 0.863482077 0.348182285    0.00   0.00      1.00
34   0.81726562 0.477776242 0.127526462 0.800139942    0.01   0.44      0.55
35   0.98535156 0.825784273 0.258386652 0.414742843    0.00   0.06      0.94
36   0.99574219 0.538190189 0.458525772 0.367167968    0.00   0.01      0.99
37   0.93800781 0.783364552 0.131889993 0.422769321    0.00   0.13      0.87
38   1.00000000 0.389089851 0.764023322 0.810791635    0.00   0.00      1.00
39   0.99312500 0.505932323 0.412793147 0.961994667    0.00   0.04      0.96
40   1.00000000 0.941931160 0.685761691 0.567593188    0.00   0.00      1.00
41   0.99906250 0.573962358 0.524462348 0.960747147    0.00   0.01      0.99
42   0.99277344 0.894441656 0.256832518 0.253906369    0.00   0.04      0.96
43   1.00000000 0.960153485 0.199261402 0.846813007    0.00   0.00      1.00
44   0.91031250 0.811010514 0.088548731 0.462193239    0.00   0.17      0.83
45   0.99765625 0.648171243 0.485586456 0.005850174    0.00   0.00      1.00
46   0.76792969 0.516920092 0.092997333 0.867415371    0.00   0.47      0.53
47   0.99429687 0.263312532 0.464652455 0.528464402    0.00   0.02      0.98
48   0.98832031 0.116097749 0.406135113 0.485908555    0.00   0.03      0.97
49   0.74160156 0.225289339 0.138159391 0.204632192    0.00   0.62      0.38
50   0.76121094 0.107892131 0.145985642 0.572149926    0.00   0.64      0.36
51   0.98566406 0.275910637 0.397256476 0.379563857    0.00   0.02      0.98
52   1.00000000 0.334688919 0.904820446 0.832463364    0.00   0.00      1.00
53   0.95296875 0.913748879 0.094851877 0.783466219    0.00   0.10      0.90
54   1.00000000 0.813759077 0.662780083 0.575248438    0.00   0.00      1.00
55   1.00000000 0.561003573 0.671484361 0.282254901    0.00   0.00      1.00
56   0.99046875 0.135135219 0.438406728 0.620113719    0.00   0.04      0.96
57   1.00000000 0.559633926 0.951289790 0.474074415    0.00   0.00      1.00
58   0.99855469 0.147818162 0.548704620 0.673786334    0.00   0.03      0.97
59   1.00000000 0.666777790 0.720323762 0.526967133    0.00   0.00      1.00
60   0.71714844 0.143097340 0.121877955 0.404460427    0.02   0.59      0.39
61   1.00000000 0.752149922 0.956700003 0.025573974    0.00   0.00      1.00
62   0.80859375 0.460152232 0.136778226 0.817776628    0.00   0.44      0.56
63   0.99929687 0.944484025 0.444659258 0.200161129    0.00   0.00      1.00
64   1.00000000 0.447707814 0.903040083 0.690732579    0.00   0.00      1.00
65   0.83359375 0.693841107 0.078800916 0.433772039    0.02   0.29      0.69
66   0.99988281 0.458378778 0.789819787 0.868343740    0.00   0.01      0.99
67   1.00000000 0.846865488 0.695114011 0.518123576    0.00   0.00      1.00
68   0.99988281 0.101144255 0.644565779 0.795075845    0.00   0.00      1.00
69   1.00000000 0.279375097 0.755812939 0.227297429    0.00   0.00      1.00
70   0.21703125 0.041646624 0.021687132 0.247571088    0.55   0.40      0.05
71   1.00000000 0.770189082 0.776188847 0.923518989    0.00   0.00      1.00
72   0.99871094 0.237285243 0.553128439 0.298102985    0.00   0.00      1.00
73   0.95550781 0.383594721 0.279421474 0.266094782    0.00   0.19      0.81
74   1.00000000 0.319568810 0.755002403 0.138351211    0.00   0.00      1.00
75   0.46808594 0.068191499 0.072135806 0.423671499    0.10   0.80      0.10
76   0.82320313 0.365469535 0.151004133 0.065879478    0.02   0.51      0.47
77   0.80546875 0.762490176 0.019812639 0.560873457    0.13   0.10      0.77
78   0.95175781 0.903800990 0.099468949 0.349525441    0.00   0.09      0.91
79   1.00000000 0.541978461 0.977954716 0.296890705    0.00   0.00      1.00
80   1.00000000 0.193564708 0.814980085 0.855111441    0.00   0.00      1.00
81   0.99996094 0.871000443 0.516876344 0.342789900    0.00   0.00      1.00
82   0.72445313 0.657630021 0.018448103 0.842189806    0.19   0.12      0.69
83   1.00000000 0.060209682 0.788318896 0.671820912    0.00   0.00      1.00
84   0.99453125 0.991426512 0.202468678 0.717097672    0.00   0.02      0.98
85   1.00000000 0.884492893 0.785723415 0.892570436    0.00   0.00      1.00
86   1.00000000 0.677310409 0.889188462 0.447436108    0.00   0.00      1.00
87   0.99191406 0.946269965 0.277831969 0.990379258    0.00   0.00      1.00
88   0.99687500 0.541339959 0.463128227 0.139465660    0.00   0.02      0.98
89   1.00000000 0.975717415 0.598919555 0.115368482    0.00   0.00      1.00
90   1.00000000 0.857117660 0.849652888 0.300700804    0.00   0.00      1.00
91   1.00000000 0.296929595 0.968102210 0.200462084    0.00   0.00      1.00
92   0.93394531 0.812871204 0.123264468 0.952248094    0.00   0.19      0.81
93   0.99066406 0.431149762 0.422141111 0.727009885    0.00   0.04      0.96
94   0.99464844 0.153328500 0.467815152 0.199392454    0.00   0.04      0.96
95   1.00000000 0.631976799 0.971002659 0.506217604    0.00   0.00      1.00
96   0.99851563 0.772172242 0.471554043 0.293143230    0.00   0.00      1.00
97   0.95507812 0.074976582 0.315582105 0.424951233    0.00   0.23      0.77
98   1.00000000 0.824963427 0.866251143 0.529391074    0.00   0.00      1.00
99   1.00000000 0.352392679 0.783727705 0.981328486    0.00   0.00      1.00
100  0.99988281 0.024227942 0.721140041 0.313705097    0.00   0.00      1.00
101  0.95320313 0.321220426 0.288026486 0.915458828    0.00   0.16      0.84
102  1.00000000 0.685255337 0.973847039 0.886226401    0.00   0.00      1.00
103  0.99398438 0.434048097 0.439214476 0.443390917    0.00   0.03      0.97
104  0.91035156 0.538449713 0.222865748 0.029949339    0.02   0.29      0.69
105  0.99984375 0.968442452 0.556515570 0.144372816    0.00   0.00      1.00
106  1.00000000 0.521080435 0.856856139 0.804707197    0.00   0.00      1.00
107  1.00000000 0.852683566 0.975922648 0.541037793    0.00   0.00      1.00
108  0.90285156 0.760268445 0.106089106 0.635488030    0.00   0.20      0.80
109  0.99996094 0.061752468 0.765768001 0.129764990    0.00   0.00      1.00
110  1.00000000 0.910826643 0.768481108 0.753464320    0.00   0.00      1.00
111  0.99835938 0.482812570 0.527021007 0.110039525    0.00   0.00      1.00
112  0.99695312 0.749801811 0.428367960 0.984985551    0.00   0.01      0.99
113  1.00000000 0.498330790 0.815976320 0.956562039    0.00   0.00      1.00
114  0.63382812 0.295904778 0.073726128 0.958387558    0.01   0.62      0.37
115  0.97722656 0.033831068 0.367604981 0.588224991    0.00   0.11      0.89
116  0.99960938 0.787713103 0.604008042 0.529856127    0.00   0.00      1.00
117  1.00000000 0.097402992 0.905453695 0.641701839    0.00   0.00      1.00
118  0.77820312 0.300684195 0.130638076 0.206156622    0.02   0.56      0.42
119  0.99933594 0.978652982 0.429343542 0.077436982    0.00   0.00      1.00
120  0.60402344 0.042113215 0.110502508 0.374470096    0.03   0.86      0.11
121  0.99781250 0.304508674 0.496339079 0.613042758    0.00   0.02      0.98
122  1.00000000 0.109813050 0.982832555 0.091451899    0.00   0.00      1.00
123  1.00000000 0.386242728 0.952832304 0.331109207    0.00   0.00      1.00
124  1.00000000 0.881337800 0.960734618 0.550651711    0.00   0.00      1.00
125  0.99636719 0.255368046 0.457639969 0.185444814    0.00   0.01      0.99
126  0.89058594 0.223612162 0.213096968 0.327293413    0.01   0.31      0.68
127  1.00000000 0.781496972 0.881029661 0.953708209    0.00   0.00      1.00
128  0.99984375 0.049058205 0.672983544 0.553362847    0.00   0.01      0.99
129  0.93179687 0.664757672 0.175596730 0.434891398    0.00   0.25      0.75
130  1.00000000 0.483673824 0.783980499 0.851207769    0.00   0.00      1.00
131  0.48875000 0.376125347 0.020877142 0.862377442    0.26   0.35      0.39
132  1.00000000 0.993779526 0.651406121 0.786541524    0.00   0.00      1.00
133  1.00000000 0.694934117 0.817625471 0.659591382    0.00   0.00      1.00
134  0.99992187 0.106744119 0.691284769 0.298131117    0.00   0.00      1.00
135  0.76800781 0.087127975 0.159461885 0.435190561    0.00   0.65      0.35
136  0.97718750 0.869742011 0.198897826 0.900375619    0.00   0.06      0.94
137  0.99992187 0.532827266 0.689613835 0.322194225    0.00   0.00      1.00
138  1.00000000 0.437958760 0.965616644 0.173942720    0.00   0.00      1.00
139  1.00000000 0.811427180 0.770340264 0.037533963    0.00   0.00      1.00
140  0.99937500 0.970884439 0.437739136 0.370183694    0.00   0.00      1.00
141  0.99984375 0.528874397 0.600686975 0.528499518    0.00   0.00      1.00
142  0.99019531 0.158263562 0.435229941 0.876037629    0.00   0.05      0.95
143  0.99992187 0.297077421 0.693191104 0.267824373    0.00   0.00      1.00
144  0.99871094 0.335352435 0.549043926 0.006882927    0.00   0.02      0.98
145  1.00000000 0.547749029 0.932758976 0.838222715    0.00   0.00      1.00
146  0.99894531 0.058677859 0.580019689 0.408073575    0.00   0.02      0.98
147  0.96921875 0.677697571 0.261719833 0.100393360    0.00   0.14      0.86
148  0.99121094 0.865808900 0.277854829 0.951646236    0.00   0.04      0.96
149  0.97167969 0.816399960 0.201423395 0.690518825    0.00   0.09      0.91
150  1.00000000 0.292063506 0.829255831 0.903182191    0.00   0.00      1.00
151  0.99375000 0.335368557 0.454444219 0.806311623    0.00   0.01      0.99
152  0.99960938 0.371792448 0.614459444 0.363285025    0.00   0.01      0.99
153  1.00000000 0.066950658 0.870394603 0.843607804    0.00   0.00      1.00
154  0.99464844 0.456410980 0.458954297 0.020078547    0.00   0.02      0.98
155  0.98550781 0.607381323 0.336616003 0.352779808    0.00   0.09      0.91
156  0.43957031 0.362870555 0.031615407 0.128827236    0.36   0.34      0.30
157  1.00000000 0.966381089 0.629625987 0.427477597    0.00   0.00      1.00
158  1.00000000 0.279101788 0.807579116 0.128593762    0.00   0.00      1.00
159  0.98332031 0.996943442 0.013357627 0.076952789    0.01   0.01      0.98
160  0.99953125 0.380609816 0.586113902 0.267889632    0.00   0.00      1.00
161  0.99996094 0.982386573 0.661479497 0.175901483    0.00   0.01      0.99
162  1.00000000 0.967255740 0.538622284 0.969374951    0.00   0.00      1.00
163  1.00000000 0.956052955 0.370167039 0.960913247    0.00   0.00      1.00
164  0.99906250 0.553002538 0.550802225 0.999623589    0.00   0.00      1.00
165  0.97328125 0.816159456 0.226941915 0.567907546    0.00   0.10      0.90
166  0.98136719 0.765257195 0.290026077 0.466236660    0.00   0.06      0.94
167  1.00000000 0.697405882 0.817223366 0.152342089    0.00   0.00      1.00
168  0.99828125 0.464985343 0.552742865 0.668861096    0.00   0.02      0.98
169  0.67328125 0.318162349 0.075366789 0.250020260    0.10   0.52      0.38
170  0.99785156 0.517237019 0.515575520 0.363711281    0.00   0.01      0.99
171  0.99957031 0.801048428 0.528081500 0.770053210    0.00   0.01      0.99
172  0.99660156 0.681098342 0.449018491 0.965112496    0.00   0.01      0.99
173  0.17562500 0.033892543 0.021483431 0.132506242    0.70   0.26      0.04
174  1.00000000 0.689221951 0.719955707 0.744062773    0.00   0.00      1.00
175  0.76660156 0.784849235 0.003417029 0.465740193    0.22   0.02      0.76
176  1.00000000 0.915620846 0.965067710 0.009075843    0.00   0.00      1.00
177  0.97867187 0.343765170 0.378357104 0.649513862    0.00   0.15      0.85
178  0.97703125 0.111747641 0.384190705 0.568182769    0.00   0.08      0.92
179  0.99761719 0.282460269 0.511046781 0.727242064    0.00   0.00      1.00
180  1.00000000 0.126992584 0.950481299 0.996792185    0.00   0.00      1.00
181  0.99992187 0.859253781 0.655165744 0.180767782    0.00   0.00      1.00
182  1.00000000 0.083488632 0.868301143 0.588135401    0.00   0.00      1.00
183  1.00000000 0.581783531 0.842658704 0.910657047    0.00   0.00      1.00
184  1.00000000 0.546725846 0.961246991 0.817962575    0.00   0.00      1.00
185  0.47738281 0.388000033 0.015814114 0.263581565    0.43   0.18      0.39
186  0.99710937 0.317628427 0.493247016 0.648445343    0.00   0.01      0.99
187  1.00000000 0.212809357 0.725458011 0.571393481    0.00   0.00      1.00
188  0.99996094 0.921519273 0.478338951 0.018264757    0.00   0.00      1.00
189  1.00000000 0.330661845 0.813638125 0.732684201    0.00   0.00      1.00
190  0.95968750 0.013353752 0.313456570 0.957770390    0.00   0.17      0.83
191  0.99941406 0.695106023 0.572682104 0.983648381    0.00   0.00      1.00
192  0.86261719 0.567701798 0.116584140 0.498168631    0.00   0.33      0.67
193  1.00000000 0.645723366 0.819069690 0.728047174    0.00   0.00      1.00
194  1.00000000 0.602505767 0.984564912 0.080232220    0.00   0.00      1.00
195  1.00000000 0.972301236 0.165388562 0.298049923    0.00   0.00      1.00
196  0.72453125 0.301524669 0.108345868 0.608938094    0.02   0.54      0.44
197  1.00000000 0.743778269 0.673955567 0.413151863    0.00   0.00      1.00
198  1.00000000 0.872513211 0.918767942 0.905435146    0.00   0.00      1.00
199  0.99964844 0.227960986 0.627065876 0.780857105    0.00   0.00      1.00
200  0.97562500 0.872320680 0.183053987 0.369755644    0.00   0.06      0.94
201  0.99472656 0.082881079 0.485954674 0.077149358    0.00   0.01      0.99
202  0.99953125 0.298264832 0.610429358 0.830225385    0.00   0.00      1.00
203  1.00000000 0.448541383 0.791986457 0.383215847    0.00   0.00      1.00
204  1.00000000 0.200146439 0.997524597 0.167333742    0.00   0.00      1.00
205  1.00000000 0.765047454 0.724071858 0.893737711    0.00   0.00      1.00
206  0.96429688 0.052838641 0.342001814 0.276290321    0.00   0.21      0.79
207  0.97085937 0.830654013 0.207907758 0.811436943    0.00   0.12      0.88
208  0.99554688 0.462850165 0.442100637 0.076051275    0.00   0.03      0.97
209  0.99820312 0.400447152 0.529382819 0.820765784    0.00   0.00      1.00
210  0.99781250 0.371285569 0.524263222 0.435676027    0.00   0.00      1.00
211  1.00000000 0.811481613 0.979958424 0.245434941    0.00   0.00      1.00
212  0.88218750 0.318841470 0.196735234 0.686306548    0.00   0.43      0.57
213  0.78968750 0.721306803 0.038991031 0.336157704    0.08   0.20      0.72
214  0.99906250 0.775196512 0.543465296 0.516130098    0.00   0.00      1.00
215  1.00000000 0.779966318 0.922097160 0.361428827    0.00   0.00      1.00
216  1.00000000 0.936684650 0.937894628 0.181708795    0.00   0.00      1.00
217  0.99992187 0.309382049 0.691566132 0.267408758    0.00   0.00      1.00
218  1.00000000 0.537622031 0.769713435 0.208118099    0.00   0.00      1.00
219  0.99996094 0.849907611 0.664502870 0.525624634    0.00   0.00      1.00
220  0.72585937 0.473603549 0.081849903 0.742091460    0.03   0.48      0.49
221  1.00000000 0.039900045 0.863907772 0.260320033    0.00   0.00      1.00
222  0.99984375 0.558395543 0.584826956 0.443637453    0.00   0.01      0.99
223  1.00000000 0.251437696 0.793091989 0.153572889    0.00   0.00      1.00
224  0.99921875 0.084370404 0.586742384 0.464461367    0.00   0.00      1.00
225  1.00000000 0.907681165 0.971282512 0.833559234    0.00   0.00      1.00
226  1.00000000 0.040763911 0.911993142 0.462118943    0.00   0.00      1.00
227  0.99906250 0.355233850 0.527283581 0.350384230    0.00   0.01      0.99
228  1.00000000 0.192822882 0.958173665 0.348221309    0.00   0.00      1.00
229  1.00000000 0.937920458 0.976698245 0.707530551    0.00   0.00      1.00
230  0.96132812 0.414214370 0.307083029 0.888680358    0.00   0.14      0.86
231  1.00000000 0.183845838 0.854083434 0.300203658    0.00   0.00      1.00
232  0.59527344 0.078443432 0.096636950 0.226020550    0.05   0.75      0.20
233  1.00000000 0.510269525 0.841916541 0.106427727    0.00   0.00      1.00
234  0.94808594 0.867624467 0.109006965 0.338658171    0.00   0.08      0.92
235  0.82773438 0.546482161 0.120810045 0.320843290    0.01   0.40      0.59
236  1.00000000 0.069155006 0.866089748 0.764648498    0.00   0.00      1.00
237  0.99867187 0.782691913 0.450005695 0.617309209    0.00   0.01      0.99
238  1.00000000 0.652662133 0.875509213 0.164735345    0.00   0.00      1.00
239  1.00000000 0.722740851 0.707956497 0.618023081    0.00   0.00      1.00
240  0.99906250 0.888856446 0.436210001 0.304608769    0.00   0.00      1.00
241  1.00000000 0.509317723 0.785617152 0.820983659    0.00   0.00      1.00
242  0.99855469 0.932205842 0.421419566 0.650063693    0.00   0.01      0.99
243  1.00000000 0.842371416 0.806078508 0.246727067    0.00   0.00      1.00
244  1.00000000 0.148951990 0.922030738 0.295536002    0.00   0.00      1.00
245  0.99132813 0.551239801 0.405582967 0.106570597    0.00   0.05      0.95
246  0.47605469 0.231266678 0.048006018 0.456090523    0.17   0.58      0.25
247  0.98628906 0.677017248 0.327194540 0.848542266    0.00   0.10      0.90
248  0.98152344 0.535595858 0.338872501 0.608724782    0.00   0.10      0.90
249  1.00000000 0.924236404 0.610640951 0.357274251    0.00   0.00      1.00
250  1.00000000 0.719551691 0.973165377 0.034318450    0.00   0.00      1.00
251  0.95308594 0.772900417 0.186310906 0.296061616    0.00   0.12      0.88
252  1.00000000 0.680582571 0.941974724 0.592383226    0.00   0.00      1.00
253  0.94566406 0.425678139 0.242535952 0.354076369    0.00   0.17      0.83
254  0.99933594 0.720444533 0.524572371 0.708973469    0.00   0.00      1.00
255  0.99835938 0.268960687 0.566574808 0.470631936    0.00   0.00      1.00
256  1.00000000 0.894842795 0.898302908 0.457632916    0.00   0.00      1.00
257  1.00000000 0.976793897 0.515739252 0.207074059    0.00   0.00      1.00
258  0.94335938 0.840530230 0.102495820 0.830703474    0.00   0.11      0.89
259  0.58121094 0.212660705 0.080534652 0.340424651    0.05   0.69      0.26
260  0.98964844 0.646767191 0.350342138 0.946139310    0.00   0.02      0.98
261  0.99894531 0.381168918 0.520911916 0.090571450    0.00   0.02      0.98
262  0.82902344 0.312952629 0.169749365 0.083897573    0.00   0.48      0.52
263  0.99089844 0.170530392 0.429506324 0.748716789    0.00   0.05      0.95
264  1.00000000 0.968432521 0.935919987 0.499145898    0.00   0.00      1.00
265  0.97394531 0.375720948 0.325993838 0.998409299    0.00   0.10      0.90
266  0.67617187 0.536553067 0.024961828 0.111289769    0.24   0.13      0.63
267  0.64347656 0.436868273 0.054519350 0.924479391    0.03   0.51      0.46
268  0.99976562 0.929235199 0.388559024 0.447361308    0.00   0.00      1.00
269  0.96699219 0.794491147 0.168016810 0.409664177    0.01   0.07      0.92
270  0.90765625 0.624865345 0.158562008 0.656571635    0.00   0.27      0.73
271  1.00000000 0.934608740 0.614767413 0.655754810    0.00   0.00      1.00
272  0.99992187 0.308684071 0.621081519 0.540133634    0.00   0.00      1.00
273  0.98640625 0.186806727 0.388781574 0.860260902    0.00   0.02      0.98
274  0.99625000 0.309731806 0.459543795 0.412126163    0.00   0.01      0.99
275  0.88789063 0.544427406 0.172292571 0.766629121    0.00   0.37      0.63
276  0.74484375 0.265390347 0.125883936 0.457322564    0.01   0.58      0.41
277  0.91503906 0.201153878 0.256233571 0.412627961    0.00   0.27      0.73
278  1.00000000 0.199064178 0.835848380 0.370605573    0.00   0.00      1.00
279  0.99992187 0.629947633 0.691426354 0.696767207    0.00   0.00      1.00
280  1.00000000 0.046345115 0.815315568 0.900593347    0.00   0.00      1.00
281  0.99996094 0.597085755 0.699268688 0.806851290    0.00   0.00      1.00
282  1.00000000 0.311356485 0.880552298 0.035871423    0.00   0.00      1.00
283  0.98992187 0.868501337 0.255739463 0.169344220    0.00   0.03      0.97
284  0.79625000 0.661958092 0.055283703 0.874263563    0.02   0.30      0.68
285  0.99207031 0.161074894 0.446924311 0.677720031    0.00   0.02      0.98
286  0.78664062 0.611944073 0.026182707 0.157905419    0.15   0.12      0.73
287  0.99933594 0.538650318 0.502477182 0.614570817    0.00   0.00      1.00
288  0.96375000 0.761781503 0.229454301 0.426816768    0.00   0.14      0.86
289  0.95015625 0.396826860 0.267637425 0.282094857    0.00   0.24      0.76
290  1.00000000 0.334338644 0.949685725 0.166478093    0.00   0.00      1.00
291  0.98457031 0.412610811 0.376888086 0.835808924    0.00   0.03      0.97
292  1.00000000 0.213825286 0.994670416 0.091762713    0.00   0.00      1.00
293  0.99917969 0.963552105 0.416123477 0.668708001    0.00   0.00      1.00
294  0.94187500 0.148748163 0.289004752 0.439847091    0.00   0.29      0.71
295  0.69625000 0.054628539 0.138023651 0.490110385    0.00   0.75      0.25
296  0.99964844 0.882907794 0.488866387 0.857908639    0.00   0.00      1.00
297  0.99132813 0.843500313 0.306842942 0.125438688    0.00   0.01      0.99
298  0.90441406 0.366646011 0.210190852 0.326066020    0.00   0.37      0.63
299  0.99625000 0.746015038 0.429948348 0.555146248    0.00   0.02      0.98
300  0.99945313 0.246258288 0.564924977 0.690592631    0.00   0.00      1.00
301  1.00000000 0.453144537 0.738141739 0.617297482    0.00   0.00      1.00
302  1.00000000 0.539455062 0.995172508 0.257959966    0.00   0.00      1.00
303  1.00000000 0.842191916 0.822317012 0.763779509    0.00   0.00      1.00
304  0.99996094 0.492697352 0.609924943 0.984244706    0.00   0.00      1.00
305  0.97402344 0.277601407 0.342111469 0.783338962    0.00   0.14      0.86
306  0.99996094 0.068732456 0.693357229 0.295819138    0.00   0.00      1.00
307  0.93000000 0.385627268 0.236809638 0.316609418    0.00   0.25      0.75
308  0.98855469 0.082211279 0.425262556 0.287946215    0.00   0.08      0.92
309  0.99980469 0.013092593 0.650977980 0.047861850    0.00   0.00      1.00
310  0.96578125 0.934071313 0.073632973 0.034794693    0.03   0.03      0.94
311  1.00000000 0.149191883 0.878330647 0.995016065    0.00   0.00      1.00
312  0.99968750 0.174505693 0.679128686 0.267716318    0.00   0.00      1.00
313  0.96539062 0.637967399 0.255547335 0.117278399    0.00   0.12      0.88
314  0.99679688 0.776611398 0.427910422 0.309334186    0.00   0.02      0.98
315  0.68238281 0.342919477 0.094143507 0.540949017    0.03   0.60      0.37
316  0.99808594 0.535453480 0.522200299 0.869151912    0.00   0.01      0.99
317  1.00000000 0.861431326 0.667550160 0.137234308    0.00   0.00      1.00
318  0.99964844 0.552619287 0.614516606 0.700401296    0.00   0.01      0.99
319  0.99484375 0.714828354 0.399440079 0.646952990    0.00   0.02      0.98
320  0.97933594 0.603635914 0.293676785 0.699924825    0.00   0.06      0.94
321  0.99937500 0.416610979 0.563461379 0.106740190    0.00   0.00      1.00
322  0.85296875 0.030397896 0.222000321 0.312344589    0.00   0.54      0.46
323  0.99988281 0.284866074 0.674034844 0.822580805    0.00   0.00      1.00
324  0.99613281 0.479394160 0.465025162 0.848367703    0.00   0.02      0.98
325  1.00000000 0.138752731 0.923101266 0.662235384    0.00   0.00      1.00
326  1.00000000 0.345058033 0.946979774 0.409895427    0.00   0.00      1.00
327  0.99910156 0.100998411 0.598284920 0.206809464    0.00   0.00      1.00
328  0.99660156 0.318286821 0.497676644 0.386520960    0.00   0.02      0.98
329  1.00000000 0.763297924 0.942259133 0.231180004    0.00   0.00      1.00
330  1.00000000 0.799388949 0.650944754 0.894579873    0.00   0.00      1.00
331  0.99937500 0.799937112 0.557924025 0.556498336    0.00   0.00      1.00
332  0.81914062 0.331511289 0.156797833 0.203042363    0.00   0.47      0.53
333  0.97554688 0.621456043 0.262333366 0.740963152    0.00   0.09      0.91
334  0.92421875 0.786731166 0.121196487 0.199560074    0.01   0.17      0.82
335  0.95609375 0.463619885 0.262528214 0.144470528    0.00   0.19      0.81
336  0.20000000 0.099809632 0.004224613 0.338772759    0.74   0.09      0.17
337  1.00000000 0.085368676 0.855367173 0.656487976    0.00   0.00      1.00
338  1.00000000 0.700492167 0.835973465 0.238934827    0.00   0.00      1.00
339  0.84234375 0.276754153 0.173742326 0.473508482    0.00   0.52      0.48
340  1.00000000 0.460456299 0.956557759 0.225031637    0.00   0.00      1.00
341  1.00000000 0.034217508 0.746114390 0.901104215    0.00   0.00      1.00
342  0.99945313 0.548677432 0.568009266 0.204617480    0.00   0.00      1.00
343  1.00000000 0.362005174 0.805673018 0.357688135    0.00   0.00      1.00
344  1.00000000 0.107035779 0.843870909 0.443462926    0.00   0.00      1.00
345  1.00000000 0.327942196 0.795364151 0.665171493    0.00   0.00      1.00
346  1.00000000 0.362266549 0.942478536 0.064054860    0.00   0.00      1.00
347  0.83937500 0.505111352 0.137002162 0.631293219    0.00   0.43      0.57
348  0.99054688 0.358828508 0.411247104 0.416085322    0.00   0.06      0.94
349  0.96980469 0.683987551 0.229277906 0.602930158    0.00   0.12      0.88
350  0.99117188 0.638919276 0.375131597 0.162431237    0.00   0.03      0.97
351  1.00000000 0.977416771 0.928787813 0.543174375    0.00   0.00      1.00
352  0.84722656 0.068646881 0.205026471 0.406861951    0.00   0.48      0.52
353  1.00000000 0.564797699 0.708788938 0.178965937    0.00   0.00      1.00
354  0.99878906 0.273348932 0.586055076 0.911733668    0.00   0.02      0.98
355  0.99902344 0.673218160 0.478035016 0.973862147    0.00   0.00      1.00
356  1.00000000 0.510181264 0.988044471 0.907436678    0.00   0.00      1.00
357  0.98726563 0.661212259 0.325680993 0.559370960    0.00   0.09      0.91
358  1.00000000 0.752715132 0.897283911 0.517685640    0.00   0.00      1.00
359  0.96117188 0.100813818 0.326663140 0.663304980    0.00   0.18      0.82
360  1.00000000 0.091438686 0.729103215 0.141787929    0.00   0.00      1.00
361  1.00000000 0.668918511 0.725434559 0.740076611    0.00   0.00      1.00
362  1.00000000 0.830761028 0.747038596 0.884113903    0.00   0.00      1.00
363  0.99148437 0.549095378 0.376768720 0.952615279    0.00   0.02      0.98
364  0.99386719 0.212942564 0.444738779 0.680590923    0.00   0.05      0.95
365  1.00000000 0.745900001 0.812571417 0.545311223    0.00   0.00      1.00
366  0.99636719 0.373077442 0.470133337 0.510427190    0.00   0.01      0.99
367  0.99917969 0.616940166 0.503245953 0.607703480    0.00   0.00      1.00
368  1.00000000 0.352075635 0.802517112 0.779381627    0.00   0.00      1.00
369  0.97265625 0.167327672 0.332757003 0.482178723    0.00   0.14      0.86
370  0.99910156 0.433430040 0.538644332 0.144583947    0.00   0.00      1.00
371  1.00000000 0.255297848 0.932707309 0.895892447    0.00   0.00      1.00
372  0.98546875 0.103405171 0.373135891 0.244163465    0.00   0.10      0.90
373  0.98843750 0.854225520 0.302890054 0.232637768    0.00   0.03      0.97
374  0.97101563 0.348498645 0.319706072 0.189407682    0.00   0.07      0.93
375  0.99464844 0.609040952 0.418311659 0.017876765    0.00   0.03      0.97
376  1.00000000 0.996923060 0.775270711 0.724912522    0.00   0.00      1.00
377  0.99972656 0.544165351 0.611980459 0.658494337    0.00   0.00      1.00
378  0.88664062 0.799060289 0.097088089 0.499067489    0.00   0.25      0.75
379  0.99839844 0.187668654 0.512014356 0.539430217    0.00   0.02      0.98
380  1.00000000 0.484832144 0.906931078 0.983754187    0.00   0.00      1.00
381  1.00000000 0.342969789 0.956293088 0.836432345    0.00   0.00      1.00
382  1.00000000 0.490683112 0.811305488 0.506434700    0.00   0.00      1.00
383  0.99792969 0.126400487 0.509004453 0.132619491    0.00   0.01      0.99
384  0.90378906 0.779489969 0.102821848 0.283403673    0.00   0.21      0.79
385  0.99921875 0.295301237 0.562387892 0.519297336    0.00   0.00      1.00
386  0.99371094 0.062528603 0.454752628 0.171668705    0.00   0.05      0.95
387  0.99976562 0.979250150 0.566530042 0.168007804    0.00   0.01      0.99
388  0.72988281 0.411208836 0.097242920 0.400250874    0.01   0.53      0.46
389  0.97136719 0.694704344 0.226640749 0.937258016    0.00   0.14      0.86
390  0.99941406 0.620944399 0.541956236 0.161514655    0.00   0.00      1.00
391  0.99992187 0.877706971 0.643927943 0.374107961    0.00   0.00      1.00
392  1.00000000 0.544877009 0.807600262 0.106332369    0.00   0.00      1.00
393  0.99777344 0.720846599 0.451511549 0.349114495    0.00   0.00      1.00
394  1.00000000 0.156281211 0.749667416 0.110841350    0.00   0.00      1.00
395  0.95281250 0.064701922 0.313808420 0.697988345    0.00   0.19      0.81
396  1.00000000 0.458311501 0.837871791 0.409021425    0.00   0.00      1.00
397  0.99808594 0.726752589 0.459748021 0.613062670    0.00   0.00      1.00
398  1.00000000 0.878380111 0.807085327 0.715126285    0.00   0.00      1.00
399  0.99671875 0.168253518 0.508109075 0.474851115    0.00   0.03      0.97
400  1.00000000 0.785108976 0.972769159 0.934522640    0.00   0.00      1.00
401  0.99941406 0.728727059 0.555039472 0.747877493    0.00   0.00      1.00
402  1.00000000 0.292922942 0.997285021 0.798588162    0.00   0.00      1.00
403  1.00000000 0.034575479 0.939516329 0.795237102    0.00   0.00      1.00
404  0.99386719 0.717918385 0.351060972 0.211804176    0.00   0.02      0.98
405  0.99820312 0.782105301 0.455539283 0.066363616    0.00   0.01      0.99
406  1.00000000 0.281142158 0.809350068 0.327037790    0.00   0.00      1.00
407  1.00000000 0.187468624 0.971146401 0.206059533    0.00   0.00      1.00
408  1.00000000 0.920340192 0.611775950 0.534387163    0.00   0.00      1.00
409  1.00000000 0.442420712 0.784153271 0.658431897    0.00   0.00      1.00
410  0.97871094 0.682490545 0.277190041 0.072571692    0.00   0.09      0.91
411  0.99988281 0.463621798 0.704906627 0.753101269    0.00   0.00      1.00
412  0.97539062 0.751282701 0.238532236 0.983350148    0.00   0.08      0.92
413  0.54269531 0.327817472 0.036975961 0.389256140    0.23   0.36      0.41
414  0.99996094 0.708309799 0.678634172 0.485867237    0.00   0.00      1.00
415  0.99996094 0.555596207 0.726970018 0.606324330    0.00   0.00      1.00
416  0.76023438 0.652383439 0.041521005 0.125692643    0.15   0.21      0.64
417  0.99953125 0.751949219 0.550550501 0.227451095    0.00   0.01      0.99
418  1.00000000 0.328326378 0.839155102 0.522735749    0.00   0.00      1.00
419  0.82414062 0.383824629 0.131945019 0.527474032    0.00   0.45      0.55
420  0.77562500 0.651888977 0.050033137 0.543224551    0.04   0.29      0.67
421  0.98789063 0.387472870 0.393840137 0.645192707    0.00   0.05      0.95
422  0.99937500 0.177820169 0.633262902 0.893574353    0.00   0.00      1.00
423  0.96523437 0.126583856 0.341601262 0.924090758    0.00   0.15      0.85
424  0.99867187 0.794365479 0.428158429 0.922556323    0.00   0.00      1.00
425  0.99996094 0.764168800 0.627469099 0.744552538    0.00   0.00      1.00
426  1.00000000 0.400641445 0.884954268 0.273419610    0.00   0.00      1.00
427  0.99593750 0.758676946 0.429178980 0.188069362    0.00   0.02      0.98
428  1.00000000 0.385644298 0.751094315 0.034450726    0.00   0.00      1.00
429  1.00000000 0.174898857 0.889141807 0.741678285    0.00   0.00      1.00
430  0.50632813 0.183524078 0.062451733 0.086331378    0.25   0.52      0.23
431  0.98976562 0.371835547 0.398130025 0.131804890    0.00   0.04      0.96
432  1.00000000 0.442506196 0.819915624 0.436795834    0.00   0.00      1.00
433  0.99839844 0.543096274 0.531788934 0.934997653    0.00   0.02      0.98
434  0.96894531 0.233855057 0.313633980 0.440114771    0.00   0.12      0.88
435  0.65101562 0.535618185 0.028036208 0.118750260    0.24   0.17      0.59
436  0.99972656 0.988011307 0.438254765 0.969807412    0.00   0.00      1.00
437  0.99996094 0.678090025 0.632877049 0.926093755    0.00   0.00      1.00
438  0.54277344 0.079273702 0.088106532 0.786672600    0.06   0.76      0.18
439  0.98109375 0.606055780 0.310505788 0.960438059    0.00   0.10      0.90
440  1.00000000 0.319301211 0.992560992 0.653159295    0.00   0.00      1.00
441  1.00000000 0.773980102 0.748535678 0.618111275    0.00   0.00      1.00
442  0.92031250 0.871170087 0.051207758 0.571050771    0.01   0.12      0.87
443  0.85960938 0.354803455 0.167566256 0.508598289    0.00   0.37      0.63
444  0.99984375 0.791933420 0.596322614 0.801365694    0.00   0.00      1.00
445  0.74675781 0.214450937 0.125484784 0.904234352    0.01   0.61      0.38
446  1.00000000 0.270846691 0.900089740 0.572121649    0.00   0.00      1.00
447  0.78886719 0.439245968 0.118174324 0.397713608    0.00   0.50      0.50
448  1.00000000 0.971804582 0.618966670 0.744747469    0.00   0.00      1.00
449  0.99343750 0.238933516 0.442793234 0.895128865    0.00   0.03      0.97
450  1.00000000 0.522966189 0.883181824 0.496114728    0.00   0.00      1.00
451  0.99214844 0.075115541 0.448608408 0.700133379    0.00   0.04      0.96
452  0.87542969 0.622726634 0.109786567 0.740403943    0.00   0.27      0.73
453  0.99175781 0.130060230 0.437397929 0.492812195    0.00   0.02      0.98
454  1.00000000 0.096896673 0.812657560 0.039044135    0.00   0.00      1.00
455  0.98609375 0.608211393 0.326376741 0.076428677    0.00   0.04      0.96
456  1.00000000 0.741841475 0.971847209 0.291586087    0.00   0.00      1.00
457  0.99992187 0.506628541 0.640834022 0.973480278    0.00   0.00      1.00
458  0.98218750 0.158025169 0.379152054 0.512026615    0.00   0.07      0.93
459  0.99929687 0.369053052 0.545122104 0.186726564    0.00   0.00      1.00
460  0.99742188 0.807448351 0.418798275 0.478730914    0.00   0.00      1.00
461  0.99890625 0.881762186 0.346441411 0.299561543    0.00   0.00      1.00
462  0.97082031 0.869934294 0.209696695 0.064803148    0.01   0.10      0.89
463  0.99855469 0.675233594 0.470108919 0.216730358    0.00   0.01      0.99
464  1.00000000 0.270032289 0.710113572 0.002312273    0.00   0.00      1.00
465  0.99757812 0.019741902 0.526206898 0.668779101    0.00   0.00      1.00
466  0.92507812 0.638856540 0.184499979 0.617990921    0.00   0.21      0.79
467  1.00000000 0.978164334 0.900942334 0.570062065    0.00   0.00      1.00
468  0.99980469 0.814406963 0.532093107 0.091983895    0.00   0.00      1.00
469  0.98496094 0.422611438 0.364775211 0.963800204    0.00   0.06      0.94
470  1.00000000 0.661332158 0.704298612 0.313818838    0.00   0.00      1.00
471  0.93535156 0.203683911 0.265661981 0.125550451    0.00   0.25      0.75
472  0.99996094 0.126838194 0.687710308 0.279457739    0.00   0.00      1.00
473  0.72910156 0.722060286 0.015011452 0.584381366    0.17   0.13      0.70
474  1.00000000 0.056323399 0.742546366 0.189703367    0.00   0.00      1.00
475  0.86679688 0.796948723 0.072632861 0.333141160    0.03   0.18      0.79
476  1.00000000 0.966716966 0.301782508 0.762116698    0.00   0.00      1.00
477  1.00000000 0.696407211 0.808062359 0.746439172    0.00   0.00      1.00
478  1.00000000 0.103390147 0.760660788 0.562136760    0.00   0.00      1.00
479  0.81968750 0.016720623 0.182984083 0.557904006    0.00   0.51      0.49
480  0.71199219 0.618165554 0.041318312 0.726332703    0.12   0.27      0.61
481  0.88722656 0.175363228 0.220300033 0.614333814    0.00   0.41      0.59
482  1.00000000 0.031694685 0.869022680 0.983496598    0.00   0.00      1.00
483  0.95421875 0.081604732 0.302798692 0.203550296    0.00   0.20      0.80
484  0.99921875 0.003366468 0.592842930 0.744050096    0.00   0.00      1.00
485  0.98156250 0.954370341 0.109577162 0.094383501    0.00   0.02      0.98
486  0.99992187 0.738467755 0.631844770 0.556719901    0.00   0.00      1.00
487  0.98113281 0.881151286 0.173783195 0.136123576    0.00   0.04      0.96
488  0.86582031 0.549501139 0.148661830 0.586236447    0.00   0.40      0.60
489  0.99902344 0.810528978 0.496193437 0.560210934    0.00   0.01      0.99
490  1.00000000 0.862506603 0.772533682 0.731447763    0.00   0.00      1.00
491  1.00000000 0.558385955 0.618517411 0.326158710    0.00   0.00      1.00
492  1.00000000 0.792065809 0.776560704 0.313601029    0.00   0.00      1.00
493  0.99878906 0.952034436 0.358502407 0.125042024    0.00   0.01      0.99
494  1.00000000 0.500406834 0.729879612 0.257320908    0.00   0.00      1.00
495  0.83843750 0.297207245 0.162658781 0.012637665    0.04   0.37      0.59
496  0.99101562 0.650871367 0.376279505 0.162065612    0.00   0.04      0.96
497  0.94402344 0.807916296 0.106762701 0.934442040    0.00   0.12      0.88
498  0.46675781 0.310332765 0.030293171 0.933794144    0.16   0.51      0.33
499  0.99960938 0.900023114 0.521084463 0.751168367    0.00   0.00      1.00
500  0.99980469 0.914034611 0.483683970 0.606974349    0.00   0.00      1.00
501  0.99066406 0.493814999 0.396791667 0.385799422    0.00   0.03      0.97
502  0.99996094 0.272483378 0.661802747 0.403837032    0.00   0.00      1.00
503  0.83183594 0.621251276 0.095815319 0.100953404    0.03   0.29      0.68
504  0.99792969 0.705675641 0.463026588 0.482496109    0.00   0.00      1.00
505  0.99734375 0.154942370 0.537387519 0.386561479    0.00   0.01      0.99
506  0.99898438 0.311403324 0.559736505 0.826119331    0.00   0.00      1.00
507  1.00000000 0.828733998 0.569717814 0.629193031    0.00   0.00      1.00
508  0.95988281 0.670294999 0.240872128 0.580360495    0.00   0.09      0.91
509  0.99988281 0.484147861 0.606474166 0.606994643    0.00   0.00      1.00
510  1.00000000 0.932000614 0.944919717 0.391817699    0.00   0.00      1.00
511  0.99968750 0.611705732 0.657396663 0.312645992    0.00   0.01      0.99
512  0.98277344 0.529599471 0.353976813 0.730907602    0.00   0.09      0.91
513  0.99968750 0.393511976 0.653813201 0.914170563    0.00   0.00      1.00
514  0.99968750 0.211393971 0.592667408 0.673629415    0.00   0.00      1.00
515  0.80140625 0.736803526 0.027011816 0.570233744    0.13   0.12      0.75
516  0.87964844 0.298592583 0.175514419 0.436156403    0.00   0.42      0.58
517  0.93824219 0.403594500 0.251480826 0.368946403    0.00   0.19      0.81
518  1.00000000 0.994328257 0.854007722 0.427330088    0.00   0.00      1.00
519  0.99000000 0.875219619 0.243575678 0.678789214    0.00   0.07      0.93
520  0.60695312 0.201687046 0.077498096 0.965466222    0.03   0.68      0.29
521  0.99996094 0.866692612 0.601180276 0.693018357    0.00   0.00      1.00
522  1.00000000 0.590676231 0.809387202 0.867825704    0.00   0.00      1.00
523  0.98417969 0.978620125 0.041368463 0.330866894    0.00   0.03      0.97
524  0.99691406 0.948896169 0.319814696 0.668785526    0.00   0.01      0.99
525  0.97828125 0.767961361 0.248040987 0.269864906    0.00   0.05      0.95
526  0.99789063 0.236206576 0.536412493 0.325356503    0.00   0.00      1.00
527  0.97636719 0.398313498 0.333498864 0.065470956    0.00   0.07      0.93
528  0.81472656 0.297308220 0.148588905 0.809622279    0.00   0.51      0.49
529  0.71441406 0.444532202 0.071576828 0.281418848    0.07   0.41      0.52
530  1.00000000 0.413448678 0.945221408 0.015735350    0.00   0.00      1.00
531  0.76351563 0.218909933 0.138338641 0.357873401    0.00   0.62      0.38
532  1.00000000 0.910528743 0.725151051 0.904143656    0.00   0.00      1.00
533  0.98070313 0.823644683 0.249907914 0.990763376    0.00   0.07      0.93
534  0.99886719 0.931145278 0.438346207 0.886591686    0.00   0.01      0.99
535  0.99968750 0.810670573 0.547877550 0.491363113    0.00   0.00      1.00
536  0.93347656 0.890387659 0.004105112 0.396683924    0.04   0.03      0.93
537  1.00000000 0.416421818 0.745410265 0.785638657    0.00   0.00      1.00
538  1.00000000 0.715138180 0.930391326 0.924096999    0.00   0.00      1.00
539  0.87074219 0.288487217 0.192269872 0.373958444    0.00   0.44      0.56
540  1.00000000 0.293229645 0.716460732 0.482631718    0.00   0.00      1.00
541  1.00000000 0.726428351 0.932634151 0.305992274    0.00   0.00      1.00
542  1.00000000 0.813226297 0.701059175 0.704021042    0.00   0.00      1.00
543  0.99886719 0.084775824 0.555133186 0.528242592    0.00   0.01      0.99
544  1.00000000 0.531213870 0.886426473 0.598926017    0.00   0.00      1.00
545  0.99992187 0.935931081 0.557725866 0.579305047    0.00   0.00      1.00
546  0.94156250 0.408902094 0.271575018 0.545944614    0.00   0.22      0.78
547  1.00000000 0.645293160 0.991843549 0.531110832    0.00   0.00      1.00
548  1.00000000 0.764142152 0.916936833 0.709560415    0.00   0.00      1.00
549  0.91636719 0.780391830 0.149708157 0.982843969    0.00   0.22      0.78
550  0.85843750 0.736160527 0.077408506 0.614895409    0.02   0.24      0.74
551  0.89621094 0.271781794 0.197892658 0.789128152    0.00   0.33      0.67
552  0.14710937 0.078166409 0.015354827 0.476847135    0.59   0.38      0.03
553  0.99824219 0.208485345 0.550946521 0.583450308    0.00   0.03      0.97
554  0.94281250 0.140898848 0.283951665 0.967348386    0.00   0.19      0.81
555  0.99984375 0.804281067 0.584286954 0.651185643    0.00   0.00      1.00
556  1.00000000 0.006382331 0.962707140 0.278203663    0.00   0.00      1.00
557  1.00000000 0.069884066 0.949120962 0.641267308    0.00   0.00      1.00
558  0.90574219 0.423102801 0.213197025 0.481542993    0.00   0.35      0.65
559  1.00000000 0.184940228 0.797616761 0.227879828    0.00   0.00      1.00
560  0.99089844 0.450347734 0.404100344 0.856639168    0.00   0.05      0.95
561  0.99945313 0.926183819 0.470631385 0.732520953    0.00   0.00      1.00
562  1.00000000 0.799634553 0.945520421 0.035808042    0.00   0.00      1.00
563  0.99996094 0.653412506 0.578033780 0.859776542    0.00   0.00      1.00
564  1.00000000 0.342626012 0.739673173 0.617087708    0.00   0.00      1.00
565  0.92882813 0.289525092 0.246793272 0.456587288    0.00   0.28      0.72
566  0.82449219 0.306067556 0.166414948 0.658862509    0.00   0.58      0.42
567  0.99687500 0.583124911 0.447784527 0.846873083    0.00   0.00      1.00
568  1.00000000 0.203783253 0.850301161 0.623118158    0.00   0.00      1.00
569  1.00000000 0.002566929 0.969338145 0.625809600    0.00   0.00      1.00
570  0.99996094 0.820288887 0.638573937 0.468482094    0.00   0.00      1.00
571  0.86136719 0.830622809 0.041017997 0.002284381    0.09   0.08      0.83
572  0.99902344 0.038653359 0.573515067 0.758505840    0.00   0.03      0.97
573  1.00000000 0.096656435 0.774977753 0.685662606    0.00   0.00      1.00
574  0.94800781 0.754224820 0.178613450 0.732299098    0.00   0.17      0.83
575  0.99410156 0.725872539 0.337438731 0.130705061    0.00   0.04      0.96
576  1.00000000 0.925356315 0.968232417 0.758095346    0.00   0.00      1.00
577  0.76703125 0.049167827 0.152307349 0.968108801    0.00   0.63      0.37
578  0.33445313 0.166864503 0.032171359 0.665368406    0.25   0.64      0.11
579  0.99746094 0.790327796 0.425440549 0.130100620    0.00   0.02      0.98
580  1.00000000 0.029432593 0.815550386 0.319573195    0.00   0.00      1.00
581  0.97464844 0.104240888 0.374203167 0.641691202    0.00   0.13      0.87
582  0.85578125 0.732384430 0.044358932 0.775588206    0.01   0.19      0.80
583  0.99984375 0.966157795 0.614130098 0.710405095    0.00   0.00      1.00
584  0.99996094 0.384582654 0.692411748 0.341775071    0.00   0.00      1.00
585  0.99218750 0.986726128 0.080810598 0.515330698    0.00   0.02      0.98
586  0.99980469 0.941949207 0.432481929 0.911261547    0.00   0.00      1.00
587  0.96191406 0.797749630 0.166109873 0.058119667    0.00   0.11      0.89
588  0.99992187 0.595268611 0.637214277 0.191428767    0.00   0.00      1.00
589  0.98929687 0.219686053 0.415450515 0.722520052    0.00   0.03      0.97
590  0.99992187 0.022025880 0.742759730 0.373540581    0.00   0.00      1.00
591  0.99968750 0.234093699 0.649753209 0.109410741    0.00   0.00      1.00
592  0.99042969 0.050606682 0.449341792 0.065294569    0.00   0.05      0.95
593  0.99996094 0.688009797 0.679778346 0.040119469    0.00   0.00      1.00
594  0.94472656 0.847102035 0.045122505 0.592234511    0.00   0.08      0.92
595  0.99906250 0.427674569 0.588533713 0.946858444    0.00   0.00      1.00
596  0.99996094 0.968628146 0.674550356 0.571820679    0.00   0.00      1.00
597  0.84507813 0.301988482 0.192039907 0.853522060    0.00   0.46      0.54
598  0.99246094 0.769336395 0.377357685 0.855574187    0.00   0.03      0.97
599  0.99312500 0.644652764 0.371613096 0.046822905    0.00   0.01      0.99
600  1.00000000 0.480840091 0.850969238 0.381970240    0.00   0.00      1.00
601  0.99968750 0.266973817 0.636374573 0.531245824    0.00   0.00      1.00
602  1.00000000 0.737887248 0.740553873 0.770520758    0.00   0.00      1.00
603  1.00000000 0.998204743 0.010784225 0.717220812    0.00   0.00      1.00
604  0.98527344 0.756928519 0.272595666 0.423794593    0.00   0.06      0.94
605  1.00000000 0.784006645 0.705519008 0.185646718    0.00   0.00      1.00
606  1.00000000 0.519505657 0.720308247 0.327198491    0.00   0.00      1.00
607  0.99980469 0.387582422 0.601696637 0.709238164    0.00   0.00      1.00
608  0.53058594 0.266165131 0.045204141 0.460041502    0.16   0.53      0.31
609  0.72203125 0.650125484 0.037818464 0.551440735    0.14   0.23      0.63
610  0.99785156 0.037880686 0.527467872 0.354838483    0.00   0.02      0.98
611  1.00000000 0.419519853 0.725591218 0.792309192    0.00   0.00      1.00
612  0.96117188 0.508596256 0.270733027 0.316016061    0.00   0.18      0.82
613  0.68500000 0.046081430 0.129653699 0.323234743    0.01   0.76      0.23
614  1.00000000 0.999335149 0.922363374 0.919373884    0.00   0.00      1.00
615  0.99136719 0.843172079 0.277444326 0.960136490    0.00   0.05      0.95
616  0.99187500 0.166071529 0.438587684 0.080648470    0.00   0.09      0.91
617  0.94882813 0.266815209 0.288144031 0.571863164    0.00   0.19      0.81
618  0.97785156 0.422902565 0.352050360 0.996103007    0.00   0.15      0.85
619  1.00000000 0.542439624 0.753312933 0.998281341    0.00   0.00      1.00
620  0.99644531 0.079511670 0.494045127 0.739749637    0.00   0.03      0.97
621  0.99937500 0.971072126 0.184289783 0.823971805    0.00   0.00      1.00
622  1.00000000 0.852675080 0.888957696 0.869324563    0.00   0.00      1.00
623  0.99929687 0.978854785 0.359079615 0.376977310    0.00   0.00      1.00
624  0.99648437 0.899381700 0.330014155 0.417836820    0.00   0.03      0.97
625  0.90160156 0.879499525 0.053347947 0.510199099    0.02   0.13      0.85
626  1.00000000 0.559535354 0.837450496 0.170872368    0.00   0.00      1.00
627  0.98761719 0.843067884 0.264059530 0.753325853    0.00   0.05      0.95
628  1.00000000 0.556386507 0.892873512 0.092960274    0.00   0.00      1.00
629  0.92980469 0.249021749 0.268032009 0.253057606    0.00   0.27      0.73
630  1.00000000 0.172786640 0.961156145 0.456176036    0.00   0.00      1.00
631  1.00000000 0.754856616 0.868607987 0.274267850    0.00   0.00      1.00
632  1.00000000 0.399993059 0.868336290 0.222009220    0.00   0.00      1.00
633  0.99949219 0.986034062 0.332766147 0.519839963    0.00   0.00      1.00
634  0.99910156 0.199663246 0.562336571 0.615511881    0.00   0.00      1.00
635  1.00000000 0.851932348 0.656592606 0.707288791    0.00   0.00      1.00
636  1.00000000 0.629985249 0.888347967 0.520791600    0.00   0.00      1.00
637  1.00000000 0.343188623 0.871959815 0.463458943    0.00   0.00      1.00
638  1.00000000 0.360290451 0.870717009 0.478638881    0.00   0.00      1.00
639  0.97214844 0.003154942 0.351735997 0.030502979    0.00   0.15      0.85
640  0.97281250 0.196344105 0.350238870 0.742971848    0.00   0.06      0.94
641  0.99640625 0.417789168 0.457897419 0.685544118    0.00   0.01      0.99
642  1.00000000 0.864669478 0.801633919 0.733218168    0.00   0.00      1.00
643  1.00000000 0.661723221 0.662188914 0.651351416    0.00   0.00      1.00
644  0.78972656 0.838705344 0.033196689 0.733038330    0.03   0.24      0.73
645  0.61250000 0.476326498 0.021896627 0.838701715    0.18   0.29      0.53
646  0.98800781 0.848574223 0.285976691 0.356696854    0.00   0.04      0.96
647  0.99660156 0.981460239 0.292765181 0.654711554    0.00   0.02      0.98
648  0.78406250 0.448822891 0.114218666 0.516046020    0.00   0.50      0.50
649  0.97925781 0.172795210 0.374289269 0.167125418    0.00   0.04      0.96
650  0.99242188 0.584942322 0.405315603 0.338934450    0.00   0.01      0.99
651  0.65242188 0.108799081 0.099385879 0.314448955    0.05   0.71      0.24
652  1.00000000 0.816013673 0.871986044 0.933379172    0.00   0.00      1.00
653  0.79777344 0.148255268 0.165940829 0.312975947    0.00   0.55      0.45
654  0.99964844 0.899308117 0.465692008 0.098090021    0.00   0.01      0.99
655  0.80292969 0.452670646 0.110097345 0.872933481    0.00   0.47      0.53
656  1.00000000 0.082480956 0.886429956 0.408114067    0.00   0.00      1.00
657  0.98628906 0.922232238 0.251138671 0.074305071    0.00   0.05      0.95
658  0.99453125 0.004330932 0.467248223 0.633892992    0.00   0.05      0.95
659  1.00000000 0.761808648 0.908256193 0.877934482    0.00   0.00      1.00
660  1.00000000 0.365375044 0.741215214 0.649695553    0.00   0.00      1.00
661  0.99992187 0.955454408 0.596975394 0.194338362    0.00   0.00      1.00
662  1.00000000 0.502194964 0.878523372 0.022729221    0.00   0.00      1.00
663  0.97804687 0.208777689 0.360651262 0.515768453    0.00   0.09      0.91
664  1.00000000 0.554279947 0.836566727 0.522506936    0.00   0.00      1.00
665  0.99945313 0.800586307 0.581813625 0.203112086    0.00   0.00      1.00
666  1.00000000 0.874293146 0.836413962 0.272170513    0.00   0.00      1.00
667  1.00000000 0.295970723 0.951991591 0.745193943    0.00   0.00      1.00
668  0.99992187 0.422591025 0.690094962 0.004989266    0.00   0.00      1.00
669  1.00000000 0.930168350 0.563351438 0.236439572    0.00   0.00      1.00
670  0.90421875 0.607463336 0.163494851 0.512635181    0.00   0.23      0.77
671  1.00000000 0.971216569 0.765843866 0.435460798    0.00   0.00      1.00
672  0.99988281 0.719319526 0.600564785 0.260273230    0.00   0.00      1.00
673  0.58218750 0.347040512 0.062314652 0.452746023    0.07   0.59      0.34
674  0.96199219 0.968295841 0.011872999 0.432134906    0.03   0.01      0.96
675  0.99972656 0.650546527 0.625463822 0.017587300    0.00   0.00      1.00
676  0.83976562 0.261216427 0.179207917 0.502476053    0.00   0.46      0.54
677  0.99468750 0.430223716 0.455245561 0.835890806    0.00   0.05      0.95
678  1.00000000 0.962050452 0.605743829 0.066939382    0.00   0.00      1.00
679  0.99980469 0.596177744 0.623317434 0.782344343    0.00   0.00      1.00
680  1.00000000 0.746778930 0.823049166 0.429974139    0.00   0.00      1.00
681  0.99996094 0.752937644 0.694714102 0.461563338    0.00   0.00      1.00
682  0.68585938 0.022853771 0.144061382 0.638387538    0.00   0.81      0.19
683  0.92480469 0.463947041 0.213294894 0.099445014    0.00   0.18      0.82
684  0.99730469 0.413816388 0.514344120 0.387050390    0.00   0.02      0.98
685  0.90578125 0.518540278 0.159837541 0.485342803    0.00   0.26      0.74
686  0.94804687 0.852023584 0.113189733 0.745374252    0.00   0.11      0.89
687  0.98343750 0.875943982 0.208259511 0.215095363    0.00   0.06      0.94
688  1.00000000 0.456011550 0.908433114 0.571976818    0.00   0.00      1.00
689  1.00000000 0.415742072 0.778800294 0.304000942    0.00   0.00      1.00
690  0.99992187 0.501519480 0.645704248 0.822141688    0.00   0.00      1.00
691  0.99984375 0.227910223 0.646819705 0.021527338    0.00   0.01      0.99
692  0.97343750 0.335586125 0.348047895 0.708720136    0.00   0.12      0.88
693  0.25796875 0.209711622 0.013491433 0.493473572    0.55   0.27      0.18
694  0.96742187 0.538969866 0.288239955 0.460707620    0.00   0.13      0.87
695  0.99910156 0.370557513 0.552076990 0.251362811    0.00   0.01      0.99
696  0.77226562 0.261465435 0.146312484 0.691313605    0.00   0.60      0.40
697  0.46597656 0.030365399 0.070977957 0.775773516    0.05   0.82      0.13
698  0.99753906 0.845528409 0.399528397 0.562068259    0.00   0.00      1.00
699  0.99597656 0.800377348 0.388651459 0.693644463    0.00   0.02      0.98
700  0.99992187 0.634225643 0.614202979 0.266628217    0.00   0.00      1.00
701  1.00000000 0.677416014 0.744553709 0.738516296    0.00   0.00      1.00
702  1.00000000 0.762155382 0.962486288 0.939074604    0.00   0.00      1.00
703  0.58925781 0.240729958 0.075415189 0.674522119    0.03   0.67      0.30
704  0.99910156 0.826547767 0.470126367 0.844155573    0.00   0.01      0.99
705  0.69187500 0.598157720 0.040362228 0.744989172    0.15   0.26      0.59
706  1.00000000 0.870743040 0.667210351 0.817730709    0.00   0.00      1.00
707  1.00000000 0.976522544 0.578719670 0.916611823    0.00   0.00      1.00
708  0.98824219 0.749509654 0.300302753 0.697632623    0.00   0.03      0.97
709  1.00000000 0.319808681 0.728811170 0.255030294    0.00   0.00      1.00
710  1.00000000 0.706434180 0.931153755 0.912459967    0.00   0.00      1.00
711  0.99769531 0.149058874 0.529670906 0.774695070    0.00   0.00      1.00
712  0.73406250 0.367514200 0.084251627 0.521828264    0.01   0.51      0.48
713  1.00000000 0.207078550 0.875336007 0.243585927    0.00   0.00      1.00
714  0.98820312 0.619191418 0.377240528 0.067413864    0.00   0.04      0.96
715  0.95996094 0.925550428 0.077446436 0.561465340    0.00   0.08      0.92
716  0.99542969 0.774033933 0.414202331 0.063681522    0.00   0.03      0.97
717  0.61535156 0.317980836 0.061381915 0.859640043    0.05   0.58      0.37
718  0.99675781 0.527394504 0.478147426 0.815312694    0.00   0.03      0.97
719  1.00000000 0.753876778 0.807151165 0.179980210    0.00   0.00      1.00
720  1.00000000 0.845747071 0.760396608 0.881495970    0.00   0.00      1.00
721  0.94144531 0.065490115 0.288188088 0.901558230    0.00   0.23      0.77
722  1.00000000 0.407505259 0.955761000 0.513676878    0.00   0.00      1.00
723  0.94597656 0.528452337 0.241763895 0.319577968    0.00   0.18      0.82
724  1.00000000 0.378978710 0.952540838 0.580878375    0.00   0.00      1.00
725  0.98085937 0.088093468 0.389386261 0.047099232    0.00   0.08      0.92
726  0.99140625 0.105104264 0.438958205 0.073967144    0.00   0.04      0.96
727  0.99394531 0.508884679 0.412559572 0.826200372    0.00   0.05      0.95
728  0.99355469 0.158049904 0.451980440 0.222969724    0.00   0.03      0.97
729  0.98812500 0.697827793 0.330502846 0.014653777    0.00   0.08      0.92
730  0.98195312 0.961185528 0.021908517 0.798863232    0.01   0.01      0.98
731  0.99941406 0.978464683 0.314524772 0.671157702    0.00   0.00      1.00
732  0.99800781 0.785787987 0.438325850 0.843051622    0.00   0.02      0.98
733  0.99863281 0.779543362 0.507068482 0.204059416    0.00   0.00      1.00
734  0.99753906 0.524335020 0.495103841 0.519065245    0.00   0.02      0.98
735  1.00000000 0.043867092 0.877959528 0.595951920    0.00   0.00      1.00
736  1.00000000 0.830019136 0.827477547 0.672301689    0.00   0.00      1.00
737  0.96156250 0.666769224 0.232300982 0.949475693    0.00   0.16      0.84
738  0.94617187 0.802307327 0.048138355 0.182989456    0.01   0.08      0.91
739  1.00000000 0.196611991 0.773110791 0.796218654    0.00   0.00      1.00
740  0.61671875 0.262163221 0.065958365 0.494617304    0.06   0.57      0.37
741  0.99894531 0.750714816 0.535430688 0.622705504    0.00   0.01      0.99
742  0.99976562 0.481512067 0.600098249 0.230066594    0.00   0.00      1.00
743  0.99988281 0.514415184 0.730203070 0.946503540    0.00   0.00      1.00
744  0.47074219 0.102590140 0.070356125 0.886513865    0.06   0.82      0.12
745  0.90558594 0.178818396 0.249336724 0.252733010    0.00   0.36      0.64
746  1.00000000 0.730256863 0.906092253 0.513369641    0.00   0.00      1.00
747  1.00000000 0.926995954 0.932004097 0.901611710    0.00   0.00      1.00
748  0.99937500 0.046171866 0.608023765 0.556756029    0.00   0.00      1.00
749  1.00000000 0.385536972 0.888087541 0.743435500    0.00   0.00      1.00
750  0.99968750 0.359928941 0.598352666 0.540720605    0.00   0.00      1.00
751  1.00000000 0.839469386 0.991240536 0.326694883    0.00   0.00      1.00
752  0.99988281 0.551772161 0.613448612 0.162614807    0.00   0.00      1.00
753  1.00000000 0.285713125 0.698726753 0.443693641    0.00   0.00      1.00
754  1.00000000 0.062451486 0.777082363 0.484135129    0.00   0.00      1.00
755  0.99652344 0.042552458 0.504222686 0.404566893    0.00   0.00      1.00
756  0.99328125 0.866779773 0.298230627 0.273796325    0.00   0.02      0.98
757  1.00000000 0.999214709 0.911779753 0.324291614    0.00   0.00      1.00
758  0.99988281 0.334403392 0.662436212 0.760180480    0.00   0.00      1.00
759  0.99953125 0.211466967 0.595917081 0.249978832    0.00   0.00      1.00
760  0.86519531 0.502457103 0.160139512 0.269802297    0.00   0.35      0.65
761  1.00000000 0.379458518 0.846743437 0.066587998    0.00   0.00      1.00
762  0.99808594 0.190801276 0.560959091 0.770304094    0.00   0.01      0.99
763  1.00000000 0.250892615 0.862906445 0.544407307    0.00   0.00      1.00
764  1.00000000 0.697733294 0.890056738 0.793091942    0.00   0.00      1.00
765  0.99984375 0.274443530 0.634373224 0.519763050    0.00   0.01      0.99
766  1.00000000 0.782809929 0.637114312 0.279695540    0.00   0.00      1.00
767  0.99285156 0.001744821 0.467153194 0.680459764    0.00   0.02      0.98
768  1.00000000 0.593855690 0.965765149 0.938939421    0.00   0.00      1.00
769  1.00000000 0.376712893 0.976958888 0.687538247    0.00   0.00      1.00
770  0.54718750 0.512503836 0.033460845 0.864533816    0.16   0.42      0.42
771  0.81199219 0.458243318 0.122187252 0.646586443    0.00   0.41      0.59
772  0.99992187 0.901511556 0.518223391 0.876255773    0.00   0.00      1.00
773  0.97175781 0.062100438 0.344952910 0.945887632    0.00   0.15      0.85
774  0.32476563 0.011661668 0.047045102 0.880656652    0.13   0.81      0.06
775  0.99972656 0.078626187 0.659815219 0.553508267    0.00   0.00      1.00
776  0.60429687 0.200513743 0.089351038 0.262208933    0.06   0.75      0.19
777  0.95039063 0.790254482 0.151639397 0.916226948    0.00   0.14      0.86
778  0.99746094 0.019537190 0.512321567 0.654698485    0.00   0.03      0.97
779  0.96957031 0.357843133 0.321443889 0.158755257    0.00   0.10      0.90
780  0.99691406 0.223924280 0.501030494 0.655316091    0.00   0.00      1.00
781  0.82632812 0.413076930 0.143119059 0.384075155    0.00   0.47      0.53
782  0.91109375 0.729572897 0.133177865 0.606200286    0.00   0.26      0.74
783  1.00000000 0.737054202 0.827723011 0.180029863    0.00   0.00      1.00
784  0.86449219 0.853202023 0.051274114 0.016276257    0.10   0.09      0.81
785  0.99996094 0.653721456 0.749887333 0.398484482    0.00   0.00      1.00
786  0.98406250 0.230615188 0.388073738 0.432087355    0.00   0.09      0.91
787  0.99988281 0.890326017 0.550948968 0.790556397    0.00   0.00      1.00
788  0.99824219 0.742870607 0.500362325 0.951766355    0.00   0.03      0.97
789  1.00000000 0.093993132 0.807928892 0.341660420    0.00   0.00      1.00
790  0.99546875 0.168336029 0.478468375 0.902602405    0.00   0.02      0.98
791  0.94304687 0.862280049 0.114547071 0.578979410    0.00   0.14      0.86
792  0.99992187 0.873417587 0.618469037 0.559759462    0.00   0.00      1.00
793  1.00000000 0.979952640 0.942506765 0.881948283    0.00   0.00      1.00
794  1.00000000 0.626934342 0.645688555 0.033651088    0.00   0.00      1.00
795  0.74292969 0.331438180 0.116755525 0.125653160    0.05   0.51      0.44
796  0.69117187 0.459896625 0.070582772 0.203471418    0.09   0.40      0.51
797  0.99886719 0.119885533 0.583616424 0.836350779    0.00   0.00      1.00
798  0.99968750 0.172140232 0.628240143 0.163297000    0.00   0.00      1.00
799  1.00000000 0.694805978 0.809574830 0.397736338    0.00   0.00      1.00
800  1.00000000 0.905459657 0.923008099 0.815025270    0.00   0.00      1.00
801  1.00000000 0.300337025 0.987150525 0.317883744    0.00   0.00      1.00
802  0.98121094 0.715001978 0.277799781 0.191050661    0.00   0.10      0.90
803  1.00000000 0.962651596 0.977693445 0.754427261    0.00   0.00      1.00
804  0.99992187 0.903999860 0.613618190 0.100140145    0.00   0.00      1.00
805  0.90042969 0.077046447 0.248531315 0.805766169    0.00   0.41      0.59
806  0.99597656 0.928900096 0.324273374 0.735446276    0.00   0.00      1.00
807  0.76199219 0.221765750 0.149391632 0.370800615    0.00   0.60      0.40
808  0.99953125 0.470294487 0.550744221 0.014520170    0.00   0.00      1.00
809  0.92125000 0.242353607 0.253923597 0.926626513    0.00   0.29      0.71
810  0.96906250 0.415087464 0.290270886 0.471940540    0.00   0.14      0.86
811  0.97187500 0.351833557 0.343007394 0.675802106    0.00   0.14      0.86
812  0.29152344 0.072963881 0.027126637 0.993032661    0.20   0.71      0.09
813  1.00000000 0.780814059 0.807571220 0.163844393    0.00   0.00      1.00
814  0.99292969 0.090063203 0.465472452 0.835518522    0.00   0.04      0.96
815  0.98984375 0.447156493 0.386141608 0.444792253    0.00   0.03      0.97
816  1.00000000 0.060963782 0.930797350 0.395383037    0.00   0.00      1.00
817  1.00000000 0.760232760 0.886077083 0.842279753    0.00   0.00      1.00
818  0.99976562 0.851910304 0.501733808 0.993157014    0.00   0.00      1.00
819  0.88296875 0.507004722 0.178413642 0.150568436    0.00   0.29      0.71
820  1.00000000 0.695360733 0.778256729 0.742664465    0.00   0.00      1.00
821  1.00000000 0.754254672 0.983408928 0.580202685    0.00   0.00      1.00
822  0.84960938 0.642829766 0.091565996 0.530868189    0.01   0.29      0.70
823  1.00000000 0.097896735 0.795759853 0.085361279    0.00   0.00      1.00
824  1.00000000 0.667247373 0.819559508 0.551956616    0.00   0.00      1.00
825  0.98878906 0.983481310 0.142672042 0.671343012    0.00   0.03      0.97
826  0.98796875 0.750345284 0.285733207 0.072282018    0.00   0.06      0.94
827  0.99871094 0.283765712 0.531160906 0.030923466    0.00   0.01      0.99
828  0.98613281 0.729722112 0.302273185 0.639104977    0.00   0.08      0.92
829  0.95488281 0.590309164 0.227098195 0.752325883    0.00   0.13      0.87
830  1.00000000 0.498299395 0.785180957 0.661227787    0.00   0.00      1.00
831  1.00000000 0.982943937 0.793600179 0.092702858    0.00   0.00      1.00
832  0.99871094 0.531484494 0.512700578 0.062420279    0.00   0.02      0.98
833  1.00000000 0.891160195 0.662303841 0.213732935    0.00   0.00      1.00
834  1.00000000 0.689739383 0.768578392 0.944162259    0.00   0.00      1.00
835  0.99996094 0.141710843 0.786125079 0.074611285    0.00   0.00      1.00
836  0.74390625 0.065000182 0.153020513 0.778005491    0.00   0.72      0.28
837  0.99925781 0.569522665 0.549856523 0.465001878    0.00   0.00      1.00
838  0.99023438 0.228307827 0.441492453 0.759421105    0.00   0.04      0.96
839  1.00000000 0.754128195 0.869308300 0.374379008    0.00   0.00      1.00
840  0.92093750 0.255604954 0.250084778 0.649846925    0.00   0.29      0.71
841  0.99718750 0.533753937 0.471963359 0.718831156    0.00   0.01      0.99
842  1.00000000 0.319407153 0.977288003 0.793486945    0.00   0.00      1.00
843  1.00000000 0.998655857 0.146451927 0.959180265    0.00   0.00      1.00
844  1.00000000 0.547330624 0.716317639 0.406699778    0.00   0.00      1.00
845  1.00000000 0.250712998 0.918142034 0.646027496    0.00   0.00      1.00
846  0.88335937 0.685831997 0.125305043 0.400450907    0.00   0.30      0.70
847  0.99789063 0.880562133 0.361754306 0.911775294    0.00   0.00      1.00
848  0.94609375 0.011059469 0.303396008 0.064561044    0.00   0.12      0.88
849  0.92207031 0.918775991 0.005439961 0.176429252    0.08   0.00      0.92
850  0.99859375 0.863767108 0.408706190 0.056402774    0.00   0.01      0.99
851  0.92378906 0.804990770 0.113076741 0.004093379    0.05   0.10      0.85
852  0.82710938 0.408225371 0.151567174 0.424653511    0.00   0.45      0.55
853  1.00000000 0.967579636 0.591832851 0.777577292    0.00   0.00      1.00
854  1.00000000 0.982883280 0.864913163 0.180230903    0.00   0.00      1.00
855  1.00000000 0.249288414 0.773736552 0.668338965    0.00   0.00      1.00
856  1.00000000 0.971899355 0.768919108 0.490374357    0.00   0.00      1.00
857  0.99996094 0.140798189 0.746281475 0.719697318    0.00   0.00      1.00
858  0.90269531 0.272425157 0.231084659 0.367843872    0.00   0.37      0.63
859  1.00000000 0.136501424 0.979981791 0.054699862    0.00   0.00      1.00
860  0.99996094 0.965751794 0.574140581 0.956139158    0.00   0.00      1.00
861  1.00000000 0.007354156 0.930767173 0.674337057    0.00   0.00      1.00
862  1.00000000 0.402317330 0.982213029 0.824546551    0.00   0.00      1.00
863  0.80906250 0.430368242 0.146326825 0.941926043    0.00   0.47      0.53
864  0.87132813 0.500169129 0.164696306 0.891234200    0.00   0.37      0.63
865  0.39449219 0.320782512 0.011809176 0.847350505    0.40   0.27      0.33
866  0.99851563 0.779628387 0.492519910 0.780923965    0.00   0.01      0.99
867  1.00000000 0.208790681 0.917362256 0.405569057    0.00   0.00      1.00
868  1.00000000 0.135803793 0.844111420 0.432613165    0.00   0.00      1.00
869  1.00000000 0.676985150 0.861737515 0.184788359    0.00   0.00      1.00
870  1.00000000 0.675731529 0.945701409 0.881857341    0.00   0.00      1.00
871  0.79972656 0.605689988 0.081885695 0.553231805    0.01   0.37      0.62
872  0.91750000 0.612494948 0.174216475 0.851793258    0.01   0.21      0.78
873  0.85425781 0.059785487 0.199075950 0.011065029    0.01   0.38      0.61
874  0.99910156 0.704017392 0.549255612 0.239426321    0.00   0.00      1.00
875  0.96468750 0.335334338 0.314600440 0.898119761    0.00   0.22      0.78
876  0.86710937 0.572966875 0.142654152 0.581396216    0.00   0.38      0.62
877  0.76175781 0.485178087 0.103246524 0.316190303    0.03   0.47      0.50
878  0.99976562 0.371364482 0.694410179 0.456133695    0.00   0.00      1.00
879  1.00000000 0.573731228 0.909576946 0.043761034    0.00   0.00      1.00
880  0.97472656 0.554543165 0.306212906 0.115969686    0.00   0.08      0.92
881  0.98660156 0.468118689 0.363958665 0.872265385    0.00   0.06      0.94
882  0.98085937 0.157505730 0.368204613 0.789654199    0.00   0.07      0.93
883  0.80148438 0.281837491 0.145825875 0.275440503    0.01   0.55      0.44
884  0.71152344 0.279370480 0.120735730 0.938273326    0.02   0.65      0.33
885  0.99914063 0.935789604 0.496068623 0.496196410    0.00   0.01      0.99
886  0.99441406 0.207945823 0.479157749 0.796743769    0.00   0.03      0.97
887  1.00000000 0.847005374 0.823633031 0.808810028    0.00   0.00      1.00
888  1.00000000 0.404311375 0.997403444 0.604263522    0.00   0.00      1.00
889  1.00000000 0.247334842 0.769714711 0.501192212    0.00   0.00      1.00
890  0.88410156 0.712770963 0.109716823 0.117038586    0.02   0.25      0.73
891  0.96675781 0.752152376 0.181948614 0.214591000    0.00   0.11      0.89
892  1.00000000 0.285778517 0.894618604 0.429981925    0.00   0.00      1.00
893  0.73113281 0.433563193 0.113826084 0.753620517    0.00   0.59      0.41
894  0.99687500 0.160370335 0.500418621 0.595125080    0.00   0.03      0.97
895  0.94722656 0.426537190 0.260228789 0.743117598    0.00   0.16      0.84
896  0.09851562 0.082467313 0.001286284 0.139792145    0.87   0.03      0.10
897  1.00000000 0.724561888 0.780737168 0.410132875    0.00   0.00      1.00
898  0.99992187 0.419320639 0.627448337 0.068285879    0.00   0.00      1.00
899  0.93218750 0.934920296 0.004352644 0.329725564    0.07   0.00      0.93
900  0.99625000 0.585937015 0.433092425 0.086539688    0.00   0.01      0.99
901  1.00000000 0.441225630 0.979799876 0.792002616    0.00   0.00      1.00
902  0.67382812 0.364666696 0.096467027 0.965640783    0.01   0.67      0.32
903  1.00000000 0.884031609 0.940686980 0.473630700    0.00   0.00      1.00
904  0.99964844 0.905274174 0.562947814 0.104605885    0.00   0.00      1.00
905  0.99910156 0.708776072 0.550573010 0.372732430    0.00   0.00      1.00
906  0.95035156 0.609096409 0.215546218 0.449990219    0.00   0.17      0.83
907  0.64019531 0.151112015 0.103534631 0.807041758    0.00   0.74      0.26
908  0.96789063 0.282891622 0.306703022 0.518773722    0.00   0.11      0.89
909  0.99679688 0.595622678 0.467272015 0.299256042    0.00   0.00      1.00
910  0.97457031 0.788323237 0.238286115 0.793295944    0.00   0.11      0.89
911  0.92699219 0.300743829 0.238538398 0.146664284    0.00   0.27      0.73
912  0.87515625 0.602048469 0.134281600 0.435564619    0.00   0.29      0.71
913  0.98375000 0.910198250 0.182818224 0.805242482    0.00   0.03      0.97
914  0.99214844 0.696168295 0.352352003 0.685121512    0.00   0.02      0.98
915  0.76351563 0.002162075 0.161957073 0.925532838    0.01   0.73      0.26
916  0.99992187 0.819708982 0.644534546 0.418186833    0.00   0.00      1.00
917  0.97671875 0.454299651 0.340863039 0.204898715    0.00   0.09      0.91
918  0.99902344 0.660730356 0.517880834 0.418283168    0.00   0.02      0.98
919  1.00000000 0.469336402 0.685508169 0.384489920    0.00   0.00      1.00
920  0.99187500 0.840128655 0.287491324 0.191348260    0.00   0.03      0.97
921  0.97292969 0.187728829 0.356502077 0.790654619    0.00   0.18      0.82
922  0.99855469 0.883167508 0.445108969 0.142721810    0.00   0.01      0.99
923  0.97839844 0.836686938 0.219859310 0.430656259    0.00   0.05      0.95
924  1.00000000 0.620760821 0.800521697 0.789773418    0.00   0.00      1.00
925  0.99937500 0.920820235 0.440787361 0.029984278    0.00   0.01      0.99
926  0.92304688 0.707676823 0.124484055 0.195867463    0.00   0.19      0.81
927  0.99828125 0.503621922 0.510380599 0.647034611    0.00   0.02      0.98
928  0.66730469 0.354319361 0.089175766 0.753021045    0.03   0.61      0.36
929  0.83535156 0.681503169 0.070135374 0.528849194    0.01   0.27      0.72
930  0.31523438 0.074645914 0.036963422 0.261718166    0.34   0.57      0.09
931  0.94746094 0.028117573 0.310680904 0.840749103    0.00   0.30      0.70
932  1.00000000 0.893962383 0.616508784 0.444179722    0.00   0.00      1.00
933  1.00000000 0.636766744 0.639729360 0.948553678    0.00   0.00      1.00
934  0.79324219 0.697498643 0.045430563 0.957864984    0.07   0.24      0.69
935  1.00000000 0.919583606 0.911733139 0.903153824    0.00   0.00      1.00
936  1.00000000 0.994618967 0.754374277 0.157177818    0.00   0.00      1.00
937  1.00000000 0.975038012 0.906859740 0.145823024    0.00   0.00      1.00
938  1.00000000 0.965618808 0.593557495 0.150863633    0.00   0.00      1.00
939  0.98136719 0.735986093 0.252634816 0.711163067    0.00   0.09      0.91
940  0.99945313 0.702754455 0.583488919 0.799506840    0.00   0.01      0.99
941  0.99382812 0.983377723 0.179419526 0.811330259    0.00   0.01      0.99
942  0.99960938 0.717736097 0.551797620 0.725458652    0.00   0.00      1.00
943  0.99933594 0.519994479 0.528913352 0.749447862    0.00   0.01      0.99
944  0.96964844 0.871284939 0.142201112 0.983518078    0.00   0.09      0.91
945  1.00000000 0.661339178 0.884085090 0.911009383    0.00   0.00      1.00
946  0.98218750 0.974211432 0.077989271 0.728202442    0.00   0.03      0.97
947  0.99562500 0.633024366 0.421792518 0.340669011    0.00   0.02      0.98
948  0.97917969 0.525705297 0.324458751 0.986835674    0.00   0.08      0.92
949  0.69929688 0.392651135 0.087018193 0.886279861    0.02   0.56      0.42
950  0.99996094 0.724125828 0.590805498 0.918229121    0.00   0.00      1.00
951  0.95816406 0.545089023 0.255476787 0.327213955    0.00   0.11      0.89
952  0.98820312 0.414396221 0.380431283 0.946772750    0.00   0.02      0.98
953  1.00000000 0.361135551 0.783363565 0.595296135    0.00   0.00      1.00
954  0.99945313 0.700413743 0.543705741 0.766374584    0.00   0.00      1.00
955  0.94179687 0.119423907 0.289151259 0.413360495    0.00   0.22      0.78
956  0.99972656 0.910144642 0.670584962 0.666061766    0.00   0.00      1.00
957  1.00000000 0.933333009 0.951454637 0.295491966    0.00   0.00      1.00
958  1.00000000 0.748675663 0.724988277 0.916551118    0.00   0.00      1.00
959  0.99875000 0.699112147 0.477207861 0.846414518    0.00   0.00      1.00
960  0.96234375 0.762441515 0.225267513 0.572138726    0.00   0.13      0.87
961  0.62656250 0.388844849 0.046603698 0.111775959    0.11   0.42      0.47
962  0.99980469 0.886302076 0.582120803 0.380270076    0.00   0.00      1.00
963  0.86562500 0.326916368 0.191306911 0.234481833    0.00   0.41      0.59
964  0.99156250 0.489790561 0.410522430 0.628610655    0.00   0.05      0.95
965  1.00000000 0.166273145 0.894698255 0.477989316    0.00   0.00      1.00
966  0.96894531 0.487055001 0.297618983 0.411581380    0.00   0.10      0.90
967  0.77484375 0.187752002 0.144564492 0.449701856    0.01   0.57      0.42
968  0.98074219 0.078398876 0.384128776 0.605870348    0.00   0.08      0.92
969  0.99890625 0.657082813 0.486388501 0.251622666    0.00   0.00      1.00
970  1.00000000 0.754883019 0.815307424 0.518705260    0.00   0.00      1.00
971  1.00000000 0.821210430 0.909020672 0.322105583    0.00   0.00      1.00
972  0.99167969 0.012187896 0.468098543 0.853954094    0.00   0.03      0.97
973  0.55640625 0.574398217 0.004488063 0.458593911    0.37   0.09      0.54
974  0.96519531 0.484100924 0.274489243 0.929688627    0.00   0.09      0.91
975  0.87246094 0.399577345 0.190429384 0.536047459    0.00   0.38      0.62
976  0.82343750 0.269025768 0.171124299 0.565800846    0.00   0.52      0.48
977  1.00000000 0.711758700 0.762717778 0.030759590    0.00   0.00      1.00
978  0.90011719 0.480573830 0.181387543 0.726256960    0.00   0.30      0.70
979  0.62886719 0.544606405 0.015024965 0.468087168    0.30   0.11      0.59
980  0.99382812 0.943454645 0.257182664 0.270047846    0.00   0.01      0.99
981  1.00000000 0.697877334 0.804685628 0.076842620    0.00   0.00      1.00
982  0.99964844 0.360374634 0.651289275 0.928943535    0.00   0.00      1.00
983  0.99988281 0.003773009 0.768333232 0.876942689    0.00   0.01      0.99
984  0.99761719 0.295351548 0.491280665 0.324105673    0.00   0.01      0.99
985  1.00000000 0.937447757 0.784051007 0.207768276    0.00   0.00      1.00
986  1.00000000 0.672396244 0.819040003 0.624233391    0.00   0.00      1.00
987  0.95238281 0.639811691 0.218680111 0.549529941    0.00   0.17      0.83
988  1.00000000 0.958038623 0.388416808 0.853803192    0.00   0.00      1.00
989  1.00000000 0.440478125 0.973562833 0.398702617    0.00   0.00      1.00
990  1.00000000 0.720163592 0.782544021 0.143913432    0.00   0.00      1.00
991  0.99253906 0.795617751 0.275663211 0.420854536    0.00   0.04      0.96
992  1.00000000 0.149820574 0.768480174 0.325680622    0.00   0.00      1.00
993  0.99984375 0.800868907 0.559103690 0.413036401    0.00   0.00      1.00
994  0.80066406 0.445386163 0.106508559 0.315986741    0.00   0.43      0.57
995  1.00000000 0.403807576 0.888341398 0.463264883    0.00   0.00      1.00
996  1.00000000 0.301540076 0.842144176 0.413396012    0.00   0.00      1.00
997  1.00000000 0.885102520 0.618039793 0.257989859    0.00   0.00      1.00
998  1.00000000 0.471780743 0.763226078 0.391579022    0.00   0.00      1.00
999  1.00000000 0.016252840 0.846146726 0.881081372    0.00   0.00      1.00
1000 0.99714844 0.644708591 0.445093467 0.197144312    0.00   0.01      0.99
