      prop.aneu    prob.meio    prob.mito    dispersal euploid mosaic aneuploid
1    0.99960938 0.6078920770 0.5658574025 0.6621487949    0.00   0.00      1.00
2    0.99976562 0.7150686926 0.5543697528 0.9445827645    0.00   0.02      0.98
3    0.99914063 0.2919027281 0.5557863426 0.3033283683    0.00   0.00      1.00
4    1.00000000 0.1493336803 0.9931395126 0.4530692012    0.00   0.00      1.00
5    0.86503906 0.5563924310 0.1461904706 0.3955366297    0.00   0.36      0.64
6    0.99980469 0.1290152161 0.7056243676 0.3683131910    0.00   0.00      1.00
7    1.00000000 0.7188417478 0.7997911731 0.5596470793    0.00   0.00      1.00
8    0.89289063 0.1332472374 0.2330140020 0.4431124644    0.00   0.42      0.58
9    1.00000000 0.3790987332 0.7517539386 0.3823724252    0.00   0.00      1.00
10   0.75191406 0.6410291449 0.0383270087 0.1099383319    0.10   0.24      0.66
11   1.00000000 0.9849782605 0.6364212376 0.8179804140    0.00   0.00      1.00
12   0.99304687 0.0342801618 0.4650941649 0.1112978922    0.00   0.04      0.96
13   1.00000000 0.9226241531 0.7975597675 0.6730001131    0.00   0.00      1.00
14   0.94636719 0.7991119532 0.1666057948 0.0585577672    0.00   0.14      0.86
15   0.91480469 0.6548993238 0.1810793432 0.8165042764    0.00   0.28      0.72
16   0.97472656 0.9141410019 0.0846364612 0.9143763985    0.00   0.05      0.95
17   1.00000000 0.0057582315 0.9040708891 0.6654801855    0.00   0.00      1.00
18   0.99988281 0.8899505108 0.5209681473 0.8463534177    0.00   0.00      1.00
19   0.99960938 0.9701060688 0.4383327297 0.9977499363    0.00   0.00      1.00
20   0.96531250 0.0336379388 0.3353095253 0.4874184984    0.00   0.14      0.86
21   0.99492187 0.4128806246 0.4359339941 0.0453953950    0.00   0.05      0.95
22   0.99875000 0.2700721500 0.5688193177 0.3875864504    0.00   0.01      0.99
23   0.98488281 0.0684233485 0.3978579252 0.9134764567    0.00   0.07      0.93
24   1.00000000 0.6802111231 0.9813372870 0.1058653949    0.00   0.00      1.00
25   0.99527344 0.3624042503 0.4475802712 0.9047128882    0.00   0.00      1.00
26   0.94855469 0.7791043841 0.1874117069 0.3452668532    0.00   0.18      0.82
27   1.00000000 0.9651818266 0.8279739642 0.1432978129    0.00   0.00      1.00
28   1.00000000 0.8629892459 0.6957339139 0.0301840666    0.00   0.00      1.00
29   0.99949219 0.0255925108 0.5925411845 0.7477654996    0.00   0.00      1.00
30   0.99632813 0.9113544922 0.2930248547 0.9334920216    0.00   0.03      0.97
31   0.99140625 0.2428087275 0.4379138083 0.1241182408    0.00   0.04      0.96
32   1.00000000 0.1375923511 0.7371620671 0.4933408538    0.00   0.00      1.00
33   0.99515625 0.0843720012 0.4849888741 0.4249739558    0.00   0.04      0.96
34   0.99976562 0.4496873652 0.6340335477 0.0544627155    0.00   0.00      1.00
35   0.98675781 0.8573686560 0.2636426138 0.3684386010    0.00   0.08      0.92
36   0.94152344 0.0827224946 0.3060204491 0.5144592188    0.00   0.22      0.78
37   1.00000000 0.2932233626 0.8944924902 0.3545844713    0.00   0.00      1.00
38   0.64164062 0.2620111108 0.0756720875 0.8541101299    0.04   0.59      0.37
39   0.99105469 0.9549062094 0.1264419716 0.9998064572    0.00   0.03      0.97
40   1.00000000 0.6225938122 0.6939455904 0.5353837612    0.00   0.00      1.00
41   0.99996094 0.4701690620 0.7257910888 0.5129253455    0.00   0.00      1.00
42   1.00000000 0.4153354820 0.9282502788 0.8013598348    0.00   0.00      1.00
43   1.00000000 0.4281725534 0.7989676420 0.8487552356    0.00   0.00      1.00
44   0.93988281 0.8033358327 0.0784011357 0.5593876638    0.01   0.09      0.90
45   0.97667969 0.6968929204 0.2851318768 0.4467431009    0.00   0.13      0.87
46   0.16246094 0.1085798533 0.0169483123 0.3494350174    0.62   0.32      0.06
47   0.99996094 0.0354377935 0.6808094149 0.1374103362    0.00   0.01      0.99
48   0.49308594 0.1342077435 0.0604467739 0.7451240681    0.10   0.70      0.20
49   1.00000000 0.8998892910 0.9718632381 0.2362207207    0.00   0.00      1.00
50   1.00000000 0.6515526094 0.9771454884 0.9578206132    0.00   0.00      1.00
51   0.99234375 0.2759194635 0.4381614786 0.0318158583    0.00   0.04      0.96
52   0.99996094 0.5802137153 0.6885854800 0.9806473521    0.00   0.00      1.00
53   1.00000000 0.9823543346 0.6809982550 0.3631117726    0.00   0.00      1.00
54   0.96265625 0.6065292142 0.2499595773 0.6585061692    0.00   0.19      0.81
55   0.59300781 0.1616391235 0.0966896217 0.8792584187    0.03   0.81      0.16
56   0.99710937 0.9288127501 0.3356596020 0.5870797446    0.00   0.02      0.98
57   0.71171875 0.3063633565 0.1005499226 0.2582182293    0.01   0.59      0.40
58   0.99828125 0.3116643047 0.5245927793 0.3117190010    0.00   0.00      1.00
59   1.00000000 0.3536176870 0.9094835927 0.1848242984    0.00   0.00      1.00
60   0.99796875 0.6512588272 0.4766884753 0.4834027051    0.00   0.01      0.99
61   0.99964844 0.7684737693 0.5615995969 0.1754639086    0.00   0.00      1.00
62   1.00000000 0.8125968440 0.9096759132 0.1648354046    0.00   0.00      1.00
63   0.96855469 0.1123598872 0.3331959483 0.8198126899    0.00   0.14      0.86
64   1.00000000 0.9744997267 0.6303530061 0.1194452720    0.00   0.00      1.00
65   0.84054688 0.6338719085 0.0931375690 0.0172446577    0.05   0.22      0.73
66   1.00000000 0.0650979194 0.9876558722 0.8311278820    0.00   0.00      1.00
67   0.99656250 0.1942352867 0.4815407319 0.2818226689    0.00   0.03      0.97
68   0.99406250 0.0758453782 0.4568352846 0.9167073420    0.00   0.03      0.97
69   0.93402344 0.6036924105 0.1862151450 0.8235832877    0.00   0.20      0.80
70   1.00000000 0.9764097130 0.8660988098 0.5887817007    0.00   0.00      1.00
71   0.99984375 0.1685706144 0.6730733090 0.8837056216    0.00   0.01      0.99
72   0.99984375 0.4024866088 0.5808149648 0.1082729867    0.00   0.00      1.00
73   0.99648437 0.0386120784 0.4977764767 0.1156348241    0.00   0.01      0.99
74   1.00000000 0.6529862310 0.9624783434 0.9108520360    0.00   0.00      1.00
75   0.99988281 0.7826672716 0.5634923931 0.5654304461    0.00   0.00      1.00
76   1.00000000 0.6713084774 0.7224603707 0.0992653093    0.00   0.00      1.00
77   0.75527344 0.0587306505 0.1584876801 0.5451415628    0.01   0.64      0.35
78   1.00000000 0.7558235067 0.7713834413 0.7660938175    0.00   0.00      1.00
79   0.98621094 0.4137488687 0.3661141624 0.1121206570    0.00   0.04      0.96
80   0.49664063 0.2011824814 0.0628040240 0.4256972673    0.07   0.73      0.20
81   0.99933594 0.5568962127 0.5484273541 0.9665095871    0.00   0.00      1.00
82   0.91757813 0.4011024958 0.1968091049 0.7802316099    0.00   0.29      0.71
83   1.00000000 0.1457753622 0.7257679880 0.8323805381    0.00   0.00      1.00
84   0.99992187 0.8308560641 0.7607121882 0.1327611946    0.00   0.00      1.00
85   1.00000000 0.8825271558 0.7880895229 0.8754991065    0.00   0.00      1.00
86   0.99980469 0.1349418964 0.6815528204 0.4301882277    0.00   0.00      1.00
87   0.99996094 0.6664315327 0.6334366410 0.7808609849    0.00   0.00      1.00
88   1.00000000 0.7250158396 0.6546480570 0.2228840361    0.00   0.00      1.00
89   1.00000000 0.3767725357 0.7895722182 0.6296801609    0.00   0.00      1.00
90   1.00000000 0.0738340255 0.7149105587 0.0560132237    0.00   0.00      1.00
91   0.99242188 0.7954739528 0.3585483453 0.2473388948    0.00   0.02      0.98
92   0.98296875 0.5664716349 0.3442441137 0.2682681079    0.00   0.03      0.97
93   1.00000000 0.7838038451 0.8644541961 0.9870504618    0.00   0.00      1.00
94   1.00000000 0.4325118533 0.9827534074 0.2859868307    0.00   0.00      1.00
95   0.94238281 0.6144400181 0.1942549045 0.2424754919    0.00   0.21      0.79
96   0.65609375 0.6470208229 0.0217515533 0.1316834507    0.27   0.12      0.61
97   0.99671875 0.7550899612 0.4186547748 0.8678010989    0.00   0.04      0.96
98   0.96589844 0.8665200463 0.1652379043 0.1007209739    0.01   0.11      0.88
99   0.99855469 0.4485284295 0.5249332103 0.3280166972    0.00   0.02      0.98
100  1.00000000 0.8675916512 0.8002910938 0.7181677534    0.00   0.00      1.00
101  1.00000000 0.8029589974 0.7599880309 0.5449891931    0.00   0.00      1.00
102  0.99984375 0.2408782295 0.6907424324 0.6724868547    0.00   0.00      1.00
103  1.00000000 0.9651195346 0.5217832809 0.3997581105    0.00   0.00      1.00
104  1.00000000 0.2654411329 0.9271528742 0.4377675154    0.00   0.00      1.00
105  1.00000000 0.6361554603 0.9120779051 0.5861850360    0.00   0.00      1.00
106  0.95859375 0.0325254914 0.3344197776 0.0190298040    0.01   0.19      0.80
107  1.00000000 0.4985775282 0.7656312301 0.2369486350    0.00   0.00      1.00
108  0.99777344 0.4279700597 0.5004048960 0.6235699516    0.00   0.02      0.98
109  0.50246094 0.4144057331 0.0224195828 0.6459191474    0.24   0.37      0.39
110  0.99769531 0.4993276168 0.4871747480 0.2695759698    0.00   0.03      0.97
111  0.84562500 0.6692548851 0.0882470133 0.3776126411    0.02   0.31      0.67
112  0.98519531 0.5572093385 0.3518597044 0.8355421838    0.00   0.08      0.92
113  0.90707031 0.7273253051 0.1328961940 0.8066330450    0.00   0.23      0.77
114  0.99902344 0.7984689295 0.4838612587 0.0697835260    0.00   0.01      0.99
115  1.00000000 0.7708519397 0.9218961468 0.1152662546    0.00   0.00      1.00
116  1.00000000 0.4352336167 0.9927614178 0.4812281195    0.00   0.00      1.00
117  0.99984375 0.9365806202 0.5891233033 0.0742004591    0.00   0.00      1.00
118  0.67027344 0.0204341470 0.1275239200 0.1106421037    0.08   0.73      0.19
119  0.79035156 0.5908243407 0.0819788668 0.2267270715    0.04   0.31      0.65
120  0.41675781 0.2299519938 0.0267273367 0.3473273995    0.29   0.42      0.29
121  0.97265625 0.7186673805 0.2611224428 0.8323493460    0.00   0.10      0.90
122  0.99843750 0.5932579974 0.4973166590 0.4865433425    0.00   0.01      0.99
123  0.99980469 0.1938394844 0.6381978423 0.0783192697    0.00   0.00      1.00
124  1.00000000 0.5107013891 0.8318420369 0.6223029559    0.00   0.00      1.00
125  0.87023438 0.4325877507 0.1548987180 0.3731940826    0.00   0.35      0.65
126  0.69566406 0.1083387730 0.1290708240 0.7583250916    0.00   0.75      0.25
127  0.95695312 0.5976227471 0.2333653148 0.8135585589    0.00   0.15      0.85
128  0.91265625 0.7747518155 0.1068281564 0.9662970910    0.00   0.17      0.83
129  0.99515625 0.1266989287 0.4783881395 0.6184778777    0.00   0.00      1.00
130  0.96925781 0.6782206069 0.2735629831 0.1794325716    0.00   0.13      0.87
131  1.00000000 0.0623005123 0.9972175034 0.3991019423    0.00   0.00      1.00
132  0.99984375 0.5586964085 0.6135638969 0.7319741531    0.00   0.00      1.00
133  1.00000000 0.0508017710 0.6643171657 0.2390752500    0.00   0.00      1.00
134  0.98953125 0.5624400154 0.3911068297 0.5022670701    0.00   0.04      0.96
135  0.99664062 0.7337606915 0.4076116558 0.4566163423    0.00   0.04      0.96
136  1.00000000 0.8842577108 0.7143580427 0.3112397804    0.00   0.00      1.00
137  0.95562500 0.4574415826 0.2564601237 0.4193858972    0.00   0.18      0.82
138  1.00000000 0.8919825715 0.6186976628 0.5043804536    0.00   0.00      1.00
139  0.90773437 0.7438950944 0.1210104011 0.9045507782    0.00   0.22      0.78
140  1.00000000 0.6255017070 0.7419340760 0.5456380888    0.00   0.00      1.00
141  0.99945313 0.4131658897 0.6114136893 0.4880038183    0.00   0.00      1.00
142  0.99996094 0.5683435402 0.6961910580 0.7662131891    0.00   0.00      1.00
143  0.99996094 0.6113678513 0.6934494339 0.3914581640    0.00   0.00      1.00
144  0.95921875 0.3601218127 0.2868500643 0.6910657408    0.00   0.18      0.82
145  0.99933594 0.9879969750 0.3446303827 0.9097972256    0.00   0.00      1.00
146  1.00000000 0.6916014187 0.6846654259 0.9242604536    0.00   0.00      1.00
147  0.97554688 0.5464402060 0.2507372668 0.5799206358    0.00   0.10      0.90
148  0.99921875 0.9273247253 0.3016769460 0.9562095378    0.00   0.00      1.00
149  1.00000000 0.2525670645 0.8775341334 0.5729463359    0.00   0.00      1.00
150  1.00000000 0.7042882019 0.9052789779 0.3387678869    0.00   0.00      1.00
151  0.98933594 0.4522450636 0.3891247192 0.6528364180    0.00   0.05      0.95
152  1.00000000 0.9457808731 0.7665570593 0.9220168148    0.00   0.00      1.00
153  0.99867187 0.7881668180 0.4849504477 0.4926136057    0.00   0.02      0.98
154  0.99332031 0.5444957402 0.3835304519 0.9276774442    0.00   0.03      0.97
155  1.00000000 0.3249375920 0.7751543222 0.1891865269    0.00   0.00      1.00
156  1.00000000 0.4964966103 0.8605532935 0.5119853534    0.00   0.00      1.00
157  0.98773438 0.6999432328 0.2917393369 0.4809594180    0.00   0.04      0.96
158  0.63929687 0.1408184953 0.1013842556 0.1447961028    0.07   0.61      0.32
159  1.00000000 0.9334900333 0.7479592995 0.2486644445    0.00   0.00      1.00
160  1.00000000 0.3211441478 0.7561198561 0.5777252882    0.00   0.00      1.00
161  0.77316406 0.2038093533 0.1496445599 0.4172983877    0.01   0.59      0.40
162  1.00000000 0.2179995349 0.9622207896 0.1147185944    0.00   0.00      1.00
163  0.93640625 0.7650887377 0.1264899420 0.1420685793    0.01   0.17      0.82
164  0.99878906 0.9765661673 0.3148296007 0.4232512796    0.00   0.00      1.00
165  0.97078125 0.8631705577 0.1727895387 0.0877976685    0.01   0.08      0.91
166  0.98781250 0.7863414958 0.2526108299 0.5672521342    0.00   0.01      0.99
167  1.00000000 0.0450378312 0.8520863578 0.5388519198    0.00   0.00      1.00
168  0.59468750 0.1434997246 0.1046247173 0.3604537833    0.02   0.79      0.19
169  1.00000000 0.5900500603 0.8824503296 0.7737050222    0.00   0.00      1.00
170  0.98664063 0.8490341448 0.2451358929 0.1926232853    0.00   0.04      0.96
171  1.00000000 0.6391759783 0.9976075776 0.0793684097    0.00   0.00      1.00
172  0.99773437 0.9410564888 0.4062589337 0.5974477683    0.00   0.01      0.99
173  0.99972656 0.0101033454 0.7304719305 0.8749017273    0.00   0.00      1.00
174  0.99417969 0.5648297381 0.4122767302 0.7458819670    0.00   0.02      0.98
175  0.99031250 0.6875649951 0.3867141181 0.2404016603    0.00   0.03      0.97
176  0.97855469 0.1183949730 0.3772453615 0.1407891859    0.00   0.10      0.90
177  1.00000000 0.1130232916 0.8955773760 0.6939611495    0.00   0.00      1.00
178  0.96132812 0.9064662752 0.1077214028 0.6230006656    0.01   0.07      0.92
179  1.00000000 0.6103696753 0.7377155458 0.0482479478    0.00   0.00      1.00
180  0.90089844 0.5616318493 0.1643014716 0.9980439402    0.00   0.34      0.66
181  1.00000000 0.5840185843 0.8780430038 0.3266677021    0.00   0.00      1.00
182  0.99960938 0.0699401419 0.6212733916 0.2662766916    0.00   0.00      1.00
183  0.90707031 0.7171469773 0.1262093373 0.3777410772    0.01   0.23      0.76
184  0.99792969 0.0653365839 0.5290597407 0.3851367950    0.00   0.01      0.99
185  1.00000000 0.6138100540 0.9594815043 0.4000217069    0.00   0.00      1.00
186  0.95546875 0.5496858417 0.2513416775 0.7808002771    0.00   0.22      0.78
187  0.99808594 0.6172819089 0.4944917879 0.5852198652    0.00   0.01      0.99
188  0.89765625 0.0086916827 0.2546824305 0.0237914580    0.00   0.31      0.69
189  0.92285156 0.1398891828 0.2544554819 0.0514940880    0.00   0.26      0.74
190  1.00000000 0.4928440885 0.7193306063 0.2673251287    0.00   0.00      1.00
191  0.99250000 0.2919042271 0.4456289820 0.8821883651    0.00   0.02      0.98
192  0.98167969 0.7978070753 0.2308292687 0.7309614359    0.00   0.08      0.92
193  0.91429688 0.8299518127 0.0896401398 0.9624935258    0.01   0.17      0.82
194  0.84371094 0.3897811517 0.1699563160 0.8719056111    0.00   0.45      0.55
195  0.67328125 0.3707825693 0.0816033273 0.9941786095    0.00   0.59      0.41
196  1.00000000 0.6514994386 0.9624829900 0.1664822113    0.00   0.00      1.00
197  0.89867188 0.0363948548 0.2462709041 0.3825617139    0.00   0.32      0.68
198  0.99996094 0.1110908340 0.7531625601 0.9885535189    0.00   0.00      1.00
199  1.00000000 0.6274939284 0.9983740747 0.0706031004    0.00   0.00      1.00
200  0.85121094 0.4565461385 0.1574354346 0.8848377881    0.00   0.43      0.57
201  1.00000000 0.7576925494 0.6517698213 0.5290382274    0.00   0.00      1.00
202  1.00000000 0.7928703593 0.8373844109 0.6070871984    0.00   0.00      1.00
203  1.00000000 0.2889613400 0.8671433809 0.9592514150    0.00   0.00      1.00
204  0.99074219 0.3042605300 0.4120861024 0.1073845723    0.00   0.03      0.97
205  0.91707031 0.1750358804 0.2379874643 0.8148344844    0.00   0.35      0.65
206  1.00000000 0.8900231794 0.7389423812 0.7235330839    0.00   0.00      1.00
207  0.98562500 0.4516363146 0.3783419027 0.9763850993    0.00   0.07      0.93
208  1.00000000 0.2562948831 0.9283641675 0.6046064813    0.00   0.00      1.00
209  0.99898438 0.0969596738 0.5573083048 0.5273540260    0.00   0.00      1.00
210  0.99000000 0.3003743680 0.4253406865 0.1157283438    0.00   0.02      0.98
211  1.00000000 0.6751600150 0.8354338030 0.2912924134    0.00   0.00      1.00
212  1.00000000 0.0001309405 0.9122221109 0.0355589739    0.00   0.00      1.00
213  0.99714844 0.7744439675 0.4107917266 0.6003742374    0.00   0.02      0.98
214  1.00000000 0.1856275522 0.8313921699 0.9945650359    0.00   0.00      1.00
215  1.00000000 0.3701974121 0.9048551309 0.6416794965    0.00   0.00      1.00
216  0.96542969 0.8861597297 0.1405744774 0.4669776459    0.00   0.11      0.89
217  1.00000000 0.7371093021 0.7963123699 0.7963379510    0.00   0.00      1.00
218  1.00000000 0.1715871235 0.8809804486 0.1956458590    0.00   0.00      1.00
219  0.98054688 0.4336132426 0.3360219675 0.6834016303    0.00   0.10      0.90
220  1.00000000 0.3320015722 0.9653424446 0.0382492542    0.00   0.00      1.00
221  1.00000000 0.4889630878 0.9394149927 0.6177438118    0.00   0.00      1.00
222  0.97351562 0.8692445038 0.2340315003 0.9422506685    0.00   0.07      0.93
223  1.00000000 0.7931713075 0.8392453033 0.0031095131    0.00   0.00      1.00
224  0.86410156 0.5166685260 0.1216843489 0.6761303525    0.00   0.38      0.62
225  0.94445313 0.5375666670 0.2222704990 0.4107171753    0.00   0.13      0.87
226  1.00000000 0.1978270095 0.8447733871 0.6258495227    0.00   0.00      1.00
227  0.99832031 0.5107415162 0.4997061975 0.5818080050    0.00   0.00      1.00
228  0.99605469 0.7552267080 0.4095037808 0.4192420703    0.00   0.03      0.97
229  0.99871094 0.8006894160 0.4024392851 0.1676208004    0.00   0.00      1.00
230  0.99371094 0.5778244731 0.3824053723 0.3129154113    0.00   0.06      0.94
231  0.99996094 0.8469795580 0.6767962973 0.3820663209    0.00   0.00      1.00
232  1.00000000 0.0695263899 0.7212466567 0.9410015671    0.00   0.00      1.00
233  0.95851562 0.1276655768 0.3279721253 0.2868238976    0.00   0.11      0.89
234  0.94816406 0.1311507877 0.3043488970 0.0560988870    0.00   0.16      0.84
235  0.99988281 0.2336361404 0.7076451057 0.9104425509    0.00   0.01      0.99
236  0.99996094 0.0174273627 0.8183961678 0.4017926254    0.00   0.00      1.00
237  0.99843750 0.8653666377 0.4131116902 0.7355348892    0.00   0.01      0.99
238  0.99296875 0.4737804630 0.4315496886 0.0511574897    0.00   0.04      0.96
239  0.11250000 0.1020718741 0.0005513728 0.8037434279    0.89   0.00      0.11
240  0.89140625 0.4437640689 0.1732116751 0.0423394137    0.02   0.29      0.69
241  1.00000000 0.7303992908 0.9214167071 0.3317088722    0.00   0.00      1.00
242  0.99996094 0.9282512076 0.6785296288 0.6846901870    0.00   0.00      1.00
243  0.91277344 0.6634492888 0.1463145760 0.1468796800    0.01   0.24      0.75
244  0.86320312 0.0867357377 0.2240505905 0.3877040308    0.00   0.47      0.53
245  0.98152344 0.6977439839 0.2863881115 0.8977809597    0.00   0.06      0.94
246  1.00000000 0.7945428835 0.8093898930 0.0420268178    0.00   0.00      1.00
247  0.99527344 0.3930637285 0.4579088399 0.3977985585    0.00   0.02      0.98
248  1.00000000 0.8615370686 0.6560116168 0.9261430725    0.00   0.00      1.00
249  0.81347656 0.6329592310 0.0713103055 0.0156168479    0.10   0.19      0.71
250  0.82070312 0.6746356871 0.0950881485 0.8848703620    0.02   0.34      0.64
251  0.99710937 0.6662304678 0.4581586097 0.3232661632    0.00   0.00      1.00
252  0.99441406 0.1504947103 0.4603479600 0.5404923323    0.00   0.01      0.99
253  0.82996094 0.3871236143 0.1261306340 0.9117579942    0.00   0.39      0.61
254  0.68160156 0.4761516021 0.0461595815 0.7561274646    0.05   0.40      0.55
255  0.99921875 0.3462261567 0.5658005634 0.6236059642    0.00   0.00      1.00
256  0.98882812 0.3406998410 0.3963750436 0.1687358469    0.00   0.05      0.95
257  1.00000000 0.3773778102 0.7916276390 0.4716503499    0.00   0.00      1.00
258  1.00000000 0.2633047870 0.7171107011 0.8365412191    0.00   0.00      1.00
259  0.99855469 0.0821096124 0.5562848775 0.7310915880    0.00   0.01      0.99
260  0.90792969 0.8250429181 0.0813256626 0.9589318552    0.00   0.16      0.84
261  1.00000000 0.0956336604 0.9431387750 0.9950547409    0.00   0.00      1.00
262  0.99988281 0.8597584576 0.5747713263 0.2723289139    0.00   0.00      1.00
263  0.99984375 0.8002601138 0.5213081255 0.1922217873    0.00   0.00      1.00
264  1.00000000 0.6655044146 0.8616670854 0.9527630941    0.00   0.00      1.00
265  1.00000000 0.6544263714 0.9394245739 0.9003143993    0.00   0.00      1.00
266  0.97082031 0.2579138416 0.3382199404 0.5792061880    0.00   0.10      0.90
267  0.67191406 0.1467404307 0.1148919845 0.6303220612    0.01   0.74      0.25
268  1.00000000 0.2825065064 0.9378139966 0.9129870860    0.00   0.00      1.00
269  1.00000000 0.8733655845 0.8266471880 0.1767375986    0.00   0.00      1.00
270  0.89578125 0.7864637508 0.1246976240 0.1418681915    0.01   0.22      0.77
271  1.00000000 0.8905005199 0.8008070465 0.6866680828    0.00   0.00      1.00
272  0.99996094 0.9751752503 0.5612644509 0.8325950415    0.00   0.00      1.00
273  0.97851562 0.6835288100 0.2731128377 0.7889205329    0.00   0.11      0.89
274  1.00000000 0.7569481255 0.9584792547 0.2108227434    0.00   0.00      1.00
275  0.99984375 0.4200113313 0.6859754862 0.7474288491    0.00   0.00      1.00
276  0.99964844 0.5410046454 0.6043529063 0.8491770423    0.00   0.00      1.00
277  1.00000000 0.3798033306 0.6435524703 0.6223991404    0.00   0.00      1.00
278  1.00000000 0.9196572583 0.9795195146 0.2151492191    0.00   0.00      1.00
279  0.46097656 0.3403945384 0.0236274109 0.1555194645    0.44   0.20      0.36
280  0.71804687 0.7119299176 0.0065167050 0.3902796647    0.26   0.04      0.70
281  0.99949219 0.3934005841 0.5940537285 0.9721992309    0.00   0.00      1.00
282  0.93164062 0.5903097016 0.1825539474 0.9309432546    0.00   0.24      0.76
283  1.00000000 0.8349693946 0.7468615207 0.7732933171    0.00   0.00      1.00
284  1.00000000 0.1048781811 0.8889907978 0.3415716856    0.00   0.00      1.00
285  1.00000000 0.4058735736 0.8006021881 0.9088504291    0.00   0.00      1.00
286  0.74070313 0.6466936965 0.0461942554 0.8827826278    0.06   0.30      0.64
287  1.00000000 0.8015477653 0.8030056804 0.5644609623    0.00   0.00      1.00
288  1.00000000 0.1408118750 0.8362301944 0.6504775854    0.00   0.00      1.00
289  0.99988281 0.3119232585 0.6122428684 0.2244578912    0.00   0.00      1.00
290  1.00000000 0.9164062962 0.8497449998 0.5787758667    0.00   0.00      1.00
291  1.00000000 0.8461136757 0.9341483188 0.5262629529    0.00   0.00      1.00
292  1.00000000 0.9199587649 0.9817727790 0.4884300528    0.00   0.00      1.00
293  0.99871094 0.2395645024 0.5815399762 0.3373788164    0.00   0.01      0.99
294  0.99429687 0.7393709510 0.3744348518 0.0343835508    0.00   0.01      0.99
295  0.76210937 0.5892541911 0.0641965445 0.9787472691    0.03   0.33      0.64
296  0.99160156 0.2345728930 0.4203932730 0.2142811611    0.00   0.02      0.98
297  1.00000000 0.3990400953 0.8412498508 0.8114737247    0.00   0.00      1.00
298  0.98277344 0.3684900869 0.3826425720 0.4983972716    0.00   0.05      0.95
299  0.97929687 0.0798503503 0.3757756394 0.4577645019    0.00   0.13      0.87
300  0.90441406 0.6104970670 0.1642997772 0.6317510654    0.00   0.32      0.68
301  1.00000000 0.1989976913 0.7176018711 0.3843527816    0.00   0.00      1.00
302  0.88878906 0.7703157761 0.0744277919 0.1022630387    0.05   0.14      0.81
303  0.99738281 0.0313391583 0.5021785838 0.7639692035    0.00   0.01      0.99
304  0.88960938 0.7841972674 0.0720540241 0.7004250041    0.02   0.17      0.81
305  0.99085937 0.0083354504 0.4364291781 0.6857357528    0.00   0.02      0.98
306  0.99562500 0.9801492586 0.2142956073 0.0237305784    0.00   0.00      1.00
307  0.99847656 0.2548452464 0.5082517916 0.9683852508    0.00   0.01      0.99
308  0.99828125 0.7227089913 0.5282978409 0.2588920337    0.00   0.00      1.00
309  1.00000000 0.7290413745 0.8480192614 0.7293811759    0.00   0.00      1.00
310  1.00000000 0.0519662204 0.8854212903 0.5904250063    0.00   0.00      1.00
311  0.99984375 0.3350782036 0.6614901037 0.7216066418    0.00   0.00      1.00
312  0.97531250 0.5754773840 0.3093487686 0.3251834635    0.00   0.13      0.87
313  0.99984375 0.7218643690 0.5893282979 0.5740375966    0.00   0.00      1.00
314  0.27640625 0.0497150582 0.0311927616 0.2358747141    0.50   0.41      0.09
315  0.83539063 0.3637268429 0.1644173421 0.8378729681    0.00   0.46      0.54
316  0.50171875 0.0575533244 0.0779411797 0.3977133904    0.06   0.85      0.09
317  0.99382812 0.7900545215 0.3556154631 0.0097256985    0.00   0.04      0.96
318  1.00000000 0.4059409029 0.8412305631 0.5160907093    0.00   0.00      1.00
319  0.80078125 0.4339184589 0.1440053643 0.5128602947    0.00   0.52      0.48
320  0.86312500 0.0331877109 0.2161604683 0.7525219079    0.00   0.53      0.47
321  0.99105469 0.8908161051 0.2849495828 0.7383104889    0.00   0.04      0.96
322  1.00000000 0.7930719522 0.8212335738 0.2530876165    0.00   0.00      1.00
323  0.97597656 0.2297077314 0.3508533216 0.7856363447    0.00   0.12      0.88
324  1.00000000 0.2883289198 0.7929243420 0.0430833234    0.00   0.00      1.00
325  1.00000000 0.6199899274 0.9005897474 0.1020525161    0.00   0.00      1.00
326  1.00000000 0.7783674591 0.8843692658 0.3287815396    0.00   0.00      1.00
327  0.99843750 0.1933383204 0.5403483675 0.8815999643    0.00   0.01      0.99
328  0.99996094 0.9041443958 0.5872574004 0.2186885332    0.00   0.00      1.00
329  0.99949219 0.9320440812 0.5240567168 0.2210396770    0.00   0.01      0.99
330  0.99996094 0.9625221761 0.4818254586 0.5215866887    0.00   0.00      1.00
331  1.00000000 0.7849228343 0.9221656222 0.3402416117    0.00   0.00      1.00
332  0.99757812 0.4835107124 0.4876336115 0.2104391344    0.00   0.01      0.99
333  0.69753906 0.1117027588 0.1399901113 0.6217136316    0.00   0.71      0.29
334  0.99988281 0.6896227123 0.6376535592 0.7840762294    0.00   0.00      1.00
335  1.00000000 0.7793258708 0.9355873775 0.4949516857    0.00   0.00      1.00
336  0.99988281 0.8114824176 0.6584563465 0.9971552866    0.00   0.00      1.00
337  0.99449219 0.3194045601 0.4514620227 0.1574837684    0.00   0.03      0.97
338  0.19460938 0.0564483076 0.0160237756 0.1251534242    0.60   0.32      0.08
339  1.00000000 0.5409303913 0.8546186702 0.3318356250    0.00   0.00      1.00
340  0.69937500 0.1299746153 0.1341442985 0.0134505092    0.11   0.52      0.37
341  0.99996094 0.4404952410 0.6287565019 0.4812400581    0.00   0.00      1.00
342  0.31230469 0.3960958128 0.0015445910 0.8485729136    0.68   0.02      0.30
343  1.00000000 0.8457193032 0.7605290895 0.9469940083    0.00   0.00      1.00
344  0.99960938 0.2720131688 0.6074776552 0.4512872009    0.00   0.00      1.00
345  0.99894531 0.5281642419 0.5224564234 0.6225123019    0.00   0.01      0.99
346  0.98011719 0.8793455928 0.2096684885 0.8726511763    0.00   0.06      0.94
347  0.99933594 0.0028521908 0.6033719983 0.2817317843    0.00   0.01      0.99
348  1.00000000 0.5078337980 0.9682253343 0.8780751976    0.00   0.00      1.00
349  0.72472656 0.1427597741 0.1336889337 0.6845373255    0.00   0.69      0.31
350  1.00000000 0.5511927861 0.8359876873 0.9775590098    0.00   0.00      1.00
351  1.00000000 0.8484481841 0.6531507655 0.5524580374    0.00   0.00      1.00
352  0.98675781 0.5309702286 0.3530247356 0.6013378629    0.00   0.05      0.95
353  0.99980469 0.9049235415 0.4526320414 0.8712097309    0.00   0.00      1.00
354  0.99847656 0.9024596517 0.3974141502 0.6197870306    0.00   0.01      0.99
355  0.99933594 0.6447003135 0.5478388565 0.4314674695    0.00   0.00      1.00
356  0.99183594 0.1209103116 0.4339855937 0.6585430000    0.00   0.03      0.97
357  0.38023438 0.3213631473 0.0183343526 0.3002304074    0.47   0.24      0.29
358  0.99984375 0.3468674414 0.6482601981 0.0755970175    0.00   0.00      1.00
359  1.00000000 0.9544070230 0.8657662149 0.9980300264    0.00   0.00      1.00
360  0.99988281 0.1585541274 0.6665257416 0.3064793108    0.00   0.00      1.00
361  0.99578125 0.7176705042 0.3923556178 0.5986160056    0.00   0.02      0.98
362  0.97667969 0.4054631435 0.3210898861 0.4238168153    0.00   0.11      0.89
363  0.93578125 0.8492531015 0.1174132579 0.7184622413    0.00   0.13      0.87
364  1.00000000 0.6387262188 0.7322387095 0.8689882348    0.00   0.00      1.00
365  0.99968750 0.3903971915 0.6330789258 0.7065801222    0.00   0.00      1.00
366  0.94613281 0.3287336773 0.2605414931 0.2053900636    0.00   0.24      0.76
367  1.00000000 0.8085801268 0.9980799404 0.9761506866    0.00   0.00      1.00
368  0.99957031 0.9343883272 0.4202893097 0.7611931895    0.00   0.00      1.00
369  0.81320313 0.7902642952 0.0505420235 0.1308820623    0.15   0.11      0.74
370  1.00000000 0.8152720048 0.9555431008 0.7861262730    0.00   0.00      1.00
371  1.00000000 0.6355368355 0.9024748653 0.9051332674    0.00   0.00      1.00
372  1.00000000 0.8297297452 0.8437060090 0.9905704246    0.00   0.00      1.00
373  0.96601563 0.2852153750 0.3147367807 0.0989884583    0.00   0.12      0.88
374  1.00000000 0.8676929581 0.7610559496 0.4048887575    0.00   0.00      1.00
375  0.99882812 0.5409968793 0.5160363065 0.8744374216    0.00   0.00      1.00
376  0.89773437 0.7384394815 0.1589154666 0.3052066155    0.00   0.29      0.71
377  0.99433594 0.3892601151 0.4655489752 0.7008242372    0.00   0.03      0.97
378  0.97449219 0.0703644583 0.3547463962 0.0285915900    0.00   0.06      0.94
379  1.00000000 0.9416183429 0.9605779513 0.0694494077    0.00   0.00      1.00
380  1.00000000 0.6226405990 0.8526034108 0.0847959104    0.00   0.00      1.00
381  0.99476562 0.5847176518 0.4186260835 0.8701812823    0.00   0.02      0.98
382  0.99996094 0.7419625211 0.7178067344 0.4727723389    0.00   0.00      1.00
383  0.99976562 0.0962023323 0.6318115476 0.2074354829    0.00   0.00      1.00
384  0.98210937 0.5014341453 0.3499194155 0.6476305390    0.00   0.07      0.93
385  0.99980469 0.9372981966 0.5931157491 0.0084983928    0.00   0.00      1.00
386  0.84062500 0.3556479320 0.1748030663 0.7954728412    0.01   0.47      0.52
387  1.00000000 0.4984108885 0.9743754761 0.9829106680    0.00   0.00      1.00
388  1.00000000 0.4414277398 0.7293187773 0.2515957821    0.00   0.00      1.00
389  0.99996094 0.1008253586 0.6710708640 0.8435485126    0.00   0.00      1.00
390  1.00000000 0.7222176073 0.9156162261 0.1393028169    0.00   0.00      1.00
391  0.99746094 0.1468936913 0.5053243658 0.9062008290    0.00   0.00      1.00
392  1.00000000 0.4576007084 0.7278149445 0.1730936868    0.00   0.00      1.00
393  1.00000000 0.3053597889 0.9306395873 0.0199467735    0.00   0.00      1.00
394  0.99343750 0.0932978340 0.4631914536 0.7426949821    0.00   0.01      0.99
395  1.00000000 0.5924322996 0.7046113622 0.6264031229    0.00   0.00      1.00
396  0.97972656 0.2368184121 0.3648425853 0.7499119723    0.00   0.07      0.93
397  0.99996094 0.6238157235 0.6628058315 0.7329799696    0.00   0.00      1.00
398  0.86390625 0.8418130130 0.0304018769 0.9671720336    0.08   0.09      0.83
399  1.00000000 0.9128638667 0.8364129511 0.1670537463    0.00   0.00      1.00
400  0.87257812 0.6336926480 0.1164212592 0.5067896696    0.01   0.27      0.72
401  1.00000000 0.3406743899 0.9138783412 0.9945981065    0.00   0.00      1.00
402  0.98523437 0.4238060440 0.3554176930 0.4362045135    0.00   0.08      0.92
403  1.00000000 0.6865209632 0.9190248877 0.2309972721    0.00   0.00      1.00
404  0.95718750 0.9036429853 0.0531394326 0.3129824945    0.01   0.05      0.94
405  0.95121094 0.6014243737 0.2245575155 0.6612359320    0.00   0.18      0.82
406  0.99726563 0.5647333842 0.4506112647 0.5429890174    0.00   0.03      0.97
407  0.83906250 0.7918834027 0.0457059918 0.6594956042    0.02   0.20      0.78
408  1.00000000 0.6274115036 0.8085842959 0.2639858583    0.00   0.00      1.00
409  0.99914063 0.3182553868 0.5777481808 0.5570520246    0.00   0.00      1.00
410  0.34886719 0.0697027801 0.0409468079 0.5287317592    0.27   0.60      0.13
411  0.99886719 0.3243305499 0.5429226030 0.4826900712    0.00   0.02      0.98
412  1.00000000 0.8041621426 0.8692629531 0.3935684760    0.00   0.00      1.00
413  1.00000000 0.5006951396 0.9885525526 0.4207590588    0.00   0.00      1.00
414  1.00000000 0.5871226292 0.7682881004 0.1544530103    0.00   0.00      1.00
415  1.00000000 0.9743784510 0.6293863456 0.5203620032    0.00   0.00      1.00
416  0.93101563 0.6613897688 0.1941309352 0.9579165350    0.00   0.20      0.80
417  0.96300781 0.3334989578 0.2917662812 0.4715581487    0.00   0.18      0.82
418  0.16808594 0.0081795857 0.0238158312 0.9809387277    0.42   0.57      0.01
419  0.96496094 0.9280004089 0.1111237057 0.0062525186    0.04   0.02      0.94
420  1.00000000 0.1511904199 0.8806476097 0.2357869686    0.00   0.00      1.00
421  0.36535156 0.2133661194 0.0217571340 0.0405067976    0.60   0.15      0.25
422  1.00000000 0.8262133794 0.7033422352 0.5121760566    0.00   0.00      1.00
423  0.99984375 0.8378655654 0.5990946218 0.7011466625    0.00   0.00      1.00
424  0.99789063 0.4376974173 0.4929190441 0.1203277167    0.00   0.00      1.00
425  0.99894531 0.7554267128 0.4809963596 0.3875589985    0.00   0.00      1.00
426  1.00000000 0.8169270183 0.9457129352 0.5578023652    0.00   0.00      1.00
427  1.00000000 0.8490776238 0.8553777852 0.7042690497    0.00   0.00      1.00
428  0.99972656 0.2498050954 0.6365610838 0.1282528243    0.00   0.00      1.00
429  0.78082031 0.3646232898 0.1208509936 0.3517881082    0.01   0.54      0.45
430  1.00000000 0.7875743217 0.7738234089 0.2057076762    0.00   0.00      1.00
431  1.00000000 0.9433759123 0.9597516779 0.1072357662    0.00   0.00      1.00
432  0.95101563 0.8897888695 0.1006727831 0.1727112546    0.00   0.11      0.89
433  1.00000000 0.4863828637 0.8317973653 0.5126237683    0.00   0.00      1.00
434  1.00000000 0.5987170520 0.7282972189 0.2466173933    0.00   0.00      1.00
435  0.99992187 0.1525662341 0.7461375422 0.2201804009    0.00   0.00      1.00
436  0.98289063 0.8596822114 0.2185081847 0.4967386404    0.00   0.03      0.97
437  1.00000000 0.9860704315 0.1571941162 0.8358220160    0.00   0.00      1.00
438  0.99664062 0.2088427481 0.4871276091 0.0884364038    0.00   0.01      0.99
439  0.99820312 0.3765414632 0.5697226494 0.2450255905    0.00   0.01      0.99
440  0.72738281 0.3347014554 0.0953603929 0.7502709769    0.01   0.53      0.46
441  0.85292969 0.7784689853 0.0462337469 0.8829737050    0.04   0.17      0.79
442  0.99457031 0.8486196960 0.3490697201 0.9544495614    0.00   0.03      0.97
443  0.69738281 0.6493281473 0.0036802599 0.9358621272    0.27   0.04      0.69
444  0.99992187 0.1667868113 0.6643509001 0.8816423260    0.00   0.00      1.00
445  1.00000000 0.8214641437 0.6666466466 0.6886920955    0.00   0.00      1.00
446  1.00000000 0.6390813838 0.9131142481 0.9416288794    0.00   0.00      1.00
447  0.99410156 0.7384174012 0.3899130549 0.1626027622    0.00   0.02      0.98
448  0.99984375 0.7991588356 0.6302602615 0.9820860880    0.00   0.00      1.00
449  0.99996094 0.9452566588 0.5768535212 0.1567042216    0.00   0.00      1.00
450  1.00000000 0.7204804840 0.7980131749 0.2859439219    0.00   0.00      1.00
451  0.99875000 0.1649632975 0.5541343475 0.9446284855    0.00   0.04      0.96
452  1.00000000 0.4837865573 0.8491207142 0.3636336098    0.00   0.00      1.00
453  1.00000000 0.7700691340 0.9397362834 0.5157441676    0.00   0.00      1.00
454  1.00000000 0.7793992814 0.7617562125 0.1563314346    0.00   0.00      1.00
455  0.99757812 0.4746143415 0.4980149216 0.7142106530    0.00   0.02      0.98
456  0.75156250 0.4309692329 0.1059329505 0.0576339171    0.11   0.38      0.51
457  0.94515625 0.5835924405 0.2018194736 0.0551664580    0.00   0.16      0.84
458  0.99996094 0.4934470642 0.6681254676 0.7565515484    0.00   0.00      1.00
459  1.00000000 0.8604078852 0.6588688735 0.2645055081    0.00   0.00      1.00
460  1.00000000 0.4682271646 0.8476700515 0.9061418162    0.00   0.00      1.00
461  0.99441406 0.4137734140 0.4529394156 0.1840165714    0.00   0.04      0.96
462  0.99847656 0.0838877587 0.5404588620 0.9511549657    0.00   0.01      0.99
463  0.94582031 0.2394449951 0.2746604823 0.9260177894    0.00   0.22      0.78
464  0.99988281 0.4889148124 0.6700308365 0.6817441764    0.00   0.00      1.00
465  0.62863281 0.1328089195 0.0908667978 0.4652291087    0.03   0.72      0.25
466  0.99636719 0.3234480284 0.5196139554 0.0146818010    0.00   0.01      0.99
467  0.96691406 0.2812866326 0.3235045823 0.5642595673    0.00   0.13      0.87
468  1.00000000 0.2598658879 0.8682661729 0.4999907962    0.00   0.00      1.00
469  0.96585937 0.6964402155 0.2258685345 0.9694720027    0.00   0.14      0.86
470  0.99992187 0.8573078567 0.6140190433 0.1479570603    0.00   0.00      1.00
471  0.77812500 0.1139823217 0.1640746372 0.3067135599    0.00   0.62      0.38
472  0.99992187 0.9920884140 0.4022809854 0.7937390667    0.00   0.00      1.00
473  1.00000000 0.8319382502 0.6456853810 0.7765726068    0.00   0.00      1.00
474  0.99992187 0.7553539167 0.7482030217 0.2290324979    0.00   0.00      1.00
475  0.99988281 0.0647432022 0.6458694935 0.6573682991    0.00   0.00      1.00
476  0.99996094 0.1544684586 0.7099760179 0.1637400377    0.00   0.01      0.99
477  1.00000000 0.9674155253 0.8842224414 0.6492942916    0.00   0.00      1.00
478  0.96230469 0.3428784446 0.2851852737 0.1813406020    0.00   0.18      0.82
479  1.00000000 0.7405382555 0.9146574296 0.5687049362    0.00   0.00      1.00
480  0.38679687 0.1065206488 0.0480582840 0.2890185718    0.26   0.64      0.10
481  0.97636719 0.7537808272 0.2767181569 0.0515793902    0.00   0.09      0.91
482  0.94425781 0.0882299556 0.2937348250 0.0769549450    0.00   0.21      0.79
483  0.99636719 0.4367890970 0.4896765770 0.8275952663    0.00   0.02      0.98
484  0.99988281 0.6398423004 0.6213778504 0.5286072996    0.00   0.00      1.00
485  0.99976562 0.2130055050 0.7009769343 0.9310234739    0.00   0.00      1.00
486  0.99460938 0.3939241618 0.4375967451 0.8209572812    0.00   0.03      0.97
487  0.67671875 0.4001400447 0.0870991722 0.2733898349    0.04   0.56      0.40
488  0.93039063 0.7617905259 0.1753549902 0.8673225292    0.00   0.17      0.83
489  0.92562500 0.0402291554 0.2653328769 0.8643999626    0.00   0.30      0.70
490  0.98718750 0.8888865889 0.2281155747 0.0960753763    0.00   0.04      0.96
491  1.00000000 0.9860683579 0.1015569305 0.5193130139    0.00   0.00      1.00
492  0.91925781 0.6319541880 0.1791036155 0.9571009178    0.00   0.25      0.75
493  0.85765625 0.7428563226 0.0053966781 0.6590953893    0.13   0.02      0.85
494  1.00000000 0.8737699187 0.9407051336 0.4018487891    0.00   0.00      1.00
495  0.99597656 0.0183709983 0.4932954891 0.0510411279    0.00   0.03      0.97
496  0.98156250 0.2557047475 0.3669854428 0.4041431083    0.00   0.10      0.90
497  0.86726563 0.5464088046 0.1328086695 0.1555378742    0.02   0.31      0.67
498  0.97933594 0.6870817288 0.2644846090 0.0676269711    0.00   0.08      0.92
499  1.00000000 0.9429967131 0.8977789846 0.4324029468    0.00   0.00      1.00
500  0.99738281 0.2549857949 0.5098071699 0.8766312196    0.00   0.02      0.98
501  1.00000000 0.5694957008 0.7190663323 0.2327635281    0.00   0.00      1.00
502  0.99949219 0.5117596476 0.6259463981 0.6282317266    0.00   0.01      0.99
503  1.00000000 0.5067530875 0.8883435016 0.5582376122    0.00   0.00      1.00
504  0.89574219 0.1847968134 0.2263468895 0.3532475308    0.00   0.34      0.66
505  0.93683594 0.0674542524 0.2739141870 0.3263995689    0.01   0.26      0.73
506  0.99843750 0.8246212057 0.4541612342 0.7461410617    0.00   0.00      1.00
507  0.97640625 0.7681125035 0.2443154484 0.2775862552    0.00   0.10      0.90
508  1.00000000 0.9217147771 0.7676610695 0.0268634714    0.00   0.00      1.00
509  0.62941406 0.2155053162 0.0748812093 0.2443525824    0.05   0.63      0.32
510  0.52089844 0.0428331890 0.0878292031 0.4275875336    0.04   0.89      0.07
511  0.99730469 0.1281242517 0.5196642263 0.8535614649    0.00   0.03      0.97
512  1.00000000 0.0487768012 0.7886481904 0.8000093603    0.00   0.00      1.00
513  1.00000000 0.3507652613 0.6826875485 0.2842343247    0.00   0.00      1.00
514  0.97144531 0.0795513478 0.3630379788 0.2944513620    0.00   0.10      0.90
515  1.00000000 0.4587212144 0.6980321901 0.8263746456    0.00   0.00      1.00
516  1.00000000 0.0010767891 0.8837941720 0.1264324659    0.00   0.00      1.00
517  0.99972656 0.9670514998 0.1876970707 0.1071847766    0.00   0.00      1.00
518  0.99992187 0.0195049213 0.6441373592 0.0599737519    0.00   0.00      1.00
519  0.99292969 0.1306875469 0.4529158860 0.2365242068    0.00   0.01      0.99
520  0.83835938 0.6690827657 0.0928066294 0.6643275674    0.00   0.31      0.69
521  1.00000000 0.6775871811 0.9714305007 0.8100425377    0.00   0.00      1.00
522  0.89507812 0.0504778980 0.2446263521 0.8322554599    0.00   0.45      0.55
523  1.00000000 0.0563120602 0.9913265011 0.5648797364    0.00   0.00      1.00
524  0.98914062 0.3968383600 0.3993531081 0.2160010156    0.00   0.06      0.94
525  0.92855469 0.3928719675 0.2236978342 0.9394188102    0.00   0.26      0.74
526  1.00000000 0.3114617134 0.9022089816 0.8499136600    0.00   0.00      1.00
527  0.99304687 0.9846412039 0.1037954830 0.5096211710    0.00   0.02      0.98
528  0.99667969 0.5692806607 0.4683570219 0.7804146190    0.00   0.03      0.97
529  1.00000000 0.6043791191 0.7688899681 0.6807412410    0.00   0.00      1.00
530  0.88238281 0.5032014067 0.1881260325 0.0061468352    0.02   0.27      0.71
531  1.00000000 0.7392255764 0.7385693407 0.9570947464    0.00   0.00      1.00
532  1.00000000 0.0433543182 0.9338798516 0.6426801407    0.00   0.00      1.00
533  0.99972656 0.7112147703 0.6000750589 0.7960591693    0.00   0.00      1.00
534  1.00000000 0.1305819307 0.8159680192 0.5420531312    0.00   0.00      1.00
535  0.96414062 0.3273506910 0.3057406296 0.7584866877    0.00   0.09      0.91
536  1.00000000 0.7933995854 0.7959220090 0.4452183733    0.00   0.00      1.00
537  0.97679688 0.4231266370 0.3433707152 0.1855066449    0.00   0.09      0.91
538  0.64199219 0.2167871315 0.0921208970 0.0933933756    0.10   0.58      0.32
539  0.01324219 0.0512955049 0.0005028499 0.3973453965    0.96   0.03      0.01
540  0.98167969 0.4730640904 0.3201490128 0.6516823045    0.00   0.06      0.94
541  0.98515625 0.1420752744 0.3976529583 0.5806608833    0.00   0.07      0.93
542  0.87015625 0.5168461294 0.1637858006 0.2372067394    0.00   0.38      0.62
543  1.00000000 0.9337603266 0.7256393973 0.9195178896    0.00   0.00      1.00
544  0.85187500 0.4251888914 0.1809919537 0.6080434790    0.00   0.48      0.52
545  1.00000000 0.2870142953 0.9810582786 0.6552489081    0.00   0.00      1.00
546  0.98480469 0.1276334797 0.4060458669 0.9855528204    0.00   0.08      0.92
547  0.99996094 0.8761439505 0.6542336931 0.2535355175    0.00   0.00      1.00
548  1.00000000 0.2476748128 0.8514209490 0.3786578248    0.00   0.00      1.00
549  1.00000000 0.8178575460 0.7441373954 0.4767679174    0.00   0.00      1.00
550  1.00000000 0.0532607101 0.6788420938 0.7123793294    0.00   0.00      1.00
551  0.99179688 0.0278573318 0.4449697793 0.7559719463    0.00   0.05      0.95
552  0.97332031 0.3933273456 0.3209551922 0.0650605178    0.00   0.14      0.86
553  0.99765625 0.3782431860 0.5188488709 0.8465604337    0.00   0.00      1.00
554  1.00000000 0.2596118273 0.8528399740 0.1025944049    0.00   0.00      1.00
555  0.99953125 0.2183393822 0.5836785357 0.9354084225    0.00   0.00      1.00
556  0.99472656 0.6595764931 0.3782307587 0.2750534504    0.00   0.01      0.99
557  0.99800781 0.6471639394 0.5055873604 0.3398620472    0.00   0.00      1.00
558  0.86859375 0.4083667328 0.1717153932 0.3917046941    0.00   0.39      0.61
559  0.99976562 0.4424747699 0.6003849229 0.8728280289    0.00   0.00      1.00
560  1.00000000 0.8681143853 0.9187123156 0.8060641256    0.00   0.00      1.00
561  0.92238281 0.4620848543 0.2138481203 0.3288876521    0.00   0.31      0.69
562  1.00000000 0.5378162186 0.7698932765 0.1313443999    0.00   0.00      1.00
563  0.99976562 0.6657193096 0.6198178765 0.4262589258    0.00   0.00      1.00
564  0.57109375 0.6286266197 0.0063997481 0.3468394952    0.36   0.09      0.55
565  1.00000000 0.3600522287 0.8229696767 0.7561657273    0.00   0.00      1.00
566  0.99863281 0.6815772294 0.4522484036 0.8596303349    0.00   0.01      0.99
567  0.98925781 0.5968124098 0.3733037137 0.9360956484    0.00   0.03      0.97
568  0.97519531 0.8537411368 0.2048989814 0.1485404510    0.00   0.06      0.94
569  0.92121094 0.4152588991 0.2199542988 0.9162193544    0.00   0.29      0.71
570  0.99925781 0.2307587473 0.5698850665 0.1917642329    0.00   0.00      1.00
571  1.00000000 0.1618743059 0.8119194931 0.6985502373    0.00   0.00      1.00
572  0.71097656 0.6360108738 0.0529916121 0.2386666939    0.15   0.25      0.60
573  0.99273437 0.3731794588 0.4295657338 0.0309805654    0.00   0.03      0.97
574  0.99968750 0.7552386753 0.6707294814 0.3191796632    0.00   0.00      1.00
575  0.99906250 0.6791912841 0.5224481206 0.9486163855    0.00   0.01      0.99
576  0.99933594 0.4438340745 0.5553578604 0.3900089313    0.00   0.00      1.00
577  1.00000000 0.9905569421 0.0109092223 0.6245616986    0.00   0.00      1.00
578  0.99937500 0.1200147581 0.5783718294 0.3999528792    0.00   0.01      0.99
579  0.99878906 0.0302281308 0.5748949470 0.5742953741    0.00   0.02      0.98
580  0.94160156 0.0787538716 0.2976104361 0.2404072743    0.00   0.18      0.82
581  0.63792969 0.1625543283 0.0997476629 0.0472808520    0.14   0.57      0.29
582  0.99824219 0.8965346394 0.4020239587 0.1710376914    0.00   0.00      1.00
583  0.87757812 0.0727583640 0.2227600692 0.8934890821    0.00   0.36      0.64
584  0.99832031 0.1383564551 0.5585537869 0.7457317275    0.00   0.01      0.99
585  1.00000000 0.6124377525 0.9223721595 0.8230088581    0.00   0.00      1.00
586  0.99960938 0.9391225679 0.4780454966 0.1895685273    0.00   0.00      1.00
587  0.99976562 0.7710794716 0.6287389158 0.0771398963    0.00   0.00      1.00
588  1.00000000 0.6741235929 0.7682951593 0.1732741613    0.00   0.00      1.00
589  1.00000000 0.8949290917 0.6216437737 0.0518171024    0.00   0.00      1.00
590  0.75121094 0.5867032921 0.0534884678 0.0758318703    0.11   0.24      0.65
591  1.00000000 0.5171288638 0.8470902340 0.8388536668    0.00   0.00      1.00
592  0.89718750 0.8104676288 0.0512764971 0.2831773045    0.03   0.12      0.85
593  0.99746094 0.0260037142 0.5131728712 0.0504986607    0.00   0.03      0.97
594  0.99863281 0.0631444871 0.5453261284 0.8529304364    0.00   0.03      0.97
595  1.00000000 0.7270441097 0.9162642318 0.3987904375    0.00   0.00      1.00
596  1.00000000 0.6913216382 0.9447385510 0.0884547948    0.00   0.00      1.00
597  0.95382813 0.8814205355 0.1201012821 0.8760333438    0.00   0.10      0.90
598  1.00000000 0.9145437921 0.8423966740 0.2034279872    0.00   0.00      1.00
599  0.99976562 0.1060761854 0.6353235142 0.3572327755    0.00   0.00      1.00
600  0.95464844 0.0174897497 0.3155399880 0.4150256342    0.00   0.17      0.83
601  0.99996094 0.7165036828 0.6782999437 0.3537991825    0.00   0.00      1.00
602  0.96855469 0.3623782995 0.3036938633 0.6521635440    0.00   0.18      0.82
603  0.87625000 0.4605668539 0.1711807416 0.6424992399    0.00   0.35      0.65
604  0.14953125 0.0821079130 0.0085049924 0.7222429570    0.63   0.28      0.09
605  0.99980469 0.7976596816 0.5987594489 0.8102434289    0.00   0.00      1.00
606  0.99667969 0.5021062698 0.4713710418 0.5426066001    0.00   0.01      0.99
607  0.60109375 0.4887108824 0.0439803877 0.7876775262    0.08   0.46      0.46
608  1.00000000 0.1881530576 0.7599490257 0.6071912074    0.00   0.00      1.00
609  0.99703125 0.7992100313 0.4382871354 0.7714607213    0.00   0.00      1.00
610  0.76031250 0.6644920453 0.0295895569 0.5507293823    0.10   0.20      0.70
611  0.76328125 0.2271802758 0.1391965607 0.4239395247    0.00   0.65      0.35
612  1.00000000 0.9910844059 0.9326399143 0.1460013513    0.00   0.00      1.00
613  0.99968750 0.2725088857 0.6087203918 0.6827876032    0.00   0.00      1.00
614  0.99703125 0.0735307396 0.5508057203 0.4230591401    0.00   0.02      0.98
615  0.99921875 0.9580312478 0.4714176699 0.2267617940    0.00   0.02      0.98
616  1.00000000 0.9282226767 0.5844219681 0.9375288074    0.00   0.00      1.00
617  0.70710938 0.4532175646 0.0548761415 0.3780400709    0.08   0.39      0.53
618  0.53210937 0.0708191711 0.0767273931 0.7550643291    0.02   0.80      0.18
619  0.99902344 0.7683197767 0.4781234793 0.0605233719    0.00   0.00      1.00
620  0.97992188 0.0307338773 0.3809853340 0.6377641154    0.00   0.12      0.88
621  1.00000000 0.1502999745 0.9132213783 0.9943586488    0.00   0.00      1.00
622  1.00000000 0.6226220385 0.9651385932 0.3480941209    0.00   0.00      1.00
623  1.00000000 0.7672155974 0.9516358711 0.7362938656    0.00   0.00      1.00
624  0.37437500 0.2980305369 0.0125613837 0.5829183480    0.46   0.23      0.31
625  0.85097656 0.2045033940 0.1888519549 0.4457352040    0.00   0.47      0.53
626  0.99285156 0.1563051515 0.4453895434 0.7929146367    0.00   0.06      0.94
627  1.00000000 0.8804950800 0.7057718649 0.6396392286    0.00   0.00      1.00
628  1.00000000 0.9623068769 0.7014256567 0.2282805771    0.00   0.00      1.00
629  1.00000000 0.9877531857 0.4580873461 0.5164595707    0.00   0.00      1.00
630  1.00000000 0.9163848918 0.7289505298 0.8049005691    0.00   0.00      1.00
631  0.73218750 0.2607676229 0.1172067935 0.7331456023    0.00   0.58      0.42
632  1.00000000 0.7950979797 0.8670679450 0.8219294106    0.00   0.00      1.00
633  0.33640625 0.1543969079 0.0321672265 0.8862123245    0.24   0.61      0.15
634  1.00000000 0.1736591521 0.9371616798 0.8808474331    0.00   0.00      1.00
635  1.00000000 0.8319755537 0.6939226564 0.1875128308    0.00   0.00      1.00
636  0.80039063 0.6356633131 0.0757492376 0.6116009806    0.00   0.36      0.64
637  0.99996094 0.7660880699 0.7084946085 0.2760297242    0.00   0.00      1.00
638  0.99988281 0.4767534819 0.6325772891 0.5426105252    0.00   0.00      1.00
639  1.00000000 0.3504739499 0.7169132680 0.0750159258    0.00   0.00      1.00
640  0.99933594 0.1580282338 0.5653394831 0.6049430810    0.00   0.01      0.99
641  1.00000000 0.2926075694 0.7858291666 0.3639440779    0.00   0.00      1.00
642  0.96617188 0.9188307410 0.0833109128 0.7558365397    0.00   0.07      0.93
643  0.96757812 0.9160803615 0.1022241726 0.3514642245    0.00   0.07      0.93
644  1.00000000 0.0367798579 0.8335373118 0.5143388149    0.00   0.00      1.00
645  0.99714844 0.4906025946 0.4605586897 0.0435704896    0.00   0.01      0.99
646  0.99964844 0.7177165688 0.5506177729 0.7415584815    0.00   0.00      1.00
647  1.00000000 0.1242317932 0.9019582062 0.9772235041    0.00   0.00      1.00
648  1.00000000 0.3971698401 0.9778468541 0.7836395341    0.00   0.00      1.00
649  1.00000000 0.0589571877 0.8399358639 0.8846532113    0.00   0.00      1.00
650  1.00000000 0.4642700125 0.7714696112 0.7069502622    0.00   0.00      1.00
651  1.00000000 0.7303344540 0.6591007207 0.9571610654    0.00   0.00      1.00
652  1.00000000 0.3942155824 0.9526358272 0.6479203401    0.00   0.00      1.00
653  0.96781250 0.1248453259 0.3322719836 0.0122924258    0.00   0.16      0.84
654  0.99933594 0.0116977280 0.5838523107 0.5740393056    0.00   0.01      0.99
655  1.00000000 0.4594868347 0.7677069691 0.1944650991    0.00   0.00      1.00
656  0.66992188 0.6734678140 0.0182072443 0.5076596292    0.18   0.19      0.63
657  0.92937500 0.6499563977 0.1926703374 0.8850812668    0.00   0.25      0.75
658  0.83800781 0.8247072222 0.0189517455 0.4537570551    0.09   0.10      0.81
659  1.00000000 0.2483050416 0.9377082582 0.1649822921    0.00   0.00      1.00
660  1.00000000 0.4378297874 0.9847118077 0.8899215520    0.00   0.00      1.00
661  0.74402344 0.2044875943 0.1265673519 0.5544834484    0.00   0.61      0.39
662  1.00000000 0.9834926862 0.3845814762 0.5862658860    0.00   0.00      1.00
663  0.91074219 0.7064971791 0.1576253397 0.4454772002    0.00   0.23      0.77
664  1.00000000 0.6064133777 0.9073095075 0.1106506302    0.00   0.00      1.00
665  0.95710938 0.3251614522 0.3025473433 0.1959491239    0.00   0.23      0.77
666  0.39121094 0.1991028853 0.0400653130 0.1216761051    0.29   0.55      0.16
667  1.00000000 0.7282499962 0.7817500818 0.6788255747    0.00   0.00      1.00
668  1.00000000 0.5690408996 0.7721995534 0.1989712561    0.00   0.00      1.00
669  0.99886719 0.6485878408 0.4742146870 0.7369260031    0.00   0.00      1.00
670  0.99582031 0.8306964419 0.3836978604 0.1568662082    0.00   0.02      0.98
671  1.00000000 0.9457028070 0.8711472733 0.2867312895    0.00   0.00      1.00
672  1.00000000 0.7419601816 0.8098096394 0.8884240775    0.00   0.00      1.00
673  1.00000000 0.9904803275 0.5261120549 0.7809044756    0.00   0.00      1.00
674  1.00000000 0.9493931336 0.9602901551 0.5877444092    0.00   0.00      1.00
675  1.00000000 0.9565709326 0.8003168544 0.4291021305    0.00   0.00      1.00
676  1.00000000 0.5549696628 0.9646653431 0.1282244478    0.00   0.00      1.00
677  0.99460938 0.3773227588 0.4523753896 0.9258336667    0.00   0.04      0.96
678  0.99945313 0.0901020034 0.6065156590 0.8344943707    0.00   0.01      0.99
679  0.97292969 0.8539142325 0.1532242987 0.2444888612    0.00   0.06      0.94
680  0.99988281 0.9392195134 0.5158669953 0.0522957018    0.00   0.00      1.00
681  0.99949219 0.8470747813 0.5295439097 0.7715388769    0.00   0.01      0.99
682  1.00000000 0.5571334092 0.7698669867 0.1283997926    0.00   0.00      1.00
683  1.00000000 0.4244307845 0.6701094259 0.1227833473    0.00   0.00      1.00
684  0.79031250 0.7357374185 0.0329189973 0.5349925577    0.07   0.20      0.73
685  1.00000000 0.3733368095 0.8984112137 0.7741205003    0.00   0.00      1.00
686  1.00000000 0.4355849617 0.7538625745 0.4571828260    0.00   0.00      1.00
687  0.99957031 0.8245663706 0.5575251698 0.1467691418    0.00   0.01      0.99
688  0.93863281 0.4254945682 0.2555024554 0.9072689705    0.00   0.23      0.77
689  1.00000000 0.0722751522 0.8169365306 0.5588424921    0.00   0.00      1.00
690  1.00000000 0.8051471738 0.9263835629 0.4750228787    0.00   0.00      1.00
691  0.99980469 0.7874949358 0.5730576601 0.7170229310    0.00   0.00      1.00
692  1.00000000 0.3808557303 0.8918503691 0.4410540841    0.00   0.00      1.00
693  1.00000000 0.6206727731 0.9610547901 0.9415958063    0.00   0.00      1.00
694  1.00000000 0.3206757652 0.9912186095 0.1959759311    0.00   0.00      1.00
695  0.98132812 0.7304859259 0.2696273199 0.5940656546    0.00   0.04      0.96
696  0.99992187 0.6990514549 0.6267659080 0.4011076193    0.00   0.00      1.00
697  0.73816406 0.1914515686 0.1306397896 0.7746061061    0.00   0.67      0.33
698  0.99839844 0.9349886985 0.3845897361 0.6450442625    0.00   0.01      0.99
699  0.74226563 0.0542134098 0.1529661403 0.8232351085    0.00   0.69      0.31
700  1.00000000 0.6357906766 0.7877479531 0.5845003789    0.00   0.00      1.00
701  1.00000000 0.4517530471 0.8127952013 0.4796746082    0.00   0.00      1.00
702  0.99503906 0.1221859395 0.4806128209 0.7707341667    0.00   0.01      0.99
703  0.99863281 0.7838178498 0.4863466264 0.3086987105    0.00   0.01      0.99
704  0.99558594 0.0608739580 0.4791831169 0.8839686872    0.00   0.05      0.95
705  0.44710937 0.0287525079 0.0707841467 0.9728970742    0.05   0.86      0.09
706  0.99820312 0.7056980708 0.3614411275 0.7254661468    0.00   0.03      0.97
707  0.91757813 0.1862111539 0.2297775974 0.3152141713    0.00   0.26      0.74
708  0.99976562 0.6224797573 0.6276809953 0.9104254786    0.00   0.00      1.00
709  0.13136719 0.0824363499 0.0147018477 0.3224808779    0.68   0.29      0.03
710  0.99964844 0.3163233784 0.5889133383 0.2259453693    0.00   0.00      1.00
711  0.99984375 0.9554965580 0.5074471284 0.2056757864    0.00   0.01      0.99
712  0.58730469 0.5062176185 0.0224813323 0.5186616154    0.27   0.22      0.51
713  0.98167969 0.7233024673 0.2918206463 0.3568520502    0.00   0.04      0.96
714  0.99890625 0.0940576964 0.5825899404 0.3963676165    0.00   0.00      1.00
715  1.00000000 0.5507840458 0.9923174086 0.8629438104    0.00   0.00      1.00
716  0.80695313 0.2353770311 0.1602542945 0.8613210996    0.00   0.54      0.46
717  0.80769531 0.4536128340 0.1186525037 0.8901750310    0.00   0.42      0.58
718  0.99742188 0.8807449888 0.2674270207 0.0943716578    0.00   0.00      1.00
719  0.99984375 0.4041194429 0.6190993658 0.4251023161    0.00   0.00      1.00
720  1.00000000 0.6419229733 0.8575858923 0.4229282262    0.00   0.00      1.00
721  0.56378906 0.0121899063 0.0936657507 0.2292318919    0.06   0.82      0.12
722  0.99449219 0.3830223475 0.4554983897 0.3877123480    0.00   0.03      0.97
723  0.79457031 0.5661055972 0.0750072035 0.4917584471    0.02   0.32      0.66
724  1.00000000 0.9110563218 0.6002772264 0.4726732937    0.00   0.00      1.00
725  0.83605469 0.3784401983 0.1520617960 0.9598943910    0.00   0.42      0.58
726  0.99976562 0.1742073826 0.6339107205 0.3663549854    0.00   0.00      1.00
727  1.00000000 0.1535461068 0.9972258573 0.0915453578    0.00   0.00      1.00
728  1.00000000 0.8197572269 0.7389632461 0.9409938287    0.00   0.00      1.00
729  0.93402344 0.3654781205 0.2653614765 0.6946010790    0.00   0.26      0.74
730  0.90199219 0.6178978926 0.1296144358 0.5309417988    0.00   0.28      0.72
731  1.00000000 0.8797728629 0.9902953724 0.0274345255    0.00   0.00      1.00
732  1.00000000 0.1926381274 0.8665071754 0.1817081033    0.00   0.00      1.00
733  0.87292969 0.6332277367 0.1126407145 0.3414627991    0.01   0.25      0.74
734  0.54238281 0.4724840038 0.0121500830 0.6608890945    0.37   0.13      0.50
735  1.00000000 0.6159114337 0.9558226662 0.6100475488    0.00   0.00      1.00
736  1.00000000 0.9954802298 0.0512301319 0.0638539959    0.00   0.00      1.00
737  1.00000000 0.4006163708 0.7557756351 0.1841414804    0.00   0.00      1.00
738  1.00000000 0.4826683656 0.9393537508 0.1550089617    0.00   0.00      1.00
739  0.99714844 0.7765046125 0.3439784830 0.7166315173    0.00   0.01      0.99
740  0.92449219 0.1596107283 0.2788091006 0.0623258392    0.00   0.31      0.69
741  0.99500000 0.2207187405 0.4612704851 0.7291476694    0.00   0.02      0.98
742  0.90785156 0.8499038320 0.0654845729 0.1035372766    0.02   0.12      0.86
743  0.99652344 0.1787097484 0.5060325670 0.5220600564    0.00   0.03      0.97
744  0.96445313 0.3674699590 0.3042661799 0.7168323656    0.00   0.15      0.85
745  1.00000000 0.0599906980 0.8450230474 0.8747801799    0.00   0.00      1.00
746  1.00000000 0.9701129065 0.9393677760 0.8282061461    0.00   0.00      1.00
747  1.00000000 0.6854154805 0.7904390902 0.2275123245    0.00   0.00      1.00
748  0.99980469 0.4904961265 0.6382590630 0.6880053233    0.00   0.00      1.00
749  1.00000000 0.3608950265 0.7123009237 0.3178317356    0.00   0.00      1.00
750  1.00000000 0.8089377312 0.6850781769 0.1034995615    0.00   0.00      1.00
751  0.18992187 0.0367243588 0.0221234702 0.4037269228    0.54   0.45      0.01
752  0.27683594 0.2028333249 0.0225006000 0.6451029126    0.31   0.58      0.11
753  0.97613281 0.1466228180 0.3622114661 0.8810299616    0.00   0.19      0.81
754  0.99847656 0.9697686064 0.2920385769 0.6056313324    0.00   0.00      1.00
755  0.91898437 0.0844948217 0.2666277967 0.2605378851    0.00   0.39      0.61
756  1.00000000 0.3457137560 0.8624575040 0.9757103799    0.00   0.00      1.00
757  1.00000000 0.9468115955 0.9718097076 0.7682806652    0.00   0.00      1.00
758  1.00000000 0.4886429005 0.9809359841 0.8443426369    0.00   0.00      1.00
759  0.99675781 0.9762910514 0.1841681020 0.9891721513    0.00   0.01      0.99
760  0.99222656 0.5961908284 0.4230634437 0.5121482159    0.00   0.02      0.98
761  0.96957031 0.2202310490 0.3212217188 0.3861590330    0.00   0.11      0.89
762  0.99785156 0.9653352713 0.3420395867 0.5667537341    0.00   0.02      0.98
763  0.52890625 0.2907913162 0.0637350867 0.7402053198    0.04   0.70      0.26
764  0.95046875 0.1929812683 0.2851283252 0.8356223484    0.00   0.18      0.82
765  0.99378906 0.5367381121 0.4146577080 0.9806821304    0.00   0.02      0.98
766  0.99753906 0.8451227383 0.4025190254 0.1918163435    0.00   0.02      0.98
767  0.99691406 0.9655559431 0.2541058057 0.9768931747    0.00   0.01      0.99
768  0.99945313 0.1334131039 0.6346070378 0.5440207347    0.00   0.00      1.00
769  0.73277344 0.3061573107 0.1015793104 0.6250012359    0.01   0.55      0.44
770  1.00000000 0.4120410914 0.8854768255 0.0680396243    0.00   0.00      1.00
771  0.99929687 0.2245440260 0.5974441676 0.2366038205    0.00   0.00      1.00
772  1.00000000 0.6795752668 0.9641307127 0.0750095404    0.00   0.00      1.00
773  0.99949219 0.6693869634 0.5737362865 0.5928274018    0.00   0.00      1.00
774  0.99898438 0.0867367107 0.5269512353 0.4471588132    0.00   0.01      0.99
775  1.00000000 0.8926194506 0.7977241988 0.0228589319    0.00   0.00      1.00
776  1.00000000 0.9352414242 0.9682703849 0.7764288124    0.00   0.00      1.00
777  0.99976562 0.8591751654 0.5279399725 0.1580672779    0.00   0.00      1.00
778  1.00000000 0.4296493193 0.7870908368 0.3169916191    0.00   0.00      1.00
779  1.00000000 0.2835911550 0.9093505263 0.7681919709    0.00   0.00      1.00
780  0.99410156 0.4546204442 0.4102690015 0.8045834862    0.00   0.04      0.96
781  0.99792969 0.5213307550 0.5167458167 0.5971019519    0.00   0.01      0.99
782  0.88222656 0.4315541023 0.1747028376 0.4648688424    0.00   0.36      0.64
783  0.99898438 0.3883519156 0.5648955179 0.5110424743    0.00   0.03      0.97
784  0.99980469 0.4731604720 0.5942499503 0.6578576204    0.00   0.01      0.99
785  0.49125000 0.2563011192 0.0536215485 0.4625067082    0.19   0.57      0.24
786  0.99988281 0.9715411880 0.4187944618 0.3672407444    0.00   0.00      1.00
787  0.62667969 0.5567210687 0.0302081399 0.8431170788    0.20   0.25      0.55
788  0.99636719 0.5137497087 0.4654983464 0.9211163281    0.00   0.01      0.99
789  0.99691406 0.3330338537 0.5021107735 0.5750657590    0.00   0.04      0.96
790  0.99945313 0.1616478523 0.5902252002 0.3026382157    0.00   0.00      1.00
791  1.00000000 0.2296625802 0.8533491835 0.5740620184    0.00   0.00      1.00
792  1.00000000 0.6362121003 0.9180098111 0.2664945782    0.00   0.00      1.00
793  0.99972656 0.7011983749 0.6190925378 0.5821488376    0.00   0.00      1.00
794  0.97082031 0.3866629393 0.3252121760 0.4387753259    0.00   0.07      0.93
795  0.99894531 0.5887515699 0.5274515811 0.3608135825    0.00   0.00      1.00
796  1.00000000 0.9022746282 0.5829601102 0.4552305632    0.00   0.00      1.00
797  0.99890625 0.0690220557 0.5606245387 0.3646109425    0.00   0.01      0.99
798  0.94683594 0.8800159816 0.0472902239 0.3206862283    0.00   0.08      0.92
799  0.99527344 0.9034632284 0.2881228717 0.5761263117    0.00   0.02      0.98
800  0.99964844 0.5807535087 0.6438644428 0.8352464098    0.00   0.00      1.00
801  0.99996094 0.3965297814 0.6956585860 0.0319882026    0.00   0.00      1.00
802  0.99894531 0.6735570494 0.5406066186 0.8481180607    0.00   0.00      1.00
803  0.99109375 0.9213843483 0.2305799196 0.0645323480    0.00   0.03      0.97
804  0.99796875 0.5143026318 0.5054239403 0.0521801000    0.00   0.01      0.99
805  0.89593750 0.5926867162 0.1379915813 0.1539275753    0.00   0.29      0.71
806  0.99257812 0.1277750747 0.4362856431 0.7131181534    0.00   0.02      0.98
807  1.00000000 0.0829309844 0.9173927999 0.2890429371    0.00   0.00      1.00
808  0.97601563 0.9402791364 0.0929431554 0.3179679944    0.00   0.05      0.95
809  0.99968750 0.6255038334 0.6000968604 0.9795646656    0.00   0.00      1.00
810  0.99941406 0.5911413885 0.6269366299 0.7336162364    0.00   0.00      1.00
811  0.91671875 0.8902271271 0.0400468011 0.1930817575    0.05   0.07      0.88
812  1.00000000 0.9397718392 0.6331447354 0.0003009397    0.00   0.00      1.00
813  0.94406250 0.7546523970 0.1742656780 0.5883632305    0.00   0.18      0.82
814  0.99500000 0.0554036952 0.4774892884 0.1945550863    0.00   0.02      0.98
815  0.94082031 0.3764667003 0.2172261789 0.2195760100    0.00   0.18      0.82
816  0.87660156 0.0244484835 0.2258303980 0.3683373057    0.00   0.45      0.55
817  0.99992187 0.3086533011 0.6442621073 0.7071718909    0.00   0.00      1.00
818  0.91757813 0.8544769834 0.1088368131 0.5338276234    0.01   0.17      0.82
819  1.00000000 0.1941316384 0.8978586472 0.8653451635    0.00   0.00      1.00
820  1.00000000 0.7265147881 0.9388617603 0.3730061110    0.00   0.00      1.00
821  1.00000000 0.1426775600 0.9833047339 0.5857737272    0.00   0.00      1.00
822  0.74921875 0.4644506921 0.0835229883 0.8523365390    0.01   0.44      0.55
823  1.00000000 0.9854322944 0.9573112153 0.5097600494    0.00   0.00      1.00
824  0.99968750 0.7857641911 0.5440697472 0.8430272345    0.00   0.00      1.00
825  0.99308594 0.2713458401 0.4328667573 0.9950493088    0.00   0.04      0.96
826  0.97917969 0.5850894048 0.3143160234 0.5609347068    0.00   0.12      0.88
827  1.00000000 0.7257020988 0.7636655646 0.5527795821    0.00   0.00      1.00
828  0.99937500 0.2957777127 0.6076552372 0.8396157853    0.00   0.00      1.00
829  0.99582031 0.3294362030 0.4625857326 0.5771387385    0.00   0.01      0.99
830  0.85058594 0.7771854112 0.0482497406 0.5471634362    0.05   0.18      0.77
831  0.99996094 0.4048262120 0.8124314218 0.8813422206    0.00   0.01      0.99
832  1.00000000 0.1512012435 0.6973221563 0.8861577285    0.00   0.00      1.00
833  0.84625000 0.8397045750 0.0256784554 0.5390047852    0.12   0.06      0.82
834  1.00000000 0.4376843374 0.9258858247 0.9075425754    0.00   0.00      1.00
835  1.00000000 0.8210375563 0.6965946828 0.6836880608    0.00   0.00      1.00
836  1.00000000 0.3713756942 0.9690733259 0.2704569749    0.00   0.00      1.00
837  0.99863281 0.2357064984 0.5773188020 0.3168982533    0.00   0.00      1.00
838  1.00000000 0.5853835975 0.8978342537 0.6055499869    0.00   0.00      1.00
839  0.96882813 0.7452012112 0.2230037607 0.7894956034    0.00   0.08      0.92
840  1.00000000 0.9953699578 0.6761885365 0.4779327128    0.00   0.00      1.00
841  1.00000000 0.5167080865 0.9476896864 0.8926059578    0.00   0.00      1.00
842  0.87500000 0.6502370310 0.1225809134 0.4915497517    0.00   0.29      0.71
843  0.99984375 0.0825400651 0.6104888704 0.3369163228    0.00   0.00      1.00
844  0.87832031 0.5334848093 0.1358317852 0.9769903554    0.00   0.35      0.65
845  1.00000000 0.9690031952 0.9735291800 0.8821402697    0.00   0.00      1.00
846  1.00000000 0.9958178715 0.5390273153 0.5575715383    0.00   0.00      1.00
847  0.84789063 0.1687226109 0.1799268327 0.5744112835    0.00   0.57      0.43
848  0.85785156 0.0538679347 0.2141879634 0.3250013669    0.00   0.46      0.54
849  0.92175781 0.2972792515 0.2342850552 0.4937407912    0.00   0.35      0.65
850  0.98179688 0.8835429300 0.2071911122 0.6562503036    0.00   0.04      0.96
851  0.32218750 0.2125350717 0.0205953806 0.7653601835    0.43   0.36      0.21
852  0.99980469 0.6430143456 0.5863146770 0.9410438151    0.00   0.00      1.00
853  0.92972656 0.5743297155 0.1975146791 0.6153329003    0.00   0.27      0.73
854  0.99437500 0.8973683666 0.2576604488 0.9484198221    0.00   0.01      0.99
855  0.99867187 0.6077375505 0.5343497295 0.9610792908    0.00   0.00      1.00
856  0.98738281 0.6719367553 0.2964438468 0.0061213218    0.00   0.05      0.95
857  1.00000000 0.2068152193 0.8063045612 0.3419288967    0.00   0.00      1.00
858  0.99238281 0.0544564102 0.4366390286 0.3797475644    0.00   0.04      0.96
859  1.00000000 0.9120929306 0.7287986614 0.5002365531    0.00   0.00      1.00
860  0.88320312 0.2135924648 0.2046300522 0.2846794217    0.00   0.40      0.60
861  1.00000000 0.0101614925 0.7550254529 0.8773207599    0.00   0.00      1.00
862  0.99996094 0.7481583722 0.6847703427 0.4003702246    0.00   0.00      1.00
863  0.99039062 0.5855975058 0.3758128362 0.9109992136    0.00   0.03      0.97
864  1.00000000 0.9029440694 0.7009499236 0.2783158924    0.00   0.00      1.00
865  1.00000000 0.8690704238 0.6167524834 0.9392326239    0.00   0.00      1.00
866  0.18902344 0.1910766559 0.0023123382 0.5466161249    0.79   0.03      0.18
867  0.99996094 0.5735793517 0.6400823409 0.9585989574    0.00   0.00      1.00
868  0.95363281 0.6338947320 0.2200187158 0.7992308964    0.00   0.16      0.84
869  1.00000000 0.7082555261 0.6395219504 0.9656317199    0.00   0.00      1.00
870  1.00000000 0.5178286687 0.6927057870 0.2973166031    0.00   0.00      1.00
871  1.00000000 0.8319429336 0.9496163831 0.3333270466    0.00   0.00      1.00
872  0.84359375 0.6408284828 0.0894209545 0.2784398790    0.04   0.28      0.68
873  0.97347656 0.8023165055 0.2435881987 0.8614161059    0.00   0.06      0.94
874  1.00000000 0.2490017342 0.8406251580 0.5629480390    0.00   0.00      1.00
875  0.99457031 0.3170284273 0.4435422153 0.9952865387    0.00   0.02      0.98
876  0.99972656 0.2594694570 0.6373389475 0.6499725897    0.00   0.00      1.00
877  0.99269531 0.1533756149 0.4519413265 0.4335139142    0.00   0.07      0.93
878  0.99964844 0.5508652406 0.5794135539 0.4459361862    0.00   0.01      0.99
879  1.00000000 0.0650314759 0.7735759749 0.3234271191    0.00   0.00      1.00
880  1.00000000 0.7408618880 0.8820517682 0.3856004281    0.00   0.00      1.00
881  1.00000000 0.7333097882 0.7492586107 0.9463612598    0.00   0.00      1.00
882  0.91148438 0.0406024442 0.2518057879 0.6428295453    0.00   0.33      0.67
883  0.99910156 0.1657936291 0.5655725328 0.5608869412    0.00   0.02      0.98
884  0.73378906 0.5296895613 0.0664727804 0.8733702058    0.03   0.42      0.55
885  1.00000000 0.2540079136 0.8861750350 0.3169099542    0.00   0.00      1.00
886  1.00000000 0.0911885623 0.9890634317 0.2583167250    0.00   0.00      1.00
887  0.99968750 0.4069747904 0.6282274888 0.5120153588    0.00   0.00      1.00
888  0.99992187 0.2307901967 0.6755508289 0.6556691076    0.00   0.00      1.00
889  1.00000000 0.9458104065 0.5448013130 0.9945861062    0.00   0.00      1.00
890  0.99972656 0.1329055545 0.6681120167 0.4404483840    0.00   0.00      1.00
891  0.96402344 0.1764435254 0.3137694071 0.8034320306    0.00   0.11      0.89
892  0.97765625 0.5296334794 0.3163612310 0.5560057233    0.00   0.09      0.91
893  1.00000000 0.0314120410 0.7523774460 0.4739653165    0.00   0.00      1.00
894  0.99976562 0.1916139345 0.6523424361 0.5206656596    0.00   0.00      1.00
895  1.00000000 0.9863202453 0.8730460689 0.5323301877    0.00   0.00      1.00
896  0.99949219 0.9712767818 0.4636721718 0.6385556641    0.00   0.00      1.00
897  0.99960938 0.7126718082 0.6450635756 0.0651521408    0.00   0.00      1.00
898  1.00000000 0.4578026913 0.9476881048 0.3937083404    0.00   0.00      1.00
899  1.00000000 0.8982428787 0.9628398968 0.8138958474    0.00   0.00      1.00
900  1.00000000 0.3677074530 0.7667355167 0.2472545346    0.00   0.00      1.00
901  0.99703125 0.3284699521 0.5044377102 0.2451580230    0.00   0.01      0.99
902  0.91503906 0.7964826564 0.1258567160 0.9417149404    0.00   0.21      0.79
903  1.00000000 0.6457027451 0.7718721987 0.7609332860    0.00   0.00      1.00
904  0.87796875 0.6343244330 0.1235322189 0.1924108262    0.01   0.25      0.74
905  0.58617188 0.2949251295 0.0654877089 0.8524262239    0.02   0.69      0.29
906  0.96417969 0.8768707325 0.1101702594 0.6624430795    0.00   0.06      0.94
907  1.00000000 0.2130790153 0.8053905813 0.5912404910    0.00   0.00      1.00
908  0.40828125 0.0341127918 0.0643202551 0.5782299803    0.06   0.92      0.02
909  0.99996094 0.7110322928 0.6353371302 0.4011758480    0.00   0.00      1.00
910  0.99996094 0.1658212175 0.6618669040 0.9773031315    0.00   0.00      1.00
911  0.99730469 0.8179776010 0.4246999931 0.9924077808    0.00   0.01      0.99
912  1.00000000 0.0658369279 0.8467240504 0.0440969013    0.00   0.00      1.00
913  0.96160156 0.8244953430 0.1380207357 0.1419929655    0.00   0.09      0.91
914  1.00000000 0.4249032114 0.9186166094 0.7312590729    0.00   0.00      1.00
915  0.94570312 0.5176209484 0.2478659637 0.5068441916    0.00   0.21      0.79
916  0.51804688 0.1040202861 0.0738381706 0.2923466018    0.12   0.70      0.18
917  0.99437500 0.6290537382 0.3946866873 0.6067313519    0.00   0.05      0.95
918  0.99976562 0.2034462909 0.6384474637 0.7242221169    0.00   0.00      1.00
919  0.99847656 0.9346080499 0.3665519322 0.5458068470    0.00   0.01      0.99
920  0.99878906 0.1689782469 0.5459212030 0.7896099149    0.00   0.00      1.00
921  0.99464844 0.2383666558 0.4528753303 0.5067455443    0.00   0.02      0.98
922  0.96363281 0.3756017557 0.3135361099 0.1541296020    0.00   0.15      0.85
923  1.00000000 0.2060369353 0.6546461878 0.2111788450    0.00   0.00      1.00
924  0.99988281 0.4736340954 0.6776159299 0.1586795351    0.00   0.00      1.00
925  1.00000000 0.8647227301 0.7635460168 0.8562347163    0.00   0.00      1.00
926  1.00000000 0.5087108102 0.9910990219 0.7821283508    0.00   0.00      1.00
927  0.87179688 0.4317340280 0.1839776137 0.4660225238    0.00   0.43      0.57
928  0.99109375 0.9270801642 0.1801521499 0.0856194927    0.00   0.02      0.98
929  0.99730469 0.1402000035 0.5052224845 0.1767941054    0.00   0.00      1.00
930  0.73421875 0.4999561303 0.0698891394 0.7751192404    0.01   0.44      0.55
931  0.99324219 0.0126834398 0.4512119072 0.2198732661    0.00   0.00      1.00
932  0.98593750 0.5335973131 0.3478515875 0.6434303871    0.00   0.06      0.94
933  0.99984375 0.6253087916 0.6280785222 0.8776507280    0.00   0.00      1.00
934  0.90671875 0.1575542970 0.2221801283 0.2178891224    0.00   0.36      0.64
935  0.99863281 0.0559512009 0.5611611074 0.7519055516    0.00   0.00      1.00
936  1.00000000 0.7293608091 0.8979384282 0.9344264371    0.00   0.00      1.00
937  1.00000000 0.4704235641 0.7670402271 0.2474574433    0.00   0.00      1.00
938  0.99996094 0.1680139566 0.7394616646 0.7921578167    0.00   0.00      1.00
939  0.97648437 0.8203514384 0.2708856685 0.4950676532    0.00   0.08      0.92
940  0.99996094 0.9190607320 0.5036923783 0.4276452772    0.00   0.00      1.00
941  0.94898437 0.2928113858 0.2581522600 0.1405360049    0.00   0.25      0.75
942  1.00000000 0.5846281631 0.8411722390 0.1522649967    0.00   0.00      1.00
943  0.99984375 0.3306526358 0.6578989546 0.2866737796    0.00   0.00      1.00
944  0.86960938 0.4877315769 0.1692678172 0.5227281824    0.00   0.39      0.61
945  0.93292969 0.0943312622 0.2805946474 0.8599499576    0.00   0.23      0.77
946  0.98652344 0.9342844198 0.2237588197 0.1704289329    0.00   0.03      0.97
947  0.99992187 0.1458568822 0.6449074412 0.7683540001    0.00   0.00      1.00
948  1.00000000 0.4348384719 0.8650590186 0.4619159615    0.00   0.00      1.00
949  0.99980469 0.8447617949 0.5758967665 0.4308986843    0.00   0.00      1.00
950  0.99945313 0.5648944229 0.5714213196 0.7812622215    0.00   0.01      0.99
951  1.00000000 0.3432358424 0.8265750732 0.4619550193    0.00   0.00      1.00
952  1.00000000 0.8791623989 0.8771878709 0.3629105119    0.00   0.00      1.00
953  1.00000000 0.2178852230 0.9307906555 0.7407873429    0.00   0.00      1.00
954  0.83632812 0.0955104530 0.2052248854 0.7870378278    0.00   0.55      0.45
955  0.96773438 0.2506404445 0.3316591089 0.6448316819    0.00   0.13      0.87
956  1.00000000 0.8483512448 0.8058167761 0.2199936858    0.00   0.00      1.00
957  1.00000000 0.8181537846 0.6064280884 0.9423949623    0.00   0.00      1.00
958  0.96027344 0.7424110989 0.2188952754 0.1564990433    0.00   0.11      0.89
959  1.00000000 0.9759972708 0.7166566500 0.4067489633    0.00   0.00      1.00
960  0.99492187 0.9544003264 0.2129800469 0.9168513061    0.00   0.02      0.98
961  1.00000000 0.4429797935 0.7852173101 0.7825214225    0.00   0.00      1.00
962  0.99933594 0.3310468011 0.6059089897 0.2505160780    0.00   0.01      0.99
963  0.99644531 0.9271414676 0.3818551390 0.3604623787    0.00   0.02      0.98
964  0.99988281 0.6605647013 0.6363826208 0.6929892248    0.00   0.00      1.00
965  1.00000000 0.4051907454 0.9922880777 0.2623100057    0.00   0.00      1.00
966  1.00000000 0.6732884010 0.9525634698 0.2743768173    0.00   0.00      1.00
967  0.98917969 0.6895439057 0.3244111645 0.6378968002    0.00   0.03      0.97
968  0.68332031 0.5841387254 0.0163770716 0.2430775885    0.21   0.15      0.64
969  0.99238281 0.9267445421 0.1389388051 0.7596064284    0.00   0.03      0.97
970  0.98250000 0.0231225260 0.3929669973 0.8678017599    0.00   0.09      0.91
971  1.00000000 0.2626644569 0.8451096793 0.6241676195    0.00   0.00      1.00
972  0.95414062 0.6404623103 0.2260377752 0.5934847880    0.00   0.24      0.76
973  0.99695312 0.7301525611 0.4088213474 0.1166627652    0.00   0.00      1.00
974  1.00000000 0.4101351849 0.8011102802 0.2876907028    0.00   0.00      1.00
975  0.96886719 0.2426976794 0.3227981459 0.4287584880    0.00   0.13      0.87
976  0.98785156 0.8377126041 0.2540976449 0.4114365357    0.00   0.03      0.97
977  0.91527344 0.3880465042 0.1977715255 0.8853125996    0.00   0.41      0.59
978  0.99898438 0.6941486979 0.4789665432 0.4523315127    0.00   0.00      1.00
979  0.99992187 0.0550649019 0.7804866410 0.5280251219    0.00   0.00      1.00
980  0.99984375 0.8414885711 0.6013099328 0.8980827846    0.00   0.00      1.00
981  0.99535156 0.3776596836 0.4436720088 0.7697689061    0.00   0.02      0.98
982  1.00000000 0.7532835430 0.8691527366 0.5503065714    0.00   0.00      1.00
983  0.99703125 0.1376217471 0.5254017303 0.0886938947    0.00   0.01      0.99
984  0.81035156 0.4267275240 0.1416207158 0.9756206188    0.00   0.49      0.51
985  1.00000000 0.6613471881 0.9542337277 0.5296951497    0.00   0.00      1.00
986  0.99695312 0.1572993819 0.4835503837 0.3663420505    0.00   0.03      0.97
987  0.99027344 0.6735810924 0.3514934666 0.2317150033    0.00   0.06      0.94
988  0.98832031 0.4276701352 0.3808703981 0.5605814992    0.00   0.04      0.96
989  0.99484375 0.8448380039 0.3874251794 0.9037691941    0.00   0.01      0.99
990  1.00000000 0.3193246834 0.7306624663 0.5424136079    0.00   0.00      1.00
991  1.00000000 0.1373151075 0.8896200710 0.4610645066    0.00   0.00      1.00
992  0.99996094 0.7022536679 0.7227850114 0.8387131912    0.00   0.00      1.00
993  0.99773437 0.0236907059 0.5273516402 0.0515774502    0.00   0.01      0.99
994  1.00000000 0.8980205571 0.7814253578 0.9400460285    0.00   0.00      1.00
995  0.86804687 0.1403351061 0.2070396454 0.1765624986    0.00   0.43      0.57
996  0.94984375 0.8679783389 0.1274248832 0.0057438118    0.03   0.06      0.91
997  0.99304687 0.9699212327 0.0747039095 0.6144399045    0.00   0.01      0.99
998  0.98359375 0.7072147222 0.3257177989 0.9022107802    0.00   0.06      0.94
999  1.00000000 0.4893956874 0.6553771477 0.1871683865    0.00   0.00      1.00
1000 0.95328125 0.7243796082 0.1883513527 0.0955478563    0.00   0.16      0.84
