      prop.aneu prob.meio   prob.mito dispersal euploid mosaic aneuploid
1    1.00000000 0.5744552 0.013713633         1    0.23   0.13      0.64
2    1.00000000 0.5744552 0.013713633         1    0.23   0.13      0.64
3    1.00000000 0.5744552 0.013713633         1    0.23   0.13      0.64
4    1.00000000 0.5744552 0.013713633         1    0.23   0.13      0.64
5    0.01562500 0.5744552 0.013713633         1    0.23   0.13      0.64
6    1.00000000 0.5744552 0.013713633         1    0.23   0.13      0.64
7    1.00000000 0.5744552 0.013713633         1    0.23   0.13      0.64
8    1.00000000 0.5744552 0.013713633         1    0.23   0.13      0.64
9    1.00000000 0.5744552 0.013713633         1    0.23   0.13      0.64
10   0.03906250 0.5744552 0.013713633         1    0.23   0.13      0.64
11   1.00000000 0.5744552 0.013713633         1    0.23   0.13      0.64
12   1.00000000 0.5744552 0.013713633         1    0.23   0.13      0.64
13   1.00000000 0.5744552 0.013713633         1    0.23   0.13      0.64
14   1.00000000 0.5744552 0.013713633         1    0.23   0.13      0.64
15   1.00000000 0.5744552 0.013713633         1    0.23   0.13      0.64
16   1.00000000 0.5744552 0.013713633         1    0.23   0.13      0.64
17   1.00000000 0.5744552 0.013713633         1    0.23   0.13      0.64
18   0.03906250 0.5744552 0.013713633         1    0.23   0.13      0.64
19   0.05468750 0.5744552 0.013713633         1    0.23   0.13      0.64
20   1.00000000 0.5744552 0.013713633         1    0.23   0.13      0.64
21   0.10156250 0.5744552 0.013713633         1    0.23   0.13      0.64
22   1.00000000 0.5744552 0.013713633         1    0.23   0.13      0.64
23   1.00000000 0.5744552 0.013713633         1    0.23   0.13      0.64
24   1.00000000 0.5744552 0.013713633         1    0.23   0.13      0.64
25   1.00000000 0.5744552 0.013713633         1    0.23   0.13      0.64
26   1.00000000 0.5744552 0.013713633         1    0.23   0.13      0.64
27   0.09765625 0.5744552 0.013713633         1    0.23   0.13      0.64
28   0.55078125 0.5744552 0.013713633         1    0.23   0.13      0.64
29   0.31250000 0.5744552 0.013713633         1    0.23   0.13      0.64
30   1.00000000 0.5744552 0.013713633         1    0.23   0.13      0.64
31   0.30468750 0.5744552 0.013713633         1    0.23   0.13      0.64
32   1.00000000 0.5744552 0.013713633         1    0.23   0.13      0.64
33   1.00000000 0.5744552 0.013713633         1    0.23   0.13      0.64
34   0.03515625 0.5744552 0.013713633         1    0.23   0.13      0.64
35   0.05859375 0.5744552 0.013713633         1    0.23   0.13      0.64
36   1.00000000 0.5744552 0.013713633         1    0.23   0.13      0.64
37   0.05078125 0.5744552 0.013713633         1    0.23   0.13      0.64
38   1.00000000 0.5744552 0.013713633         1    0.23   0.13      0.64
39   1.00000000 0.5744552 0.013713633         1    0.23   0.13      0.64
40   1.00000000 0.5744552 0.013713633         1    0.23   0.13      0.64
41   0.04687500 0.5744552 0.013713633         1    0.23   0.13      0.64
42   0.24609375 0.5744552 0.013713633         1    0.23   0.13      0.64
43   1.00000000 0.5744552 0.013713633         1    0.23   0.13      0.64
44   0.07421875 0.5744552 0.013713633         1    0.23   0.13      0.64
45   1.00000000 0.5744552 0.013713633         1    0.23   0.13      0.64
46   1.00000000 0.5744552 0.013713633         1    0.23   0.13      0.64
47   0.14453125 0.5744552 0.013713633         1    0.23   0.13      0.64
48   1.00000000 0.5744552 0.013713633         1    0.23   0.13      0.64
49   1.00000000 0.5744552 0.013713633         1    0.23   0.13      0.64
50   1.00000000 0.5744552 0.013713633         1    0.23   0.13      0.64
51   1.00000000 0.5744552 0.013713633         1    0.23   0.13      0.64
52   1.00000000 0.5744552 0.013713633         1    0.23   0.13      0.64
53   0.01562500 0.5744552 0.013713633         1    0.23   0.13      0.64
54   0.09765625 0.5744552 0.013713633         1    0.23   0.13      0.64
55   1.00000000 0.5744552 0.013713633         1    0.23   0.13      0.64
56   0.62500000 0.5744552 0.013713633         1    0.23   0.13      0.64
57   0.03515625 0.5744552 0.013713633         1    0.23   0.13      0.64
58   1.00000000 0.5744552 0.013713633         1    0.23   0.13      0.64
59   0.03515625 0.5744552 0.013713633         1    0.23   0.13      0.64
60   1.00000000 0.5744552 0.013713633         1    0.23   0.13      0.64
61   0.04687500 0.5744552 0.013713633         1    0.23   0.13      0.64
62   0.05859375 0.5744552 0.013713633         1    0.23   0.13      0.64
63   1.00000000 0.5744552 0.013713633         1    0.23   0.13      0.64
64   1.00000000 0.5744552 0.013713633         1    0.23   0.13      0.64
65   1.00000000 0.5744552 0.013713633         1    0.23   0.13      0.64
66   1.00000000 0.5744552 0.013713633         1    0.23   0.13      0.64
67   0.04687500 0.5744552 0.013713633         1    0.23   0.13      0.64
68   1.00000000 0.5744552 0.013713633         1    0.23   0.13      0.64
69   1.00000000 0.5744552 0.013713633         1    0.23   0.13      0.64
70   1.00000000 0.5744552 0.013713633         1    0.23   0.13      0.64
71   0.07812500 0.5744552 0.013713633         1    0.23   0.13      0.64
72   1.00000000 0.5744552 0.013713633         1    0.23   0.13      0.64
73   1.00000000 0.5744552 0.013713633         1    0.23   0.13      0.64
74   0.31640625 0.5744552 0.013713633         1    0.23   0.13      0.64
75   1.00000000 0.5744552 0.013713633         1    0.23   0.13      0.64
76   1.00000000 0.5744552 0.013713633         1    0.23   0.13      0.64
77   1.00000000 0.5744552 0.013713633         1    0.23   0.13      0.64
78   1.00000000 0.5744552 0.013713633         1    0.23   0.13      0.64
79   0.02734375 0.5744552 0.013713633         1    0.23   0.13      0.64
80   1.00000000 0.5744552 0.013713633         1    0.23   0.13      0.64
81   1.00000000 0.5744552 0.013713633         1    0.23   0.13      0.64
82   0.02343750 0.5744552 0.013713633         1    0.23   0.13      0.64
83   0.08593750 0.5744552 0.013713633         1    0.23   0.13      0.64
84   1.00000000 0.5744552 0.013713633         1    0.23   0.13      0.64
85   1.00000000 0.5744552 0.013713633         1    0.23   0.13      0.64
86   1.00000000 0.5744552 0.013713633         1    0.23   0.13      0.64
87   1.00000000 0.5744552 0.013713633         1    0.23   0.13      0.64
88   0.03125000 0.5744552 0.013713633         1    0.23   0.13      0.64
89   0.00000000 0.5744552 0.013713633         1    0.23   0.13      0.64
90   1.00000000 0.5744552 0.013713633         1    0.23   0.13      0.64
91   1.00000000 0.5744552 0.013713633         1    0.23   0.13      0.64
92   0.02343750 0.5744552 0.013713633         1    0.23   0.13      0.64
93   1.00000000 0.5744552 0.013713633         1    0.23   0.13      0.64
94   1.00000000 0.5744552 0.013713633         1    0.23   0.13      0.64
95   1.00000000 0.5744552 0.013713633         1    0.23   0.13      0.64
96   0.54296875 0.5744552 0.013713633         1    0.23   0.13      0.64
97   1.00000000 0.5744552 0.013713633         1    0.23   0.13      0.64
98   0.02734375 0.5744552 0.013713633         1    0.23   0.13      0.64
99   0.01562500 0.5744552 0.013713633         1    0.23   0.13      0.64
100  0.07031250 0.5744552 0.013713633         1    0.23   0.13      0.64
101  0.00000000 0.5578579 0.003586447         1    0.39   0.06      0.55
102  1.00000000 0.5578579 0.003586447         1    0.39   0.06      0.55
103  1.00000000 0.5578579 0.003586447         1    0.39   0.06      0.55
104  1.00000000 0.5578579 0.003586447         1    0.39   0.06      0.55
105  0.01562500 0.5578579 0.003586447         1    0.39   0.06      0.55
106  1.00000000 0.5578579 0.003586447         1    0.39   0.06      0.55
107  1.00000000 0.5578579 0.003586447         1    0.39   0.06      0.55
108  1.00000000 0.5578579 0.003586447         1    0.39   0.06      0.55
109  1.00000000 0.5578579 0.003586447         1    0.39   0.06      0.55
110  0.04687500 0.5578579 0.003586447         1    0.39   0.06      0.55
111  0.25000000 0.5578579 0.003586447         1    0.39   0.06      0.55
112  1.00000000 0.5578579 0.003586447         1    0.39   0.06      0.55
113  0.13671875 0.5578579 0.003586447         1    0.39   0.06      0.55
114  0.00000000 0.5578579 0.003586447         1    0.39   0.06      0.55
115  1.00000000 0.5578579 0.003586447         1    0.39   0.06      0.55
116  1.00000000 0.5578579 0.003586447         1    0.39   0.06      0.55
117  1.00000000 0.5578579 0.003586447         1    0.39   0.06      0.55
118  0.00781250 0.5578579 0.003586447         1    0.39   0.06      0.55
119  0.07812500 0.5578579 0.003586447         1    0.39   0.06      0.55
120  0.03906250 0.5578579 0.003586447         1    0.39   0.06      0.55
121  1.00000000 0.5578579 0.003586447         1    0.39   0.06      0.55
122  0.01171875 0.5578579 0.003586447         1    0.39   0.06      0.55
123  1.00000000 0.5578579 0.003586447         1    0.39   0.06      0.55
124  0.00390625 0.5578579 0.003586447         1    0.39   0.06      0.55
125  0.01171875 0.5578579 0.003586447         1    0.39   0.06      0.55
126  1.00000000 0.5578579 0.003586447         1    0.39   0.06      0.55
127  1.00000000 0.5578579 0.003586447         1    0.39   0.06      0.55
128  0.01562500 0.5578579 0.003586447         1    0.39   0.06      0.55
129  0.01562500 0.5578579 0.003586447         1    0.39   0.06      0.55
130  0.01562500 0.5578579 0.003586447         1    0.39   0.06      0.55
131  0.01171875 0.5578579 0.003586447         1    0.39   0.06      0.55
132  1.00000000 0.5578579 0.003586447         1    0.39   0.06      0.55
133  1.00000000 0.5578579 0.003586447         1    0.39   0.06      0.55
134  1.00000000 0.5578579 0.003586447         1    0.39   0.06      0.55
135  0.00390625 0.5578579 0.003586447         1    0.39   0.06      0.55
136  0.01953125 0.5578579 0.003586447         1    0.39   0.06      0.55
137  1.00000000 0.5578579 0.003586447         1    0.39   0.06      0.55
138  0.03515625 0.5578579 0.003586447         1    0.39   0.06      0.55
139  0.05078125 0.5578579 0.003586447         1    0.39   0.06      0.55
140  1.00000000 0.5578579 0.003586447         1    0.39   0.06      0.55
141  0.00781250 0.5578579 0.003586447         1    0.39   0.06      0.55
142  0.02734375 0.5578579 0.003586447         1    0.39   0.06      0.55
143  0.00000000 0.5578579 0.003586447         1    0.39   0.06      0.55
144  0.50000000 0.5578579 0.003586447         1    0.39   0.06      0.55
145  0.00390625 0.5578579 0.003586447         1    0.39   0.06      0.55
146  1.00000000 0.5578579 0.003586447         1    0.39   0.06      0.55
147  1.00000000 0.5578579 0.003586447         1    0.39   0.06      0.55
148  1.00000000 0.5578579 0.003586447         1    0.39   0.06      0.55
149  1.00000000 0.5578579 0.003586447         1    0.39   0.06      0.55
150  1.00000000 0.5578579 0.003586447         1    0.39   0.06      0.55
151  1.00000000 0.5578579 0.003586447         1    0.39   0.06      0.55
152  0.01562500 0.5578579 0.003586447         1    0.39   0.06      0.55
153  0.01562500 0.5578579 0.003586447         1    0.39   0.06      0.55
154  0.01562500 0.5578579 0.003586447         1    0.39   0.06      0.55
155  0.00781250 0.5578579 0.003586447         1    0.39   0.06      0.55
156  1.00000000 0.5578579 0.003586447         1    0.39   0.06      0.55
157  0.25000000 0.5578579 0.003586447         1    0.39   0.06      0.55
158  0.03906250 0.5578579 0.003586447         1    0.39   0.06      0.55
159  0.00781250 0.5578579 0.003586447         1    0.39   0.06      0.55
160  1.00000000 0.5578579 0.003586447         1    0.39   0.06      0.55
161  0.01562500 0.5578579 0.003586447         1    0.39   0.06      0.55
162  1.00000000 0.5578579 0.003586447         1    0.39   0.06      0.55
163  0.00781250 0.5578579 0.003586447         1    0.39   0.06      0.55
164  1.00000000 0.5578579 0.003586447         1    0.39   0.06      0.55
165  0.01171875 0.5578579 0.003586447         1    0.39   0.06      0.55
166  0.01953125 0.5578579 0.003586447         1    0.39   0.06      0.55
167  0.00000000 0.5578579 0.003586447         1    0.39   0.06      0.55
168  1.00000000 0.5578579 0.003586447         1    0.39   0.06      0.55
169  1.00000000 0.5578579 0.003586447         1    0.39   0.06      0.55
170  1.00000000 0.5578579 0.003586447         1    0.39   0.06      0.55
171  1.00000000 0.5578579 0.003586447         1    0.39   0.06      0.55
172  1.00000000 0.5578579 0.003586447         1    0.39   0.06      0.55
173  0.03906250 0.5578579 0.003586447         1    0.39   0.06      0.55
174  0.01953125 0.5578579 0.003586447         1    0.39   0.06      0.55
175  1.00000000 0.5578579 0.003586447         1    0.39   0.06      0.55
176  1.00000000 0.5578579 0.003586447         1    0.39   0.06      0.55
177  1.00000000 0.5578579 0.003586447         1    0.39   0.06      0.55
178  1.00000000 0.5578579 0.003586447         1    0.39   0.06      0.55
179  1.00000000 0.5578579 0.003586447         1    0.39   0.06      0.55
180  1.00000000 0.5578579 0.003586447         1    0.39   0.06      0.55
181  1.00000000 0.5578579 0.003586447         1    0.39   0.06      0.55
182  1.00000000 0.5578579 0.003586447         1    0.39   0.06      0.55
183  0.02343750 0.5578579 0.003586447         1    0.39   0.06      0.55
184  1.00000000 0.5578579 0.003586447         1    0.39   0.06      0.55
185  0.00000000 0.5578579 0.003586447         1    0.39   0.06      0.55
186  0.12890625 0.5578579 0.003586447         1    0.39   0.06      0.55
187  1.00000000 0.5578579 0.003586447         1    0.39   0.06      0.55
188  0.00000000 0.5578579 0.003586447         1    0.39   0.06      0.55
189  1.00000000 0.5578579 0.003586447         1    0.39   0.06      0.55
190  1.00000000 0.5578579 0.003586447         1    0.39   0.06      0.55
191  1.00000000 0.5578579 0.003586447         1    0.39   0.06      0.55
192  1.00000000 0.5578579 0.003586447         1    0.39   0.06      0.55
193  1.00000000 0.5578579 0.003586447         1    0.39   0.06      0.55
194  0.00000000 0.5578579 0.003586447         1    0.39   0.06      0.55
195  1.00000000 0.5578579 0.003586447         1    0.39   0.06      0.55
196  0.03515625 0.5578579 0.003586447         1    0.39   0.06      0.55
197  1.00000000 0.5578579 0.003586447         1    0.39   0.06      0.55
198  1.00000000 0.5578579 0.003586447         1    0.39   0.06      0.55
199  1.00000000 0.5578579 0.003586447         1    0.39   0.06      0.55
200  1.00000000 0.5578579 0.003586447         1    0.39   0.06      0.55
201  1.00000000 0.4852870 0.022633824         1    0.18   0.31      0.51
202  1.00000000 0.4852870 0.022633824         1    0.18   0.31      0.51
203  1.00000000 0.4852870 0.022633824         1    0.18   0.31      0.51
204  0.05468750 0.4852870 0.022633824         1    0.18   0.31      0.51
205  0.21093750 0.4852870 0.022633824         1    0.18   0.31      0.51
206  0.05859375 0.4852870 0.022633824         1    0.18   0.31      0.51
207  1.00000000 0.4852870 0.022633824         1    0.18   0.31      0.51
208  0.08593750 0.4852870 0.022633824         1    0.18   0.31      0.51
209  1.00000000 0.4852870 0.022633824         1    0.18   0.31      0.51
210  0.12109375 0.4852870 0.022633824         1    0.18   0.31      0.51
211  1.00000000 0.4852870 0.022633824         1    0.18   0.31      0.51
212  1.00000000 0.4852870 0.022633824         1    0.18   0.31      0.51
213  1.00000000 0.4852870 0.022633824         1    0.18   0.31      0.51
214  0.08203125 0.4852870 0.022633824         1    0.18   0.31      0.51
215  0.15234375 0.4852870 0.022633824         1    0.18   0.31      0.51
216  0.21093750 0.4852870 0.022633824         1    0.18   0.31      0.51
217  1.00000000 0.4852870 0.022633824         1    0.18   0.31      0.51
218  0.18359375 0.4852870 0.022633824         1    0.18   0.31      0.51
219  0.14843750 0.4852870 0.022633824         1    0.18   0.31      0.51
220  0.10937500 0.4852870 0.022633824         1    0.18   0.31      0.51
221  0.24609375 0.4852870 0.022633824         1    0.18   0.31      0.51
222  0.15625000 0.4852870 0.022633824         1    0.18   0.31      0.51
223  0.11718750 0.4852870 0.022633824         1    0.18   0.31      0.51
224  1.00000000 0.4852870 0.022633824         1    0.18   0.31      0.51
225  1.00000000 0.4852870 0.022633824         1    0.18   0.31      0.51
226  0.11718750 0.4852870 0.022633824         1    0.18   0.31      0.51
227  1.00000000 0.4852870 0.022633824         1    0.18   0.31      0.51
228  1.00000000 0.4852870 0.022633824         1    0.18   0.31      0.51
229  0.12500000 0.4852870 0.022633824         1    0.18   0.31      0.51
230  1.00000000 0.4852870 0.022633824         1    0.18   0.31      0.51
231  1.00000000 0.4852870 0.022633824         1    0.18   0.31      0.51
232  1.00000000 0.4852870 0.022633824         1    0.18   0.31      0.51
233  1.00000000 0.4852870 0.022633824         1    0.18   0.31      0.51
234  0.14843750 0.4852870 0.022633824         1    0.18   0.31      0.51
235  1.00000000 0.4852870 0.022633824         1    0.18   0.31      0.51
236  1.00000000 0.4852870 0.022633824         1    0.18   0.31      0.51
237  0.15625000 0.4852870 0.022633824         1    0.18   0.31      0.51
238  0.14062500 0.4852870 0.022633824         1    0.18   0.31      0.51
239  1.00000000 0.4852870 0.022633824         1    0.18   0.31      0.51
240  0.09375000 0.4852870 0.022633824         1    0.18   0.31      0.51
241  0.10546875 0.4852870 0.022633824         1    0.18   0.31      0.51
242  0.44531250 0.4852870 0.022633824         1    0.18   0.31      0.51
243  1.00000000 0.4852870 0.022633824         1    0.18   0.31      0.51
244  0.04687500 0.4852870 0.022633824         1    0.18   0.31      0.51
245  1.00000000 0.4852870 0.022633824         1    0.18   0.31      0.51
246  1.00000000 0.4852870 0.022633824         1    0.18   0.31      0.51
247  1.00000000 0.4852870 0.022633824         1    0.18   0.31      0.51
248  1.00000000 0.4852870 0.022633824         1    0.18   0.31      0.51
249  0.07421875 0.4852870 0.022633824         1    0.18   0.31      0.51
250  0.07812500 0.4852870 0.022633824         1    0.18   0.31      0.51
251  1.00000000 0.4852870 0.022633824         1    0.18   0.31      0.51
252  1.00000000 0.4852870 0.022633824         1    0.18   0.31      0.51
253  0.12890625 0.4852870 0.022633824         1    0.18   0.31      0.51
254  1.00000000 0.4852870 0.022633824         1    0.18   0.31      0.51
255  1.00000000 0.4852870 0.022633824         1    0.18   0.31      0.51
256  1.00000000 0.4852870 0.022633824         1    0.18   0.31      0.51
257  0.14453125 0.4852870 0.022633824         1    0.18   0.31      0.51
258  1.00000000 0.4852870 0.022633824         1    0.18   0.31      0.51
259  0.12500000 0.4852870 0.022633824         1    0.18   0.31      0.51
260  0.14453125 0.4852870 0.022633824         1    0.18   0.31      0.51
261  0.15625000 0.4852870 0.022633824         1    0.18   0.31      0.51
262  0.04296875 0.4852870 0.022633824         1    0.18   0.31      0.51
263  0.06250000 0.4852870 0.022633824         1    0.18   0.31      0.51
264  0.15625000 0.4852870 0.022633824         1    0.18   0.31      0.51
265  0.58203125 0.4852870 0.022633824         1    0.18   0.31      0.51
266  1.00000000 0.4852870 0.022633824         1    0.18   0.31      0.51
267  0.24218750 0.4852870 0.022633824         1    0.18   0.31      0.51
268  0.28515625 0.4852870 0.022633824         1    0.18   0.31      0.51
269  1.00000000 0.4852870 0.022633824         1    0.18   0.31      0.51
270  0.16796875 0.4852870 0.022633824         1    0.18   0.31      0.51
271  1.00000000 0.4852870 0.022633824         1    0.18   0.31      0.51
272  0.07421875 0.4852870 0.022633824         1    0.18   0.31      0.51
273  0.07812500 0.4852870 0.022633824         1    0.18   0.31      0.51
274  1.00000000 0.4852870 0.022633824         1    0.18   0.31      0.51
275  0.24609375 0.4852870 0.022633824         1    0.18   0.31      0.51
276  1.00000000 0.4852870 0.022633824         1    0.18   0.31      0.51
277  1.00000000 0.4852870 0.022633824         1    0.18   0.31      0.51
278  1.00000000 0.4852870 0.022633824         1    0.18   0.31      0.51
279  0.05859375 0.4852870 0.022633824         1    0.18   0.31      0.51
280  0.12890625 0.4852870 0.022633824         1    0.18   0.31      0.51
281  1.00000000 0.4852870 0.022633824         1    0.18   0.31      0.51
282  0.35546875 0.4852870 0.022633824         1    0.18   0.31      0.51
283  1.00000000 0.4852870 0.022633824         1    0.18   0.31      0.51
284  0.10937500 0.4852870 0.022633824         1    0.18   0.31      0.51
285  1.00000000 0.4852870 0.022633824         1    0.18   0.31      0.51
286  1.00000000 0.4852870 0.022633824         1    0.18   0.31      0.51
287  1.00000000 0.4852870 0.022633824         1    0.18   0.31      0.51
288  1.00000000 0.4852870 0.022633824         1    0.18   0.31      0.51
289  0.20703125 0.4852870 0.022633824         1    0.18   0.31      0.51
290  1.00000000 0.4852870 0.022633824         1    0.18   0.31      0.51
291  0.07421875 0.4852870 0.022633824         1    0.18   0.31      0.51
292  1.00000000 0.4852870 0.022633824         1    0.18   0.31      0.51
293  0.10937500 0.4852870 0.022633824         1    0.18   0.31      0.51
294  1.00000000 0.4852870 0.022633824         1    0.18   0.31      0.51
295  1.00000000 0.4852870 0.022633824         1    0.18   0.31      0.51
296  0.14453125 0.4852870 0.022633824         1    0.18   0.31      0.51
297  1.00000000 0.4852870 0.022633824         1    0.18   0.31      0.51
298  0.07421875 0.4852870 0.022633824         1    0.18   0.31      0.51
299  1.00000000 0.4852870 0.022633824         1    0.18   0.31      0.51
300  1.00000000 0.4852870 0.022633824         1    0.18   0.31      0.51
301  1.00000000 0.6021319 0.025684584         1    0.08   0.25      0.67
302  1.00000000 0.6021319 0.025684584         1    0.08   0.25      0.67
303  1.00000000 0.6021319 0.025684584         1    0.08   0.25      0.67
304  1.00000000 0.6021319 0.025684584         1    0.08   0.25      0.67
305  1.00000000 0.6021319 0.025684584         1    0.08   0.25      0.67
306  1.00000000 0.6021319 0.025684584         1    0.08   0.25      0.67
307  0.10546875 0.6021319 0.025684584         1    0.08   0.25      0.67
308  0.12109375 0.6021319 0.025684584         1    0.08   0.25      0.67
309  1.00000000 0.6021319 0.025684584         1    0.08   0.25      0.67
310  0.19921875 0.6021319 0.025684584         1    0.08   0.25      0.67
311  0.58203125 0.6021319 0.025684584         1    0.08   0.25      0.67
312  1.00000000 0.6021319 0.025684584         1    0.08   0.25      0.67
313  1.00000000 0.6021319 0.025684584         1    0.08   0.25      0.67
314  1.00000000 0.6021319 0.025684584         1    0.08   0.25      0.67
315  0.52734375 0.6021319 0.025684584         1    0.08   0.25      0.67
316  1.00000000 0.6021319 0.025684584         1    0.08   0.25      0.67
317  1.00000000 0.6021319 0.025684584         1    0.08   0.25      0.67
318  1.00000000 0.6021319 0.025684584         1    0.08   0.25      0.67
319  0.12500000 0.6021319 0.025684584         1    0.08   0.25      0.67
320  1.00000000 0.6021319 0.025684584         1    0.08   0.25      0.67
321  1.00000000 0.6021319 0.025684584         1    0.08   0.25      0.67
322  1.00000000 0.6021319 0.025684584         1    0.08   0.25      0.67
323  0.32421875 0.6021319 0.025684584         1    0.08   0.25      0.67
324  0.30468750 0.6021319 0.025684584         1    0.08   0.25      0.67
325  1.00000000 0.6021319 0.025684584         1    0.08   0.25      0.67
326  1.00000000 0.6021319 0.025684584         1    0.08   0.25      0.67
327  1.00000000 0.6021319 0.025684584         1    0.08   0.25      0.67
328  1.00000000 0.6021319 0.025684584         1    0.08   0.25      0.67
329  0.13281250 0.6021319 0.025684584         1    0.08   0.25      0.67
330  1.00000000 0.6021319 0.025684584         1    0.08   0.25      0.67
331  0.07421875 0.6021319 0.025684584         1    0.08   0.25      0.67
332  0.51953125 0.6021319 0.025684584         1    0.08   0.25      0.67
333  0.15625000 0.6021319 0.025684584         1    0.08   0.25      0.67
334  1.00000000 0.6021319 0.025684584         1    0.08   0.25      0.67
335  1.00000000 0.6021319 0.025684584         1    0.08   0.25      0.67
336  0.61718750 0.6021319 0.025684584         1    0.08   0.25      0.67
337  1.00000000 0.6021319 0.025684584         1    0.08   0.25      0.67
338  1.00000000 0.6021319 0.025684584         1    0.08   0.25      0.67
339  1.00000000 0.6021319 0.025684584         1    0.08   0.25      0.67
340  1.00000000 0.6021319 0.025684584         1    0.08   0.25      0.67
341  1.00000000 0.6021319 0.025684584         1    0.08   0.25      0.67
342  1.00000000 0.6021319 0.025684584         1    0.08   0.25      0.67
343  1.00000000 0.6021319 0.025684584         1    0.08   0.25      0.67
344  1.00000000 0.6021319 0.025684584         1    0.08   0.25      0.67
345  0.14453125 0.6021319 0.025684584         1    0.08   0.25      0.67
346  1.00000000 0.6021319 0.025684584         1    0.08   0.25      0.67
347  0.13671875 0.6021319 0.025684584         1    0.08   0.25      0.67
348  0.07031250 0.6021319 0.025684584         1    0.08   0.25      0.67
349  1.00000000 0.6021319 0.025684584         1    0.08   0.25      0.67
350  0.17187500 0.6021319 0.025684584         1    0.08   0.25      0.67
351  0.23437500 0.6021319 0.025684584         1    0.08   0.25      0.67
352  1.00000000 0.6021319 0.025684584         1    0.08   0.25      0.67
353  1.00000000 0.6021319 0.025684584         1    0.08   0.25      0.67
354  1.00000000 0.6021319 0.025684584         1    0.08   0.25      0.67
355  1.00000000 0.6021319 0.025684584         1    0.08   0.25      0.67
356  1.00000000 0.6021319 0.025684584         1    0.08   0.25      0.67
357  1.00000000 0.6021319 0.025684584         1    0.08   0.25      0.67
358  1.00000000 0.6021319 0.025684584         1    0.08   0.25      0.67
359  1.00000000 0.6021319 0.025684584         1    0.08   0.25      0.67
360  1.00000000 0.6021319 0.025684584         1    0.08   0.25      0.67
361  0.31250000 0.6021319 0.025684584         1    0.08   0.25      0.67
362  1.00000000 0.6021319 0.025684584         1    0.08   0.25      0.67
363  0.11718750 0.6021319 0.025684584         1    0.08   0.25      0.67
364  1.00000000 0.6021319 0.025684584         1    0.08   0.25      0.67
365  0.16796875 0.6021319 0.025684584         1    0.08   0.25      0.67
366  1.00000000 0.6021319 0.025684584         1    0.08   0.25      0.67
367  1.00000000 0.6021319 0.025684584         1    0.08   0.25      0.67
368  1.00000000 0.6021319 0.025684584         1    0.08   0.25      0.67
369  1.00000000 0.6021319 0.025684584         1    0.08   0.25      0.67
370  0.18359375 0.6021319 0.025684584         1    0.08   0.25      0.67
371  0.23046875 0.6021319 0.025684584         1    0.08   0.25      0.67
372  0.05078125 0.6021319 0.025684584         1    0.08   0.25      0.67
373  0.13281250 0.6021319 0.025684584         1    0.08   0.25      0.67
374  1.00000000 0.6021319 0.025684584         1    0.08   0.25      0.67
375  1.00000000 0.6021319 0.025684584         1    0.08   0.25      0.67
376  1.00000000 0.6021319 0.025684584         1    0.08   0.25      0.67
377  0.31640625 0.6021319 0.025684584         1    0.08   0.25      0.67
378  1.00000000 0.6021319 0.025684584         1    0.08   0.25      0.67
379  0.13281250 0.6021319 0.025684584         1    0.08   0.25      0.67
380  0.60546875 0.6021319 0.025684584         1    0.08   0.25      0.67
381  1.00000000 0.6021319 0.025684584         1    0.08   0.25      0.67
382  0.07421875 0.6021319 0.025684584         1    0.08   0.25      0.67
383  1.00000000 0.6021319 0.025684584         1    0.08   0.25      0.67
384  1.00000000 0.6021319 0.025684584         1    0.08   0.25      0.67
385  1.00000000 0.6021319 0.025684584         1    0.08   0.25      0.67
386  1.00000000 0.6021319 0.025684584         1    0.08   0.25      0.67
387  1.00000000 0.6021319 0.025684584         1    0.08   0.25      0.67
388  1.00000000 0.6021319 0.025684584         1    0.08   0.25      0.67
389  0.12890625 0.6021319 0.025684584         1    0.08   0.25      0.67
390  1.00000000 0.6021319 0.025684584         1    0.08   0.25      0.67
391  1.00000000 0.6021319 0.025684584         1    0.08   0.25      0.67
392  0.04687500 0.6021319 0.025684584         1    0.08   0.25      0.67
393  0.37500000 0.6021319 0.025684584         1    0.08   0.25      0.67
394  0.24218750 0.6021319 0.025684584         1    0.08   0.25      0.67
395  1.00000000 0.6021319 0.025684584         1    0.08   0.25      0.67
396  1.00000000 0.6021319 0.025684584         1    0.08   0.25      0.67
397  1.00000000 0.6021319 0.025684584         1    0.08   0.25      0.67
398  1.00000000 0.6021319 0.025684584         1    0.08   0.25      0.67
399  1.00000000 0.6021319 0.025684584         1    0.08   0.25      0.67
400  1.00000000 0.6021319 0.025684584         1    0.08   0.25      0.67
401  1.00000000 0.4904397 0.018743929         1    0.27   0.24      0.49
402  1.00000000 0.4904397 0.018743929         1    0.27   0.24      0.49
403  1.00000000 0.4904397 0.018743929         1    0.27   0.24      0.49
404  0.07031250 0.4904397 0.018743929         1    0.27   0.24      0.49
405  1.00000000 0.4904397 0.018743929         1    0.27   0.24      0.49
406  1.00000000 0.4904397 0.018743929         1    0.27   0.24      0.49
407  0.05078125 0.4904397 0.018743929         1    0.27   0.24      0.49
408  1.00000000 0.4904397 0.018743929         1    0.27   0.24      0.49
409  0.07031250 0.4904397 0.018743929         1    0.27   0.24      0.49
410  1.00000000 0.4904397 0.018743929         1    0.27   0.24      0.49
411  0.02343750 0.4904397 0.018743929         1    0.27   0.24      0.49
412  1.00000000 0.4904397 0.018743929         1    0.27   0.24      0.49
413  0.17187500 0.4904397 0.018743929         1    0.27   0.24      0.49
414  0.06250000 0.4904397 0.018743929         1    0.27   0.24      0.49
415  1.00000000 0.4904397 0.018743929         1    0.27   0.24      0.49
416  0.08593750 0.4904397 0.018743929         1    0.27   0.24      0.49
417  1.00000000 0.4904397 0.018743929         1    0.27   0.24      0.49
418  1.00000000 0.4904397 0.018743929         1    0.27   0.24      0.49
419  1.00000000 0.4904397 0.018743929         1    0.27   0.24      0.49
420  1.00000000 0.4904397 0.018743929         1    0.27   0.24      0.49
421  0.07031250 0.4904397 0.018743929         1    0.27   0.24      0.49
422  0.06250000 0.4904397 0.018743929         1    0.27   0.24      0.49
423  0.19140625 0.4904397 0.018743929         1    0.27   0.24      0.49
424  1.00000000 0.4904397 0.018743929         1    0.27   0.24      0.49
425  1.00000000 0.4904397 0.018743929         1    0.27   0.24      0.49
426  1.00000000 0.4904397 0.018743929         1    0.27   0.24      0.49
427  1.00000000 0.4904397 0.018743929         1    0.27   0.24      0.49
428  1.00000000 0.4904397 0.018743929         1    0.27   0.24      0.49
429  1.00000000 0.4904397 0.018743929         1    0.27   0.24      0.49
430  1.00000000 0.4904397 0.018743929         1    0.27   0.24      0.49
431  0.04687500 0.4904397 0.018743929         1    0.27   0.24      0.49
432  0.05859375 0.4904397 0.018743929         1    0.27   0.24      0.49
433  0.21484375 0.4904397 0.018743929         1    0.27   0.24      0.49
434  0.18359375 0.4904397 0.018743929         1    0.27   0.24      0.49
435  1.00000000 0.4904397 0.018743929         1    0.27   0.24      0.49
436  1.00000000 0.4904397 0.018743929         1    0.27   0.24      0.49
437  1.00000000 0.4904397 0.018743929         1    0.27   0.24      0.49
438  0.11328125 0.4904397 0.018743929         1    0.27   0.24      0.49
439  0.13671875 0.4904397 0.018743929         1    0.27   0.24      0.49
440  1.00000000 0.4904397 0.018743929         1    0.27   0.24      0.49
441  0.09375000 0.4904397 0.018743929         1    0.27   0.24      0.49
442  0.11718750 0.4904397 0.018743929         1    0.27   0.24      0.49
443  1.00000000 0.4904397 0.018743929         1    0.27   0.24      0.49
444  0.10156250 0.4904397 0.018743929         1    0.27   0.24      0.49
445  1.00000000 0.4904397 0.018743929         1    0.27   0.24      0.49
446  1.00000000 0.4904397 0.018743929         1    0.27   0.24      0.49
447  1.00000000 0.4904397 0.018743929         1    0.27   0.24      0.49
448  0.15234375 0.4904397 0.018743929         1    0.27   0.24      0.49
449  0.16796875 0.4904397 0.018743929         1    0.27   0.24      0.49
450  0.05468750 0.4904397 0.018743929         1    0.27   0.24      0.49
451  1.00000000 0.4904397 0.018743929         1    0.27   0.24      0.49
452  1.00000000 0.4904397 0.018743929         1    0.27   0.24      0.49
453  0.10546875 0.4904397 0.018743929         1    0.27   0.24      0.49
454  0.04296875 0.4904397 0.018743929         1    0.27   0.24      0.49
455  1.00000000 0.4904397 0.018743929         1    0.27   0.24      0.49
456  0.06640625 0.4904397 0.018743929         1    0.27   0.24      0.49
457  1.00000000 0.4904397 0.018743929         1    0.27   0.24      0.49
458  1.00000000 0.4904397 0.018743929         1    0.27   0.24      0.49
459  0.05078125 0.4904397 0.018743929         1    0.27   0.24      0.49
460  1.00000000 0.4904397 0.018743929         1    0.27   0.24      0.49
461  1.00000000 0.4904397 0.018743929         1    0.27   0.24      0.49
462  0.06250000 0.4904397 0.018743929         1    0.27   0.24      0.49
463  0.03515625 0.4904397 0.018743929         1    0.27   0.24      0.49
464  1.00000000 0.4904397 0.018743929         1    0.27   0.24      0.49
465  0.04296875 0.4904397 0.018743929         1    0.27   0.24      0.49
466  0.13671875 0.4904397 0.018743929         1    0.27   0.24      0.49
467  0.07031250 0.4904397 0.018743929         1    0.27   0.24      0.49
468  1.00000000 0.4904397 0.018743929         1    0.27   0.24      0.49
469  0.01562500 0.4904397 0.018743929         1    0.27   0.24      0.49
470  0.06640625 0.4904397 0.018743929         1    0.27   0.24      0.49
471  0.20312500 0.4904397 0.018743929         1    0.27   0.24      0.49
472  0.11328125 0.4904397 0.018743929         1    0.27   0.24      0.49
473  0.03906250 0.4904397 0.018743929         1    0.27   0.24      0.49
474  0.13281250 0.4904397 0.018743929         1    0.27   0.24      0.49
475  1.00000000 0.4904397 0.018743929         1    0.27   0.24      0.49
476  0.07421875 0.4904397 0.018743929         1    0.27   0.24      0.49
477  0.14062500 0.4904397 0.018743929         1    0.27   0.24      0.49
478  1.00000000 0.4904397 0.018743929         1    0.27   0.24      0.49
479  0.26562500 0.4904397 0.018743929         1    0.27   0.24      0.49
480  1.00000000 0.4904397 0.018743929         1    0.27   0.24      0.49
481  1.00000000 0.4904397 0.018743929         1    0.27   0.24      0.49
482  0.12109375 0.4904397 0.018743929         1    0.27   0.24      0.49
483  0.12500000 0.4904397 0.018743929         1    0.27   0.24      0.49
484  0.09375000 0.4904397 0.018743929         1    0.27   0.24      0.49
485  0.54687500 0.4904397 0.018743929         1    0.27   0.24      0.49
486  0.03125000 0.4904397 0.018743929         1    0.27   0.24      0.49
487  1.00000000 0.4904397 0.018743929         1    0.27   0.24      0.49
488  0.18750000 0.4904397 0.018743929         1    0.27   0.24      0.49
489  0.31250000 0.4904397 0.018743929         1    0.27   0.24      0.49
490  0.06250000 0.4904397 0.018743929         1    0.27   0.24      0.49
491  1.00000000 0.4904397 0.018743929         1    0.27   0.24      0.49
492  0.06640625 0.4904397 0.018743929         1    0.27   0.24      0.49
493  1.00000000 0.4904397 0.018743929         1    0.27   0.24      0.49
494  1.00000000 0.4904397 0.018743929         1    0.27   0.24      0.49
495  1.00000000 0.4904397 0.018743929         1    0.27   0.24      0.49
496  1.00000000 0.4904397 0.018743929         1    0.27   0.24      0.49
497  0.08203125 0.4904397 0.018743929         1    0.27   0.24      0.49
498  1.00000000 0.4904397 0.018743929         1    0.27   0.24      0.49
499  0.13671875 0.4904397 0.018743929         1    0.27   0.24      0.49
500  1.00000000 0.4904397 0.018743929         1    0.27   0.24      0.49
501  1.00000000 0.6969107 0.014173708         1    0.17   0.15      0.68
502  1.00000000 0.6969107 0.014173708         1    0.17   0.15      0.68
503  0.16015625 0.6969107 0.014173708         1    0.17   0.15      0.68
504  1.00000000 0.6969107 0.014173708         1    0.17   0.15      0.68
505  1.00000000 0.6969107 0.014173708         1    0.17   0.15      0.68
506  1.00000000 0.6969107 0.014173708         1    0.17   0.15      0.68
507  1.00000000 0.6969107 0.014173708         1    0.17   0.15      0.68
508  0.06250000 0.6969107 0.014173708         1    0.17   0.15      0.68
509  1.00000000 0.6969107 0.014173708         1    0.17   0.15      0.68
510  1.00000000 0.6969107 0.014173708         1    0.17   0.15      0.68
511  1.00000000 0.6969107 0.014173708         1    0.17   0.15      0.68
512  0.09765625 0.6969107 0.014173708         1    0.17   0.15      0.68
513  1.00000000 0.6969107 0.014173708         1    0.17   0.15      0.68
514  0.08984375 0.6969107 0.014173708         1    0.17   0.15      0.68
515  1.00000000 0.6969107 0.014173708         1    0.17   0.15      0.68
516  1.00000000 0.6969107 0.014173708         1    0.17   0.15      0.68
517  1.00000000 0.6969107 0.014173708         1    0.17   0.15      0.68
518  1.00000000 0.6969107 0.014173708         1    0.17   0.15      0.68
519  1.00000000 0.6969107 0.014173708         1    0.17   0.15      0.68
520  1.00000000 0.6969107 0.014173708         1    0.17   0.15      0.68
521  1.00000000 0.6969107 0.014173708         1    0.17   0.15      0.68
522  1.00000000 0.6969107 0.014173708         1    0.17   0.15      0.68
523  1.00000000 0.6969107 0.014173708         1    0.17   0.15      0.68
524  1.00000000 0.6969107 0.014173708         1    0.17   0.15      0.68
525  0.03515625 0.6969107 0.014173708         1    0.17   0.15      0.68
526  1.00000000 0.6969107 0.014173708         1    0.17   0.15      0.68
527  1.00000000 0.6969107 0.014173708         1    0.17   0.15      0.68
528  0.10937500 0.6969107 0.014173708         1    0.17   0.15      0.68
529  1.00000000 0.6969107 0.014173708         1    0.17   0.15      0.68
530  1.00000000 0.6969107 0.014173708         1    0.17   0.15      0.68
531  0.03515625 0.6969107 0.014173708         1    0.17   0.15      0.68
532  1.00000000 0.6969107 0.014173708         1    0.17   0.15      0.68
533  1.00000000 0.6969107 0.014173708         1    0.17   0.15      0.68
534  1.00000000 0.6969107 0.014173708         1    0.17   0.15      0.68
535  1.00000000 0.6969107 0.014173708         1    0.17   0.15      0.68
536  1.00000000 0.6969107 0.014173708         1    0.17   0.15      0.68
537  1.00000000 0.6969107 0.014173708         1    0.17   0.15      0.68
538  0.05468750 0.6969107 0.014173708         1    0.17   0.15      0.68
539  1.00000000 0.6969107 0.014173708         1    0.17   0.15      0.68
540  0.07812500 0.6969107 0.014173708         1    0.17   0.15      0.68
541  1.00000000 0.6969107 0.014173708         1    0.17   0.15      0.68
542  1.00000000 0.6969107 0.014173708         1    0.17   0.15      0.68
543  0.08593750 0.6969107 0.014173708         1    0.17   0.15      0.68
544  1.00000000 0.6969107 0.014173708         1    0.17   0.15      0.68
545  1.00000000 0.6969107 0.014173708         1    0.17   0.15      0.68
546  0.03125000 0.6969107 0.014173708         1    0.17   0.15      0.68
547  0.06640625 0.6969107 0.014173708         1    0.17   0.15      0.68
548  1.00000000 0.6969107 0.014173708         1    0.17   0.15      0.68
549  1.00000000 0.6969107 0.014173708         1    0.17   0.15      0.68
550  0.14062500 0.6969107 0.014173708         1    0.17   0.15      0.68
551  1.00000000 0.6969107 0.014173708         1    0.17   0.15      0.68
552  1.00000000 0.6969107 0.014173708         1    0.17   0.15      0.68
553  0.10156250 0.6969107 0.014173708         1    0.17   0.15      0.68
554  1.00000000 0.6969107 0.014173708         1    0.17   0.15      0.68
555  0.14062500 0.6969107 0.014173708         1    0.17   0.15      0.68
556  0.22265625 0.6969107 0.014173708         1    0.17   0.15      0.68
557  0.11328125 0.6969107 0.014173708         1    0.17   0.15      0.68
558  0.16796875 0.6969107 0.014173708         1    0.17   0.15      0.68
559  1.00000000 0.6969107 0.014173708         1    0.17   0.15      0.68
560  0.06640625 0.6969107 0.014173708         1    0.17   0.15      0.68
561  0.07031250 0.6969107 0.014173708         1    0.17   0.15      0.68
562  1.00000000 0.6969107 0.014173708         1    0.17   0.15      0.68
563  1.00000000 0.6969107 0.014173708         1    0.17   0.15      0.68
564  1.00000000 0.6969107 0.014173708         1    0.17   0.15      0.68
565  0.20703125 0.6969107 0.014173708         1    0.17   0.15      0.68
566  1.00000000 0.6969107 0.014173708         1    0.17   0.15      0.68
567  1.00000000 0.6969107 0.014173708         1    0.17   0.15      0.68
568  1.00000000 0.6969107 0.014173708         1    0.17   0.15      0.68
569  1.00000000 0.6969107 0.014173708         1    0.17   0.15      0.68
570  0.36328125 0.6969107 0.014173708         1    0.17   0.15      0.68
571  1.00000000 0.6969107 0.014173708         1    0.17   0.15      0.68
572  1.00000000 0.6969107 0.014173708         1    0.17   0.15      0.68
573  1.00000000 0.6969107 0.014173708         1    0.17   0.15      0.68
574  1.00000000 0.6969107 0.014173708         1    0.17   0.15      0.68
575  1.00000000 0.6969107 0.014173708         1    0.17   0.15      0.68
576  0.07031250 0.6969107 0.014173708         1    0.17   0.15      0.68
577  1.00000000 0.6969107 0.014173708         1    0.17   0.15      0.68
578  1.00000000 0.6969107 0.014173708         1    0.17   0.15      0.68
579  1.00000000 0.6969107 0.014173708         1    0.17   0.15      0.68
580  1.00000000 0.6969107 0.014173708         1    0.17   0.15      0.68
581  0.03906250 0.6969107 0.014173708         1    0.17   0.15      0.68
582  1.00000000 0.6969107 0.014173708         1    0.17   0.15      0.68
583  1.00000000 0.6969107 0.014173708         1    0.17   0.15      0.68
584  1.00000000 0.6969107 0.014173708         1    0.17   0.15      0.68
585  1.00000000 0.6969107 0.014173708         1    0.17   0.15      0.68
586  0.08593750 0.6969107 0.014173708         1    0.17   0.15      0.68
587  1.00000000 0.6969107 0.014173708         1    0.17   0.15      0.68
588  1.00000000 0.6969107 0.014173708         1    0.17   0.15      0.68
589  1.00000000 0.6969107 0.014173708         1    0.17   0.15      0.68
590  1.00000000 0.6969107 0.014173708         1    0.17   0.15      0.68
591  1.00000000 0.6969107 0.014173708         1    0.17   0.15      0.68
592  1.00000000 0.6969107 0.014173708         1    0.17   0.15      0.68
593  0.14453125 0.6969107 0.014173708         1    0.17   0.15      0.68
594  0.03515625 0.6969107 0.014173708         1    0.17   0.15      0.68
595  0.04296875 0.6969107 0.014173708         1    0.17   0.15      0.68
596  0.10546875 0.6969107 0.014173708         1    0.17   0.15      0.68
597  0.27343750 0.6969107 0.014173708         1    0.17   0.15      0.68
598  0.12890625 0.6969107 0.014173708         1    0.17   0.15      0.68
599  1.00000000 0.6969107 0.014173708         1    0.17   0.15      0.68
600  0.07812500 0.6969107 0.014173708         1    0.17   0.15      0.68
601  1.00000000 0.6462870 0.026070563         1    0.08   0.20      0.72
602  1.00000000 0.6462870 0.026070563         1    0.08   0.20      0.72
603  1.00000000 0.6462870 0.026070563         1    0.08   0.20      0.72
604  0.15234375 0.6462870 0.026070563         1    0.08   0.20      0.72
605  1.00000000 0.6462870 0.026070563         1    0.08   0.20      0.72
606  0.35156250 0.6462870 0.026070563         1    0.08   0.20      0.72
607  1.00000000 0.6462870 0.026070563         1    0.08   0.20      0.72
608  1.00000000 0.6462870 0.026070563         1    0.08   0.20      0.72
609  1.00000000 0.6462870 0.026070563         1    0.08   0.20      0.72
610  1.00000000 0.6462870 0.026070563         1    0.08   0.20      0.72
611  1.00000000 0.6462870 0.026070563         1    0.08   0.20      0.72
612  0.19921875 0.6462870 0.026070563         1    0.08   0.20      0.72
613  1.00000000 0.6462870 0.026070563         1    0.08   0.20      0.72
614  0.13281250 0.6462870 0.026070563         1    0.08   0.20      0.72
615  0.35156250 0.6462870 0.026070563         1    0.08   0.20      0.72
616  1.00000000 0.6462870 0.026070563         1    0.08   0.20      0.72
617  1.00000000 0.6462870 0.026070563         1    0.08   0.20      0.72
618  1.00000000 0.6462870 0.026070563         1    0.08   0.20      0.72
619  0.09375000 0.6462870 0.026070563         1    0.08   0.20      0.72
620  1.00000000 0.6462870 0.026070563         1    0.08   0.20      0.72
621  1.00000000 0.6462870 0.026070563         1    0.08   0.20      0.72
622  1.00000000 0.6462870 0.026070563         1    0.08   0.20      0.72
623  1.00000000 0.6462870 0.026070563         1    0.08   0.20      0.72
624  1.00000000 0.6462870 0.026070563         1    0.08   0.20      0.72
625  1.00000000 0.6462870 0.026070563         1    0.08   0.20      0.72
626  1.00000000 0.6462870 0.026070563         1    0.08   0.20      0.72
627  0.26562500 0.6462870 0.026070563         1    0.08   0.20      0.72
628  0.11328125 0.6462870 0.026070563         1    0.08   0.20      0.72
629  1.00000000 0.6462870 0.026070563         1    0.08   0.20      0.72
630  1.00000000 0.6462870 0.026070563         1    0.08   0.20      0.72
631  1.00000000 0.6462870 0.026070563         1    0.08   0.20      0.72
632  1.00000000 0.6462870 0.026070563         1    0.08   0.20      0.72
633  1.00000000 0.6462870 0.026070563         1    0.08   0.20      0.72
634  1.00000000 0.6462870 0.026070563         1    0.08   0.20      0.72
635  0.25781250 0.6462870 0.026070563         1    0.08   0.20      0.72
636  0.13671875 0.6462870 0.026070563         1    0.08   0.20      0.72
637  0.16015625 0.6462870 0.026070563         1    0.08   0.20      0.72
638  0.20703125 0.6462870 0.026070563         1    0.08   0.20      0.72
639  1.00000000 0.6462870 0.026070563         1    0.08   0.20      0.72
640  0.08593750 0.6462870 0.026070563         1    0.08   0.20      0.72
641  1.00000000 0.6462870 0.026070563         1    0.08   0.20      0.72
642  0.21484375 0.6462870 0.026070563         1    0.08   0.20      0.72
643  1.00000000 0.6462870 0.026070563         1    0.08   0.20      0.72
644  0.53515625 0.6462870 0.026070563         1    0.08   0.20      0.72
645  1.00000000 0.6462870 0.026070563         1    0.08   0.20      0.72
646  1.00000000 0.6462870 0.026070563         1    0.08   0.20      0.72
647  1.00000000 0.6462870 0.026070563         1    0.08   0.20      0.72
648  1.00000000 0.6462870 0.026070563         1    0.08   0.20      0.72
649  1.00000000 0.6462870 0.026070563         1    0.08   0.20      0.72
650  1.00000000 0.6462870 0.026070563         1    0.08   0.20      0.72
651  1.00000000 0.6462870 0.026070563         1    0.08   0.20      0.72
652  1.00000000 0.6462870 0.026070563         1    0.08   0.20      0.72
653  1.00000000 0.6462870 0.026070563         1    0.08   0.20      0.72
654  1.00000000 0.6462870 0.026070563         1    0.08   0.20      0.72
655  1.00000000 0.6462870 0.026070563         1    0.08   0.20      0.72
656  0.18359375 0.6462870 0.026070563         1    0.08   0.20      0.72
657  1.00000000 0.6462870 0.026070563         1    0.08   0.20      0.72
658  0.19531250 0.6462870 0.026070563         1    0.08   0.20      0.72
659  1.00000000 0.6462870 0.026070563         1    0.08   0.20      0.72
660  1.00000000 0.6462870 0.026070563         1    0.08   0.20      0.72
661  1.00000000 0.6462870 0.026070563         1    0.08   0.20      0.72
662  0.56250000 0.6462870 0.026070563         1    0.08   0.20      0.72
663  1.00000000 0.6462870 0.026070563         1    0.08   0.20      0.72
664  1.00000000 0.6462870 0.026070563         1    0.08   0.20      0.72
665  1.00000000 0.6462870 0.026070563         1    0.08   0.20      0.72
666  0.19140625 0.6462870 0.026070563         1    0.08   0.20      0.72
667  1.00000000 0.6462870 0.026070563         1    0.08   0.20      0.72
668  1.00000000 0.6462870 0.026070563         1    0.08   0.20      0.72
669  1.00000000 0.6462870 0.026070563         1    0.08   0.20      0.72
670  1.00000000 0.6462870 0.026070563         1    0.08   0.20      0.72
671  1.00000000 0.6462870 0.026070563         1    0.08   0.20      0.72
672  0.10937500 0.6462870 0.026070563         1    0.08   0.20      0.72
673  1.00000000 0.6462870 0.026070563         1    0.08   0.20      0.72
674  0.40625000 0.6462870 0.026070563         1    0.08   0.20      0.72
675  0.07421875 0.6462870 0.026070563         1    0.08   0.20      0.72
676  1.00000000 0.6462870 0.026070563         1    0.08   0.20      0.72
677  0.05468750 0.6462870 0.026070563         1    0.08   0.20      0.72
678  1.00000000 0.6462870 0.026070563         1    0.08   0.20      0.72
679  1.00000000 0.6462870 0.026070563         1    0.08   0.20      0.72
680  1.00000000 0.6462870 0.026070563         1    0.08   0.20      0.72
681  0.08593750 0.6462870 0.026070563         1    0.08   0.20      0.72
682  1.00000000 0.6462870 0.026070563         1    0.08   0.20      0.72
683  1.00000000 0.6462870 0.026070563         1    0.08   0.20      0.72
684  0.17187500 0.6462870 0.026070563         1    0.08   0.20      0.72
685  1.00000000 0.6462870 0.026070563         1    0.08   0.20      0.72
686  1.00000000 0.6462870 0.026070563         1    0.08   0.20      0.72
687  1.00000000 0.6462870 0.026070563         1    0.08   0.20      0.72
688  0.05078125 0.6462870 0.026070563         1    0.08   0.20      0.72
689  1.00000000 0.6462870 0.026070563         1    0.08   0.20      0.72
690  0.28515625 0.6462870 0.026070563         1    0.08   0.20      0.72
691  1.00000000 0.6462870 0.026070563         1    0.08   0.20      0.72
692  1.00000000 0.6462870 0.026070563         1    0.08   0.20      0.72
693  1.00000000 0.6462870 0.026070563         1    0.08   0.20      0.72
694  1.00000000 0.6462870 0.026070563         1    0.08   0.20      0.72
695  1.00000000 0.6462870 0.026070563         1    0.08   0.20      0.72
696  1.00000000 0.6462870 0.026070563         1    0.08   0.20      0.72
697  1.00000000 0.6462870 0.026070563         1    0.08   0.20      0.72
698  0.16015625 0.6462870 0.026070563         1    0.08   0.20      0.72
699  1.00000000 0.6462870 0.026070563         1    0.08   0.20      0.72
700  1.00000000 0.6462870 0.026070563         1    0.08   0.20      0.72
701  1.00000000 0.5631889 0.013763559         1    0.25   0.25      0.50
702  1.00000000 0.5631889 0.013763559         1    0.25   0.25      0.50
703  0.10937500 0.5631889 0.013763559         1    0.25   0.25      0.50
704  1.00000000 0.5631889 0.013763559         1    0.25   0.25      0.50
705  1.00000000 0.5631889 0.013763559         1    0.25   0.25      0.50
706  1.00000000 0.5631889 0.013763559         1    0.25   0.25      0.50
707  1.00000000 0.5631889 0.013763559         1    0.25   0.25      0.50
708  1.00000000 0.5631889 0.013763559         1    0.25   0.25      0.50
709  0.02734375 0.5631889 0.013763559         1    0.25   0.25      0.50
710  1.00000000 0.5631889 0.013763559         1    0.25   0.25      0.50
711  1.00000000 0.5631889 0.013763559         1    0.25   0.25      0.50
712  1.00000000 0.5631889 0.013763559         1    0.25   0.25      0.50
713  0.10937500 0.5631889 0.013763559         1    0.25   0.25      0.50
714  1.00000000 0.5631889 0.013763559         1    0.25   0.25      0.50
715  1.00000000 0.5631889 0.013763559         1    0.25   0.25      0.50
716  0.08203125 0.5631889 0.013763559         1    0.25   0.25      0.50
717  1.00000000 0.5631889 0.013763559         1    0.25   0.25      0.50
718  0.07031250 0.5631889 0.013763559         1    0.25   0.25      0.50
719  1.00000000 0.5631889 0.013763559         1    0.25   0.25      0.50
720  1.00000000 0.5631889 0.013763559         1    0.25   0.25      0.50
721  0.05078125 0.5631889 0.013763559         1    0.25   0.25      0.50
722  0.03125000 0.5631889 0.013763559         1    0.25   0.25      0.50
723  0.05468750 0.5631889 0.013763559         1    0.25   0.25      0.50
724  1.00000000 0.5631889 0.013763559         1    0.25   0.25      0.50
725  1.00000000 0.5631889 0.013763559         1    0.25   0.25      0.50
726  1.00000000 0.5631889 0.013763559         1    0.25   0.25      0.50
727  0.12109375 0.5631889 0.013763559         1    0.25   0.25      0.50
728  1.00000000 0.5631889 0.013763559         1    0.25   0.25      0.50
729  0.08984375 0.5631889 0.013763559         1    0.25   0.25      0.50
730  1.00000000 0.5631889 0.013763559         1    0.25   0.25      0.50
731  0.03125000 0.5631889 0.013763559         1    0.25   0.25      0.50
732  0.09765625 0.5631889 0.013763559         1    0.25   0.25      0.50
733  0.26171875 0.5631889 0.013763559         1    0.25   0.25      0.50
734  1.00000000 0.5631889 0.013763559         1    0.25   0.25      0.50
735  0.06640625 0.5631889 0.013763559         1    0.25   0.25      0.50
736  0.10937500 0.5631889 0.013763559         1    0.25   0.25      0.50
737  0.03515625 0.5631889 0.013763559         1    0.25   0.25      0.50
738  1.00000000 0.5631889 0.013763559         1    0.25   0.25      0.50
739  1.00000000 0.5631889 0.013763559         1    0.25   0.25      0.50
740  1.00000000 0.5631889 0.013763559         1    0.25   0.25      0.50
741  1.00000000 0.5631889 0.013763559         1    0.25   0.25      0.50
742  1.00000000 0.5631889 0.013763559         1    0.25   0.25      0.50
743  0.08984375 0.5631889 0.013763559         1    0.25   0.25      0.50
744  1.00000000 0.5631889 0.013763559         1    0.25   0.25      0.50
745  0.09765625 0.5631889 0.013763559         1    0.25   0.25      0.50
746  0.09765625 0.5631889 0.013763559         1    0.25   0.25      0.50
747  0.03906250 0.5631889 0.013763559         1    0.25   0.25      0.50
748  1.00000000 0.5631889 0.013763559         1    0.25   0.25      0.50
749  1.00000000 0.5631889 0.013763559         1    0.25   0.25      0.50
750  1.00000000 0.5631889 0.013763559         1    0.25   0.25      0.50
751  0.17578125 0.5631889 0.013763559         1    0.25   0.25      0.50
752  0.07031250 0.5631889 0.013763559         1    0.25   0.25      0.50
753  0.03515625 0.5631889 0.013763559         1    0.25   0.25      0.50
754  1.00000000 0.5631889 0.013763559         1    0.25   0.25      0.50
755  0.07812500 0.5631889 0.013763559         1    0.25   0.25      0.50
756  0.09375000 0.5631889 0.013763559         1    0.25   0.25      0.50
757  1.00000000 0.5631889 0.013763559         1    0.25   0.25      0.50
758  0.12500000 0.5631889 0.013763559         1    0.25   0.25      0.50
759  1.00000000 0.5631889 0.013763559         1    0.25   0.25      0.50
760  0.14843750 0.5631889 0.013763559         1    0.25   0.25      0.50
761  1.00000000 0.5631889 0.013763559         1    0.25   0.25      0.50
762  0.01562500 0.5631889 0.013763559         1    0.25   0.25      0.50
763  0.28125000 0.5631889 0.013763559         1    0.25   0.25      0.50
764  0.05859375 0.5631889 0.013763559         1    0.25   0.25      0.50
765  1.00000000 0.5631889 0.013763559         1    0.25   0.25      0.50
766  0.06250000 0.5631889 0.013763559         1    0.25   0.25      0.50
767  0.05078125 0.5631889 0.013763559         1    0.25   0.25      0.50
768  0.07812500 0.5631889 0.013763559         1    0.25   0.25      0.50
769  0.08984375 0.5631889 0.013763559         1    0.25   0.25      0.50
770  1.00000000 0.5631889 0.013763559         1    0.25   0.25      0.50
771  1.00000000 0.5631889 0.013763559         1    0.25   0.25      0.50
772  0.16796875 0.5631889 0.013763559         1    0.25   0.25      0.50
773  1.00000000 0.5631889 0.013763559         1    0.25   0.25      0.50
774  0.04687500 0.5631889 0.013763559         1    0.25   0.25      0.50
775  0.07421875 0.5631889 0.013763559         1    0.25   0.25      0.50
776  0.22656250 0.5631889 0.013763559         1    0.25   0.25      0.50
777  1.00000000 0.5631889 0.013763559         1    0.25   0.25      0.50
778  0.02734375 0.5631889 0.013763559         1    0.25   0.25      0.50
779  1.00000000 0.5631889 0.013763559         1    0.25   0.25      0.50
780  0.03906250 0.5631889 0.013763559         1    0.25   0.25      0.50
781  0.08984375 0.5631889 0.013763559         1    0.25   0.25      0.50
782  0.11328125 0.5631889 0.013763559         1    0.25   0.25      0.50
783  0.04296875 0.5631889 0.013763559         1    0.25   0.25      0.50
784  1.00000000 0.5631889 0.013763559         1    0.25   0.25      0.50
785  1.00000000 0.5631889 0.013763559         1    0.25   0.25      0.50
786  0.50781250 0.5631889 0.013763559         1    0.25   0.25      0.50
787  1.00000000 0.5631889 0.013763559         1    0.25   0.25      0.50
788  1.00000000 0.5631889 0.013763559         1    0.25   0.25      0.50
789  0.12500000 0.5631889 0.013763559         1    0.25   0.25      0.50
790  1.00000000 0.5631889 0.013763559         1    0.25   0.25      0.50
791  1.00000000 0.5631889 0.013763559         1    0.25   0.25      0.50
792  0.05078125 0.5631889 0.013763559         1    0.25   0.25      0.50
793  1.00000000 0.5631889 0.013763559         1    0.25   0.25      0.50
794  1.00000000 0.5631889 0.013763559         1    0.25   0.25      0.50
795  0.03906250 0.5631889 0.013763559         1    0.25   0.25      0.50
796  0.03515625 0.5631889 0.013763559         1    0.25   0.25      0.50
797  1.00000000 0.5631889 0.013763559         1    0.25   0.25      0.50
798  0.27343750 0.5631889 0.013763559         1    0.25   0.25      0.50
799  1.00000000 0.5631889 0.013763559         1    0.25   0.25      0.50
800  0.03125000 0.5631889 0.013763559         1    0.25   0.25      0.50
801  0.58593750 0.7950687 0.026388299         1    0.08   0.19      0.73
802  0.21875000 0.7950687 0.026388299         1    0.08   0.19      0.73
803  1.00000000 0.7950687 0.026388299         1    0.08   0.19      0.73
804  1.00000000 0.7950687 0.026388299         1    0.08   0.19      0.73
805  1.00000000 0.7950687 0.026388299         1    0.08   0.19      0.73
806  1.00000000 0.7950687 0.026388299         1    0.08   0.19      0.73
807  1.00000000 0.7950687 0.026388299         1    0.08   0.19      0.73
808  1.00000000 0.7950687 0.026388299         1    0.08   0.19      0.73
809  0.12109375 0.7950687 0.026388299         1    0.08   0.19      0.73
810  1.00000000 0.7950687 0.026388299         1    0.08   0.19      0.73
811  0.11328125 0.7950687 0.026388299         1    0.08   0.19      0.73
812  1.00000000 0.7950687 0.026388299         1    0.08   0.19      0.73
813  0.12500000 0.7950687 0.026388299         1    0.08   0.19      0.73
814  1.00000000 0.7950687 0.026388299         1    0.08   0.19      0.73
815  1.00000000 0.7950687 0.026388299         1    0.08   0.19      0.73
816  1.00000000 0.7950687 0.026388299         1    0.08   0.19      0.73
817  0.12890625 0.7950687 0.026388299         1    0.08   0.19      0.73
818  0.09765625 0.7950687 0.026388299         1    0.08   0.19      0.73
819  0.06640625 0.7950687 0.026388299         1    0.08   0.19      0.73
820  1.00000000 0.7950687 0.026388299         1    0.08   0.19      0.73
821  1.00000000 0.7950687 0.026388299         1    0.08   0.19      0.73
822  1.00000000 0.7950687 0.026388299         1    0.08   0.19      0.73
823  1.00000000 0.7950687 0.026388299         1    0.08   0.19      0.73
824  1.00000000 0.7950687 0.026388299         1    0.08   0.19      0.73
825  1.00000000 0.7950687 0.026388299         1    0.08   0.19      0.73
826  1.00000000 0.7950687 0.026388299         1    0.08   0.19      0.73
827  1.00000000 0.7950687 0.026388299         1    0.08   0.19      0.73
828  1.00000000 0.7950687 0.026388299         1    0.08   0.19      0.73
829  1.00000000 0.7950687 0.026388299         1    0.08   0.19      0.73
830  1.00000000 0.7950687 0.026388299         1    0.08   0.19      0.73
831  1.00000000 0.7950687 0.026388299         1    0.08   0.19      0.73
832  0.13281250 0.7950687 0.026388299         1    0.08   0.19      0.73
833  1.00000000 0.7950687 0.026388299         1    0.08   0.19      0.73
834  1.00000000 0.7950687 0.026388299         1    0.08   0.19      0.73
835  1.00000000 0.7950687 0.026388299         1    0.08   0.19      0.73
836  0.26171875 0.7950687 0.026388299         1    0.08   0.19      0.73
837  0.11328125 0.7950687 0.026388299         1    0.08   0.19      0.73
838  1.00000000 0.7950687 0.026388299         1    0.08   0.19      0.73
839  1.00000000 0.7950687 0.026388299         1    0.08   0.19      0.73
840  1.00000000 0.7950687 0.026388299         1    0.08   0.19      0.73
841  0.34375000 0.7950687 0.026388299         1    0.08   0.19      0.73
842  1.00000000 0.7950687 0.026388299         1    0.08   0.19      0.73
843  1.00000000 0.7950687 0.026388299         1    0.08   0.19      0.73
844  1.00000000 0.7950687 0.026388299         1    0.08   0.19      0.73
845  1.00000000 0.7950687 0.026388299         1    0.08   0.19      0.73
846  1.00000000 0.7950687 0.026388299         1    0.08   0.19      0.73
847  1.00000000 0.7950687 0.026388299         1    0.08   0.19      0.73
848  1.00000000 0.7950687 0.026388299         1    0.08   0.19      0.73
849  1.00000000 0.7950687 0.026388299         1    0.08   0.19      0.73
850  1.00000000 0.7950687 0.026388299         1    0.08   0.19      0.73
851  1.00000000 0.7950687 0.026388299         1    0.08   0.19      0.73
852  1.00000000 0.7950687 0.026388299         1    0.08   0.19      0.73
853  1.00000000 0.7950687 0.026388299         1    0.08   0.19      0.73
854  1.00000000 0.7950687 0.026388299         1    0.08   0.19      0.73
855  1.00000000 0.7950687 0.026388299         1    0.08   0.19      0.73
856  1.00000000 0.7950687 0.026388299         1    0.08   0.19      0.73
857  1.00000000 0.7950687 0.026388299         1    0.08   0.19      0.73
858  0.11328125 0.7950687 0.026388299         1    0.08   0.19      0.73
859  1.00000000 0.7950687 0.026388299         1    0.08   0.19      0.73
860  1.00000000 0.7950687 0.026388299         1    0.08   0.19      0.73
861  1.00000000 0.7950687 0.026388299         1    0.08   0.19      0.73
862  1.00000000 0.7950687 0.026388299         1    0.08   0.19      0.73
863  1.00000000 0.7950687 0.026388299         1    0.08   0.19      0.73
864  1.00000000 0.7950687 0.026388299         1    0.08   0.19      0.73
865  1.00000000 0.7950687 0.026388299         1    0.08   0.19      0.73
866  0.37500000 0.7950687 0.026388299         1    0.08   0.19      0.73
867  1.00000000 0.7950687 0.026388299         1    0.08   0.19      0.73
868  0.07812500 0.7950687 0.026388299         1    0.08   0.19      0.73
869  1.00000000 0.7950687 0.026388299         1    0.08   0.19      0.73
870  0.54296875 0.7950687 0.026388299         1    0.08   0.19      0.73
871  1.00000000 0.7950687 0.026388299         1    0.08   0.19      0.73
872  1.00000000 0.7950687 0.026388299         1    0.08   0.19      0.73
873  0.22656250 0.7950687 0.026388299         1    0.08   0.19      0.73
874  1.00000000 0.7950687 0.026388299         1    0.08   0.19      0.73
875  0.04687500 0.7950687 0.026388299         1    0.08   0.19      0.73
876  1.00000000 0.7950687 0.026388299         1    0.08   0.19      0.73
877  0.10546875 0.7950687 0.026388299         1    0.08   0.19      0.73
878  1.00000000 0.7950687 0.026388299         1    0.08   0.19      0.73
879  0.18750000 0.7950687 0.026388299         1    0.08   0.19      0.73
880  1.00000000 0.7950687 0.026388299         1    0.08   0.19      0.73
881  1.00000000 0.7950687 0.026388299         1    0.08   0.19      0.73
882  0.08984375 0.7950687 0.026388299         1    0.08   0.19      0.73
883  0.33593750 0.7950687 0.026388299         1    0.08   0.19      0.73
884  0.08203125 0.7950687 0.026388299         1    0.08   0.19      0.73
885  1.00000000 0.7950687 0.026388299         1    0.08   0.19      0.73
886  0.26953125 0.7950687 0.026388299         1    0.08   0.19      0.73
887  1.00000000 0.7950687 0.026388299         1    0.08   0.19      0.73
888  1.00000000 0.7950687 0.026388299         1    0.08   0.19      0.73
889  1.00000000 0.7950687 0.026388299         1    0.08   0.19      0.73
890  1.00000000 0.7950687 0.026388299         1    0.08   0.19      0.73
891  0.12109375 0.7950687 0.026388299         1    0.08   0.19      0.73
892  0.10937500 0.7950687 0.026388299         1    0.08   0.19      0.73
893  1.00000000 0.7950687 0.026388299         1    0.08   0.19      0.73
894  1.00000000 0.7950687 0.026388299         1    0.08   0.19      0.73
895  0.14843750 0.7950687 0.026388299         1    0.08   0.19      0.73
896  1.00000000 0.7950687 0.026388299         1    0.08   0.19      0.73
897  1.00000000 0.7950687 0.026388299         1    0.08   0.19      0.73
898  1.00000000 0.7950687 0.026388299         1    0.08   0.19      0.73
899  1.00000000 0.7950687 0.026388299         1    0.08   0.19      0.73
900  1.00000000 0.7950687 0.026388299         1    0.08   0.19      0.73
901  1.00000000 0.6511260 0.020788500         1    0.16   0.17      0.67
902  1.00000000 0.6511260 0.020788500         1    0.16   0.17      0.67
903  1.00000000 0.6511260 0.020788500         1    0.16   0.17      0.67
904  0.10546875 0.6511260 0.020788500         1    0.16   0.17      0.67
905  1.00000000 0.6511260 0.020788500         1    0.16   0.17      0.67
906  1.00000000 0.6511260 0.020788500         1    0.16   0.17      0.67
907  1.00000000 0.6511260 0.020788500         1    0.16   0.17      0.67
908  1.00000000 0.6511260 0.020788500         1    0.16   0.17      0.67
909  1.00000000 0.6511260 0.020788500         1    0.16   0.17      0.67
910  1.00000000 0.6511260 0.020788500         1    0.16   0.17      0.67
911  0.42578125 0.6511260 0.020788500         1    0.16   0.17      0.67
912  1.00000000 0.6511260 0.020788500         1    0.16   0.17      0.67
913  0.05468750 0.6511260 0.020788500         1    0.16   0.17      0.67
914  0.09375000 0.6511260 0.020788500         1    0.16   0.17      0.67
915  0.06640625 0.6511260 0.020788500         1    0.16   0.17      0.67
916  0.08593750 0.6511260 0.020788500         1    0.16   0.17      0.67
917  0.25000000 0.6511260 0.020788500         1    0.16   0.17      0.67
918  1.00000000 0.6511260 0.020788500         1    0.16   0.17      0.67
919  1.00000000 0.6511260 0.020788500         1    0.16   0.17      0.67
920  0.06640625 0.6511260 0.020788500         1    0.16   0.17      0.67
921  1.00000000 0.6511260 0.020788500         1    0.16   0.17      0.67
922  0.07031250 0.6511260 0.020788500         1    0.16   0.17      0.67
923  0.10546875 0.6511260 0.020788500         1    0.16   0.17      0.67
924  1.00000000 0.6511260 0.020788500         1    0.16   0.17      0.67
925  1.00000000 0.6511260 0.020788500         1    0.16   0.17      0.67
926  1.00000000 0.6511260 0.020788500         1    0.16   0.17      0.67
927  0.03125000 0.6511260 0.020788500         1    0.16   0.17      0.67
928  1.00000000 0.6511260 0.020788500         1    0.16   0.17      0.67
929  0.14453125 0.6511260 0.020788500         1    0.16   0.17      0.67
930  1.00000000 0.6511260 0.020788500         1    0.16   0.17      0.67
931  0.09765625 0.6511260 0.020788500         1    0.16   0.17      0.67
932  0.08593750 0.6511260 0.020788500         1    0.16   0.17      0.67
933  1.00000000 0.6511260 0.020788500         1    0.16   0.17      0.67
934  1.00000000 0.6511260 0.020788500         1    0.16   0.17      0.67
935  0.06250000 0.6511260 0.020788500         1    0.16   0.17      0.67
936  1.00000000 0.6511260 0.020788500         1    0.16   0.17      0.67
937  1.00000000 0.6511260 0.020788500         1    0.16   0.17      0.67
938  0.20703125 0.6511260 0.020788500         1    0.16   0.17      0.67
939  1.00000000 0.6511260 0.020788500         1    0.16   0.17      0.67
940  1.00000000 0.6511260 0.020788500         1    0.16   0.17      0.67
941  1.00000000 0.6511260 0.020788500         1    0.16   0.17      0.67
942  1.00000000 0.6511260 0.020788500         1    0.16   0.17      0.67
943  1.00000000 0.6511260 0.020788500         1    0.16   0.17      0.67
944  1.00000000 0.6511260 0.020788500         1    0.16   0.17      0.67
945  1.00000000 0.6511260 0.020788500         1    0.16   0.17      0.67
946  0.27734375 0.6511260 0.020788500         1    0.16   0.17      0.67
947  0.17578125 0.6511260 0.020788500         1    0.16   0.17      0.67
948  1.00000000 0.6511260 0.020788500         1    0.16   0.17      0.67
949  1.00000000 0.6511260 0.020788500         1    0.16   0.17      0.67
950  1.00000000 0.6511260 0.020788500         1    0.16   0.17      0.67
951  1.00000000 0.6511260 0.020788500         1    0.16   0.17      0.67
952  0.09375000 0.6511260 0.020788500         1    0.16   0.17      0.67
953  1.00000000 0.6511260 0.020788500         1    0.16   0.17      0.67
954  1.00000000 0.6511260 0.020788500         1    0.16   0.17      0.67
955  1.00000000 0.6511260 0.020788500         1    0.16   0.17      0.67
956  0.35546875 0.6511260 0.020788500         1    0.16   0.17      0.67
957  0.24609375 0.6511260 0.020788500         1    0.16   0.17      0.67
958  1.00000000 0.6511260 0.020788500         1    0.16   0.17      0.67
959  0.08593750 0.6511260 0.020788500         1    0.16   0.17      0.67
960  1.00000000 0.6511260 0.020788500         1    0.16   0.17      0.67
961  1.00000000 0.6511260 0.020788500         1    0.16   0.17      0.67
962  1.00000000 0.6511260 0.020788500         1    0.16   0.17      0.67
963  1.00000000 0.6511260 0.020788500         1    0.16   0.17      0.67
964  0.11328125 0.6511260 0.020788500         1    0.16   0.17      0.67
965  1.00000000 0.6511260 0.020788500         1    0.16   0.17      0.67
966  0.20312500 0.6511260 0.020788500         1    0.16   0.17      0.67
967  1.00000000 0.6511260 0.020788500         1    0.16   0.17      0.67
968  1.00000000 0.6511260 0.020788500         1    0.16   0.17      0.67
969  0.08984375 0.6511260 0.020788500         1    0.16   0.17      0.67
970  0.08984375 0.6511260 0.020788500         1    0.16   0.17      0.67
971  0.05468750 0.6511260 0.020788500         1    0.16   0.17      0.67
972  1.00000000 0.6511260 0.020788500         1    0.16   0.17      0.67
973  0.13671875 0.6511260 0.020788500         1    0.16   0.17      0.67
974  0.04687500 0.6511260 0.020788500         1    0.16   0.17      0.67
975  1.00000000 0.6511260 0.020788500         1    0.16   0.17      0.67
976  1.00000000 0.6511260 0.020788500         1    0.16   0.17      0.67
977  0.12109375 0.6511260 0.020788500         1    0.16   0.17      0.67
978  1.00000000 0.6511260 0.020788500         1    0.16   0.17      0.67
979  1.00000000 0.6511260 0.020788500         1    0.16   0.17      0.67
980  0.13671875 0.6511260 0.020788500         1    0.16   0.17      0.67
981  1.00000000 0.6511260 0.020788500         1    0.16   0.17      0.67
982  1.00000000 0.6511260 0.020788500         1    0.16   0.17      0.67
983  1.00000000 0.6511260 0.020788500         1    0.16   0.17      0.67
984  1.00000000 0.6511260 0.020788500         1    0.16   0.17      0.67
985  1.00000000 0.6511260 0.020788500         1    0.16   0.17      0.67
986  1.00000000 0.6511260 0.020788500         1    0.16   0.17      0.67
987  1.00000000 0.6511260 0.020788500         1    0.16   0.17      0.67
988  1.00000000 0.6511260 0.020788500         1    0.16   0.17      0.67
989  1.00000000 0.6511260 0.020788500         1    0.16   0.17      0.67
990  1.00000000 0.6511260 0.020788500         1    0.16   0.17      0.67
991  1.00000000 0.6511260 0.020788500         1    0.16   0.17      0.67
992  1.00000000 0.6511260 0.020788500         1    0.16   0.17      0.67
993  1.00000000 0.6511260 0.020788500         1    0.16   0.17      0.67
994  1.00000000 0.6511260 0.020788500         1    0.16   0.17      0.67
995  1.00000000 0.6511260 0.020788500         1    0.16   0.17      0.67
996  1.00000000 0.6511260 0.020788500         1    0.16   0.17      0.67
997  0.13671875 0.6511260 0.020788500         1    0.16   0.17      0.67
998  1.00000000 0.6511260 0.020788500         1    0.16   0.17      0.67
999  1.00000000 0.6511260 0.020788500         1    0.16   0.17      0.67
1000 0.69140625 0.6511260 0.020788500         1    0.16   0.17      0.67
