      prop.aneu  prob.meio  prob.mito dispersal euploid mosaic aneuploid
1    0.95703125 0.20376594 0.19931980         1    0.00   0.40      0.60
2    0.76562500 0.20376594 0.19931980         1    0.00   0.40      0.60
3    1.00000000 0.20376594 0.19931980         1    0.00   0.40      0.60
4    1.00000000 0.20376594 0.19931980         1    0.00   0.40      0.60
5    1.00000000 0.20376594 0.19931980         1    0.00   0.40      0.60
6    0.84765625 0.20376594 0.19931980         1    0.00   0.40      0.60
7    0.89453125 0.20376594 0.19931980         1    0.00   0.40      0.60
8    0.80859375 0.20376594 0.19931980         1    0.00   0.40      0.60
9    0.95312500 0.20376594 0.19931980         1    0.00   0.40      0.60
10   1.00000000 0.20376594 0.19931980         1    0.00   0.40      0.60
11   0.62890625 0.20376594 0.19931980         1    0.00   0.40      0.60
12   0.85156250 0.20376594 0.19931980         1    0.00   0.40      0.60
13   0.86328125 0.20376594 0.19931980         1    0.00   0.40      0.60
14   0.80859375 0.20376594 0.19931980         1    0.00   0.40      0.60
15   0.85156250 0.20376594 0.19931980         1    0.00   0.40      0.60
16   0.79687500 0.20376594 0.19931980         1    0.00   0.40      0.60
17   0.83203125 0.20376594 0.19931980         1    0.00   0.40      0.60
18   0.75390625 0.20376594 0.19931980         1    0.00   0.40      0.60
19   0.82421875 0.20376594 0.19931980         1    0.00   0.40      0.60
20   0.85156250 0.20376594 0.19931980         1    0.00   0.40      0.60
21   1.00000000 0.20376594 0.19931980         1    0.00   0.40      0.60
22   0.92968750 0.20376594 0.19931980         1    0.00   0.40      0.60
23   1.00000000 0.20376594 0.19931980         1    0.00   0.40      0.60
24   0.69921875 0.20376594 0.19931980         1    0.00   0.40      0.60
25   1.00000000 0.20376594 0.19931980         1    0.00   0.40      0.60
26   0.62500000 0.20376594 0.19931980         1    0.00   0.40      0.60
27   1.00000000 0.20376594 0.19931980         1    0.00   0.40      0.60
28   0.89843750 0.20376594 0.19931980         1    0.00   0.40      0.60
29   1.00000000 0.20376594 0.19931980         1    0.00   0.40      0.60
30   0.69531250 0.20376594 0.19931980         1    0.00   0.40      0.60
31   0.91406250 0.20376594 0.19931980         1    0.00   0.40      0.60
32   0.75390625 0.20376594 0.19931980         1    0.00   0.40      0.60
33   0.77734375 0.20376594 0.19931980         1    0.00   0.40      0.60
34   0.93750000 0.20376594 0.19931980         1    0.00   0.40      0.60
35   1.00000000 0.20376594 0.19931980         1    0.00   0.40      0.60
36   0.95312500 0.20376594 0.19931980         1    0.00   0.40      0.60
37   0.94531250 0.20376594 0.19931980         1    0.00   0.40      0.60
38   0.66406250 0.20376594 0.19931980         1    0.00   0.40      0.60
39   1.00000000 0.20376594 0.19931980         1    0.00   0.40      0.60
40   1.00000000 0.20376594 0.19931980         1    0.00   0.40      0.60
41   0.66796875 0.20376594 0.19931980         1    0.00   0.40      0.60
42   0.90234375 0.20376594 0.19931980         1    0.00   0.40      0.60
43   0.86328125 0.20376594 0.19931980         1    0.00   0.40      0.60
44   0.81640625 0.20376594 0.19931980         1    0.00   0.40      0.60
45   1.00000000 0.20376594 0.19931980         1    0.00   0.40      0.60
46   0.82031250 0.20376594 0.19931980         1    0.00   0.40      0.60
47   1.00000000 0.20376594 0.19931980         1    0.00   0.40      0.60
48   0.76171875 0.20376594 0.19931980         1    0.00   0.40      0.60
49   0.87890625 0.20376594 0.19931980         1    0.00   0.40      0.60
50   0.92187500 0.20376594 0.19931980         1    0.00   0.40      0.60
51   0.90234375 0.20376594 0.19931980         1    0.00   0.40      0.60
52   0.68750000 0.20376594 0.19931980         1    0.00   0.40      0.60
53   0.70312500 0.20376594 0.19931980         1    0.00   0.40      0.60
54   0.73437500 0.20376594 0.19931980         1    0.00   0.40      0.60
55   0.63281250 0.20376594 0.19931980         1    0.00   0.40      0.60
56   0.77343750 0.20376594 0.19931980         1    0.00   0.40      0.60
57   1.00000000 0.20376594 0.19931980         1    0.00   0.40      0.60
58   0.87109375 0.20376594 0.19931980         1    0.00   0.40      0.60
59   0.91796875 0.20376594 0.19931980         1    0.00   0.40      0.60
60   0.87109375 0.20376594 0.19931980         1    0.00   0.40      0.60
61   1.00000000 0.20376594 0.19931980         1    0.00   0.40      0.60
62   0.83984375 0.20376594 0.19931980         1    0.00   0.40      0.60
63   0.78906250 0.20376594 0.19931980         1    0.00   0.40      0.60
64   0.83984375 0.20376594 0.19931980         1    0.00   0.40      0.60
65   0.82421875 0.20376594 0.19931980         1    0.00   0.40      0.60
66   0.92578125 0.20376594 0.19931980         1    0.00   0.40      0.60
67   1.00000000 0.20376594 0.19931980         1    0.00   0.40      0.60
68   0.80859375 0.20376594 0.19931980         1    0.00   0.40      0.60
69   0.76562500 0.20376594 0.19931980         1    0.00   0.40      0.60
70   0.83984375 0.20376594 0.19931980         1    0.00   0.40      0.60
71   0.80078125 0.20376594 0.19931980         1    0.00   0.40      0.60
72   1.00000000 0.20376594 0.19931980         1    0.00   0.40      0.60
73   0.98828125 0.20376594 0.19931980         1    0.00   0.40      0.60
74   0.90625000 0.20376594 0.19931980         1    0.00   0.40      0.60
75   1.00000000 0.20376594 0.19931980         1    0.00   0.40      0.60
76   0.89843750 0.20376594 0.19931980         1    0.00   0.40      0.60
77   1.00000000 0.20376594 0.19931980         1    0.00   0.40      0.60
78   0.89843750 0.20376594 0.19931980         1    0.00   0.40      0.60
79   1.00000000 0.20376594 0.19931980         1    0.00   0.40      0.60
80   0.94531250 0.20376594 0.19931980         1    0.00   0.40      0.60
81   0.81250000 0.20376594 0.19931980         1    0.00   0.40      0.60
82   0.83593750 0.20376594 0.19931980         1    0.00   0.40      0.60
83   0.85546875 0.20376594 0.19931980         1    0.00   0.40      0.60
84   0.80078125 0.20376594 0.19931980         1    0.00   0.40      0.60
85   0.93359375 0.20376594 0.19931980         1    0.00   0.40      0.60
86   0.78906250 0.20376594 0.19931980         1    0.00   0.40      0.60
87   1.00000000 0.20376594 0.19931980         1    0.00   0.40      0.60
88   1.00000000 0.20376594 0.19931980         1    0.00   0.40      0.60
89   0.85156250 0.20376594 0.19931980         1    0.00   0.40      0.60
90   1.00000000 0.20376594 0.19931980         1    0.00   0.40      0.60
91   1.00000000 0.20376594 0.19931980         1    0.00   0.40      0.60
92   0.73828125 0.20376594 0.19931980         1    0.00   0.40      0.60
93   0.84765625 0.20376594 0.19931980         1    0.00   0.40      0.60
94   1.00000000 0.20376594 0.19931980         1    0.00   0.40      0.60
95   0.80078125 0.20376594 0.19931980         1    0.00   0.40      0.60
96   0.78515625 0.20376594 0.19931980         1    0.00   0.40      0.60
97   1.00000000 0.20376594 0.19931980         1    0.00   0.40      0.60
98   0.77343750 0.20376594 0.19931980         1    0.00   0.40      0.60
99   0.69140625 0.20376594 0.19931980         1    0.00   0.40      0.60
100  0.87890625 0.20376594 0.19931980         1    0.00   0.40      0.60
101  1.00000000 0.66173470 0.12077259         1    0.00   0.41      0.59
102  0.69531250 0.66173470 0.12077259         1    0.00   0.41      0.59
103  1.00000000 0.66173470 0.12077259         1    0.00   0.41      0.59
104  0.73046875 0.66173470 0.12077259         1    0.00   0.41      0.59
105  1.00000000 0.66173470 0.12077259         1    0.00   0.41      0.59
106  1.00000000 0.66173470 0.12077259         1    0.00   0.41      0.59
107  0.67578125 0.66173470 0.12077259         1    0.00   0.41      0.59
108  1.00000000 0.66173470 0.12077259         1    0.00   0.41      0.59
109  1.00000000 0.66173470 0.12077259         1    0.00   0.41      0.59
110  0.54687500 0.66173470 0.12077259         1    0.00   0.41      0.59
111  0.81640625 0.66173470 0.12077259         1    0.00   0.41      0.59
112  1.00000000 0.66173470 0.12077259         1    0.00   0.41      0.59
113  0.68750000 0.66173470 0.12077259         1    0.00   0.41      0.59
114  1.00000000 0.66173470 0.12077259         1    0.00   0.41      0.59
115  0.78125000 0.66173470 0.12077259         1    0.00   0.41      0.59
116  0.61718750 0.66173470 0.12077259         1    0.00   0.41      0.59
117  0.70703125 0.66173470 0.12077259         1    0.00   0.41      0.59
118  1.00000000 0.66173470 0.12077259         1    0.00   0.41      0.59
119  1.00000000 0.66173470 0.12077259         1    0.00   0.41      0.59
120  1.00000000 0.66173470 0.12077259         1    0.00   0.41      0.59
121  0.62890625 0.66173470 0.12077259         1    0.00   0.41      0.59
122  1.00000000 0.66173470 0.12077259         1    0.00   0.41      0.59
123  0.63281250 0.66173470 0.12077259         1    0.00   0.41      0.59
124  0.55078125 0.66173470 0.12077259         1    0.00   0.41      0.59
125  0.66406250 0.66173470 0.12077259         1    0.00   0.41      0.59
126  1.00000000 0.66173470 0.12077259         1    0.00   0.41      0.59
127  0.69140625 0.66173470 0.12077259         1    0.00   0.41      0.59
128  0.63671875 0.66173470 0.12077259         1    0.00   0.41      0.59
129  0.60937500 0.66173470 0.12077259         1    0.00   0.41      0.59
130  0.37109375 0.66173470 0.12077259         1    0.00   0.41      0.59
131  0.73046875 0.66173470 0.12077259         1    0.00   0.41      0.59
132  1.00000000 0.66173470 0.12077259         1    0.00   0.41      0.59
133  0.53515625 0.66173470 0.12077259         1    0.00   0.41      0.59
134  0.57031250 0.66173470 0.12077259         1    0.00   0.41      0.59
135  0.82421875 0.66173470 0.12077259         1    0.00   0.41      0.59
136  1.00000000 0.66173470 0.12077259         1    0.00   0.41      0.59
137  1.00000000 0.66173470 0.12077259         1    0.00   0.41      0.59
138  1.00000000 0.66173470 0.12077259         1    0.00   0.41      0.59
139  0.55859375 0.66173470 0.12077259         1    0.00   0.41      0.59
140  0.79687500 0.66173470 0.12077259         1    0.00   0.41      0.59
141  1.00000000 0.66173470 0.12077259         1    0.00   0.41      0.59
142  1.00000000 0.66173470 0.12077259         1    0.00   0.41      0.59
143  0.71484375 0.66173470 0.12077259         1    0.00   0.41      0.59
144  1.00000000 0.66173470 0.12077259         1    0.00   0.41      0.59
145  1.00000000 0.66173470 0.12077259         1    0.00   0.41      0.59
146  0.50390625 0.66173470 0.12077259         1    0.00   0.41      0.59
147  0.67578125 0.66173470 0.12077259         1    0.00   0.41      0.59
148  1.00000000 0.66173470 0.12077259         1    0.00   0.41      0.59
149  0.83593750 0.66173470 0.12077259         1    0.00   0.41      0.59
150  1.00000000 0.66173470 0.12077259         1    0.00   0.41      0.59
151  0.50390625 0.66173470 0.12077259         1    0.00   0.41      0.59
152  1.00000000 0.66173470 0.12077259         1    0.00   0.41      0.59
153  1.00000000 0.66173470 0.12077259         1    0.00   0.41      0.59
154  1.00000000 0.66173470 0.12077259         1    0.00   0.41      0.59
155  0.77734375 0.66173470 0.12077259         1    0.00   0.41      0.59
156  0.49218750 0.66173470 0.12077259         1    0.00   0.41      0.59
157  1.00000000 0.66173470 0.12077259         1    0.00   0.41      0.59
158  1.00000000 0.66173470 0.12077259         1    0.00   0.41      0.59
159  0.65625000 0.66173470 0.12077259         1    0.00   0.41      0.59
160  1.00000000 0.66173470 0.12077259         1    0.00   0.41      0.59
161  1.00000000 0.66173470 0.12077259         1    0.00   0.41      0.59
162  1.00000000 0.66173470 0.12077259         1    0.00   0.41      0.59
163  1.00000000 0.66173470 0.12077259         1    0.00   0.41      0.59
164  1.00000000 0.66173470 0.12077259         1    0.00   0.41      0.59
165  0.74218750 0.66173470 0.12077259         1    0.00   0.41      0.59
166  0.74218750 0.66173470 0.12077259         1    0.00   0.41      0.59
167  1.00000000 0.66173470 0.12077259         1    0.00   0.41      0.59
168  0.45703125 0.66173470 0.12077259         1    0.00   0.41      0.59
169  0.62109375 0.66173470 0.12077259         1    0.00   0.41      0.59
170  1.00000000 0.66173470 0.12077259         1    0.00   0.41      0.59
171  0.51171875 0.66173470 0.12077259         1    0.00   0.41      0.59
172  1.00000000 0.66173470 0.12077259         1    0.00   0.41      0.59
173  0.54296875 0.66173470 0.12077259         1    0.00   0.41      0.59
174  0.45312500 0.66173470 0.12077259         1    0.00   0.41      0.59
175  1.00000000 0.66173470 0.12077259         1    0.00   0.41      0.59
176  1.00000000 0.66173470 0.12077259         1    0.00   0.41      0.59
177  0.50781250 0.66173470 0.12077259         1    0.00   0.41      0.59
178  1.00000000 0.66173470 0.12077259         1    0.00   0.41      0.59
179  1.00000000 0.66173470 0.12077259         1    0.00   0.41      0.59
180  1.00000000 0.66173470 0.12077259         1    0.00   0.41      0.59
181  0.73828125 0.66173470 0.12077259         1    0.00   0.41      0.59
182  1.00000000 0.66173470 0.12077259         1    0.00   0.41      0.59
183  0.57812500 0.66173470 0.12077259         1    0.00   0.41      0.59
184  1.00000000 0.66173470 0.12077259         1    0.00   0.41      0.59
185  1.00000000 0.66173470 0.12077259         1    0.00   0.41      0.59
186  1.00000000 0.66173470 0.12077259         1    0.00   0.41      0.59
187  1.00000000 0.66173470 0.12077259         1    0.00   0.41      0.59
188  0.57031250 0.66173470 0.12077259         1    0.00   0.41      0.59
189  1.00000000 0.66173470 0.12077259         1    0.00   0.41      0.59
190  0.91406250 0.66173470 0.12077259         1    0.00   0.41      0.59
191  1.00000000 0.66173470 0.12077259         1    0.00   0.41      0.59
192  0.58984375 0.66173470 0.12077259         1    0.00   0.41      0.59
193  1.00000000 0.66173470 0.12077259         1    0.00   0.41      0.59
194  1.00000000 0.66173470 0.12077259         1    0.00   0.41      0.59
195  0.56250000 0.66173470 0.12077259         1    0.00   0.41      0.59
196  1.00000000 0.66173470 0.12077259         1    0.00   0.41      0.59
197  0.71875000 0.66173470 0.12077259         1    0.00   0.41      0.59
198  0.48828125 0.66173470 0.12077259         1    0.00   0.41      0.59
199  1.00000000 0.66173470 0.12077259         1    0.00   0.41      0.59
200  1.00000000 0.66173470 0.12077259         1    0.00   0.41      0.59
201  0.78906250 0.05075347 0.20925820         1    0.00   0.40      0.60
202  1.00000000 0.05075347 0.20925820         1    0.00   0.40      0.60
203  0.92187500 0.05075347 0.20925820         1    0.00   0.40      0.60
204  0.88281250 0.05075347 0.20925820         1    0.00   0.40      0.60
205  0.93359375 0.05075347 0.20925820         1    0.00   0.40      0.60
206  0.83593750 0.05075347 0.20925820         1    0.00   0.40      0.60
207  0.89843750 0.05075347 0.20925820         1    0.00   0.40      0.60
208  1.00000000 0.05075347 0.20925820         1    0.00   0.40      0.60
209  0.77734375 0.05075347 0.20925820         1    0.00   0.40      0.60
210  0.84375000 0.05075347 0.20925820         1    0.00   0.40      0.60
211  0.83203125 0.05075347 0.20925820         1    0.00   0.40      0.60
212  0.94140625 0.05075347 0.20925820         1    0.00   0.40      0.60
213  0.90234375 0.05075347 0.20925820         1    0.00   0.40      0.60
214  0.81640625 0.05075347 0.20925820         1    0.00   0.40      0.60
215  1.00000000 0.05075347 0.20925820         1    0.00   0.40      0.60
216  0.85937500 0.05075347 0.20925820         1    0.00   0.40      0.60
217  0.89453125 0.05075347 0.20925820         1    0.00   0.40      0.60
218  0.70312500 0.05075347 0.20925820         1    0.00   0.40      0.60
219  0.91796875 0.05075347 0.20925820         1    0.00   0.40      0.60
220  0.91015625 0.05075347 0.20925820         1    0.00   0.40      0.60
221  0.86328125 0.05075347 0.20925820         1    0.00   0.40      0.60
222  0.82812500 0.05075347 0.20925820         1    0.00   0.40      0.60
223  0.87890625 0.05075347 0.20925820         1    0.00   0.40      0.60
224  1.00000000 0.05075347 0.20925820         1    0.00   0.40      0.60
225  0.83203125 0.05075347 0.20925820         1    0.00   0.40      0.60
226  0.87109375 0.05075347 0.20925820         1    0.00   0.40      0.60
227  1.00000000 0.05075347 0.20925820         1    0.00   0.40      0.60
228  0.92968750 0.05075347 0.20925820         1    0.00   0.40      0.60
229  1.00000000 0.05075347 0.20925820         1    0.00   0.40      0.60
230  0.86718750 0.05075347 0.20925820         1    0.00   0.40      0.60
231  0.73046875 0.05075347 0.20925820         1    0.00   0.40      0.60
232  0.71875000 0.05075347 0.20925820         1    0.00   0.40      0.60
233  0.82812500 0.05075347 0.20925820         1    0.00   0.40      0.60
234  0.78515625 0.05075347 0.20925820         1    0.00   0.40      0.60
235  0.77734375 0.05075347 0.20925820         1    0.00   0.40      0.60
236  0.92968750 0.05075347 0.20925820         1    0.00   0.40      0.60
237  0.96093750 0.05075347 0.20925820         1    0.00   0.40      0.60
238  1.00000000 0.05075347 0.20925820         1    0.00   0.40      0.60
239  0.72656250 0.05075347 0.20925820         1    0.00   0.40      0.60
240  0.85937500 0.05075347 0.20925820         1    0.00   0.40      0.60
241  0.88281250 0.05075347 0.20925820         1    0.00   0.40      0.60
242  1.00000000 0.05075347 0.20925820         1    0.00   0.40      0.60
243  0.90625000 0.05075347 0.20925820         1    0.00   0.40      0.60
244  0.92187500 0.05075347 0.20925820         1    0.00   0.40      0.60
245  0.83593750 0.05075347 0.20925820         1    0.00   0.40      0.60
246  0.69531250 0.05075347 0.20925820         1    0.00   0.40      0.60
247  0.87890625 0.05075347 0.20925820         1    0.00   0.40      0.60
248  0.80859375 0.05075347 0.20925820         1    0.00   0.40      0.60
249  0.93359375 0.05075347 0.20925820         1    0.00   0.40      0.60
250  0.82031250 0.05075347 0.20925820         1    0.00   0.40      0.60
251  1.00000000 0.05075347 0.20925820         1    0.00   0.40      0.60
252  0.94921875 0.05075347 0.20925820         1    0.00   0.40      0.60
253  0.96484375 0.05075347 0.20925820         1    0.00   0.40      0.60
254  0.79296875 0.05075347 0.20925820         1    0.00   0.40      0.60
255  0.83984375 0.05075347 0.20925820         1    0.00   0.40      0.60
256  0.74218750 0.05075347 0.20925820         1    0.00   0.40      0.60
257  0.78125000 0.05075347 0.20925820         1    0.00   0.40      0.60
258  0.78125000 0.05075347 0.20925820         1    0.00   0.40      0.60
259  1.00000000 0.05075347 0.20925820         1    0.00   0.40      0.60
260  0.76562500 0.05075347 0.20925820         1    0.00   0.40      0.60
261  0.73046875 0.05075347 0.20925820         1    0.00   0.40      0.60
262  0.96093750 0.05075347 0.20925820         1    0.00   0.40      0.60
263  0.81640625 0.05075347 0.20925820         1    0.00   0.40      0.60
264  0.83203125 0.05075347 0.20925820         1    0.00   0.40      0.60
265  0.84765625 0.05075347 0.20925820         1    0.00   0.40      0.60
266  0.86328125 0.05075347 0.20925820         1    0.00   0.40      0.60
267  0.77734375 0.05075347 0.20925820         1    0.00   0.40      0.60
268  0.90625000 0.05075347 0.20925820         1    0.00   0.40      0.60
269  0.98828125 0.05075347 0.20925820         1    0.00   0.40      0.60
270  0.75781250 0.05075347 0.20925820         1    0.00   0.40      0.60
271  0.92968750 0.05075347 0.20925820         1    0.00   0.40      0.60
272  0.82031250 0.05075347 0.20925820         1    0.00   0.40      0.60
273  0.85546875 0.05075347 0.20925820         1    0.00   0.40      0.60
274  0.81250000 0.05075347 0.20925820         1    0.00   0.40      0.60
275  0.75781250 0.05075347 0.20925820         1    0.00   0.40      0.60
276  0.76562500 0.05075347 0.20925820         1    0.00   0.40      0.60
277  0.95312500 0.05075347 0.20925820         1    0.00   0.40      0.60
278  0.78906250 0.05075347 0.20925820         1    0.00   0.40      0.60
279  0.83984375 0.05075347 0.20925820         1    0.00   0.40      0.60
280  0.71875000 0.05075347 0.20925820         1    0.00   0.40      0.60
281  0.92187500 0.05075347 0.20925820         1    0.00   0.40      0.60
282  0.90234375 0.05075347 0.20925820         1    0.00   0.40      0.60
283  0.82812500 0.05075347 0.20925820         1    0.00   0.40      0.60
284  1.00000000 0.05075347 0.20925820         1    0.00   0.40      0.60
285  0.87890625 0.05075347 0.20925820         1    0.00   0.40      0.60
286  1.00000000 0.05075347 0.20925820         1    0.00   0.40      0.60
287  0.82421875 0.05075347 0.20925820         1    0.00   0.40      0.60
288  0.82031250 0.05075347 0.20925820         1    0.00   0.40      0.60
289  0.89453125 0.05075347 0.20925820         1    0.00   0.40      0.60
290  0.83593750 0.05075347 0.20925820         1    0.00   0.40      0.60
291  1.00000000 0.05075347 0.20925820         1    0.00   0.40      0.60
292  0.95312500 0.05075347 0.20925820         1    0.00   0.40      0.60
293  0.60156250 0.05075347 0.20925820         1    0.00   0.40      0.60
294  0.93359375 0.05075347 0.20925820         1    0.00   0.40      0.60
295  0.87500000 0.05075347 0.20925820         1    0.00   0.40      0.60
296  0.93750000 0.05075347 0.20925820         1    0.00   0.40      0.60
297  0.85546875 0.05075347 0.20925820         1    0.00   0.40      0.60
298  0.74609375 0.05075347 0.20925820         1    0.00   0.40      0.60
299  1.00000000 0.05075347 0.20925820         1    0.00   0.40      0.60
300  0.93750000 0.05075347 0.20925820         1    0.00   0.40      0.60
301  0.30078125 0.50755928 0.05304833         1    0.00   0.41      0.59
302  0.27734375 0.50755928 0.05304833         1    0.00   0.41      0.59
303  0.49609375 0.50755928 0.05304833         1    0.00   0.41      0.59
304  1.00000000 0.50755928 0.05304833         1    0.00   0.41      0.59
305  1.00000000 0.50755928 0.05304833         1    0.00   0.41      0.59
306  1.00000000 0.50755928 0.05304833         1    0.00   0.41      0.59
307  1.00000000 0.50755928 0.05304833         1    0.00   0.41      0.59
308  0.51171875 0.50755928 0.05304833         1    0.00   0.41      0.59
309  1.00000000 0.50755928 0.05304833         1    0.00   0.41      0.59
310  1.00000000 0.50755928 0.05304833         1    0.00   0.41      0.59
311  1.00000000 0.50755928 0.05304833         1    0.00   0.41      0.59
312  1.00000000 0.50755928 0.05304833         1    0.00   0.41      0.59
313  1.00000000 0.50755928 0.05304833         1    0.00   0.41      0.59
314  0.19921875 0.50755928 0.05304833         1    0.00   0.41      0.59
315  0.29687500 0.50755928 0.05304833         1    0.00   0.41      0.59
316  1.00000000 0.50755928 0.05304833         1    0.00   0.41      0.59
317  1.00000000 0.50755928 0.05304833         1    0.00   0.41      0.59
318  0.68750000 0.50755928 0.05304833         1    0.00   0.41      0.59
319  0.32812500 0.50755928 0.05304833         1    0.00   0.41      0.59
320  0.29687500 0.50755928 0.05304833         1    0.00   0.41      0.59
321  1.00000000 0.50755928 0.05304833         1    0.00   0.41      0.59
322  1.00000000 0.50755928 0.05304833         1    0.00   0.41      0.59
323  1.00000000 0.50755928 0.05304833         1    0.00   0.41      0.59
324  1.00000000 0.50755928 0.05304833         1    0.00   0.41      0.59
325  1.00000000 0.50755928 0.05304833         1    0.00   0.41      0.59
326  0.34765625 0.50755928 0.05304833         1    0.00   0.41      0.59
327  1.00000000 0.50755928 0.05304833         1    0.00   0.41      0.59
328  1.00000000 0.50755928 0.05304833         1    0.00   0.41      0.59
329  1.00000000 0.50755928 0.05304833         1    0.00   0.41      0.59
330  0.68359375 0.50755928 0.05304833         1    0.00   0.41      0.59
331  1.00000000 0.50755928 0.05304833         1    0.00   0.41      0.59
332  1.00000000 0.50755928 0.05304833         1    0.00   0.41      0.59
333  0.33203125 0.50755928 0.05304833         1    0.00   0.41      0.59
334  0.12890625 0.50755928 0.05304833         1    0.00   0.41      0.59
335  1.00000000 0.50755928 0.05304833         1    0.00   0.41      0.59
336  1.00000000 0.50755928 0.05304833         1    0.00   0.41      0.59
337  1.00000000 0.50755928 0.05304833         1    0.00   0.41      0.59
338  1.00000000 0.50755928 0.05304833         1    0.00   0.41      0.59
339  1.00000000 0.50755928 0.05304833         1    0.00   0.41      0.59
340  0.25000000 0.50755928 0.05304833         1    0.00   0.41      0.59
341  0.60937500 0.50755928 0.05304833         1    0.00   0.41      0.59
342  1.00000000 0.50755928 0.05304833         1    0.00   0.41      0.59
343  0.57421875 0.50755928 0.05304833         1    0.00   0.41      0.59
344  0.38281250 0.50755928 0.05304833         1    0.00   0.41      0.59
345  1.00000000 0.50755928 0.05304833         1    0.00   0.41      0.59
346  0.60546875 0.50755928 0.05304833         1    0.00   0.41      0.59
347  0.34375000 0.50755928 0.05304833         1    0.00   0.41      0.59
348  1.00000000 0.50755928 0.05304833         1    0.00   0.41      0.59
349  1.00000000 0.50755928 0.05304833         1    0.00   0.41      0.59
350  0.23046875 0.50755928 0.05304833         1    0.00   0.41      0.59
351  1.00000000 0.50755928 0.05304833         1    0.00   0.41      0.59
352  1.00000000 0.50755928 0.05304833         1    0.00   0.41      0.59
353  1.00000000 0.50755928 0.05304833         1    0.00   0.41      0.59
354  1.00000000 0.50755928 0.05304833         1    0.00   0.41      0.59
355  1.00000000 0.50755928 0.05304833         1    0.00   0.41      0.59
356  1.00000000 0.50755928 0.05304833         1    0.00   0.41      0.59
357  0.60156250 0.50755928 0.05304833         1    0.00   0.41      0.59
358  1.00000000 0.50755928 0.05304833         1    0.00   0.41      0.59
359  0.20703125 0.50755928 0.05304833         1    0.00   0.41      0.59
360  0.15625000 0.50755928 0.05304833         1    0.00   0.41      0.59
361  0.21093750 0.50755928 0.05304833         1    0.00   0.41      0.59
362  1.00000000 0.50755928 0.05304833         1    0.00   0.41      0.59
363  1.00000000 0.50755928 0.05304833         1    0.00   0.41      0.59
364  0.67187500 0.50755928 0.05304833         1    0.00   0.41      0.59
365  1.00000000 0.50755928 0.05304833         1    0.00   0.41      0.59
366  1.00000000 0.50755928 0.05304833         1    0.00   0.41      0.59
367  1.00000000 0.50755928 0.05304833         1    0.00   0.41      0.59
368  1.00000000 0.50755928 0.05304833         1    0.00   0.41      0.59
369  1.00000000 0.50755928 0.05304833         1    0.00   0.41      0.59
370  0.33203125 0.50755928 0.05304833         1    0.00   0.41      0.59
371  1.00000000 0.50755928 0.05304833         1    0.00   0.41      0.59
372  1.00000000 0.50755928 0.05304833         1    0.00   0.41      0.59
373  0.26953125 0.50755928 0.05304833         1    0.00   0.41      0.59
374  0.31640625 0.50755928 0.05304833         1    0.00   0.41      0.59
375  0.30078125 0.50755928 0.05304833         1    0.00   0.41      0.59
376  1.00000000 0.50755928 0.05304833         1    0.00   0.41      0.59
377  0.40625000 0.50755928 0.05304833         1    0.00   0.41      0.59
378  0.31250000 0.50755928 0.05304833         1    0.00   0.41      0.59
379  1.00000000 0.50755928 0.05304833         1    0.00   0.41      0.59
380  1.00000000 0.50755928 0.05304833         1    0.00   0.41      0.59
381  0.34765625 0.50755928 0.05304833         1    0.00   0.41      0.59
382  0.20703125 0.50755928 0.05304833         1    0.00   0.41      0.59
383  1.00000000 0.50755928 0.05304833         1    0.00   0.41      0.59
384  1.00000000 0.50755928 0.05304833         1    0.00   0.41      0.59
385  1.00000000 0.50755928 0.05304833         1    0.00   0.41      0.59
386  0.19531250 0.50755928 0.05304833         1    0.00   0.41      0.59
387  0.26562500 0.50755928 0.05304833         1    0.00   0.41      0.59
388  1.00000000 0.50755928 0.05304833         1    0.00   0.41      0.59
389  1.00000000 0.50755928 0.05304833         1    0.00   0.41      0.59
390  0.27734375 0.50755928 0.05304833         1    0.00   0.41      0.59
391  1.00000000 0.50755928 0.05304833         1    0.00   0.41      0.59
392  0.57812500 0.50755928 0.05304833         1    0.00   0.41      0.59
393  0.28515625 0.50755928 0.05304833         1    0.00   0.41      0.59
394  0.28125000 0.50755928 0.05304833         1    0.00   0.41      0.59
395  0.42968750 0.50755928 0.05304833         1    0.00   0.41      0.59
396  0.60937500 0.50755928 0.05304833         1    0.00   0.41      0.59
397  0.25390625 0.50755928 0.05304833         1    0.00   0.41      0.59
398  1.00000000 0.50755928 0.05304833         1    0.00   0.41      0.59
399  1.00000000 0.50755928 0.05304833         1    0.00   0.41      0.59
400  1.00000000 0.50755928 0.05304833         1    0.00   0.41      0.59
401  0.37500000 0.62146036 0.06459498         1    0.01   0.40      0.59
402  0.46093750 0.62146036 0.06459498         1    0.01   0.40      0.59
403  1.00000000 0.62146036 0.06459498         1    0.01   0.40      0.59
404  1.00000000 0.62146036 0.06459498         1    0.01   0.40      0.59
405  1.00000000 0.62146036 0.06459498         1    0.01   0.40      0.59
406  1.00000000 0.62146036 0.06459498         1    0.01   0.40      0.59
407  1.00000000 0.62146036 0.06459498         1    0.01   0.40      0.59
408  1.00000000 0.62146036 0.06459498         1    0.01   0.40      0.59
409  1.00000000 0.62146036 0.06459498         1    0.01   0.40      0.59
410  1.00000000 0.62146036 0.06459498         1    0.01   0.40      0.59
411  1.00000000 0.62146036 0.06459498         1    0.01   0.40      0.59
412  1.00000000 0.62146036 0.06459498         1    0.01   0.40      0.59
413  1.00000000 0.62146036 0.06459498         1    0.01   0.40      0.59
414  1.00000000 0.62146036 0.06459498         1    0.01   0.40      0.59
415  1.00000000 0.62146036 0.06459498         1    0.01   0.40      0.59
416  0.70703125 0.62146036 0.06459498         1    0.01   0.40      0.59
417  0.34375000 0.62146036 0.06459498         1    0.01   0.40      0.59
418  0.37500000 0.62146036 0.06459498         1    0.01   0.40      0.59
419  1.00000000 0.62146036 0.06459498         1    0.01   0.40      0.59
420  1.00000000 0.62146036 0.06459498         1    0.01   0.40      0.59
421  1.00000000 0.62146036 0.06459498         1    0.01   0.40      0.59
422  1.00000000 0.62146036 0.06459498         1    0.01   0.40      0.59
423  0.57421875 0.62146036 0.06459498         1    0.01   0.40      0.59
424  0.45703125 0.62146036 0.06459498         1    0.01   0.40      0.59
425  0.25781250 0.62146036 0.06459498         1    0.01   0.40      0.59
426  0.47656250 0.62146036 0.06459498         1    0.01   0.40      0.59
427  1.00000000 0.62146036 0.06459498         1    0.01   0.40      0.59
428  0.31640625 0.62146036 0.06459498         1    0.01   0.40      0.59
429  1.00000000 0.62146036 0.06459498         1    0.01   0.40      0.59
430  0.37109375 0.62146036 0.06459498         1    0.01   0.40      0.59
431  0.61328125 0.62146036 0.06459498         1    0.01   0.40      0.59
432  1.00000000 0.62146036 0.06459498         1    0.01   0.40      0.59
433  1.00000000 0.62146036 0.06459498         1    0.01   0.40      0.59
434  0.32031250 0.62146036 0.06459498         1    0.01   0.40      0.59
435  1.00000000 0.62146036 0.06459498         1    0.01   0.40      0.59
436  1.00000000 0.62146036 0.06459498         1    0.01   0.40      0.59
437  1.00000000 0.62146036 0.06459498         1    0.01   0.40      0.59
438  0.34765625 0.62146036 0.06459498         1    0.01   0.40      0.59
439  0.42968750 0.62146036 0.06459498         1    0.01   0.40      0.59
440  1.00000000 0.62146036 0.06459498         1    0.01   0.40      0.59
441  1.00000000 0.62146036 0.06459498         1    0.01   0.40      0.59
442  0.44531250 0.62146036 0.06459498         1    0.01   0.40      0.59
443  1.00000000 0.62146036 0.06459498         1    0.01   0.40      0.59
444  0.73437500 0.62146036 0.06459498         1    0.01   0.40      0.59
445  1.00000000 0.62146036 0.06459498         1    0.01   0.40      0.59
446  1.00000000 0.62146036 0.06459498         1    0.01   0.40      0.59
447  1.00000000 0.62146036 0.06459498         1    0.01   0.40      0.59
448  0.58203125 0.62146036 0.06459498         1    0.01   0.40      0.59
449  0.32421875 0.62146036 0.06459498         1    0.01   0.40      0.59
450  1.00000000 0.62146036 0.06459498         1    0.01   0.40      0.59
451  1.00000000 0.62146036 0.06459498         1    0.01   0.40      0.59
452  0.45703125 0.62146036 0.06459498         1    0.01   0.40      0.59
453  0.46484375 0.62146036 0.06459498         1    0.01   0.40      0.59
454  0.33203125 0.62146036 0.06459498         1    0.01   0.40      0.59
455  0.25000000 0.62146036 0.06459498         1    0.01   0.40      0.59
456  1.00000000 0.62146036 0.06459498         1    0.01   0.40      0.59
457  1.00000000 0.62146036 0.06459498         1    0.01   0.40      0.59
458  0.46093750 0.62146036 0.06459498         1    0.01   0.40      0.59
459  1.00000000 0.62146036 0.06459498         1    0.01   0.40      0.59
460  0.60546875 0.62146036 0.06459498         1    0.01   0.40      0.59
461  0.32812500 0.62146036 0.06459498         1    0.01   0.40      0.59
462  1.00000000 0.62146036 0.06459498         1    0.01   0.40      0.59
463  1.00000000 0.62146036 0.06459498         1    0.01   0.40      0.59
464  1.00000000 0.62146036 0.06459498         1    0.01   0.40      0.59
465  0.30468750 0.62146036 0.06459498         1    0.01   0.40      0.59
466  1.00000000 0.62146036 0.06459498         1    0.01   0.40      0.59
467  1.00000000 0.62146036 0.06459498         1    0.01   0.40      0.59
468  1.00000000 0.62146036 0.06459498         1    0.01   0.40      0.59
469  1.00000000 0.62146036 0.06459498         1    0.01   0.40      0.59
470  0.85156250 0.62146036 0.06459498         1    0.01   0.40      0.59
471  0.20703125 0.62146036 0.06459498         1    0.01   0.40      0.59
472  0.42968750 0.62146036 0.06459498         1    0.01   0.40      0.59
473  1.00000000 0.62146036 0.06459498         1    0.01   0.40      0.59
474  1.00000000 0.62146036 0.06459498         1    0.01   0.40      0.59
475  0.85937500 0.62146036 0.06459498         1    0.01   0.40      0.59
476  0.39453125 0.62146036 0.06459498         1    0.01   0.40      0.59
477  1.00000000 0.62146036 0.06459498         1    0.01   0.40      0.59
478  0.71875000 0.62146036 0.06459498         1    0.01   0.40      0.59
479  1.00000000 0.62146036 0.06459498         1    0.01   0.40      0.59
480  0.16406250 0.62146036 0.06459498         1    0.01   0.40      0.59
481  0.49609375 0.62146036 0.06459498         1    0.01   0.40      0.59
482  0.17578125 0.62146036 0.06459498         1    0.01   0.40      0.59
483  1.00000000 0.62146036 0.06459498         1    0.01   0.40      0.59
484  1.00000000 0.62146036 0.06459498         1    0.01   0.40      0.59
485  0.35546875 0.62146036 0.06459498         1    0.01   0.40      0.59
486  0.62890625 0.62146036 0.06459498         1    0.01   0.40      0.59
487  1.00000000 0.62146036 0.06459498         1    0.01   0.40      0.59
488  0.41796875 0.62146036 0.06459498         1    0.01   0.40      0.59
489  1.00000000 0.62146036 0.06459498         1    0.01   0.40      0.59
490  1.00000000 0.62146036 0.06459498         1    0.01   0.40      0.59
491  1.00000000 0.62146036 0.06459498         1    0.01   0.40      0.59
492  0.34765625 0.62146036 0.06459498         1    0.01   0.40      0.59
493  0.47656250 0.62146036 0.06459498         1    0.01   0.40      0.59
494  1.00000000 0.62146036 0.06459498         1    0.01   0.40      0.59
495  0.36328125 0.62146036 0.06459498         1    0.01   0.40      0.59
496  1.00000000 0.62146036 0.06459498         1    0.01   0.40      0.59
497  1.00000000 0.62146036 0.06459498         1    0.01   0.40      0.59
498  0.47265625 0.62146036 0.06459498         1    0.01   0.40      0.59
499  0.61718750 0.62146036 0.06459498         1    0.01   0.40      0.59
500  0.47656250 0.62146036 0.06459498         1    0.01   0.40      0.59
501  0.52343750 0.52707000 0.09010537         1    0.00   0.43      0.57
502  1.00000000 0.52707000 0.09010537         1    0.00   0.43      0.57
503  0.54296875 0.52707000 0.09010537         1    0.00   0.43      0.57
504  1.00000000 0.52707000 0.09010537         1    0.00   0.43      0.57
505  1.00000000 0.52707000 0.09010537         1    0.00   0.43      0.57
506  1.00000000 0.52707000 0.09010537         1    0.00   0.43      0.57
507  0.43750000 0.52707000 0.09010537         1    0.00   0.43      0.57
508  1.00000000 0.52707000 0.09010537         1    0.00   0.43      0.57
509  0.29296875 0.52707000 0.09010537         1    0.00   0.43      0.57
510  0.51171875 0.52707000 0.09010537         1    0.00   0.43      0.57
511  1.00000000 0.52707000 0.09010537         1    0.00   0.43      0.57
512  0.43750000 0.52707000 0.09010537         1    0.00   0.43      0.57
513  0.32812500 0.52707000 0.09010537         1    0.00   0.43      0.57
514  1.00000000 0.52707000 0.09010537         1    0.00   0.43      0.57
515  1.00000000 0.52707000 0.09010537         1    0.00   0.43      0.57
516  0.37890625 0.52707000 0.09010537         1    0.00   0.43      0.57
517  1.00000000 0.52707000 0.09010537         1    0.00   0.43      0.57
518  1.00000000 0.52707000 0.09010537         1    0.00   0.43      0.57
519  0.40625000 0.52707000 0.09010537         1    0.00   0.43      0.57
520  0.46093750 0.52707000 0.09010537         1    0.00   0.43      0.57
521  1.00000000 0.52707000 0.09010537         1    0.00   0.43      0.57
522  0.47656250 0.52707000 0.09010537         1    0.00   0.43      0.57
523  1.00000000 0.52707000 0.09010537         1    0.00   0.43      0.57
524  1.00000000 0.52707000 0.09010537         1    0.00   0.43      0.57
525  1.00000000 0.52707000 0.09010537         1    0.00   0.43      0.57
526  1.00000000 0.52707000 0.09010537         1    0.00   0.43      0.57
527  1.00000000 0.52707000 0.09010537         1    0.00   0.43      0.57
528  0.70312500 0.52707000 0.09010537         1    0.00   0.43      0.57
529  1.00000000 0.52707000 0.09010537         1    0.00   0.43      0.57
530  1.00000000 0.52707000 0.09010537         1    0.00   0.43      0.57
531  1.00000000 0.52707000 0.09010537         1    0.00   0.43      0.57
532  0.77343750 0.52707000 0.09010537         1    0.00   0.43      0.57
533  0.35937500 0.52707000 0.09010537         1    0.00   0.43      0.57
534  1.00000000 0.52707000 0.09010537         1    0.00   0.43      0.57
535  0.74218750 0.52707000 0.09010537         1    0.00   0.43      0.57
536  1.00000000 0.52707000 0.09010537         1    0.00   0.43      0.57
537  0.69531250 0.52707000 0.09010537         1    0.00   0.43      0.57
538  0.43359375 0.52707000 0.09010537         1    0.00   0.43      0.57
539  1.00000000 0.52707000 0.09010537         1    0.00   0.43      0.57
540  0.55468750 0.52707000 0.09010537         1    0.00   0.43      0.57
541  0.35937500 0.52707000 0.09010537         1    0.00   0.43      0.57
542  0.39453125 0.52707000 0.09010537         1    0.00   0.43      0.57
543  1.00000000 0.52707000 0.09010537         1    0.00   0.43      0.57
544  0.92187500 0.52707000 0.09010537         1    0.00   0.43      0.57
545  1.00000000 0.52707000 0.09010537         1    0.00   0.43      0.57
546  1.00000000 0.52707000 0.09010537         1    0.00   0.43      0.57
547  0.76171875 0.52707000 0.09010537         1    0.00   0.43      0.57
548  0.27734375 0.52707000 0.09010537         1    0.00   0.43      0.57
549  0.62109375 0.52707000 0.09010537         1    0.00   0.43      0.57
550  0.47656250 0.52707000 0.09010537         1    0.00   0.43      0.57
551  1.00000000 0.52707000 0.09010537         1    0.00   0.43      0.57
552  0.58984375 0.52707000 0.09010537         1    0.00   0.43      0.57
553  0.42968750 0.52707000 0.09010537         1    0.00   0.43      0.57
554  1.00000000 0.52707000 0.09010537         1    0.00   0.43      0.57
555  0.61328125 0.52707000 0.09010537         1    0.00   0.43      0.57
556  0.66015625 0.52707000 0.09010537         1    0.00   0.43      0.57
557  1.00000000 0.52707000 0.09010537         1    0.00   0.43      0.57
558  0.60156250 0.52707000 0.09010537         1    0.00   0.43      0.57
559  0.28515625 0.52707000 0.09010537         1    0.00   0.43      0.57
560  1.00000000 0.52707000 0.09010537         1    0.00   0.43      0.57
561  1.00000000 0.52707000 0.09010537         1    0.00   0.43      0.57
562  1.00000000 0.52707000 0.09010537         1    0.00   0.43      0.57
563  1.00000000 0.52707000 0.09010537         1    0.00   0.43      0.57
564  1.00000000 0.52707000 0.09010537         1    0.00   0.43      0.57
565  1.00000000 0.52707000 0.09010537         1    0.00   0.43      0.57
566  0.57031250 0.52707000 0.09010537         1    0.00   0.43      0.57
567  0.50390625 0.52707000 0.09010537         1    0.00   0.43      0.57
568  0.38281250 0.52707000 0.09010537         1    0.00   0.43      0.57
569  0.55859375 0.52707000 0.09010537         1    0.00   0.43      0.57
570  0.73828125 0.52707000 0.09010537         1    0.00   0.43      0.57
571  0.71484375 0.52707000 0.09010537         1    0.00   0.43      0.57
572  1.00000000 0.52707000 0.09010537         1    0.00   0.43      0.57
573  1.00000000 0.52707000 0.09010537         1    0.00   0.43      0.57
574  1.00000000 0.52707000 0.09010537         1    0.00   0.43      0.57
575  1.00000000 0.52707000 0.09010537         1    0.00   0.43      0.57
576  1.00000000 0.52707000 0.09010537         1    0.00   0.43      0.57
577  1.00000000 0.52707000 0.09010537         1    0.00   0.43      0.57
578  1.00000000 0.52707000 0.09010537         1    0.00   0.43      0.57
579  1.00000000 0.52707000 0.09010537         1    0.00   0.43      0.57
580  1.00000000 0.52707000 0.09010537         1    0.00   0.43      0.57
581  1.00000000 0.52707000 0.09010537         1    0.00   0.43      0.57
582  1.00000000 0.52707000 0.09010537         1    0.00   0.43      0.57
583  1.00000000 0.52707000 0.09010537         1    0.00   0.43      0.57
584  1.00000000 0.52707000 0.09010537         1    0.00   0.43      0.57
585  0.71484375 0.52707000 0.09010537         1    0.00   0.43      0.57
586  0.52734375 0.52707000 0.09010537         1    0.00   0.43      0.57
587  0.51171875 0.52707000 0.09010537         1    0.00   0.43      0.57
588  1.00000000 0.52707000 0.09010537         1    0.00   0.43      0.57
589  0.50000000 0.52707000 0.09010537         1    0.00   0.43      0.57
590  0.33984375 0.52707000 0.09010537         1    0.00   0.43      0.57
591  1.00000000 0.52707000 0.09010537         1    0.00   0.43      0.57
592  1.00000000 0.52707000 0.09010537         1    0.00   0.43      0.57
593  0.42968750 0.52707000 0.09010537         1    0.00   0.43      0.57
594  0.44531250 0.52707000 0.09010537         1    0.00   0.43      0.57
595  1.00000000 0.52707000 0.09010537         1    0.00   0.43      0.57
596  0.55078125 0.52707000 0.09010537         1    0.00   0.43      0.57
597  1.00000000 0.52707000 0.09010537         1    0.00   0.43      0.57
598  1.00000000 0.52707000 0.09010537         1    0.00   0.43      0.57
599  1.00000000 0.52707000 0.09010537         1    0.00   0.43      0.57
600  0.50390625 0.52707000 0.09010537         1    0.00   0.43      0.57
601  1.00000000 0.47544087 0.14508683         1    0.00   0.40      0.60
602  0.72656250 0.47544087 0.14508683         1    0.00   0.40      0.60
603  0.78906250 0.47544087 0.14508683         1    0.00   0.40      0.60
604  1.00000000 0.47544087 0.14508683         1    0.00   0.40      0.60
605  0.75781250 0.47544087 0.14508683         1    0.00   0.40      0.60
606  0.86718750 0.47544087 0.14508683         1    0.00   0.40      0.60
607  1.00000000 0.47544087 0.14508683         1    0.00   0.40      0.60
608  0.66406250 0.47544087 0.14508683         1    0.00   0.40      0.60
609  1.00000000 0.47544087 0.14508683         1    0.00   0.40      0.60
610  0.69921875 0.47544087 0.14508683         1    0.00   0.40      0.60
611  1.00000000 0.47544087 0.14508683         1    0.00   0.40      0.60
612  0.70703125 0.47544087 0.14508683         1    0.00   0.40      0.60
613  0.68750000 0.47544087 0.14508683         1    0.00   0.40      0.60
614  1.00000000 0.47544087 0.14508683         1    0.00   0.40      0.60
615  1.00000000 0.47544087 0.14508683         1    0.00   0.40      0.60
616  1.00000000 0.47544087 0.14508683         1    0.00   0.40      0.60
617  0.56640625 0.47544087 0.14508683         1    0.00   0.40      0.60
618  1.00000000 0.47544087 0.14508683         1    0.00   0.40      0.60
619  0.55859375 0.47544087 0.14508683         1    0.00   0.40      0.60
620  0.66406250 0.47544087 0.14508683         1    0.00   0.40      0.60
621  1.00000000 0.47544087 0.14508683         1    0.00   0.40      0.60
622  0.80468750 0.47544087 0.14508683         1    0.00   0.40      0.60
623  0.63281250 0.47544087 0.14508683         1    0.00   0.40      0.60
624  0.73046875 0.47544087 0.14508683         1    0.00   0.40      0.60
625  0.61328125 0.47544087 0.14508683         1    0.00   0.40      0.60
626  0.71484375 0.47544087 0.14508683         1    0.00   0.40      0.60
627  0.72265625 0.47544087 0.14508683         1    0.00   0.40      0.60
628  0.63671875 0.47544087 0.14508683         1    0.00   0.40      0.60
629  0.67578125 0.47544087 0.14508683         1    0.00   0.40      0.60
630  1.00000000 0.47544087 0.14508683         1    0.00   0.40      0.60
631  0.57812500 0.47544087 0.14508683         1    0.00   0.40      0.60
632  0.80078125 0.47544087 0.14508683         1    0.00   0.40      0.60
633  1.00000000 0.47544087 0.14508683         1    0.00   0.40      0.60
634  0.67578125 0.47544087 0.14508683         1    0.00   0.40      0.60
635  0.67578125 0.47544087 0.14508683         1    0.00   0.40      0.60
636  1.00000000 0.47544087 0.14508683         1    0.00   0.40      0.60
637  1.00000000 0.47544087 0.14508683         1    0.00   0.40      0.60
638  0.75000000 0.47544087 0.14508683         1    0.00   0.40      0.60
639  1.00000000 0.47544087 0.14508683         1    0.00   0.40      0.60
640  1.00000000 0.47544087 0.14508683         1    0.00   0.40      0.60
641  1.00000000 0.47544087 0.14508683         1    0.00   0.40      0.60
642  0.70312500 0.47544087 0.14508683         1    0.00   0.40      0.60
643  1.00000000 0.47544087 0.14508683         1    0.00   0.40      0.60
644  1.00000000 0.47544087 0.14508683         1    0.00   0.40      0.60
645  1.00000000 0.47544087 0.14508683         1    0.00   0.40      0.60
646  0.60937500 0.47544087 0.14508683         1    0.00   0.40      0.60
647  0.68750000 0.47544087 0.14508683         1    0.00   0.40      0.60
648  0.48828125 0.47544087 0.14508683         1    0.00   0.40      0.60
649  0.96093750 0.47544087 0.14508683         1    0.00   0.40      0.60
650  1.00000000 0.47544087 0.14508683         1    0.00   0.40      0.60
651  1.00000000 0.47544087 0.14508683         1    0.00   0.40      0.60
652  1.00000000 0.47544087 0.14508683         1    0.00   0.40      0.60
653  0.61718750 0.47544087 0.14508683         1    0.00   0.40      0.60
654  0.67968750 0.47544087 0.14508683         1    0.00   0.40      0.60
655  1.00000000 0.47544087 0.14508683         1    0.00   0.40      0.60
656  1.00000000 0.47544087 0.14508683         1    0.00   0.40      0.60
657  1.00000000 0.47544087 0.14508683         1    0.00   0.40      0.60
658  0.78906250 0.47544087 0.14508683         1    0.00   0.40      0.60
659  1.00000000 0.47544087 0.14508683         1    0.00   0.40      0.60
660  1.00000000 0.47544087 0.14508683         1    0.00   0.40      0.60
661  0.66406250 0.47544087 0.14508683         1    0.00   0.40      0.60
662  0.39453125 0.47544087 0.14508683         1    0.00   0.40      0.60
663  0.80859375 0.47544087 0.14508683         1    0.00   0.40      0.60
664  0.74609375 0.47544087 0.14508683         1    0.00   0.40      0.60
665  1.00000000 0.47544087 0.14508683         1    0.00   0.40      0.60
666  1.00000000 0.47544087 0.14508683         1    0.00   0.40      0.60
667  1.00000000 0.47544087 0.14508683         1    0.00   0.40      0.60
668  1.00000000 0.47544087 0.14508683         1    0.00   0.40      0.60
669  1.00000000 0.47544087 0.14508683         1    0.00   0.40      0.60
670  1.00000000 0.47544087 0.14508683         1    0.00   0.40      0.60
671  1.00000000 0.47544087 0.14508683         1    0.00   0.40      0.60
672  0.53906250 0.47544087 0.14508683         1    0.00   0.40      0.60
673  0.55859375 0.47544087 0.14508683         1    0.00   0.40      0.60
674  1.00000000 0.47544087 0.14508683         1    0.00   0.40      0.60
675  0.51953125 0.47544087 0.14508683         1    0.00   0.40      0.60
676  0.58984375 0.47544087 0.14508683         1    0.00   0.40      0.60
677  0.50390625 0.47544087 0.14508683         1    0.00   0.40      0.60
678  0.47265625 0.47544087 0.14508683         1    0.00   0.40      0.60
679  1.00000000 0.47544087 0.14508683         1    0.00   0.40      0.60
680  0.93750000 0.47544087 0.14508683         1    0.00   0.40      0.60
681  0.93750000 0.47544087 0.14508683         1    0.00   0.40      0.60
682  0.87890625 0.47544087 0.14508683         1    0.00   0.40      0.60
683  1.00000000 0.47544087 0.14508683         1    0.00   0.40      0.60
684  0.59765625 0.47544087 0.14508683         1    0.00   0.40      0.60
685  1.00000000 0.47544087 0.14508683         1    0.00   0.40      0.60
686  1.00000000 0.47544087 0.14508683         1    0.00   0.40      0.60
687  1.00000000 0.47544087 0.14508683         1    0.00   0.40      0.60
688  0.79296875 0.47544087 0.14508683         1    0.00   0.40      0.60
689  0.62109375 0.47544087 0.14508683         1    0.00   0.40      0.60
690  1.00000000 0.47544087 0.14508683         1    0.00   0.40      0.60
691  1.00000000 0.47544087 0.14508683         1    0.00   0.40      0.60
692  1.00000000 0.47544087 0.14508683         1    0.00   0.40      0.60
693  0.78906250 0.47544087 0.14508683         1    0.00   0.40      0.60
694  1.00000000 0.47544087 0.14508683         1    0.00   0.40      0.60
695  0.75390625 0.47544087 0.14508683         1    0.00   0.40      0.60
696  1.00000000 0.47544087 0.14508683         1    0.00   0.40      0.60
697  0.60156250 0.47544087 0.14508683         1    0.00   0.40      0.60
698  1.00000000 0.47544087 0.14508683         1    0.00   0.40      0.60
699  1.00000000 0.47544087 0.14508683         1    0.00   0.40      0.60
700  0.78906250 0.47544087 0.14508683         1    0.00   0.40      0.60
701  0.69531250 0.31978417 0.17673007         1    0.00   0.42      0.58
702  0.77734375 0.31978417 0.17673007         1    0.00   0.42      0.58
703  0.74609375 0.31978417 0.17673007         1    0.00   0.42      0.58
704  0.72656250 0.31978417 0.17673007         1    0.00   0.42      0.58
705  1.00000000 0.31978417 0.17673007         1    0.00   0.42      0.58
706  1.00000000 0.31978417 0.17673007         1    0.00   0.42      0.58
707  0.88281250 0.31978417 0.17673007         1    0.00   0.42      0.58
708  1.00000000 0.31978417 0.17673007         1    0.00   0.42      0.58
709  1.00000000 0.31978417 0.17673007         1    0.00   0.42      0.58
710  0.96093750 0.31978417 0.17673007         1    0.00   0.42      0.58
711  0.72656250 0.31978417 0.17673007         1    0.00   0.42      0.58
712  0.60937500 0.31978417 0.17673007         1    0.00   0.42      0.58
713  0.73046875 0.31978417 0.17673007         1    0.00   0.42      0.58
714  1.00000000 0.31978417 0.17673007         1    0.00   0.42      0.58
715  0.61718750 0.31978417 0.17673007         1    0.00   0.42      0.58
716  0.95312500 0.31978417 0.17673007         1    0.00   0.42      0.58
717  1.00000000 0.31978417 0.17673007         1    0.00   0.42      0.58
718  0.66796875 0.31978417 0.17673007         1    0.00   0.42      0.58
719  1.00000000 0.31978417 0.17673007         1    0.00   0.42      0.58
720  1.00000000 0.31978417 0.17673007         1    0.00   0.42      0.58
721  1.00000000 0.31978417 0.17673007         1    0.00   0.42      0.58
722  0.83984375 0.31978417 0.17673007         1    0.00   0.42      0.58
723  1.00000000 0.31978417 0.17673007         1    0.00   0.42      0.58
724  0.85546875 0.31978417 0.17673007         1    0.00   0.42      0.58
725  1.00000000 0.31978417 0.17673007         1    0.00   0.42      0.58
726  1.00000000 0.31978417 0.17673007         1    0.00   0.42      0.58
727  0.66015625 0.31978417 0.17673007         1    0.00   0.42      0.58
728  0.91796875 0.31978417 0.17673007         1    0.00   0.42      0.58
729  1.00000000 0.31978417 0.17673007         1    0.00   0.42      0.58
730  0.76953125 0.31978417 0.17673007         1    0.00   0.42      0.58
731  0.87500000 0.31978417 0.17673007         1    0.00   0.42      0.58
732  1.00000000 0.31978417 0.17673007         1    0.00   0.42      0.58
733  1.00000000 0.31978417 0.17673007         1    0.00   0.42      0.58
734  0.63281250 0.31978417 0.17673007         1    0.00   0.42      0.58
735  1.00000000 0.31978417 0.17673007         1    0.00   0.42      0.58
736  0.87890625 0.31978417 0.17673007         1    0.00   0.42      0.58
737  0.84375000 0.31978417 0.17673007         1    0.00   0.42      0.58
738  1.00000000 0.31978417 0.17673007         1    0.00   0.42      0.58
739  1.00000000 0.31978417 0.17673007         1    0.00   0.42      0.58
740  1.00000000 0.31978417 0.17673007         1    0.00   0.42      0.58
741  1.00000000 0.31978417 0.17673007         1    0.00   0.42      0.58
742  0.70312500 0.31978417 0.17673007         1    0.00   0.42      0.58
743  0.81250000 0.31978417 0.17673007         1    0.00   0.42      0.58
744  0.87109375 0.31978417 0.17673007         1    0.00   0.42      0.58
745  0.72265625 0.31978417 0.17673007         1    0.00   0.42      0.58
746  1.00000000 0.31978417 0.17673007         1    0.00   0.42      0.58
747  1.00000000 0.31978417 0.17673007         1    0.00   0.42      0.58
748  1.00000000 0.31978417 0.17673007         1    0.00   0.42      0.58
749  1.00000000 0.31978417 0.17673007         1    0.00   0.42      0.58
750  0.91015625 0.31978417 0.17673007         1    0.00   0.42      0.58
751  0.75781250 0.31978417 0.17673007         1    0.00   0.42      0.58
752  0.63281250 0.31978417 0.17673007         1    0.00   0.42      0.58
753  1.00000000 0.31978417 0.17673007         1    0.00   0.42      0.58
754  0.75781250 0.31978417 0.17673007         1    0.00   0.42      0.58
755  0.91406250 0.31978417 0.17673007         1    0.00   0.42      0.58
756  0.78125000 0.31978417 0.17673007         1    0.00   0.42      0.58
757  0.98046875 0.31978417 0.17673007         1    0.00   0.42      0.58
758  1.00000000 0.31978417 0.17673007         1    0.00   0.42      0.58
759  1.00000000 0.31978417 0.17673007         1    0.00   0.42      0.58
760  1.00000000 0.31978417 0.17673007         1    0.00   0.42      0.58
761  0.76171875 0.31978417 0.17673007         1    0.00   0.42      0.58
762  0.89453125 0.31978417 0.17673007         1    0.00   0.42      0.58
763  1.00000000 0.31978417 0.17673007         1    0.00   0.42      0.58
764  0.85546875 0.31978417 0.17673007         1    0.00   0.42      0.58
765  0.89453125 0.31978417 0.17673007         1    0.00   0.42      0.58
766  0.81250000 0.31978417 0.17673007         1    0.00   0.42      0.58
767  0.78906250 0.31978417 0.17673007         1    0.00   0.42      0.58
768  0.73437500 0.31978417 0.17673007         1    0.00   0.42      0.58
769  0.87109375 0.31978417 0.17673007         1    0.00   0.42      0.58
770  0.92968750 0.31978417 0.17673007         1    0.00   0.42      0.58
771  0.68359375 0.31978417 0.17673007         1    0.00   0.42      0.58
772  1.00000000 0.31978417 0.17673007         1    0.00   0.42      0.58
773  1.00000000 0.31978417 0.17673007         1    0.00   0.42      0.58
774  0.72265625 0.31978417 0.17673007         1    0.00   0.42      0.58
775  0.65234375 0.31978417 0.17673007         1    0.00   0.42      0.58
776  0.63281250 0.31978417 0.17673007         1    0.00   0.42      0.58
777  0.55468750 0.31978417 0.17673007         1    0.00   0.42      0.58
778  1.00000000 0.31978417 0.17673007         1    0.00   0.42      0.58
779  0.95312500 0.31978417 0.17673007         1    0.00   0.42      0.58
780  0.74609375 0.31978417 0.17673007         1    0.00   0.42      0.58
781  1.00000000 0.31978417 0.17673007         1    0.00   0.42      0.58
782  0.89843750 0.31978417 0.17673007         1    0.00   0.42      0.58
783  0.87500000 0.31978417 0.17673007         1    0.00   0.42      0.58
784  0.89453125 0.31978417 0.17673007         1    0.00   0.42      0.58
785  1.00000000 0.31978417 0.17673007         1    0.00   0.42      0.58
786  0.73046875 0.31978417 0.17673007         1    0.00   0.42      0.58
787  0.80078125 0.31978417 0.17673007         1    0.00   0.42      0.58
788  0.83984375 0.31978417 0.17673007         1    0.00   0.42      0.58
789  0.72265625 0.31978417 0.17673007         1    0.00   0.42      0.58
790  1.00000000 0.31978417 0.17673007         1    0.00   0.42      0.58
791  0.67968750 0.31978417 0.17673007         1    0.00   0.42      0.58
792  0.76562500 0.31978417 0.17673007         1    0.00   0.42      0.58
793  0.77734375 0.31978417 0.17673007         1    0.00   0.42      0.58
794  0.94531250 0.31978417 0.17673007         1    0.00   0.42      0.58
795  1.00000000 0.31978417 0.17673007         1    0.00   0.42      0.58
796  0.70703125 0.31978417 0.17673007         1    0.00   0.42      0.58
797  1.00000000 0.31978417 0.17673007         1    0.00   0.42      0.58
798  0.67187500 0.31978417 0.17673007         1    0.00   0.42      0.58
799  0.82812500 0.31978417 0.17673007         1    0.00   0.42      0.58
800  0.86328125 0.31978417 0.17673007         1    0.00   0.42      0.58
801  1.00000000 0.57177144 0.09802164         1    0.00   0.40      0.60
802  1.00000000 0.57177144 0.09802164         1    0.00   0.40      0.60
803  1.00000000 0.57177144 0.09802164         1    0.00   0.40      0.60
804  1.00000000 0.57177144 0.09802164         1    0.00   0.40      0.60
805  1.00000000 0.57177144 0.09802164         1    0.00   0.40      0.60
806  1.00000000 0.57177144 0.09802164         1    0.00   0.40      0.60
807  1.00000000 0.57177144 0.09802164         1    0.00   0.40      0.60
808  1.00000000 0.57177144 0.09802164         1    0.00   0.40      0.60
809  1.00000000 0.57177144 0.09802164         1    0.00   0.40      0.60
810  1.00000000 0.57177144 0.09802164         1    0.00   0.40      0.60
811  1.00000000 0.57177144 0.09802164         1    0.00   0.40      0.60
812  0.56250000 0.57177144 0.09802164         1    0.00   0.40      0.60
813  0.43750000 0.57177144 0.09802164         1    0.00   0.40      0.60
814  0.39843750 0.57177144 0.09802164         1    0.00   0.40      0.60
815  1.00000000 0.57177144 0.09802164         1    0.00   0.40      0.60
816  1.00000000 0.57177144 0.09802164         1    0.00   0.40      0.60
817  0.30468750 0.57177144 0.09802164         1    0.00   0.40      0.60
818  1.00000000 0.57177144 0.09802164         1    0.00   0.40      0.60
819  1.00000000 0.57177144 0.09802164         1    0.00   0.40      0.60
820  0.60156250 0.57177144 0.09802164         1    0.00   0.40      0.60
821  0.39453125 0.57177144 0.09802164         1    0.00   0.40      0.60
822  0.71875000 0.57177144 0.09802164         1    0.00   0.40      0.60
823  1.00000000 0.57177144 0.09802164         1    0.00   0.40      0.60
824  1.00000000 0.57177144 0.09802164         1    0.00   0.40      0.60
825  0.44921875 0.57177144 0.09802164         1    0.00   0.40      0.60
826  0.67968750 0.57177144 0.09802164         1    0.00   0.40      0.60
827  0.34765625 0.57177144 0.09802164         1    0.00   0.40      0.60
828  1.00000000 0.57177144 0.09802164         1    0.00   0.40      0.60
829  1.00000000 0.57177144 0.09802164         1    0.00   0.40      0.60
830  1.00000000 0.57177144 0.09802164         1    0.00   0.40      0.60
831  0.73437500 0.57177144 0.09802164         1    0.00   0.40      0.60
832  1.00000000 0.57177144 0.09802164         1    0.00   0.40      0.60
833  0.32031250 0.57177144 0.09802164         1    0.00   0.40      0.60
834  0.72265625 0.57177144 0.09802164         1    0.00   0.40      0.60
835  0.86328125 0.57177144 0.09802164         1    0.00   0.40      0.60
836  1.00000000 0.57177144 0.09802164         1    0.00   0.40      0.60
837  1.00000000 0.57177144 0.09802164         1    0.00   0.40      0.60
838  0.62500000 0.57177144 0.09802164         1    0.00   0.40      0.60
839  1.00000000 0.57177144 0.09802164         1    0.00   0.40      0.60
840  0.50000000 0.57177144 0.09802164         1    0.00   0.40      0.60
841  1.00000000 0.57177144 0.09802164         1    0.00   0.40      0.60
842  0.30078125 0.57177144 0.09802164         1    0.00   0.40      0.60
843  0.62890625 0.57177144 0.09802164         1    0.00   0.40      0.60
844  1.00000000 0.57177144 0.09802164         1    0.00   0.40      0.60
845  0.42968750 0.57177144 0.09802164         1    0.00   0.40      0.60
846  0.52343750 0.57177144 0.09802164         1    0.00   0.40      0.60
847  0.48437500 0.57177144 0.09802164         1    0.00   0.40      0.60
848  0.42968750 0.57177144 0.09802164         1    0.00   0.40      0.60
849  0.74218750 0.57177144 0.09802164         1    0.00   0.40      0.60
850  1.00000000 0.57177144 0.09802164         1    0.00   0.40      0.60
851  0.40625000 0.57177144 0.09802164         1    0.00   0.40      0.60
852  1.00000000 0.57177144 0.09802164         1    0.00   0.40      0.60
853  0.64062500 0.57177144 0.09802164         1    0.00   0.40      0.60
854  1.00000000 0.57177144 0.09802164         1    0.00   0.40      0.60
855  0.46484375 0.57177144 0.09802164         1    0.00   0.40      0.60
856  1.00000000 0.57177144 0.09802164         1    0.00   0.40      0.60
857  0.67968750 0.57177144 0.09802164         1    0.00   0.40      0.60
858  0.76953125 0.57177144 0.09802164         1    0.00   0.40      0.60
859  1.00000000 0.57177144 0.09802164         1    0.00   0.40      0.60
860  1.00000000 0.57177144 0.09802164         1    0.00   0.40      0.60
861  1.00000000 0.57177144 0.09802164         1    0.00   0.40      0.60
862  0.64453125 0.57177144 0.09802164         1    0.00   0.40      0.60
863  0.51171875 0.57177144 0.09802164         1    0.00   0.40      0.60
864  1.00000000 0.57177144 0.09802164         1    0.00   0.40      0.60
865  0.57812500 0.57177144 0.09802164         1    0.00   0.40      0.60
866  1.00000000 0.57177144 0.09802164         1    0.00   0.40      0.60
867  0.60156250 0.57177144 0.09802164         1    0.00   0.40      0.60
868  1.00000000 0.57177144 0.09802164         1    0.00   0.40      0.60
869  1.00000000 0.57177144 0.09802164         1    0.00   0.40      0.60
870  0.44531250 0.57177144 0.09802164         1    0.00   0.40      0.60
871  0.42578125 0.57177144 0.09802164         1    0.00   0.40      0.60
872  0.86718750 0.57177144 0.09802164         1    0.00   0.40      0.60
873  0.53125000 0.57177144 0.09802164         1    0.00   0.40      0.60
874  1.00000000 0.57177144 0.09802164         1    0.00   0.40      0.60
875  0.56250000 0.57177144 0.09802164         1    0.00   0.40      0.60
876  0.44531250 0.57177144 0.09802164         1    0.00   0.40      0.60
877  1.00000000 0.57177144 0.09802164         1    0.00   0.40      0.60
878  1.00000000 0.57177144 0.09802164         1    0.00   0.40      0.60
879  1.00000000 0.57177144 0.09802164         1    0.00   0.40      0.60
880  1.00000000 0.57177144 0.09802164         1    0.00   0.40      0.60
881  1.00000000 0.57177144 0.09802164         1    0.00   0.40      0.60
882  0.60156250 0.57177144 0.09802164         1    0.00   0.40      0.60
883  0.65625000 0.57177144 0.09802164         1    0.00   0.40      0.60
884  1.00000000 0.57177144 0.09802164         1    0.00   0.40      0.60
885  0.64453125 0.57177144 0.09802164         1    0.00   0.40      0.60
886  1.00000000 0.57177144 0.09802164         1    0.00   0.40      0.60
887  1.00000000 0.57177144 0.09802164         1    0.00   0.40      0.60
888  1.00000000 0.57177144 0.09802164         1    0.00   0.40      0.60
889  1.00000000 0.57177144 0.09802164         1    0.00   0.40      0.60
890  1.00000000 0.57177144 0.09802164         1    0.00   0.40      0.60
891  1.00000000 0.57177144 0.09802164         1    0.00   0.40      0.60
892  1.00000000 0.57177144 0.09802164         1    0.00   0.40      0.60
893  0.45703125 0.57177144 0.09802164         1    0.00   0.40      0.60
894  1.00000000 0.57177144 0.09802164         1    0.00   0.40      0.60
895  1.00000000 0.57177144 0.09802164         1    0.00   0.40      0.60
896  1.00000000 0.57177144 0.09802164         1    0.00   0.40      0.60
897  0.43359375 0.57177144 0.09802164         1    0.00   0.40      0.60
898  1.00000000 0.57177144 0.09802164         1    0.00   0.40      0.60
899  1.00000000 0.57177144 0.09802164         1    0.00   0.40      0.60
900  1.00000000 0.57177144 0.09802164         1    0.00   0.40      0.60
901  0.09765625 0.58844015 0.02262459         1    0.18   0.23      0.59
902  0.10937500 0.58844015 0.02262459         1    0.18   0.23      0.59
903  1.00000000 0.58844015 0.02262459         1    0.18   0.23      0.59
904  1.00000000 0.58844015 0.02262459         1    0.18   0.23      0.59
905  0.10937500 0.58844015 0.02262459         1    0.18   0.23      0.59
906  1.00000000 0.58844015 0.02262459         1    0.18   0.23      0.59
907  1.00000000 0.58844015 0.02262459         1    0.18   0.23      0.59
908  1.00000000 0.58844015 0.02262459         1    0.18   0.23      0.59
909  1.00000000 0.58844015 0.02262459         1    0.18   0.23      0.59
910  0.08203125 0.58844015 0.02262459         1    0.18   0.23      0.59
911  1.00000000 0.58844015 0.02262459         1    0.18   0.23      0.59
912  0.06250000 0.58844015 0.02262459         1    0.18   0.23      0.59
913  1.00000000 0.58844015 0.02262459         1    0.18   0.23      0.59
914  0.03906250 0.58844015 0.02262459         1    0.18   0.23      0.59
915  0.08984375 0.58844015 0.02262459         1    0.18   0.23      0.59
916  1.00000000 0.58844015 0.02262459         1    0.18   0.23      0.59
917  1.00000000 0.58844015 0.02262459         1    0.18   0.23      0.59
918  1.00000000 0.58844015 0.02262459         1    0.18   0.23      0.59
919  1.00000000 0.58844015 0.02262459         1    0.18   0.23      0.59
920  0.06250000 0.58844015 0.02262459         1    0.18   0.23      0.59
921  1.00000000 0.58844015 0.02262459         1    0.18   0.23      0.59
922  1.00000000 0.58844015 0.02262459         1    0.18   0.23      0.59
923  0.10156250 0.58844015 0.02262459         1    0.18   0.23      0.59
924  1.00000000 0.58844015 0.02262459         1    0.18   0.23      0.59
925  1.00000000 0.58844015 0.02262459         1    0.18   0.23      0.59
926  1.00000000 0.58844015 0.02262459         1    0.18   0.23      0.59
927  0.08984375 0.58844015 0.02262459         1    0.18   0.23      0.59
928  0.16796875 0.58844015 0.02262459         1    0.18   0.23      0.59
929  1.00000000 0.58844015 0.02262459         1    0.18   0.23      0.59
930  1.00000000 0.58844015 0.02262459         1    0.18   0.23      0.59
931  0.07812500 0.58844015 0.02262459         1    0.18   0.23      0.59
932  0.08593750 0.58844015 0.02262459         1    0.18   0.23      0.59
933  0.31250000 0.58844015 0.02262459         1    0.18   0.23      0.59
934  0.08203125 0.58844015 0.02262459         1    0.18   0.23      0.59
935  0.05078125 0.58844015 0.02262459         1    0.18   0.23      0.59
936  1.00000000 0.58844015 0.02262459         1    0.18   0.23      0.59
937  1.00000000 0.58844015 0.02262459         1    0.18   0.23      0.59
938  1.00000000 0.58844015 0.02262459         1    0.18   0.23      0.59
939  1.00000000 0.58844015 0.02262459         1    0.18   0.23      0.59
940  1.00000000 0.58844015 0.02262459         1    0.18   0.23      0.59
941  1.00000000 0.58844015 0.02262459         1    0.18   0.23      0.59
942  1.00000000 0.58844015 0.02262459         1    0.18   0.23      0.59
943  0.07812500 0.58844015 0.02262459         1    0.18   0.23      0.59
944  0.14843750 0.58844015 0.02262459         1    0.18   0.23      0.59
945  0.08984375 0.58844015 0.02262459         1    0.18   0.23      0.59
946  1.00000000 0.58844015 0.02262459         1    0.18   0.23      0.59
947  1.00000000 0.58844015 0.02262459         1    0.18   0.23      0.59
948  0.20703125 0.58844015 0.02262459         1    0.18   0.23      0.59
949  1.00000000 0.58844015 0.02262459         1    0.18   0.23      0.59
950  0.10937500 0.58844015 0.02262459         1    0.18   0.23      0.59
951  1.00000000 0.58844015 0.02262459         1    0.18   0.23      0.59
952  1.00000000 0.58844015 0.02262459         1    0.18   0.23      0.59
953  1.00000000 0.58844015 0.02262459         1    0.18   0.23      0.59
954  0.27343750 0.58844015 0.02262459         1    0.18   0.23      0.59
955  0.14453125 0.58844015 0.02262459         1    0.18   0.23      0.59
956  0.19531250 0.58844015 0.02262459         1    0.18   0.23      0.59
957  1.00000000 0.58844015 0.02262459         1    0.18   0.23      0.59
958  0.09375000 0.58844015 0.02262459         1    0.18   0.23      0.59
959  0.16406250 0.58844015 0.02262459         1    0.18   0.23      0.59
960  0.07812500 0.58844015 0.02262459         1    0.18   0.23      0.59
961  1.00000000 0.58844015 0.02262459         1    0.18   0.23      0.59
962  0.21093750 0.58844015 0.02262459         1    0.18   0.23      0.59
963  1.00000000 0.58844015 0.02262459         1    0.18   0.23      0.59
964  0.06640625 0.58844015 0.02262459         1    0.18   0.23      0.59
965  1.00000000 0.58844015 0.02262459         1    0.18   0.23      0.59
966  1.00000000 0.58844015 0.02262459         1    0.18   0.23      0.59
967  1.00000000 0.58844015 0.02262459         1    0.18   0.23      0.59
968  1.00000000 0.58844015 0.02262459         1    0.18   0.23      0.59
969  1.00000000 0.58844015 0.02262459         1    0.18   0.23      0.59
970  1.00000000 0.58844015 0.02262459         1    0.18   0.23      0.59
971  1.00000000 0.58844015 0.02262459         1    0.18   0.23      0.59
972  1.00000000 0.58844015 0.02262459         1    0.18   0.23      0.59
973  1.00000000 0.58844015 0.02262459         1    0.18   0.23      0.59
974  1.00000000 0.58844015 0.02262459         1    0.18   0.23      0.59
975  1.00000000 0.58844015 0.02262459         1    0.18   0.23      0.59
976  1.00000000 0.58844015 0.02262459         1    0.18   0.23      0.59
977  0.05468750 0.58844015 0.02262459         1    0.18   0.23      0.59
978  1.00000000 0.58844015 0.02262459         1    0.18   0.23      0.59
979  1.00000000 0.58844015 0.02262459         1    0.18   0.23      0.59
980  1.00000000 0.58844015 0.02262459         1    0.18   0.23      0.59
981  1.00000000 0.58844015 0.02262459         1    0.18   0.23      0.59
982  1.00000000 0.58844015 0.02262459         1    0.18   0.23      0.59
983  1.00000000 0.58844015 0.02262459         1    0.18   0.23      0.59
984  0.07421875 0.58844015 0.02262459         1    0.18   0.23      0.59
985  0.05859375 0.58844015 0.02262459         1    0.18   0.23      0.59
986  1.00000000 0.58844015 0.02262459         1    0.18   0.23      0.59
987  1.00000000 0.58844015 0.02262459         1    0.18   0.23      0.59
988  0.29687500 0.58844015 0.02262459         1    0.18   0.23      0.59
989  0.08203125 0.58844015 0.02262459         1    0.18   0.23      0.59
990  1.00000000 0.58844015 0.02262459         1    0.18   0.23      0.59
991  0.48437500 0.58844015 0.02262459         1    0.18   0.23      0.59
992  0.17187500 0.58844015 0.02262459         1    0.18   0.23      0.59
993  0.07812500 0.58844015 0.02262459         1    0.18   0.23      0.59
994  0.10937500 0.58844015 0.02262459         1    0.18   0.23      0.59
995  0.13671875 0.58844015 0.02262459         1    0.18   0.23      0.59
996  1.00000000 0.58844015 0.02262459         1    0.18   0.23      0.59
997  0.06250000 0.58844015 0.02262459         1    0.18   0.23      0.59
998  1.00000000 0.58844015 0.02262459         1    0.18   0.23      0.59
999  1.00000000 0.58844015 0.02262459         1    0.18   0.23      0.59
1000 0.10546875 0.58844015 0.02262459         1    0.18   0.23      0.59
