      prop.aneu prob.meio   prob.mito dispersal euploid mosaic aneuploid
1    1.00000000 0.5845574 0.039118044         1    0.07   0.33      0.60
2    1.00000000 0.5845574 0.039118044         1    0.07   0.33      0.60
3    1.00000000 0.5845574 0.039118044         1    0.07   0.33      0.60
4    1.00000000 0.5845574 0.039118044         1    0.07   0.33      0.60
5    1.00000000 0.5845574 0.039118044         1    0.07   0.33      0.60
6    1.00000000 0.5845574 0.039118044         1    0.07   0.33      0.60
7    1.00000000 0.5845574 0.039118044         1    0.07   0.33      0.60
8    0.50390625 0.5845574 0.039118044         1    0.07   0.33      0.60
9    1.00000000 0.5845574 0.039118044         1    0.07   0.33      0.60
10   1.00000000 0.5845574 0.039118044         1    0.07   0.33      0.60
11   0.17578125 0.5845574 0.039118044         1    0.07   0.33      0.60
12   1.00000000 0.5845574 0.039118044         1    0.07   0.33      0.60
13   1.00000000 0.5845574 0.039118044         1    0.07   0.33      0.60
14   1.00000000 0.5845574 0.039118044         1    0.07   0.33      0.60
15   0.16015625 0.5845574 0.039118044         1    0.07   0.33      0.60
16   1.00000000 0.5845574 0.039118044         1    0.07   0.33      0.60
17   1.00000000 0.5845574 0.039118044         1    0.07   0.33      0.60
18   0.27734375 0.5845574 0.039118044         1    0.07   0.33      0.60
19   1.00000000 0.5845574 0.039118044         1    0.07   0.33      0.60
20   0.22265625 0.5845574 0.039118044         1    0.07   0.33      0.60
21   0.18750000 0.5845574 0.039118044         1    0.07   0.33      0.60
22   1.00000000 0.5845574 0.039118044         1    0.07   0.33      0.60
23   1.00000000 0.5845574 0.039118044         1    0.07   0.33      0.60
24   0.28515625 0.5845574 0.039118044         1    0.07   0.33      0.60
25   1.00000000 0.5845574 0.039118044         1    0.07   0.33      0.60
26   1.00000000 0.5845574 0.039118044         1    0.07   0.33      0.60
27   1.00000000 0.5845574 0.039118044         1    0.07   0.33      0.60
28   1.00000000 0.5845574 0.039118044         1    0.07   0.33      0.60
29   1.00000000 0.5845574 0.039118044         1    0.07   0.33      0.60
30   1.00000000 0.5845574 0.039118044         1    0.07   0.33      0.60
31   1.00000000 0.5845574 0.039118044         1    0.07   0.33      0.60
32   1.00000000 0.5845574 0.039118044         1    0.07   0.33      0.60
33   0.30468750 0.5845574 0.039118044         1    0.07   0.33      0.60
34   1.00000000 0.5845574 0.039118044         1    0.07   0.33      0.60
35   0.11328125 0.5845574 0.039118044         1    0.07   0.33      0.60
36   1.00000000 0.5845574 0.039118044         1    0.07   0.33      0.60
37   1.00000000 0.5845574 0.039118044         1    0.07   0.33      0.60
38   0.14843750 0.5845574 0.039118044         1    0.07   0.33      0.60
39   0.89453125 0.5845574 0.039118044         1    0.07   0.33      0.60
40   0.15625000 0.5845574 0.039118044         1    0.07   0.33      0.60
41   0.21093750 0.5845574 0.039118044         1    0.07   0.33      0.60
42   0.55859375 0.5845574 0.039118044         1    0.07   0.33      0.60
43   1.00000000 0.5845574 0.039118044         1    0.07   0.33      0.60
44   1.00000000 0.5845574 0.039118044         1    0.07   0.33      0.60
45   1.00000000 0.5845574 0.039118044         1    0.07   0.33      0.60
46   1.00000000 0.5845574 0.039118044         1    0.07   0.33      0.60
47   1.00000000 0.5845574 0.039118044         1    0.07   0.33      0.60
48   1.00000000 0.5845574 0.039118044         1    0.07   0.33      0.60
49   1.00000000 0.5845574 0.039118044         1    0.07   0.33      0.60
50   1.00000000 0.5845574 0.039118044         1    0.07   0.33      0.60
51   1.00000000 0.5845574 0.039118044         1    0.07   0.33      0.60
52   1.00000000 0.5845574 0.039118044         1    0.07   0.33      0.60
53   1.00000000 0.5845574 0.039118044         1    0.07   0.33      0.60
54   0.09765625 0.5845574 0.039118044         1    0.07   0.33      0.60
55   1.00000000 0.5845574 0.039118044         1    0.07   0.33      0.60
56   1.00000000 0.5845574 0.039118044         1    0.07   0.33      0.60
57   0.60156250 0.5845574 0.039118044         1    0.07   0.33      0.60
58   1.00000000 0.5845574 0.039118044         1    0.07   0.33      0.60
59   1.00000000 0.5845574 0.039118044         1    0.07   0.33      0.60
60   0.47656250 0.5845574 0.039118044         1    0.07   0.33      0.60
61   1.00000000 0.5845574 0.039118044         1    0.07   0.33      0.60
62   1.00000000 0.5845574 0.039118044         1    0.07   0.33      0.60
63   0.22265625 0.5845574 0.039118044         1    0.07   0.33      0.60
64   1.00000000 0.5845574 0.039118044         1    0.07   0.33      0.60
65   0.14062500 0.5845574 0.039118044         1    0.07   0.33      0.60
66   0.40234375 0.5845574 0.039118044         1    0.07   0.33      0.60
67   0.43359375 0.5845574 0.039118044         1    0.07   0.33      0.60
68   0.09375000 0.5845574 0.039118044         1    0.07   0.33      0.60
69   0.34375000 0.5845574 0.039118044         1    0.07   0.33      0.60
70   0.20703125 0.5845574 0.039118044         1    0.07   0.33      0.60
71   0.24218750 0.5845574 0.039118044         1    0.07   0.33      0.60
72   0.11718750 0.5845574 0.039118044         1    0.07   0.33      0.60
73   0.30078125 0.5845574 0.039118044         1    0.07   0.33      0.60
74   0.23046875 0.5845574 0.039118044         1    0.07   0.33      0.60
75   0.19531250 0.5845574 0.039118044         1    0.07   0.33      0.60
76   0.20703125 0.5845574 0.039118044         1    0.07   0.33      0.60
77   1.00000000 0.5845574 0.039118044         1    0.07   0.33      0.60
78   0.69140625 0.5845574 0.039118044         1    0.07   0.33      0.60
79   1.00000000 0.5845574 0.039118044         1    0.07   0.33      0.60
80   0.39062500 0.5845574 0.039118044         1    0.07   0.33      0.60
81   1.00000000 0.5845574 0.039118044         1    0.07   0.33      0.60
82   1.00000000 0.5845574 0.039118044         1    0.07   0.33      0.60
83   1.00000000 0.5845574 0.039118044         1    0.07   0.33      0.60
84   1.00000000 0.5845574 0.039118044         1    0.07   0.33      0.60
85   1.00000000 0.5845574 0.039118044         1    0.07   0.33      0.60
86   1.00000000 0.5845574 0.039118044         1    0.07   0.33      0.60
87   1.00000000 0.5845574 0.039118044         1    0.07   0.33      0.60
88   0.61328125 0.5845574 0.039118044         1    0.07   0.33      0.60
89   1.00000000 0.5845574 0.039118044         1    0.07   0.33      0.60
90   0.17187500 0.5845574 0.039118044         1    0.07   0.33      0.60
91   0.12109375 0.5845574 0.039118044         1    0.07   0.33      0.60
92   1.00000000 0.5845574 0.039118044         1    0.07   0.33      0.60
93   1.00000000 0.5845574 0.039118044         1    0.07   0.33      0.60
94   1.00000000 0.5845574 0.039118044         1    0.07   0.33      0.60
95   0.21093750 0.5845574 0.039118044         1    0.07   0.33      0.60
96   0.22265625 0.5845574 0.039118044         1    0.07   0.33      0.60
97   1.00000000 0.5845574 0.039118044         1    0.07   0.33      0.60
98   0.26953125 0.5845574 0.039118044         1    0.07   0.33      0.60
99   0.32421875 0.5845574 0.039118044         1    0.07   0.33      0.60
100  0.10546875 0.5845574 0.039118044         1    0.07   0.33      0.60
101  0.00000000 0.6618430 0.004199016         1    0.35   0.07      0.58
102  1.00000000 0.6618430 0.004199016         1    0.35   0.07      0.58
103  0.04296875 0.6618430 0.004199016         1    0.35   0.07      0.58
104  0.00781250 0.6618430 0.004199016         1    0.35   0.07      0.58
105  1.00000000 0.6618430 0.004199016         1    0.35   0.07      0.58
106  0.16015625 0.6618430 0.004199016         1    0.35   0.07      0.58
107  1.00000000 0.6618430 0.004199016         1    0.35   0.07      0.58
108  1.00000000 0.6618430 0.004199016         1    0.35   0.07      0.58
109  1.00000000 0.6618430 0.004199016         1    0.35   0.07      0.58
110  1.00000000 0.6618430 0.004199016         1    0.35   0.07      0.58
111  1.00000000 0.6618430 0.004199016         1    0.35   0.07      0.58
112  0.00390625 0.6618430 0.004199016         1    0.35   0.07      0.58
113  0.00000000 0.6618430 0.004199016         1    0.35   0.07      0.58
114  0.00390625 0.6618430 0.004199016         1    0.35   0.07      0.58
115  0.04296875 0.6618430 0.004199016         1    0.35   0.07      0.58
116  0.01562500 0.6618430 0.004199016         1    0.35   0.07      0.58
117  1.00000000 0.6618430 0.004199016         1    0.35   0.07      0.58
118  0.03906250 0.6618430 0.004199016         1    0.35   0.07      0.58
119  1.00000000 0.6618430 0.004199016         1    0.35   0.07      0.58
120  0.00390625 0.6618430 0.004199016         1    0.35   0.07      0.58
121  0.25390625 0.6618430 0.004199016         1    0.35   0.07      0.58
122  1.00000000 0.6618430 0.004199016         1    0.35   0.07      0.58
123  1.00000000 0.6618430 0.004199016         1    0.35   0.07      0.58
124  0.00781250 0.6618430 0.004199016         1    0.35   0.07      0.58
125  1.00000000 0.6618430 0.004199016         1    0.35   0.07      0.58
126  0.03125000 0.6618430 0.004199016         1    0.35   0.07      0.58
127  0.00390625 0.6618430 0.004199016         1    0.35   0.07      0.58
128  1.00000000 0.6618430 0.004199016         1    0.35   0.07      0.58
129  0.02343750 0.6618430 0.004199016         1    0.35   0.07      0.58
130  0.02734375 0.6618430 0.004199016         1    0.35   0.07      0.58
131  1.00000000 0.6618430 0.004199016         1    0.35   0.07      0.58
132  0.01562500 0.6618430 0.004199016         1    0.35   0.07      0.58
133  1.00000000 0.6618430 0.004199016         1    0.35   0.07      0.58
134  1.00000000 0.6618430 0.004199016         1    0.35   0.07      0.58
135  1.00000000 0.6618430 0.004199016         1    0.35   0.07      0.58
136  1.00000000 0.6618430 0.004199016         1    0.35   0.07      0.58
137  1.00000000 0.6618430 0.004199016         1    0.35   0.07      0.58
138  1.00000000 0.6618430 0.004199016         1    0.35   0.07      0.58
139  1.00000000 0.6618430 0.004199016         1    0.35   0.07      0.58
140  1.00000000 0.6618430 0.004199016         1    0.35   0.07      0.58
141  1.00000000 0.6618430 0.004199016         1    0.35   0.07      0.58
142  1.00000000 0.6618430 0.004199016         1    0.35   0.07      0.58
143  0.00000000 0.6618430 0.004199016         1    0.35   0.07      0.58
144  0.00781250 0.6618430 0.004199016         1    0.35   0.07      0.58
145  0.07031250 0.6618430 0.004199016         1    0.35   0.07      0.58
146  1.00000000 0.6618430 0.004199016         1    0.35   0.07      0.58
147  1.00000000 0.6618430 0.004199016         1    0.35   0.07      0.58
148  1.00000000 0.6618430 0.004199016         1    0.35   0.07      0.58
149  1.00000000 0.6618430 0.004199016         1    0.35   0.07      0.58
150  0.00000000 0.6618430 0.004199016         1    0.35   0.07      0.58
151  0.00781250 0.6618430 0.004199016         1    0.35   0.07      0.58
152  0.00000000 0.6618430 0.004199016         1    0.35   0.07      0.58
153  1.00000000 0.6618430 0.004199016         1    0.35   0.07      0.58
154  0.03515625 0.6618430 0.004199016         1    0.35   0.07      0.58
155  1.00000000 0.6618430 0.004199016         1    0.35   0.07      0.58
156  1.00000000 0.6618430 0.004199016         1    0.35   0.07      0.58
157  1.00000000 0.6618430 0.004199016         1    0.35   0.07      0.58
158  0.06250000 0.6618430 0.004199016         1    0.35   0.07      0.58
159  1.00000000 0.6618430 0.004199016         1    0.35   0.07      0.58
160  1.00000000 0.6618430 0.004199016         1    0.35   0.07      0.58
161  0.02343750 0.6618430 0.004199016         1    0.35   0.07      0.58
162  1.00000000 0.6618430 0.004199016         1    0.35   0.07      0.58
163  1.00000000 0.6618430 0.004199016         1    0.35   0.07      0.58
164  0.04687500 0.6618430 0.004199016         1    0.35   0.07      0.58
165  0.00781250 0.6618430 0.004199016         1    0.35   0.07      0.58
166  0.01562500 0.6618430 0.004199016         1    0.35   0.07      0.58
167  0.01171875 0.6618430 0.004199016         1    0.35   0.07      0.58
168  1.00000000 0.6618430 0.004199016         1    0.35   0.07      0.58
169  1.00000000 0.6618430 0.004199016         1    0.35   0.07      0.58
170  1.00000000 0.6618430 0.004199016         1    0.35   0.07      0.58
171  0.03125000 0.6618430 0.004199016         1    0.35   0.07      0.58
172  1.00000000 0.6618430 0.004199016         1    0.35   0.07      0.58
173  1.00000000 0.6618430 0.004199016         1    0.35   0.07      0.58
174  0.03125000 0.6618430 0.004199016         1    0.35   0.07      0.58
175  0.02343750 0.6618430 0.004199016         1    0.35   0.07      0.58
176  0.04296875 0.6618430 0.004199016         1    0.35   0.07      0.58
177  1.00000000 0.6618430 0.004199016         1    0.35   0.07      0.58
178  1.00000000 0.6618430 0.004199016         1    0.35   0.07      0.58
179  0.00781250 0.6618430 0.004199016         1    0.35   0.07      0.58
180  1.00000000 0.6618430 0.004199016         1    0.35   0.07      0.58
181  1.00000000 0.6618430 0.004199016         1    0.35   0.07      0.58
182  0.02343750 0.6618430 0.004199016         1    0.35   0.07      0.58
183  1.00000000 0.6618430 0.004199016         1    0.35   0.07      0.58
184  0.03125000 0.6618430 0.004199016         1    0.35   0.07      0.58
185  1.00000000 0.6618430 0.004199016         1    0.35   0.07      0.58
186  0.01953125 0.6618430 0.004199016         1    0.35   0.07      0.58
187  1.00000000 0.6618430 0.004199016         1    0.35   0.07      0.58
188  1.00000000 0.6618430 0.004199016         1    0.35   0.07      0.58
189  1.00000000 0.6618430 0.004199016         1    0.35   0.07      0.58
190  1.00000000 0.6618430 0.004199016         1    0.35   0.07      0.58
191  0.03906250 0.6618430 0.004199016         1    0.35   0.07      0.58
192  1.00000000 0.6618430 0.004199016         1    0.35   0.07      0.58
193  1.00000000 0.6618430 0.004199016         1    0.35   0.07      0.58
194  1.00000000 0.6618430 0.004199016         1    0.35   0.07      0.58
195  1.00000000 0.6618430 0.004199016         1    0.35   0.07      0.58
196  1.00000000 0.6618430 0.004199016         1    0.35   0.07      0.58
197  0.01562500 0.6618430 0.004199016         1    0.35   0.07      0.58
198  0.00000000 0.6618430 0.004199016         1    0.35   0.07      0.58
199  1.00000000 0.6618430 0.004199016         1    0.35   0.07      0.58
200  1.00000000 0.6618430 0.004199016         1    0.35   0.07      0.58
201  1.00000000 0.6061527 0.066815404         1    0.03   0.30      0.67
202  1.00000000 0.6061527 0.066815404         1    0.03   0.30      0.67
203  1.00000000 0.6061527 0.066815404         1    0.03   0.30      0.67
204  1.00000000 0.6061527 0.066815404         1    0.03   0.30      0.67
205  0.61328125 0.6061527 0.066815404         1    0.03   0.30      0.67
206  1.00000000 0.6061527 0.066815404         1    0.03   0.30      0.67
207  0.78515625 0.6061527 0.066815404         1    0.03   0.30      0.67
208  1.00000000 0.6061527 0.066815404         1    0.03   0.30      0.67
209  1.00000000 0.6061527 0.066815404         1    0.03   0.30      0.67
210  1.00000000 0.6061527 0.066815404         1    0.03   0.30      0.67
211  1.00000000 0.6061527 0.066815404         1    0.03   0.30      0.67
212  1.00000000 0.6061527 0.066815404         1    0.03   0.30      0.67
213  1.00000000 0.6061527 0.066815404         1    0.03   0.30      0.67
214  1.00000000 0.6061527 0.066815404         1    0.03   0.30      0.67
215  1.00000000 0.6061527 0.066815404         1    0.03   0.30      0.67
216  0.38281250 0.6061527 0.066815404         1    0.03   0.30      0.67
217  0.32421875 0.6061527 0.066815404         1    0.03   0.30      0.67
218  0.42578125 0.6061527 0.066815404         1    0.03   0.30      0.67
219  1.00000000 0.6061527 0.066815404         1    0.03   0.30      0.67
220  0.18750000 0.6061527 0.066815404         1    0.03   0.30      0.67
221  1.00000000 0.6061527 0.066815404         1    0.03   0.30      0.67
222  1.00000000 0.6061527 0.066815404         1    0.03   0.30      0.67
223  1.00000000 0.6061527 0.066815404         1    0.03   0.30      0.67
224  0.53906250 0.6061527 0.066815404         1    0.03   0.30      0.67
225  0.37500000 0.6061527 0.066815404         1    0.03   0.30      0.67
226  1.00000000 0.6061527 0.066815404         1    0.03   0.30      0.67
227  1.00000000 0.6061527 0.066815404         1    0.03   0.30      0.67
228  0.25000000 0.6061527 0.066815404         1    0.03   0.30      0.67
229  1.00000000 0.6061527 0.066815404         1    0.03   0.30      0.67
230  1.00000000 0.6061527 0.066815404         1    0.03   0.30      0.67
231  0.65234375 0.6061527 0.066815404         1    0.03   0.30      0.67
232  1.00000000 0.6061527 0.066815404         1    0.03   0.30      0.67
233  0.42187500 0.6061527 0.066815404         1    0.03   0.30      0.67
234  1.00000000 0.6061527 0.066815404         1    0.03   0.30      0.67
235  1.00000000 0.6061527 0.066815404         1    0.03   0.30      0.67
236  0.43750000 0.6061527 0.066815404         1    0.03   0.30      0.67
237  0.48046875 0.6061527 0.066815404         1    0.03   0.30      0.67
238  1.00000000 0.6061527 0.066815404         1    0.03   0.30      0.67
239  0.39453125 0.6061527 0.066815404         1    0.03   0.30      0.67
240  1.00000000 0.6061527 0.066815404         1    0.03   0.30      0.67
241  1.00000000 0.6061527 0.066815404         1    0.03   0.30      0.67
242  1.00000000 0.6061527 0.066815404         1    0.03   0.30      0.67
243  1.00000000 0.6061527 0.066815404         1    0.03   0.30      0.67
244  0.51562500 0.6061527 0.066815404         1    0.03   0.30      0.67
245  1.00000000 0.6061527 0.066815404         1    0.03   0.30      0.67
246  1.00000000 0.6061527 0.066815404         1    0.03   0.30      0.67
247  0.29296875 0.6061527 0.066815404         1    0.03   0.30      0.67
248  1.00000000 0.6061527 0.066815404         1    0.03   0.30      0.67
249  0.41015625 0.6061527 0.066815404         1    0.03   0.30      0.67
250  1.00000000 0.6061527 0.066815404         1    0.03   0.30      0.67
251  1.00000000 0.6061527 0.066815404         1    0.03   0.30      0.67
252  1.00000000 0.6061527 0.066815404         1    0.03   0.30      0.67
253  0.53125000 0.6061527 0.066815404         1    0.03   0.30      0.67
254  0.49218750 0.6061527 0.066815404         1    0.03   0.30      0.67
255  1.00000000 0.6061527 0.066815404         1    0.03   0.30      0.67
256  0.22265625 0.6061527 0.066815404         1    0.03   0.30      0.67
257  1.00000000 0.6061527 0.066815404         1    0.03   0.30      0.67
258  0.22265625 0.6061527 0.066815404         1    0.03   0.30      0.67
259  0.40234375 0.6061527 0.066815404         1    0.03   0.30      0.67
260  1.00000000 0.6061527 0.066815404         1    0.03   0.30      0.67
261  1.00000000 0.6061527 0.066815404         1    0.03   0.30      0.67
262  1.00000000 0.6061527 0.066815404         1    0.03   0.30      0.67
263  0.70703125 0.6061527 0.066815404         1    0.03   0.30      0.67
264  1.00000000 0.6061527 0.066815404         1    0.03   0.30      0.67
265  1.00000000 0.6061527 0.066815404         1    0.03   0.30      0.67
266  1.00000000 0.6061527 0.066815404         1    0.03   0.30      0.67
267  1.00000000 0.6061527 0.066815404         1    0.03   0.30      0.67
268  0.23046875 0.6061527 0.066815404         1    0.03   0.30      0.67
269  1.00000000 0.6061527 0.066815404         1    0.03   0.30      0.67
270  1.00000000 0.6061527 0.066815404         1    0.03   0.30      0.67
271  1.00000000 0.6061527 0.066815404         1    0.03   0.30      0.67
272  0.38281250 0.6061527 0.066815404         1    0.03   0.30      0.67
273  1.00000000 0.6061527 0.066815404         1    0.03   0.30      0.67
274  0.30078125 0.6061527 0.066815404         1    0.03   0.30      0.67
275  1.00000000 0.6061527 0.066815404         1    0.03   0.30      0.67
276  0.50390625 0.6061527 0.066815404         1    0.03   0.30      0.67
277  1.00000000 0.6061527 0.066815404         1    0.03   0.30      0.67
278  1.00000000 0.6061527 0.066815404         1    0.03   0.30      0.67
279  0.29296875 0.6061527 0.066815404         1    0.03   0.30      0.67
280  0.62109375 0.6061527 0.066815404         1    0.03   0.30      0.67
281  0.32812500 0.6061527 0.066815404         1    0.03   0.30      0.67
282  0.31640625 0.6061527 0.066815404         1    0.03   0.30      0.67
283  1.00000000 0.6061527 0.066815404         1    0.03   0.30      0.67
284  1.00000000 0.6061527 0.066815404         1    0.03   0.30      0.67
285  1.00000000 0.6061527 0.066815404         1    0.03   0.30      0.67
286  1.00000000 0.6061527 0.066815404         1    0.03   0.30      0.67
287  0.30859375 0.6061527 0.066815404         1    0.03   0.30      0.67
288  1.00000000 0.6061527 0.066815404         1    0.03   0.30      0.67
289  1.00000000 0.6061527 0.066815404         1    0.03   0.30      0.67
290  1.00000000 0.6061527 0.066815404         1    0.03   0.30      0.67
291  1.00000000 0.6061527 0.066815404         1    0.03   0.30      0.67
292  0.41015625 0.6061527 0.066815404         1    0.03   0.30      0.67
293  1.00000000 0.6061527 0.066815404         1    0.03   0.30      0.67
294  1.00000000 0.6061527 0.066815404         1    0.03   0.30      0.67
295  1.00000000 0.6061527 0.066815404         1    0.03   0.30      0.67
296  0.42187500 0.6061527 0.066815404         1    0.03   0.30      0.67
297  1.00000000 0.6061527 0.066815404         1    0.03   0.30      0.67
298  1.00000000 0.6061527 0.066815404         1    0.03   0.30      0.67
299  0.75781250 0.6061527 0.066815404         1    0.03   0.30      0.67
300  0.46875000 0.6061527 0.066815404         1    0.03   0.30      0.67
301  1.00000000 0.5944556 0.113663145         1    0.00   0.30      0.70
302  1.00000000 0.5944556 0.113663145         1    0.00   0.30      0.70
303  1.00000000 0.5944556 0.113663145         1    0.00   0.30      0.70
304  1.00000000 0.5944556 0.113663145         1    0.00   0.30      0.70
305  1.00000000 0.5944556 0.113663145         1    0.00   0.30      0.70
306  1.00000000 0.5944556 0.113663145         1    0.00   0.30      0.70
307  0.75390625 0.5944556 0.113663145         1    0.00   0.30      0.70
308  1.00000000 0.5944556 0.113663145         1    0.00   0.30      0.70
309  1.00000000 0.5944556 0.113663145         1    0.00   0.30      0.70
310  1.00000000 0.5944556 0.113663145         1    0.00   0.30      0.70
311  1.00000000 0.5944556 0.113663145         1    0.00   0.30      0.70
312  1.00000000 0.5944556 0.113663145         1    0.00   0.30      0.70
313  1.00000000 0.5944556 0.113663145         1    0.00   0.30      0.70
314  0.79296875 0.5944556 0.113663145         1    0.00   0.30      0.70
315  0.60546875 0.5944556 0.113663145         1    0.00   0.30      0.70
316  1.00000000 0.5944556 0.113663145         1    0.00   0.30      0.70
317  0.78906250 0.5944556 0.113663145         1    0.00   0.30      0.70
318  0.48828125 0.5944556 0.113663145         1    0.00   0.30      0.70
319  0.43359375 0.5944556 0.113663145         1    0.00   0.30      0.70
320  1.00000000 0.5944556 0.113663145         1    0.00   0.30      0.70
321  1.00000000 0.5944556 0.113663145         1    0.00   0.30      0.70
322  0.75390625 0.5944556 0.113663145         1    0.00   0.30      0.70
323  1.00000000 0.5944556 0.113663145         1    0.00   0.30      0.70
324  0.39843750 0.5944556 0.113663145         1    0.00   0.30      0.70
325  1.00000000 0.5944556 0.113663145         1    0.00   0.30      0.70
326  1.00000000 0.5944556 0.113663145         1    0.00   0.30      0.70
327  1.00000000 0.5944556 0.113663145         1    0.00   0.30      0.70
328  0.46484375 0.5944556 0.113663145         1    0.00   0.30      0.70
329  0.67187500 0.5944556 0.113663145         1    0.00   0.30      0.70
330  1.00000000 0.5944556 0.113663145         1    0.00   0.30      0.70
331  1.00000000 0.5944556 0.113663145         1    0.00   0.30      0.70
332  1.00000000 0.5944556 0.113663145         1    0.00   0.30      0.70
333  1.00000000 0.5944556 0.113663145         1    0.00   0.30      0.70
334  1.00000000 0.5944556 0.113663145         1    0.00   0.30      0.70
335  0.65625000 0.5944556 0.113663145         1    0.00   0.30      0.70
336  1.00000000 0.5944556 0.113663145         1    0.00   0.30      0.70
337  0.60937500 0.5944556 0.113663145         1    0.00   0.30      0.70
338  0.67187500 0.5944556 0.113663145         1    0.00   0.30      0.70
339  0.33593750 0.5944556 0.113663145         1    0.00   0.30      0.70
340  1.00000000 0.5944556 0.113663145         1    0.00   0.30      0.70
341  1.00000000 0.5944556 0.113663145         1    0.00   0.30      0.70
342  1.00000000 0.5944556 0.113663145         1    0.00   0.30      0.70
343  1.00000000 0.5944556 0.113663145         1    0.00   0.30      0.70
344  0.73437500 0.5944556 0.113663145         1    0.00   0.30      0.70
345  1.00000000 0.5944556 0.113663145         1    0.00   0.30      0.70
346  1.00000000 0.5944556 0.113663145         1    0.00   0.30      0.70
347  0.50390625 0.5944556 0.113663145         1    0.00   0.30      0.70
348  1.00000000 0.5944556 0.113663145         1    0.00   0.30      0.70
349  1.00000000 0.5944556 0.113663145         1    0.00   0.30      0.70
350  1.00000000 0.5944556 0.113663145         1    0.00   0.30      0.70
351  1.00000000 0.5944556 0.113663145         1    0.00   0.30      0.70
352  1.00000000 0.5944556 0.113663145         1    0.00   0.30      0.70
353  1.00000000 0.5944556 0.113663145         1    0.00   0.30      0.70
354  1.00000000 0.5944556 0.113663145         1    0.00   0.30      0.70
355  1.00000000 0.5944556 0.113663145         1    0.00   0.30      0.70
356  0.63281250 0.5944556 0.113663145         1    0.00   0.30      0.70
357  1.00000000 0.5944556 0.113663145         1    0.00   0.30      0.70
358  0.91406250 0.5944556 0.113663145         1    0.00   0.30      0.70
359  1.00000000 0.5944556 0.113663145         1    0.00   0.30      0.70
360  0.40234375 0.5944556 0.113663145         1    0.00   0.30      0.70
361  0.51171875 0.5944556 0.113663145         1    0.00   0.30      0.70
362  0.67578125 0.5944556 0.113663145         1    0.00   0.30      0.70
363  1.00000000 0.5944556 0.113663145         1    0.00   0.30      0.70
364  0.83984375 0.5944556 0.113663145         1    0.00   0.30      0.70
365  0.80468750 0.5944556 0.113663145         1    0.00   0.30      0.70
366  1.00000000 0.5944556 0.113663145         1    0.00   0.30      0.70
367  1.00000000 0.5944556 0.113663145         1    0.00   0.30      0.70
368  1.00000000 0.5944556 0.113663145         1    0.00   0.30      0.70
369  1.00000000 0.5944556 0.113663145         1    0.00   0.30      0.70
370  1.00000000 0.5944556 0.113663145         1    0.00   0.30      0.70
371  0.35937500 0.5944556 0.113663145         1    0.00   0.30      0.70
372  1.00000000 0.5944556 0.113663145         1    0.00   0.30      0.70
373  1.00000000 0.5944556 0.113663145         1    0.00   0.30      0.70
374  1.00000000 0.5944556 0.113663145         1    0.00   0.30      0.70
375  1.00000000 0.5944556 0.113663145         1    0.00   0.30      0.70
376  0.76171875 0.5944556 0.113663145         1    0.00   0.30      0.70
377  1.00000000 0.5944556 0.113663145         1    0.00   0.30      0.70
378  1.00000000 0.5944556 0.113663145         1    0.00   0.30      0.70
379  0.67578125 0.5944556 0.113663145         1    0.00   0.30      0.70
380  0.76562500 0.5944556 0.113663145         1    0.00   0.30      0.70
381  1.00000000 0.5944556 0.113663145         1    0.00   0.30      0.70
382  1.00000000 0.5944556 0.113663145         1    0.00   0.30      0.70
383  1.00000000 0.5944556 0.113663145         1    0.00   0.30      0.70
384  1.00000000 0.5944556 0.113663145         1    0.00   0.30      0.70
385  0.84375000 0.5944556 0.113663145         1    0.00   0.30      0.70
386  0.48046875 0.5944556 0.113663145         1    0.00   0.30      0.70
387  0.43750000 0.5944556 0.113663145         1    0.00   0.30      0.70
388  1.00000000 0.5944556 0.113663145         1    0.00   0.30      0.70
389  1.00000000 0.5944556 0.113663145         1    0.00   0.30      0.70
390  1.00000000 0.5944556 0.113663145         1    0.00   0.30      0.70
391  1.00000000 0.5944556 0.113663145         1    0.00   0.30      0.70
392  0.67578125 0.5944556 0.113663145         1    0.00   0.30      0.70
393  1.00000000 0.5944556 0.113663145         1    0.00   0.30      0.70
394  0.92578125 0.5944556 0.113663145         1    0.00   0.30      0.70
395  1.00000000 0.5944556 0.113663145         1    0.00   0.30      0.70
396  1.00000000 0.5944556 0.113663145         1    0.00   0.30      0.70
397  0.73437500 0.5944556 0.113663145         1    0.00   0.30      0.70
398  1.00000000 0.5944556 0.113663145         1    0.00   0.30      0.70
399  0.47265625 0.5944556 0.113663145         1    0.00   0.30      0.70
400  0.62109375 0.5944556 0.113663145         1    0.00   0.30      0.70
401  0.08593750 0.4775640 0.013689295         1    0.33   0.18      0.49
402  1.00000000 0.4775640 0.013689295         1    0.33   0.18      0.49
403  0.09375000 0.4775640 0.013689295         1    0.33   0.18      0.49
404  1.00000000 0.4775640 0.013689295         1    0.33   0.18      0.49
405  1.00000000 0.4775640 0.013689295         1    0.33   0.18      0.49
406  0.08593750 0.4775640 0.013689295         1    0.33   0.18      0.49
407  1.00000000 0.4775640 0.013689295         1    0.33   0.18      0.49
408  0.01171875 0.4775640 0.013689295         1    0.33   0.18      0.49
409  1.00000000 0.4775640 0.013689295         1    0.33   0.18      0.49
410  1.00000000 0.4775640 0.013689295         1    0.33   0.18      0.49
411  0.01562500 0.4775640 0.013689295         1    0.33   0.18      0.49
412  0.07812500 0.4775640 0.013689295         1    0.33   0.18      0.49
413  0.17968750 0.4775640 0.013689295         1    0.33   0.18      0.49
414  1.00000000 0.4775640 0.013689295         1    0.33   0.18      0.49
415  1.00000000 0.4775640 0.013689295         1    0.33   0.18      0.49
416  1.00000000 0.4775640 0.013689295         1    0.33   0.18      0.49
417  1.00000000 0.4775640 0.013689295         1    0.33   0.18      0.49
418  1.00000000 0.4775640 0.013689295         1    0.33   0.18      0.49
419  1.00000000 0.4775640 0.013689295         1    0.33   0.18      0.49
420  1.00000000 0.4775640 0.013689295         1    0.33   0.18      0.49
421  1.00000000 0.4775640 0.013689295         1    0.33   0.18      0.49
422  1.00000000 0.4775640 0.013689295         1    0.33   0.18      0.49
423  1.00000000 0.4775640 0.013689295         1    0.33   0.18      0.49
424  1.00000000 0.4775640 0.013689295         1    0.33   0.18      0.49
425  0.07421875 0.4775640 0.013689295         1    0.33   0.18      0.49
426  0.04296875 0.4775640 0.013689295         1    0.33   0.18      0.49
427  1.00000000 0.4775640 0.013689295         1    0.33   0.18      0.49
428  0.03906250 0.4775640 0.013689295         1    0.33   0.18      0.49
429  1.00000000 0.4775640 0.013689295         1    0.33   0.18      0.49
430  1.00000000 0.4775640 0.013689295         1    0.33   0.18      0.49
431  1.00000000 0.4775640 0.013689295         1    0.33   0.18      0.49
432  0.30468750 0.4775640 0.013689295         1    0.33   0.18      0.49
433  0.34375000 0.4775640 0.013689295         1    0.33   0.18      0.49
434  0.03125000 0.4775640 0.013689295         1    0.33   0.18      0.49
435  1.00000000 0.4775640 0.013689295         1    0.33   0.18      0.49
436  1.00000000 0.4775640 0.013689295         1    0.33   0.18      0.49
437  0.26171875 0.4775640 0.013689295         1    0.33   0.18      0.49
438  0.05078125 0.4775640 0.013689295         1    0.33   0.18      0.49
439  0.11718750 0.4775640 0.013689295         1    0.33   0.18      0.49
440  0.54687500 0.4775640 0.013689295         1    0.33   0.18      0.49
441  0.05078125 0.4775640 0.013689295         1    0.33   0.18      0.49
442  1.00000000 0.4775640 0.013689295         1    0.33   0.18      0.49
443  0.19531250 0.4775640 0.013689295         1    0.33   0.18      0.49
444  0.28125000 0.4775640 0.013689295         1    0.33   0.18      0.49
445  1.00000000 0.4775640 0.013689295         1    0.33   0.18      0.49
446  0.07031250 0.4775640 0.013689295         1    0.33   0.18      0.49
447  0.19531250 0.4775640 0.013689295         1    0.33   0.18      0.49
448  1.00000000 0.4775640 0.013689295         1    0.33   0.18      0.49
449  0.08593750 0.4775640 0.013689295         1    0.33   0.18      0.49
450  1.00000000 0.4775640 0.013689295         1    0.33   0.18      0.49
451  0.06250000 0.4775640 0.013689295         1    0.33   0.18      0.49
452  1.00000000 0.4775640 0.013689295         1    0.33   0.18      0.49
453  1.00000000 0.4775640 0.013689295         1    0.33   0.18      0.49
454  1.00000000 0.4775640 0.013689295         1    0.33   0.18      0.49
455  1.00000000 0.4775640 0.013689295         1    0.33   0.18      0.49
456  1.00000000 0.4775640 0.013689295         1    0.33   0.18      0.49
457  0.14062500 0.4775640 0.013689295         1    0.33   0.18      0.49
458  1.00000000 0.4775640 0.013689295         1    0.33   0.18      0.49
459  1.00000000 0.4775640 0.013689295         1    0.33   0.18      0.49
460  1.00000000 0.4775640 0.013689295         1    0.33   0.18      0.49
461  0.01953125 0.4775640 0.013689295         1    0.33   0.18      0.49
462  0.08984375 0.4775640 0.013689295         1    0.33   0.18      0.49
463  0.14453125 0.4775640 0.013689295         1    0.33   0.18      0.49
464  0.04296875 0.4775640 0.013689295         1    0.33   0.18      0.49
465  1.00000000 0.4775640 0.013689295         1    0.33   0.18      0.49
466  1.00000000 0.4775640 0.013689295         1    0.33   0.18      0.49
467  0.00781250 0.4775640 0.013689295         1    0.33   0.18      0.49
468  1.00000000 0.4775640 0.013689295         1    0.33   0.18      0.49
469  1.00000000 0.4775640 0.013689295         1    0.33   0.18      0.49
470  1.00000000 0.4775640 0.013689295         1    0.33   0.18      0.49
471  0.03125000 0.4775640 0.013689295         1    0.33   0.18      0.49
472  1.00000000 0.4775640 0.013689295         1    0.33   0.18      0.49
473  0.02343750 0.4775640 0.013689295         1    0.33   0.18      0.49
474  0.14062500 0.4775640 0.013689295         1    0.33   0.18      0.49
475  0.09375000 0.4775640 0.013689295         1    0.33   0.18      0.49
476  1.00000000 0.4775640 0.013689295         1    0.33   0.18      0.49
477  0.26562500 0.4775640 0.013689295         1    0.33   0.18      0.49
478  0.03515625 0.4775640 0.013689295         1    0.33   0.18      0.49
479  0.13671875 0.4775640 0.013689295         1    0.33   0.18      0.49
480  0.07421875 0.4775640 0.013689295         1    0.33   0.18      0.49
481  1.00000000 0.4775640 0.013689295         1    0.33   0.18      0.49
482  0.02343750 0.4775640 0.013689295         1    0.33   0.18      0.49
483  0.03906250 0.4775640 0.013689295         1    0.33   0.18      0.49
484  0.02343750 0.4775640 0.013689295         1    0.33   0.18      0.49
485  0.05468750 0.4775640 0.013689295         1    0.33   0.18      0.49
486  1.00000000 0.4775640 0.013689295         1    0.33   0.18      0.49
487  0.13671875 0.4775640 0.013689295         1    0.33   0.18      0.49
488  0.08203125 0.4775640 0.013689295         1    0.33   0.18      0.49
489  0.01562500 0.4775640 0.013689295         1    0.33   0.18      0.49
490  1.00000000 0.4775640 0.013689295         1    0.33   0.18      0.49
491  0.02343750 0.4775640 0.013689295         1    0.33   0.18      0.49
492  0.02734375 0.4775640 0.013689295         1    0.33   0.18      0.49
493  1.00000000 0.4775640 0.013689295         1    0.33   0.18      0.49
494  0.04296875 0.4775640 0.013689295         1    0.33   0.18      0.49
495  0.08203125 0.4775640 0.013689295         1    0.33   0.18      0.49
496  1.00000000 0.4775640 0.013689295         1    0.33   0.18      0.49
497  1.00000000 0.4775640 0.013689295         1    0.33   0.18      0.49
498  1.00000000 0.4775640 0.013689295         1    0.33   0.18      0.49
499  0.02734375 0.4775640 0.013689295         1    0.33   0.18      0.49
500  0.05468750 0.4775640 0.013689295         1    0.33   0.18      0.49
501  1.00000000 0.7728090 0.064152996         1    0.05   0.23      0.72
502  1.00000000 0.7728090 0.064152996         1    0.05   0.23      0.72
503  1.00000000 0.7728090 0.064152996         1    0.05   0.23      0.72
504  1.00000000 0.7728090 0.064152996         1    0.05   0.23      0.72
505  1.00000000 0.7728090 0.064152996         1    0.05   0.23      0.72
506  1.00000000 0.7728090 0.064152996         1    0.05   0.23      0.72
507  1.00000000 0.7728090 0.064152996         1    0.05   0.23      0.72
508  1.00000000 0.7728090 0.064152996         1    0.05   0.23      0.72
509  0.58984375 0.7728090 0.064152996         1    0.05   0.23      0.72
510  1.00000000 0.7728090 0.064152996         1    0.05   0.23      0.72
511  0.39062500 0.7728090 0.064152996         1    0.05   0.23      0.72
512  1.00000000 0.7728090 0.064152996         1    0.05   0.23      0.72
513  1.00000000 0.7728090 0.064152996         1    0.05   0.23      0.72
514  1.00000000 0.7728090 0.064152996         1    0.05   0.23      0.72
515  1.00000000 0.7728090 0.064152996         1    0.05   0.23      0.72
516  0.45703125 0.7728090 0.064152996         1    0.05   0.23      0.72
517  1.00000000 0.7728090 0.064152996         1    0.05   0.23      0.72
518  1.00000000 0.7728090 0.064152996         1    0.05   0.23      0.72
519  1.00000000 0.7728090 0.064152996         1    0.05   0.23      0.72
520  0.32421875 0.7728090 0.064152996         1    0.05   0.23      0.72
521  1.00000000 0.7728090 0.064152996         1    0.05   0.23      0.72
522  0.74218750 0.7728090 0.064152996         1    0.05   0.23      0.72
523  1.00000000 0.7728090 0.064152996         1    0.05   0.23      0.72
524  1.00000000 0.7728090 0.064152996         1    0.05   0.23      0.72
525  1.00000000 0.7728090 0.064152996         1    0.05   0.23      0.72
526  1.00000000 0.7728090 0.064152996         1    0.05   0.23      0.72
527  1.00000000 0.7728090 0.064152996         1    0.05   0.23      0.72
528  1.00000000 0.7728090 0.064152996         1    0.05   0.23      0.72
529  0.47265625 0.7728090 0.064152996         1    0.05   0.23      0.72
530  1.00000000 0.7728090 0.064152996         1    0.05   0.23      0.72
531  1.00000000 0.7728090 0.064152996         1    0.05   0.23      0.72
532  0.75390625 0.7728090 0.064152996         1    0.05   0.23      0.72
533  0.30468750 0.7728090 0.064152996         1    0.05   0.23      0.72
534  1.00000000 0.7728090 0.064152996         1    0.05   0.23      0.72
535  1.00000000 0.7728090 0.064152996         1    0.05   0.23      0.72
536  0.28125000 0.7728090 0.064152996         1    0.05   0.23      0.72
537  1.00000000 0.7728090 0.064152996         1    0.05   0.23      0.72
538  1.00000000 0.7728090 0.064152996         1    0.05   0.23      0.72
539  1.00000000 0.7728090 0.064152996         1    0.05   0.23      0.72
540  1.00000000 0.7728090 0.064152996         1    0.05   0.23      0.72
541  1.00000000 0.7728090 0.064152996         1    0.05   0.23      0.72
542  1.00000000 0.7728090 0.064152996         1    0.05   0.23      0.72
543  1.00000000 0.7728090 0.064152996         1    0.05   0.23      0.72
544  0.17968750 0.7728090 0.064152996         1    0.05   0.23      0.72
545  1.00000000 0.7728090 0.064152996         1    0.05   0.23      0.72
546  1.00000000 0.7728090 0.064152996         1    0.05   0.23      0.72
547  1.00000000 0.7728090 0.064152996         1    0.05   0.23      0.72
548  1.00000000 0.7728090 0.064152996         1    0.05   0.23      0.72
549  0.32031250 0.7728090 0.064152996         1    0.05   0.23      0.72
550  1.00000000 0.7728090 0.064152996         1    0.05   0.23      0.72
551  0.50390625 0.7728090 0.064152996         1    0.05   0.23      0.72
552  1.00000000 0.7728090 0.064152996         1    0.05   0.23      0.72
553  1.00000000 0.7728090 0.064152996         1    0.05   0.23      0.72
554  1.00000000 0.7728090 0.064152996         1    0.05   0.23      0.72
555  0.43750000 0.7728090 0.064152996         1    0.05   0.23      0.72
556  1.00000000 0.7728090 0.064152996         1    0.05   0.23      0.72
557  0.25781250 0.7728090 0.064152996         1    0.05   0.23      0.72
558  0.27343750 0.7728090 0.064152996         1    0.05   0.23      0.72
559  0.35546875 0.7728090 0.064152996         1    0.05   0.23      0.72
560  1.00000000 0.7728090 0.064152996         1    0.05   0.23      0.72
561  1.00000000 0.7728090 0.064152996         1    0.05   0.23      0.72
562  0.23046875 0.7728090 0.064152996         1    0.05   0.23      0.72
563  1.00000000 0.7728090 0.064152996         1    0.05   0.23      0.72
564  1.00000000 0.7728090 0.064152996         1    0.05   0.23      0.72
565  1.00000000 0.7728090 0.064152996         1    0.05   0.23      0.72
566  1.00000000 0.7728090 0.064152996         1    0.05   0.23      0.72
567  0.55468750 0.7728090 0.064152996         1    0.05   0.23      0.72
568  1.00000000 0.7728090 0.064152996         1    0.05   0.23      0.72
569  1.00000000 0.7728090 0.064152996         1    0.05   0.23      0.72
570  1.00000000 0.7728090 0.064152996         1    0.05   0.23      0.72
571  1.00000000 0.7728090 0.064152996         1    0.05   0.23      0.72
572  0.24609375 0.7728090 0.064152996         1    0.05   0.23      0.72
573  1.00000000 0.7728090 0.064152996         1    0.05   0.23      0.72
574  1.00000000 0.7728090 0.064152996         1    0.05   0.23      0.72
575  1.00000000 0.7728090 0.064152996         1    0.05   0.23      0.72
576  1.00000000 0.7728090 0.064152996         1    0.05   0.23      0.72
577  0.29296875 0.7728090 0.064152996         1    0.05   0.23      0.72
578  1.00000000 0.7728090 0.064152996         1    0.05   0.23      0.72
579  1.00000000 0.7728090 0.064152996         1    0.05   0.23      0.72
580  1.00000000 0.7728090 0.064152996         1    0.05   0.23      0.72
581  0.59765625 0.7728090 0.064152996         1    0.05   0.23      0.72
582  1.00000000 0.7728090 0.064152996         1    0.05   0.23      0.72
583  0.50781250 0.7728090 0.064152996         1    0.05   0.23      0.72
584  1.00000000 0.7728090 0.064152996         1    0.05   0.23      0.72
585  1.00000000 0.7728090 0.064152996         1    0.05   0.23      0.72
586  0.58203125 0.7728090 0.064152996         1    0.05   0.23      0.72
587  0.14062500 0.7728090 0.064152996         1    0.05   0.23      0.72
588  1.00000000 0.7728090 0.064152996         1    0.05   0.23      0.72
589  1.00000000 0.7728090 0.064152996         1    0.05   0.23      0.72
590  1.00000000 0.7728090 0.064152996         1    0.05   0.23      0.72
591  0.28906250 0.7728090 0.064152996         1    0.05   0.23      0.72
592  1.00000000 0.7728090 0.064152996         1    0.05   0.23      0.72
593  1.00000000 0.7728090 0.064152996         1    0.05   0.23      0.72
594  0.32421875 0.7728090 0.064152996         1    0.05   0.23      0.72
595  1.00000000 0.7728090 0.064152996         1    0.05   0.23      0.72
596  0.56640625 0.7728090 0.064152996         1    0.05   0.23      0.72
597  0.34765625 0.7728090 0.064152996         1    0.05   0.23      0.72
598  1.00000000 0.7728090 0.064152996         1    0.05   0.23      0.72
599  0.48437500 0.7728090 0.064152996         1    0.05   0.23      0.72
600  1.00000000 0.7728090 0.064152996         1    0.05   0.23      0.72
601  1.00000000 0.6293817 0.025508790         1    0.09   0.26      0.65
602  1.00000000 0.6293817 0.025508790         1    0.09   0.26      0.65
603  1.00000000 0.6293817 0.025508790         1    0.09   0.26      0.65
604  1.00000000 0.6293817 0.025508790         1    0.09   0.26      0.65
605  1.00000000 0.6293817 0.025508790         1    0.09   0.26      0.65
606  1.00000000 0.6293817 0.025508790         1    0.09   0.26      0.65
607  0.12890625 0.6293817 0.025508790         1    0.09   0.26      0.65
608  0.07031250 0.6293817 0.025508790         1    0.09   0.26      0.65
609  1.00000000 0.6293817 0.025508790         1    0.09   0.26      0.65
610  1.00000000 0.6293817 0.025508790         1    0.09   0.26      0.65
611  1.00000000 0.6293817 0.025508790         1    0.09   0.26      0.65
612  0.19531250 0.6293817 0.025508790         1    0.09   0.26      0.65
613  1.00000000 0.6293817 0.025508790         1    0.09   0.26      0.65
614  1.00000000 0.6293817 0.025508790         1    0.09   0.26      0.65
615  0.32031250 0.6293817 0.025508790         1    0.09   0.26      0.65
616  1.00000000 0.6293817 0.025508790         1    0.09   0.26      0.65
617  0.20312500 0.6293817 0.025508790         1    0.09   0.26      0.65
618  0.11328125 0.6293817 0.025508790         1    0.09   0.26      0.65
619  1.00000000 0.6293817 0.025508790         1    0.09   0.26      0.65
620  0.16015625 0.6293817 0.025508790         1    0.09   0.26      0.65
621  1.00000000 0.6293817 0.025508790         1    0.09   0.26      0.65
622  1.00000000 0.6293817 0.025508790         1    0.09   0.26      0.65
623  1.00000000 0.6293817 0.025508790         1    0.09   0.26      0.65
624  1.00000000 0.6293817 0.025508790         1    0.09   0.26      0.65
625  1.00000000 0.6293817 0.025508790         1    0.09   0.26      0.65
626  1.00000000 0.6293817 0.025508790         1    0.09   0.26      0.65
627  1.00000000 0.6293817 0.025508790         1    0.09   0.26      0.65
628  1.00000000 0.6293817 0.025508790         1    0.09   0.26      0.65
629  1.00000000 0.6293817 0.025508790         1    0.09   0.26      0.65
630  0.16015625 0.6293817 0.025508790         1    0.09   0.26      0.65
631  1.00000000 0.6293817 0.025508790         1    0.09   0.26      0.65
632  1.00000000 0.6293817 0.025508790         1    0.09   0.26      0.65
633  1.00000000 0.6293817 0.025508790         1    0.09   0.26      0.65
634  1.00000000 0.6293817 0.025508790         1    0.09   0.26      0.65
635  1.00000000 0.6293817 0.025508790         1    0.09   0.26      0.65
636  1.00000000 0.6293817 0.025508790         1    0.09   0.26      0.65
637  1.00000000 0.6293817 0.025508790         1    0.09   0.26      0.65
638  1.00000000 0.6293817 0.025508790         1    0.09   0.26      0.65
639  1.00000000 0.6293817 0.025508790         1    0.09   0.26      0.65
640  1.00000000 0.6293817 0.025508790         1    0.09   0.26      0.65
641  1.00000000 0.6293817 0.025508790         1    0.09   0.26      0.65
642  0.26562500 0.6293817 0.025508790         1    0.09   0.26      0.65
643  1.00000000 0.6293817 0.025508790         1    0.09   0.26      0.65
644  1.00000000 0.6293817 0.025508790         1    0.09   0.26      0.65
645  1.00000000 0.6293817 0.025508790         1    0.09   0.26      0.65
646  0.08593750 0.6293817 0.025508790         1    0.09   0.26      0.65
647  1.00000000 0.6293817 0.025508790         1    0.09   0.26      0.65
648  0.14062500 0.6293817 0.025508790         1    0.09   0.26      0.65
649  1.00000000 0.6293817 0.025508790         1    0.09   0.26      0.65
650  1.00000000 0.6293817 0.025508790         1    0.09   0.26      0.65
651  0.16796875 0.6293817 0.025508790         1    0.09   0.26      0.65
652  1.00000000 0.6293817 0.025508790         1    0.09   0.26      0.65
653  0.10546875 0.6293817 0.025508790         1    0.09   0.26      0.65
654  1.00000000 0.6293817 0.025508790         1    0.09   0.26      0.65
655  1.00000000 0.6293817 0.025508790         1    0.09   0.26      0.65
656  1.00000000 0.6293817 0.025508790         1    0.09   0.26      0.65
657  0.07421875 0.6293817 0.025508790         1    0.09   0.26      0.65
658  0.11718750 0.6293817 0.025508790         1    0.09   0.26      0.65
659  1.00000000 0.6293817 0.025508790         1    0.09   0.26      0.65
660  1.00000000 0.6293817 0.025508790         1    0.09   0.26      0.65
661  0.10937500 0.6293817 0.025508790         1    0.09   0.26      0.65
662  1.00000000 0.6293817 0.025508790         1    0.09   0.26      0.65
663  0.11328125 0.6293817 0.025508790         1    0.09   0.26      0.65
664  0.07421875 0.6293817 0.025508790         1    0.09   0.26      0.65
665  1.00000000 0.6293817 0.025508790         1    0.09   0.26      0.65
666  0.14843750 0.6293817 0.025508790         1    0.09   0.26      0.65
667  1.00000000 0.6293817 0.025508790         1    0.09   0.26      0.65
668  0.14062500 0.6293817 0.025508790         1    0.09   0.26      0.65
669  0.13671875 0.6293817 0.025508790         1    0.09   0.26      0.65
670  1.00000000 0.6293817 0.025508790         1    0.09   0.26      0.65
671  0.15625000 0.6293817 0.025508790         1    0.09   0.26      0.65
672  0.29296875 0.6293817 0.025508790         1    0.09   0.26      0.65
673  1.00000000 0.6293817 0.025508790         1    0.09   0.26      0.65
674  1.00000000 0.6293817 0.025508790         1    0.09   0.26      0.65
675  0.38281250 0.6293817 0.025508790         1    0.09   0.26      0.65
676  1.00000000 0.6293817 0.025508790         1    0.09   0.26      0.65
677  1.00000000 0.6293817 0.025508790         1    0.09   0.26      0.65
678  0.05468750 0.6293817 0.025508790         1    0.09   0.26      0.65
679  1.00000000 0.6293817 0.025508790         1    0.09   0.26      0.65
680  0.07421875 0.6293817 0.025508790         1    0.09   0.26      0.65
681  1.00000000 0.6293817 0.025508790         1    0.09   0.26      0.65
682  0.07421875 0.6293817 0.025508790         1    0.09   0.26      0.65
683  0.28125000 0.6293817 0.025508790         1    0.09   0.26      0.65
684  0.19140625 0.6293817 0.025508790         1    0.09   0.26      0.65
685  0.54687500 0.6293817 0.025508790         1    0.09   0.26      0.65
686  1.00000000 0.6293817 0.025508790         1    0.09   0.26      0.65
687  0.23828125 0.6293817 0.025508790         1    0.09   0.26      0.65
688  1.00000000 0.6293817 0.025508790         1    0.09   0.26      0.65
689  1.00000000 0.6293817 0.025508790         1    0.09   0.26      0.65
690  1.00000000 0.6293817 0.025508790         1    0.09   0.26      0.65
691  1.00000000 0.6293817 0.025508790         1    0.09   0.26      0.65
692  1.00000000 0.6293817 0.025508790         1    0.09   0.26      0.65
693  0.15234375 0.6293817 0.025508790         1    0.09   0.26      0.65
694  1.00000000 0.6293817 0.025508790         1    0.09   0.26      0.65
695  1.00000000 0.6293817 0.025508790         1    0.09   0.26      0.65
696  0.18750000 0.6293817 0.025508790         1    0.09   0.26      0.65
697  0.05859375 0.6293817 0.025508790         1    0.09   0.26      0.65
698  1.00000000 0.6293817 0.025508790         1    0.09   0.26      0.65
699  0.16796875 0.6293817 0.025508790         1    0.09   0.26      0.65
700  1.00000000 0.6293817 0.025508790         1    0.09   0.26      0.65
701  1.00000000 0.6337828 0.005370216         1    0.31   0.08      0.61
702  0.01562500 0.6337828 0.005370216         1    0.31   0.08      0.61
703  1.00000000 0.6337828 0.005370216         1    0.31   0.08      0.61
704  1.00000000 0.6337828 0.005370216         1    0.31   0.08      0.61
705  0.01953125 0.6337828 0.005370216         1    0.31   0.08      0.61
706  1.00000000 0.6337828 0.005370216         1    0.31   0.08      0.61
707  1.00000000 0.6337828 0.005370216         1    0.31   0.08      0.61
708  0.00390625 0.6337828 0.005370216         1    0.31   0.08      0.61
709  0.04296875 0.6337828 0.005370216         1    0.31   0.08      0.61
710  1.00000000 0.6337828 0.005370216         1    0.31   0.08      0.61
711  0.01171875 0.6337828 0.005370216         1    0.31   0.08      0.61
712  0.12890625 0.6337828 0.005370216         1    0.31   0.08      0.61
713  1.00000000 0.6337828 0.005370216         1    0.31   0.08      0.61
714  1.00000000 0.6337828 0.005370216         1    0.31   0.08      0.61
715  0.06640625 0.6337828 0.005370216         1    0.31   0.08      0.61
716  0.03515625 0.6337828 0.005370216         1    0.31   0.08      0.61
717  1.00000000 0.6337828 0.005370216         1    0.31   0.08      0.61
718  1.00000000 0.6337828 0.005370216         1    0.31   0.08      0.61
719  1.00000000 0.6337828 0.005370216         1    0.31   0.08      0.61
720  1.00000000 0.6337828 0.005370216         1    0.31   0.08      0.61
721  1.00000000 0.6337828 0.005370216         1    0.31   0.08      0.61
722  1.00000000 0.6337828 0.005370216         1    0.31   0.08      0.61
723  1.00000000 0.6337828 0.005370216         1    0.31   0.08      0.61
724  0.00781250 0.6337828 0.005370216         1    0.31   0.08      0.61
725  1.00000000 0.6337828 0.005370216         1    0.31   0.08      0.61
726  1.00000000 0.6337828 0.005370216         1    0.31   0.08      0.61
727  1.00000000 0.6337828 0.005370216         1    0.31   0.08      0.61
728  0.00390625 0.6337828 0.005370216         1    0.31   0.08      0.61
729  1.00000000 0.6337828 0.005370216         1    0.31   0.08      0.61
730  0.06250000 0.6337828 0.005370216         1    0.31   0.08      0.61
731  1.00000000 0.6337828 0.005370216         1    0.31   0.08      0.61
732  0.00781250 0.6337828 0.005370216         1    0.31   0.08      0.61
733  1.00000000 0.6337828 0.005370216         1    0.31   0.08      0.61
734  1.00000000 0.6337828 0.005370216         1    0.31   0.08      0.61
735  1.00000000 0.6337828 0.005370216         1    0.31   0.08      0.61
736  0.03125000 0.6337828 0.005370216         1    0.31   0.08      0.61
737  1.00000000 0.6337828 0.005370216         1    0.31   0.08      0.61
738  1.00000000 0.6337828 0.005370216         1    0.31   0.08      0.61
739  1.00000000 0.6337828 0.005370216         1    0.31   0.08      0.61
740  1.00000000 0.6337828 0.005370216         1    0.31   0.08      0.61
741  1.00000000 0.6337828 0.005370216         1    0.31   0.08      0.61
742  1.00000000 0.6337828 0.005370216         1    0.31   0.08      0.61
743  1.00000000 0.6337828 0.005370216         1    0.31   0.08      0.61
744  0.04296875 0.6337828 0.005370216         1    0.31   0.08      0.61
745  0.03125000 0.6337828 0.005370216         1    0.31   0.08      0.61
746  0.01953125 0.6337828 0.005370216         1    0.31   0.08      0.61
747  1.00000000 0.6337828 0.005370216         1    0.31   0.08      0.61
748  1.00000000 0.6337828 0.005370216         1    0.31   0.08      0.61
749  0.01953125 0.6337828 0.005370216         1    0.31   0.08      0.61
750  1.00000000 0.6337828 0.005370216         1    0.31   0.08      0.61
751  0.01953125 0.6337828 0.005370216         1    0.31   0.08      0.61
752  1.00000000 0.6337828 0.005370216         1    0.31   0.08      0.61
753  1.00000000 0.6337828 0.005370216         1    0.31   0.08      0.61
754  0.16796875 0.6337828 0.005370216         1    0.31   0.08      0.61
755  0.00390625 0.6337828 0.005370216         1    0.31   0.08      0.61
756  1.00000000 0.6337828 0.005370216         1    0.31   0.08      0.61
757  1.00000000 0.6337828 0.005370216         1    0.31   0.08      0.61
758  1.00000000 0.6337828 0.005370216         1    0.31   0.08      0.61
759  0.01171875 0.6337828 0.005370216         1    0.31   0.08      0.61
760  1.00000000 0.6337828 0.005370216         1    0.31   0.08      0.61
761  1.00000000 0.6337828 0.005370216         1    0.31   0.08      0.61
762  1.00000000 0.6337828 0.005370216         1    0.31   0.08      0.61
763  0.02343750 0.6337828 0.005370216         1    0.31   0.08      0.61
764  1.00000000 0.6337828 0.005370216         1    0.31   0.08      0.61
765  0.01171875 0.6337828 0.005370216         1    0.31   0.08      0.61
766  0.00390625 0.6337828 0.005370216         1    0.31   0.08      0.61
767  1.00000000 0.6337828 0.005370216         1    0.31   0.08      0.61
768  0.03906250 0.6337828 0.005370216         1    0.31   0.08      0.61
769  1.00000000 0.6337828 0.005370216         1    0.31   0.08      0.61
770  1.00000000 0.6337828 0.005370216         1    0.31   0.08      0.61
771  1.00000000 0.6337828 0.005370216         1    0.31   0.08      0.61
772  0.02734375 0.6337828 0.005370216         1    0.31   0.08      0.61
773  1.00000000 0.6337828 0.005370216         1    0.31   0.08      0.61
774  1.00000000 0.6337828 0.005370216         1    0.31   0.08      0.61
775  1.00000000 0.6337828 0.005370216         1    0.31   0.08      0.61
776  0.01953125 0.6337828 0.005370216         1    0.31   0.08      0.61
777  0.03906250 0.6337828 0.005370216         1    0.31   0.08      0.61
778  1.00000000 0.6337828 0.005370216         1    0.31   0.08      0.61
779  1.00000000 0.6337828 0.005370216         1    0.31   0.08      0.61
780  0.07031250 0.6337828 0.005370216         1    0.31   0.08      0.61
781  1.00000000 0.6337828 0.005370216         1    0.31   0.08      0.61
782  1.00000000 0.6337828 0.005370216         1    0.31   0.08      0.61
783  0.10937500 0.6337828 0.005370216         1    0.31   0.08      0.61
784  0.01953125 0.6337828 0.005370216         1    0.31   0.08      0.61
785  1.00000000 0.6337828 0.005370216         1    0.31   0.08      0.61
786  1.00000000 0.6337828 0.005370216         1    0.31   0.08      0.61
787  1.00000000 0.6337828 0.005370216         1    0.31   0.08      0.61
788  0.02343750 0.6337828 0.005370216         1    0.31   0.08      0.61
789  1.00000000 0.6337828 0.005370216         1    0.31   0.08      0.61
790  0.00000000 0.6337828 0.005370216         1    0.31   0.08      0.61
791  0.00390625 0.6337828 0.005370216         1    0.31   0.08      0.61
792  0.01953125 0.6337828 0.005370216         1    0.31   0.08      0.61
793  1.00000000 0.6337828 0.005370216         1    0.31   0.08      0.61
794  0.00781250 0.6337828 0.005370216         1    0.31   0.08      0.61
795  1.00000000 0.6337828 0.005370216         1    0.31   0.08      0.61
796  0.00000000 0.6337828 0.005370216         1    0.31   0.08      0.61
797  1.00000000 0.6337828 0.005370216         1    0.31   0.08      0.61
798  1.00000000 0.6337828 0.005370216         1    0.31   0.08      0.61
799  0.14843750 0.6337828 0.005370216         1    0.31   0.08      0.61
800  0.03125000 0.6337828 0.005370216         1    0.31   0.08      0.61
801  0.88281250 0.1418703 0.282851498         1    0.00   0.30      0.70
802  0.96093750 0.1418703 0.282851498         1    0.00   0.30      0.70
803  1.00000000 0.1418703 0.282851498         1    0.00   0.30      0.70
804  0.96875000 0.1418703 0.282851498         1    0.00   0.30      0.70
805  1.00000000 0.1418703 0.282851498         1    0.00   0.30      0.70
806  0.89453125 0.1418703 0.282851498         1    0.00   0.30      0.70
807  1.00000000 0.1418703 0.282851498         1    0.00   0.30      0.70
808  0.91406250 0.1418703 0.282851498         1    0.00   0.30      0.70
809  0.90625000 0.1418703 0.282851498         1    0.00   0.30      0.70
810  0.96484375 0.1418703 0.282851498         1    0.00   0.30      0.70
811  0.91406250 0.1418703 0.282851498         1    0.00   0.30      0.70
812  0.90625000 0.1418703 0.282851498         1    0.00   0.30      0.70
813  1.00000000 0.1418703 0.282851498         1    0.00   0.30      0.70
814  0.94531250 0.1418703 0.282851498         1    0.00   0.30      0.70
815  0.92578125 0.1418703 0.282851498         1    0.00   0.30      0.70
816  1.00000000 0.1418703 0.282851498         1    0.00   0.30      0.70
817  1.00000000 0.1418703 0.282851498         1    0.00   0.30      0.70
818  0.91406250 0.1418703 0.282851498         1    0.00   0.30      0.70
819  0.96093750 0.1418703 0.282851498         1    0.00   0.30      0.70
820  0.82812500 0.1418703 0.282851498         1    0.00   0.30      0.70
821  0.96875000 0.1418703 0.282851498         1    0.00   0.30      0.70
822  0.94531250 0.1418703 0.282851498         1    0.00   0.30      0.70
823  0.89843750 0.1418703 0.282851498         1    0.00   0.30      0.70
824  0.98437500 0.1418703 0.282851498         1    0.00   0.30      0.70
825  1.00000000 0.1418703 0.282851498         1    0.00   0.30      0.70
826  0.97656250 0.1418703 0.282851498         1    0.00   0.30      0.70
827  0.96875000 0.1418703 0.282851498         1    0.00   0.30      0.70
828  1.00000000 0.1418703 0.282851498         1    0.00   0.30      0.70
829  0.90234375 0.1418703 0.282851498         1    0.00   0.30      0.70
830  0.81250000 0.1418703 0.282851498         1    0.00   0.30      0.70
831  1.00000000 0.1418703 0.282851498         1    0.00   0.30      0.70
832  0.95703125 0.1418703 0.282851498         1    0.00   0.30      0.70
833  0.94140625 0.1418703 0.282851498         1    0.00   0.30      0.70
834  0.87500000 0.1418703 0.282851498         1    0.00   0.30      0.70
835  0.89843750 0.1418703 0.282851498         1    0.00   0.30      0.70
836  0.89453125 0.1418703 0.282851498         1    0.00   0.30      0.70
837  0.88671875 0.1418703 0.282851498         1    0.00   0.30      0.70
838  0.96875000 0.1418703 0.282851498         1    0.00   0.30      0.70
839  1.00000000 0.1418703 0.282851498         1    0.00   0.30      0.70
840  0.91796875 0.1418703 0.282851498         1    0.00   0.30      0.70
841  1.00000000 0.1418703 0.282851498         1    0.00   0.30      0.70
842  1.00000000 0.1418703 0.282851498         1    0.00   0.30      0.70
843  1.00000000 0.1418703 0.282851498         1    0.00   0.30      0.70
844  0.91015625 0.1418703 0.282851498         1    0.00   0.30      0.70
845  0.83984375 0.1418703 0.282851498         1    0.00   0.30      0.70
846  0.82421875 0.1418703 0.282851498         1    0.00   0.30      0.70
847  1.00000000 0.1418703 0.282851498         1    0.00   0.30      0.70
848  1.00000000 0.1418703 0.282851498         1    0.00   0.30      0.70
849  0.85937500 0.1418703 0.282851498         1    0.00   0.30      0.70
850  1.00000000 0.1418703 0.282851498         1    0.00   0.30      0.70
851  0.86328125 0.1418703 0.282851498         1    0.00   0.30      0.70
852  1.00000000 0.1418703 0.282851498         1    0.00   0.30      0.70
853  0.95703125 0.1418703 0.282851498         1    0.00   0.30      0.70
854  0.91796875 0.1418703 0.282851498         1    0.00   0.30      0.70
855  0.96484375 0.1418703 0.282851498         1    0.00   0.30      0.70
856  0.91015625 0.1418703 0.282851498         1    0.00   0.30      0.70
857  0.91015625 0.1418703 0.282851498         1    0.00   0.30      0.70
858  0.87500000 0.1418703 0.282851498         1    0.00   0.30      0.70
859  0.91406250 0.1418703 0.282851498         1    0.00   0.30      0.70
860  0.89062500 0.1418703 0.282851498         1    0.00   0.30      0.70
861  1.00000000 0.1418703 0.282851498         1    0.00   0.30      0.70
862  0.90625000 0.1418703 0.282851498         1    0.00   0.30      0.70
863  0.78125000 0.1418703 0.282851498         1    0.00   0.30      0.70
864  0.95312500 0.1418703 0.282851498         1    0.00   0.30      0.70
865  0.92968750 0.1418703 0.282851498         1    0.00   0.30      0.70
866  1.00000000 0.1418703 0.282851498         1    0.00   0.30      0.70
867  1.00000000 0.1418703 0.282851498         1    0.00   0.30      0.70
868  1.00000000 0.1418703 0.282851498         1    0.00   0.30      0.70
869  0.86718750 0.1418703 0.282851498         1    0.00   0.30      0.70
870  0.93750000 0.1418703 0.282851498         1    0.00   0.30      0.70
871  0.87109375 0.1418703 0.282851498         1    0.00   0.30      0.70
872  1.00000000 0.1418703 0.282851498         1    0.00   0.30      0.70
873  1.00000000 0.1418703 0.282851498         1    0.00   0.30      0.70
874  0.94531250 0.1418703 0.282851498         1    0.00   0.30      0.70
875  0.90625000 0.1418703 0.282851498         1    0.00   0.30      0.70
876  0.96484375 0.1418703 0.282851498         1    0.00   0.30      0.70
877  0.89062500 0.1418703 0.282851498         1    0.00   0.30      0.70
878  0.94921875 0.1418703 0.282851498         1    0.00   0.30      0.70
879  1.00000000 0.1418703 0.282851498         1    0.00   0.30      0.70
880  0.87890625 0.1418703 0.282851498         1    0.00   0.30      0.70
881  0.98437500 0.1418703 0.282851498         1    0.00   0.30      0.70
882  0.91406250 0.1418703 0.282851498         1    0.00   0.30      0.70
883  1.00000000 0.1418703 0.282851498         1    0.00   0.30      0.70
884  0.82031250 0.1418703 0.282851498         1    0.00   0.30      0.70
885  1.00000000 0.1418703 0.282851498         1    0.00   0.30      0.70
886  1.00000000 0.1418703 0.282851498         1    0.00   0.30      0.70
887  0.96093750 0.1418703 0.282851498         1    0.00   0.30      0.70
888  0.93359375 0.1418703 0.282851498         1    0.00   0.30      0.70
889  0.82812500 0.1418703 0.282851498         1    0.00   0.30      0.70
890  0.94531250 0.1418703 0.282851498         1    0.00   0.30      0.70
891  0.92578125 0.1418703 0.282851498         1    0.00   0.30      0.70
892  0.97656250 0.1418703 0.282851498         1    0.00   0.30      0.70
893  1.00000000 0.1418703 0.282851498         1    0.00   0.30      0.70
894  0.97656250 0.1418703 0.282851498         1    0.00   0.30      0.70
895  0.94921875 0.1418703 0.282851498         1    0.00   0.30      0.70
896  0.86328125 0.1418703 0.282851498         1    0.00   0.30      0.70
897  0.89453125 0.1418703 0.282851498         1    0.00   0.30      0.70
898  0.86718750 0.1418703 0.282851498         1    0.00   0.30      0.70
899  0.96093750 0.1418703 0.282851498         1    0.00   0.30      0.70
900  1.00000000 0.1418703 0.282851498         1    0.00   0.30      0.70
901  1.00000000 0.7305304 0.069830601         1    0.00   0.30      0.70
902  1.00000000 0.7305304 0.069830601         1    0.00   0.30      0.70
903  0.66796875 0.7305304 0.069830601         1    0.00   0.30      0.70
904  0.64062500 0.7305304 0.069830601         1    0.00   0.30      0.70
905  0.32031250 0.7305304 0.069830601         1    0.00   0.30      0.70
906  1.00000000 0.7305304 0.069830601         1    0.00   0.30      0.70
907  0.39843750 0.7305304 0.069830601         1    0.00   0.30      0.70
908  1.00000000 0.7305304 0.069830601         1    0.00   0.30      0.70
909  1.00000000 0.7305304 0.069830601         1    0.00   0.30      0.70
910  0.47265625 0.7305304 0.069830601         1    0.00   0.30      0.70
911  0.52343750 0.7305304 0.069830601         1    0.00   0.30      0.70
912  0.32812500 0.7305304 0.069830601         1    0.00   0.30      0.70
913  1.00000000 0.7305304 0.069830601         1    0.00   0.30      0.70
914  1.00000000 0.7305304 0.069830601         1    0.00   0.30      0.70
915  1.00000000 0.7305304 0.069830601         1    0.00   0.30      0.70
916  1.00000000 0.7305304 0.069830601         1    0.00   0.30      0.70
917  1.00000000 0.7305304 0.069830601         1    0.00   0.30      0.70
918  1.00000000 0.7305304 0.069830601         1    0.00   0.30      0.70
919  1.00000000 0.7305304 0.069830601         1    0.00   0.30      0.70
920  0.63281250 0.7305304 0.069830601         1    0.00   0.30      0.70
921  1.00000000 0.7305304 0.069830601         1    0.00   0.30      0.70
922  1.00000000 0.7305304 0.069830601         1    0.00   0.30      0.70
923  1.00000000 0.7305304 0.069830601         1    0.00   0.30      0.70
924  1.00000000 0.7305304 0.069830601         1    0.00   0.30      0.70
925  1.00000000 0.7305304 0.069830601         1    0.00   0.30      0.70
926  1.00000000 0.7305304 0.069830601         1    0.00   0.30      0.70
927  1.00000000 0.7305304 0.069830601         1    0.00   0.30      0.70
928  1.00000000 0.7305304 0.069830601         1    0.00   0.30      0.70
929  0.41796875 0.7305304 0.069830601         1    0.00   0.30      0.70
930  1.00000000 0.7305304 0.069830601         1    0.00   0.30      0.70
931  1.00000000 0.7305304 0.069830601         1    0.00   0.30      0.70
932  0.33984375 0.7305304 0.069830601         1    0.00   0.30      0.70
933  0.75781250 0.7305304 0.069830601         1    0.00   0.30      0.70
934  1.00000000 0.7305304 0.069830601         1    0.00   0.30      0.70
935  1.00000000 0.7305304 0.069830601         1    0.00   0.30      0.70
936  1.00000000 0.7305304 0.069830601         1    0.00   0.30      0.70
937  0.25781250 0.7305304 0.069830601         1    0.00   0.30      0.70
938  1.00000000 0.7305304 0.069830601         1    0.00   0.30      0.70
939  1.00000000 0.7305304 0.069830601         1    0.00   0.30      0.70
940  1.00000000 0.7305304 0.069830601         1    0.00   0.30      0.70
941  1.00000000 0.7305304 0.069830601         1    0.00   0.30      0.70
942  0.30468750 0.7305304 0.069830601         1    0.00   0.30      0.70
943  0.25390625 0.7305304 0.069830601         1    0.00   0.30      0.70
944  0.29296875 0.7305304 0.069830601         1    0.00   0.30      0.70
945  1.00000000 0.7305304 0.069830601         1    0.00   0.30      0.70
946  0.27734375 0.7305304 0.069830601         1    0.00   0.30      0.70
947  1.00000000 0.7305304 0.069830601         1    0.00   0.30      0.70
948  1.00000000 0.7305304 0.069830601         1    0.00   0.30      0.70
949  0.65234375 0.7305304 0.069830601         1    0.00   0.30      0.70
950  1.00000000 0.7305304 0.069830601         1    0.00   0.30      0.70
951  1.00000000 0.7305304 0.069830601         1    0.00   0.30      0.70
952  1.00000000 0.7305304 0.069830601         1    0.00   0.30      0.70
953  1.00000000 0.7305304 0.069830601         1    0.00   0.30      0.70
954  0.37890625 0.7305304 0.069830601         1    0.00   0.30      0.70
955  1.00000000 0.7305304 0.069830601         1    0.00   0.30      0.70
956  1.00000000 0.7305304 0.069830601         1    0.00   0.30      0.70
957  1.00000000 0.7305304 0.069830601         1    0.00   0.30      0.70
958  1.00000000 0.7305304 0.069830601         1    0.00   0.30      0.70
959  0.71093750 0.7305304 0.069830601         1    0.00   0.30      0.70
960  1.00000000 0.7305304 0.069830601         1    0.00   0.30      0.70
961  0.31250000 0.7305304 0.069830601         1    0.00   0.30      0.70
962  1.00000000 0.7305304 0.069830601         1    0.00   0.30      0.70
963  1.00000000 0.7305304 0.069830601         1    0.00   0.30      0.70
964  0.31250000 0.7305304 0.069830601         1    0.00   0.30      0.70
965  1.00000000 0.7305304 0.069830601         1    0.00   0.30      0.70
966  1.00000000 0.7305304 0.069830601         1    0.00   0.30      0.70
967  1.00000000 0.7305304 0.069830601         1    0.00   0.30      0.70
968  1.00000000 0.7305304 0.069830601         1    0.00   0.30      0.70
969  1.00000000 0.7305304 0.069830601         1    0.00   0.30      0.70
970  1.00000000 0.7305304 0.069830601         1    0.00   0.30      0.70
971  1.00000000 0.7305304 0.069830601         1    0.00   0.30      0.70
972  1.00000000 0.7305304 0.069830601         1    0.00   0.30      0.70
973  1.00000000 0.7305304 0.069830601         1    0.00   0.30      0.70
974  1.00000000 0.7305304 0.069830601         1    0.00   0.30      0.70
975  0.27734375 0.7305304 0.069830601         1    0.00   0.30      0.70
976  1.00000000 0.7305304 0.069830601         1    0.00   0.30      0.70
977  1.00000000 0.7305304 0.069830601         1    0.00   0.30      0.70
978  0.35937500 0.7305304 0.069830601         1    0.00   0.30      0.70
979  1.00000000 0.7305304 0.069830601         1    0.00   0.30      0.70
980  1.00000000 0.7305304 0.069830601         1    0.00   0.30      0.70
981  0.25781250 0.7305304 0.069830601         1    0.00   0.30      0.70
982  0.37890625 0.7305304 0.069830601         1    0.00   0.30      0.70
983  0.64062500 0.7305304 0.069830601         1    0.00   0.30      0.70
984  1.00000000 0.7305304 0.069830601         1    0.00   0.30      0.70
985  1.00000000 0.7305304 0.069830601         1    0.00   0.30      0.70
986  1.00000000 0.7305304 0.069830601         1    0.00   0.30      0.70
987  1.00000000 0.7305304 0.069830601         1    0.00   0.30      0.70
988  0.37109375 0.7305304 0.069830601         1    0.00   0.30      0.70
989  1.00000000 0.7305304 0.069830601         1    0.00   0.30      0.70
990  0.44140625 0.7305304 0.069830601         1    0.00   0.30      0.70
991  1.00000000 0.7305304 0.069830601         1    0.00   0.30      0.70
992  1.00000000 0.7305304 0.069830601         1    0.00   0.30      0.70
993  0.25000000 0.7305304 0.069830601         1    0.00   0.30      0.70
994  1.00000000 0.7305304 0.069830601         1    0.00   0.30      0.70
995  0.62500000 0.7305304 0.069830601         1    0.00   0.30      0.70
996  1.00000000 0.7305304 0.069830601         1    0.00   0.30      0.70
997  1.00000000 0.7305304 0.069830601         1    0.00   0.30      0.70
998  0.60546875 0.7305304 0.069830601         1    0.00   0.30      0.70
999  1.00000000 0.7305304 0.069830601         1    0.00   0.30      0.70
1000 1.00000000 0.7305304 0.069830601         1    0.00   0.30      0.70
