      prop.aneu prob.meio   prob.mito dispersal euploid mosaic aneuploid
1    0.03125000 0.5824613 0.008524500         1    0.31   0.10      0.59
2    0.06640625 0.5824613 0.008524500         1    0.31   0.10      0.59
3    1.00000000 0.5824613 0.008524500         1    0.31   0.10      0.59
4    1.00000000 0.5824613 0.008524500         1    0.31   0.10      0.59
5    1.00000000 0.5824613 0.008524500         1    0.31   0.10      0.59
6    1.00000000 0.5824613 0.008524500         1    0.31   0.10      0.59
7    1.00000000 0.5824613 0.008524500         1    0.31   0.10      0.59
8    1.00000000 0.5824613 0.008524500         1    0.31   0.10      0.59
9    0.28125000 0.5824613 0.008524500         1    0.31   0.10      0.59
10   1.00000000 0.5824613 0.008524500         1    0.31   0.10      0.59
11   0.10546875 0.5824613 0.008524500         1    0.31   0.10      0.59
12   0.15234375 0.5824613 0.008524500         1    0.31   0.10      0.59
13   1.00000000 0.5824613 0.008524500         1    0.31   0.10      0.59
14   1.00000000 0.5824613 0.008524500         1    0.31   0.10      0.59
15   1.00000000 0.5824613 0.008524500         1    0.31   0.10      0.59
16   0.01562500 0.5824613 0.008524500         1    0.31   0.10      0.59
17   1.00000000 0.5824613 0.008524500         1    0.31   0.10      0.59
18   1.00000000 0.5824613 0.008524500         1    0.31   0.10      0.59
19   1.00000000 0.5824613 0.008524500         1    0.31   0.10      0.59
20   0.19531250 0.5824613 0.008524500         1    0.31   0.10      0.59
21   1.00000000 0.5824613 0.008524500         1    0.31   0.10      0.59
22   0.07421875 0.5824613 0.008524500         1    0.31   0.10      0.59
23   0.05078125 0.5824613 0.008524500         1    0.31   0.10      0.59
24   1.00000000 0.5824613 0.008524500         1    0.31   0.10      0.59
25   1.00000000 0.5824613 0.008524500         1    0.31   0.10      0.59
26   1.00000000 0.5824613 0.008524500         1    0.31   0.10      0.59
27   0.01171875 0.5824613 0.008524500         1    0.31   0.10      0.59
28   0.05468750 0.5824613 0.008524500         1    0.31   0.10      0.59
29   0.01562500 0.5824613 0.008524500         1    0.31   0.10      0.59
30   0.00390625 0.5824613 0.008524500         1    0.31   0.10      0.59
31   1.00000000 0.5824613 0.008524500         1    0.31   0.10      0.59
32   0.01953125 0.5824613 0.008524500         1    0.31   0.10      0.59
33   1.00000000 0.5824613 0.008524500         1    0.31   0.10      0.59
34   0.12890625 0.5824613 0.008524500         1    0.31   0.10      0.59
35   1.00000000 0.5824613 0.008524500         1    0.31   0.10      0.59
36   1.00000000 0.5824613 0.008524500         1    0.31   0.10      0.59
37   1.00000000 0.5824613 0.008524500         1    0.31   0.10      0.59
38   1.00000000 0.5824613 0.008524500         1    0.31   0.10      0.59
39   0.14062500 0.5824613 0.008524500         1    0.31   0.10      0.59
40   1.00000000 0.5824613 0.008524500         1    0.31   0.10      0.59
41   0.00390625 0.5824613 0.008524500         1    0.31   0.10      0.59
42   0.02343750 0.5824613 0.008524500         1    0.31   0.10      0.59
43   1.00000000 0.5824613 0.008524500         1    0.31   0.10      0.59
44   0.00781250 0.5824613 0.008524500         1    0.31   0.10      0.59
45   0.03515625 0.5824613 0.008524500         1    0.31   0.10      0.59
46   0.01171875 0.5824613 0.008524500         1    0.31   0.10      0.59
47   1.00000000 0.5824613 0.008524500         1    0.31   0.10      0.59
48   1.00000000 0.5824613 0.008524500         1    0.31   0.10      0.59
49   1.00000000 0.5824613 0.008524500         1    0.31   0.10      0.59
50   0.51953125 0.5824613 0.008524500         1    0.31   0.10      0.59
51   0.00390625 0.5824613 0.008524500         1    0.31   0.10      0.59
52   1.00000000 0.5824613 0.008524500         1    0.31   0.10      0.59
53   1.00000000 0.5824613 0.008524500         1    0.31   0.10      0.59
54   0.14843750 0.5824613 0.008524500         1    0.31   0.10      0.59
55   0.07421875 0.5824613 0.008524500         1    0.31   0.10      0.59
56   1.00000000 0.5824613 0.008524500         1    0.31   0.10      0.59
57   0.02734375 0.5824613 0.008524500         1    0.31   0.10      0.59
58   1.00000000 0.5824613 0.008524500         1    0.31   0.10      0.59
59   1.00000000 0.5824613 0.008524500         1    0.31   0.10      0.59
60   0.19921875 0.5824613 0.008524500         1    0.31   0.10      0.59
61   0.07812500 0.5824613 0.008524500         1    0.31   0.10      0.59
62   1.00000000 0.5824613 0.008524500         1    0.31   0.10      0.59
63   0.05859375 0.5824613 0.008524500         1    0.31   0.10      0.59
64   1.00000000 0.5824613 0.008524500         1    0.31   0.10      0.59
65   1.00000000 0.5824613 0.008524500         1    0.31   0.10      0.59
66   1.00000000 0.5824613 0.008524500         1    0.31   0.10      0.59
67   0.04687500 0.5824613 0.008524500         1    0.31   0.10      0.59
68   1.00000000 0.5824613 0.008524500         1    0.31   0.10      0.59
69   1.00000000 0.5824613 0.008524500         1    0.31   0.10      0.59
70   0.01562500 0.5824613 0.008524500         1    0.31   0.10      0.59
71   1.00000000 0.5824613 0.008524500         1    0.31   0.10      0.59
72   1.00000000 0.5824613 0.008524500         1    0.31   0.10      0.59
73   1.00000000 0.5824613 0.008524500         1    0.31   0.10      0.59
74   1.00000000 0.5824613 0.008524500         1    0.31   0.10      0.59
75   0.04687500 0.5824613 0.008524500         1    0.31   0.10      0.59
76   0.02734375 0.5824613 0.008524500         1    0.31   0.10      0.59
77   1.00000000 0.5824613 0.008524500         1    0.31   0.10      0.59
78   0.03906250 0.5824613 0.008524500         1    0.31   0.10      0.59
79   1.00000000 0.5824613 0.008524500         1    0.31   0.10      0.59
80   1.00000000 0.5824613 0.008524500         1    0.31   0.10      0.59
81   1.00000000 0.5824613 0.008524500         1    0.31   0.10      0.59
82   1.00000000 0.5824613 0.008524500         1    0.31   0.10      0.59
83   1.00000000 0.5824613 0.008524500         1    0.31   0.10      0.59
84   1.00000000 0.5824613 0.008524500         1    0.31   0.10      0.59
85   1.00000000 0.5824613 0.008524500         1    0.31   0.10      0.59
86   0.01953125 0.5824613 0.008524500         1    0.31   0.10      0.59
87   0.01171875 0.5824613 0.008524500         1    0.31   0.10      0.59
88   1.00000000 0.5824613 0.008524500         1    0.31   0.10      0.59
89   1.00000000 0.5824613 0.008524500         1    0.31   0.10      0.59
90   1.00000000 0.5824613 0.008524500         1    0.31   0.10      0.59
91   1.00000000 0.5824613 0.008524500         1    0.31   0.10      0.59
92   1.00000000 0.5824613 0.008524500         1    0.31   0.10      0.59
93   1.00000000 0.5824613 0.008524500         1    0.31   0.10      0.59
94   0.04296875 0.5824613 0.008524500         1    0.31   0.10      0.59
95   0.04296875 0.5824613 0.008524500         1    0.31   0.10      0.59
96   0.03125000 0.5824613 0.008524500         1    0.31   0.10      0.59
97   0.02734375 0.5824613 0.008524500         1    0.31   0.10      0.59
98   0.02343750 0.5824613 0.008524500         1    0.31   0.10      0.59
99   1.00000000 0.5824613 0.008524500         1    0.31   0.10      0.59
100  1.00000000 0.5824613 0.008524500         1    0.31   0.10      0.59
101  1.00000000 0.5831844 0.008733798         1    0.33   0.09      0.58
102  1.00000000 0.5831844 0.008733798         1    0.33   0.09      0.58
103  0.02734375 0.5831844 0.008733798         1    0.33   0.09      0.58
104  1.00000000 0.5831844 0.008733798         1    0.33   0.09      0.58
105  1.00000000 0.5831844 0.008733798         1    0.33   0.09      0.58
106  1.00000000 0.5831844 0.008733798         1    0.33   0.09      0.58
107  0.01171875 0.5831844 0.008733798         1    0.33   0.09      0.58
108  1.00000000 0.5831844 0.008733798         1    0.33   0.09      0.58
109  0.03906250 0.5831844 0.008733798         1    0.33   0.09      0.58
110  1.00000000 0.5831844 0.008733798         1    0.33   0.09      0.58
111  1.00000000 0.5831844 0.008733798         1    0.33   0.09      0.58
112  1.00000000 0.5831844 0.008733798         1    0.33   0.09      0.58
113  0.50390625 0.5831844 0.008733798         1    0.33   0.09      0.58
114  0.02343750 0.5831844 0.008733798         1    0.33   0.09      0.58
115  0.02343750 0.5831844 0.008733798         1    0.33   0.09      0.58
116  0.03515625 0.5831844 0.008733798         1    0.33   0.09      0.58
117  0.03906250 0.5831844 0.008733798         1    0.33   0.09      0.58
118  1.00000000 0.5831844 0.008733798         1    0.33   0.09      0.58
119  0.01171875 0.5831844 0.008733798         1    0.33   0.09      0.58
120  0.06640625 0.5831844 0.008733798         1    0.33   0.09      0.58
121  0.01953125 0.5831844 0.008733798         1    0.33   0.09      0.58
122  1.00000000 0.5831844 0.008733798         1    0.33   0.09      0.58
123  0.02343750 0.5831844 0.008733798         1    0.33   0.09      0.58
124  0.15234375 0.5831844 0.008733798         1    0.33   0.09      0.58
125  1.00000000 0.5831844 0.008733798         1    0.33   0.09      0.58
126  1.00000000 0.5831844 0.008733798         1    0.33   0.09      0.58
127  0.00390625 0.5831844 0.008733798         1    0.33   0.09      0.58
128  1.00000000 0.5831844 0.008733798         1    0.33   0.09      0.58
129  1.00000000 0.5831844 0.008733798         1    0.33   0.09      0.58
130  0.52343750 0.5831844 0.008733798         1    0.33   0.09      0.58
131  0.04296875 0.5831844 0.008733798         1    0.33   0.09      0.58
132  1.00000000 0.5831844 0.008733798         1    0.33   0.09      0.58
133  0.04687500 0.5831844 0.008733798         1    0.33   0.09      0.58
134  1.00000000 0.5831844 0.008733798         1    0.33   0.09      0.58
135  0.00781250 0.5831844 0.008733798         1    0.33   0.09      0.58
136  1.00000000 0.5831844 0.008733798         1    0.33   0.09      0.58
137  1.00000000 0.5831844 0.008733798         1    0.33   0.09      0.58
138  0.03125000 0.5831844 0.008733798         1    0.33   0.09      0.58
139  1.00000000 0.5831844 0.008733798         1    0.33   0.09      0.58
140  1.00000000 0.5831844 0.008733798         1    0.33   0.09      0.58
141  1.00000000 0.5831844 0.008733798         1    0.33   0.09      0.58
142  0.00781250 0.5831844 0.008733798         1    0.33   0.09      0.58
143  1.00000000 0.5831844 0.008733798         1    0.33   0.09      0.58
144  0.07031250 0.5831844 0.008733798         1    0.33   0.09      0.58
145  0.00390625 0.5831844 0.008733798         1    0.33   0.09      0.58
146  1.00000000 0.5831844 0.008733798         1    0.33   0.09      0.58
147  1.00000000 0.5831844 0.008733798         1    0.33   0.09      0.58
148  1.00000000 0.5831844 0.008733798         1    0.33   0.09      0.58
149  1.00000000 0.5831844 0.008733798         1    0.33   0.09      0.58
150  1.00000000 0.5831844 0.008733798         1    0.33   0.09      0.58
151  0.01562500 0.5831844 0.008733798         1    0.33   0.09      0.58
152  1.00000000 0.5831844 0.008733798         1    0.33   0.09      0.58
153  1.00000000 0.5831844 0.008733798         1    0.33   0.09      0.58
154  0.03515625 0.5831844 0.008733798         1    0.33   0.09      0.58
155  1.00000000 0.5831844 0.008733798         1    0.33   0.09      0.58
156  0.13281250 0.5831844 0.008733798         1    0.33   0.09      0.58
157  0.05859375 0.5831844 0.008733798         1    0.33   0.09      0.58
158  1.00000000 0.5831844 0.008733798         1    0.33   0.09      0.58
159  1.00000000 0.5831844 0.008733798         1    0.33   0.09      0.58
160  1.00000000 0.5831844 0.008733798         1    0.33   0.09      0.58
161  1.00000000 0.5831844 0.008733798         1    0.33   0.09      0.58
162  0.05078125 0.5831844 0.008733798         1    0.33   0.09      0.58
163  0.03125000 0.5831844 0.008733798         1    0.33   0.09      0.58
164  1.00000000 0.5831844 0.008733798         1    0.33   0.09      0.58
165  1.00000000 0.5831844 0.008733798         1    0.33   0.09      0.58
166  1.00000000 0.5831844 0.008733798         1    0.33   0.09      0.58
167  1.00000000 0.5831844 0.008733798         1    0.33   0.09      0.58
168  1.00000000 0.5831844 0.008733798         1    0.33   0.09      0.58
169  0.01171875 0.5831844 0.008733798         1    0.33   0.09      0.58
170  0.01953125 0.5831844 0.008733798         1    0.33   0.09      0.58
171  0.02734375 0.5831844 0.008733798         1    0.33   0.09      0.58
172  1.00000000 0.5831844 0.008733798         1    0.33   0.09      0.58
173  0.04296875 0.5831844 0.008733798         1    0.33   0.09      0.58
174  0.05468750 0.5831844 0.008733798         1    0.33   0.09      0.58
175  0.05468750 0.5831844 0.008733798         1    0.33   0.09      0.58
176  0.04296875 0.5831844 0.008733798         1    0.33   0.09      0.58
177  1.00000000 0.5831844 0.008733798         1    0.33   0.09      0.58
178  1.00000000 0.5831844 0.008733798         1    0.33   0.09      0.58
179  1.00000000 0.5831844 0.008733798         1    0.33   0.09      0.58
180  1.00000000 0.5831844 0.008733798         1    0.33   0.09      0.58
181  0.15234375 0.5831844 0.008733798         1    0.33   0.09      0.58
182  1.00000000 0.5831844 0.008733798         1    0.33   0.09      0.58
183  1.00000000 0.5831844 0.008733798         1    0.33   0.09      0.58
184  0.00781250 0.5831844 0.008733798         1    0.33   0.09      0.58
185  1.00000000 0.5831844 0.008733798         1    0.33   0.09      0.58
186  1.00000000 0.5831844 0.008733798         1    0.33   0.09      0.58
187  1.00000000 0.5831844 0.008733798         1    0.33   0.09      0.58
188  1.00000000 0.5831844 0.008733798         1    0.33   0.09      0.58
189  1.00000000 0.5831844 0.008733798         1    0.33   0.09      0.58
190  1.00000000 0.5831844 0.008733798         1    0.33   0.09      0.58
191  0.04687500 0.5831844 0.008733798         1    0.33   0.09      0.58
192  1.00000000 0.5831844 0.008733798         1    0.33   0.09      0.58
193  0.14062500 0.5831844 0.008733798         1    0.33   0.09      0.58
194  1.00000000 0.5831844 0.008733798         1    0.33   0.09      0.58
195  1.00000000 0.5831844 0.008733798         1    0.33   0.09      0.58
196  0.10937500 0.5831844 0.008733798         1    0.33   0.09      0.58
197  1.00000000 0.5831844 0.008733798         1    0.33   0.09      0.58
198  1.00000000 0.5831844 0.008733798         1    0.33   0.09      0.58
199  0.05468750 0.5831844 0.008733798         1    0.33   0.09      0.58
200  0.11328125 0.5831844 0.008733798         1    0.33   0.09      0.58
201  1.00000000 0.4788798 0.013862681         1    0.26   0.20      0.54
202  0.06640625 0.4788798 0.013862681         1    0.26   0.20      0.54
203  1.00000000 0.4788798 0.013862681         1    0.26   0.20      0.54
204  0.05859375 0.4788798 0.013862681         1    0.26   0.20      0.54
205  1.00000000 0.4788798 0.013862681         1    0.26   0.20      0.54
206  1.00000000 0.4788798 0.013862681         1    0.26   0.20      0.54
207  1.00000000 0.4788798 0.013862681         1    0.26   0.20      0.54
208  0.02734375 0.4788798 0.013862681         1    0.26   0.20      0.54
209  1.00000000 0.4788798 0.013862681         1    0.26   0.20      0.54
210  0.02734375 0.4788798 0.013862681         1    0.26   0.20      0.54
211  1.00000000 0.4788798 0.013862681         1    0.26   0.20      0.54
212  1.00000000 0.4788798 0.013862681         1    0.26   0.20      0.54
213  1.00000000 0.4788798 0.013862681         1    0.26   0.20      0.54
214  1.00000000 0.4788798 0.013862681         1    0.26   0.20      0.54
215  1.00000000 0.4788798 0.013862681         1    0.26   0.20      0.54
216  1.00000000 0.4788798 0.013862681         1    0.26   0.20      0.54
217  0.05078125 0.4788798 0.013862681         1    0.26   0.20      0.54
218  1.00000000 0.4788798 0.013862681         1    0.26   0.20      0.54
219  0.03125000 0.4788798 0.013862681         1    0.26   0.20      0.54
220  0.06250000 0.4788798 0.013862681         1    0.26   0.20      0.54
221  0.33203125 0.4788798 0.013862681         1    0.26   0.20      0.54
222  1.00000000 0.4788798 0.013862681         1    0.26   0.20      0.54
223  1.00000000 0.4788798 0.013862681         1    0.26   0.20      0.54
224  0.02343750 0.4788798 0.013862681         1    0.26   0.20      0.54
225  0.26562500 0.4788798 0.013862681         1    0.26   0.20      0.54
226  1.00000000 0.4788798 0.013862681         1    0.26   0.20      0.54
227  0.05859375 0.4788798 0.013862681         1    0.26   0.20      0.54
228  1.00000000 0.4788798 0.013862681         1    0.26   0.20      0.54
229  1.00000000 0.4788798 0.013862681         1    0.26   0.20      0.54
230  1.00000000 0.4788798 0.013862681         1    0.26   0.20      0.54
231  1.00000000 0.4788798 0.013862681         1    0.26   0.20      0.54
232  0.11718750 0.4788798 0.013862681         1    0.26   0.20      0.54
233  1.00000000 0.4788798 0.013862681         1    0.26   0.20      0.54
234  1.00000000 0.4788798 0.013862681         1    0.26   0.20      0.54
235  0.56250000 0.4788798 0.013862681         1    0.26   0.20      0.54
236  1.00000000 0.4788798 0.013862681         1    0.26   0.20      0.54
237  0.04687500 0.4788798 0.013862681         1    0.26   0.20      0.54
238  0.07031250 0.4788798 0.013862681         1    0.26   0.20      0.54
239  1.00000000 0.4788798 0.013862681         1    0.26   0.20      0.54
240  0.07812500 0.4788798 0.013862681         1    0.26   0.20      0.54
241  0.07031250 0.4788798 0.013862681         1    0.26   0.20      0.54
242  1.00000000 0.4788798 0.013862681         1    0.26   0.20      0.54
243  0.05078125 0.4788798 0.013862681         1    0.26   0.20      0.54
244  0.28125000 0.4788798 0.013862681         1    0.26   0.20      0.54
245  1.00000000 0.4788798 0.013862681         1    0.26   0.20      0.54
246  0.09375000 0.4788798 0.013862681         1    0.26   0.20      0.54
247  1.00000000 0.4788798 0.013862681         1    0.26   0.20      0.54
248  0.06640625 0.4788798 0.013862681         1    0.26   0.20      0.54
249  0.02343750 0.4788798 0.013862681         1    0.26   0.20      0.54
250  1.00000000 0.4788798 0.013862681         1    0.26   0.20      0.54
251  1.00000000 0.4788798 0.013862681         1    0.26   0.20      0.54
252  1.00000000 0.4788798 0.013862681         1    0.26   0.20      0.54
253  0.04687500 0.4788798 0.013862681         1    0.26   0.20      0.54
254  0.20703125 0.4788798 0.013862681         1    0.26   0.20      0.54
255  0.06640625 0.4788798 0.013862681         1    0.26   0.20      0.54
256  0.54296875 0.4788798 0.013862681         1    0.26   0.20      0.54
257  0.01562500 0.4788798 0.013862681         1    0.26   0.20      0.54
258  0.07031250 0.4788798 0.013862681         1    0.26   0.20      0.54
259  1.00000000 0.4788798 0.013862681         1    0.26   0.20      0.54
260  0.10937500 0.4788798 0.013862681         1    0.26   0.20      0.54
261  0.05468750 0.4788798 0.013862681         1    0.26   0.20      0.54
262  1.00000000 0.4788798 0.013862681         1    0.26   0.20      0.54
263  1.00000000 0.4788798 0.013862681         1    0.26   0.20      0.54
264  1.00000000 0.4788798 0.013862681         1    0.26   0.20      0.54
265  0.01171875 0.4788798 0.013862681         1    0.26   0.20      0.54
266  1.00000000 0.4788798 0.013862681         1    0.26   0.20      0.54
267  0.04687500 0.4788798 0.013862681         1    0.26   0.20      0.54
268  0.00781250 0.4788798 0.013862681         1    0.26   0.20      0.54
269  1.00000000 0.4788798 0.013862681         1    0.26   0.20      0.54
270  0.08984375 0.4788798 0.013862681         1    0.26   0.20      0.54
271  1.00000000 0.4788798 0.013862681         1    0.26   0.20      0.54
272  1.00000000 0.4788798 0.013862681         1    0.26   0.20      0.54
273  0.75781250 0.4788798 0.013862681         1    0.26   0.20      0.54
274  1.00000000 0.4788798 0.013862681         1    0.26   0.20      0.54
275  0.04296875 0.4788798 0.013862681         1    0.26   0.20      0.54
276  1.00000000 0.4788798 0.013862681         1    0.26   0.20      0.54
277  1.00000000 0.4788798 0.013862681         1    0.26   0.20      0.54
278  1.00000000 0.4788798 0.013862681         1    0.26   0.20      0.54
279  0.01953125 0.4788798 0.013862681         1    0.26   0.20      0.54
280  1.00000000 0.4788798 0.013862681         1    0.26   0.20      0.54
281  0.03125000 0.4788798 0.013862681         1    0.26   0.20      0.54
282  1.00000000 0.4788798 0.013862681         1    0.26   0.20      0.54
283  0.26953125 0.4788798 0.013862681         1    0.26   0.20      0.54
284  0.05468750 0.4788798 0.013862681         1    0.26   0.20      0.54
285  0.01953125 0.4788798 0.013862681         1    0.26   0.20      0.54
286  0.20703125 0.4788798 0.013862681         1    0.26   0.20      0.54
287  1.00000000 0.4788798 0.013862681         1    0.26   0.20      0.54
288  1.00000000 0.4788798 0.013862681         1    0.26   0.20      0.54
289  1.00000000 0.4788798 0.013862681         1    0.26   0.20      0.54
290  0.13671875 0.4788798 0.013862681         1    0.26   0.20      0.54
291  1.00000000 0.4788798 0.013862681         1    0.26   0.20      0.54
292  1.00000000 0.4788798 0.013862681         1    0.26   0.20      0.54
293  0.11718750 0.4788798 0.013862681         1    0.26   0.20      0.54
294  0.08593750 0.4788798 0.013862681         1    0.26   0.20      0.54
295  1.00000000 0.4788798 0.013862681         1    0.26   0.20      0.54
296  0.07031250 0.4788798 0.013862681         1    0.26   0.20      0.54
297  1.00000000 0.4788798 0.013862681         1    0.26   0.20      0.54
298  1.00000000 0.4788798 0.013862681         1    0.26   0.20      0.54
299  1.00000000 0.4788798 0.013862681         1    0.26   0.20      0.54
300  0.05468750 0.4788798 0.013862681         1    0.26   0.20      0.54
301  1.00000000 0.6271033 0.012172183         1    0.19   0.11      0.70
302  1.00000000 0.6271033 0.012172183         1    0.19   0.11      0.70
303  1.00000000 0.6271033 0.012172183         1    0.19   0.11      0.70
304  1.00000000 0.6271033 0.012172183         1    0.19   0.11      0.70
305  0.13281250 0.6271033 0.012172183         1    0.19   0.11      0.70
306  1.00000000 0.6271033 0.012172183         1    0.19   0.11      0.70
307  1.00000000 0.6271033 0.012172183         1    0.19   0.11      0.70
308  1.00000000 0.6271033 0.012172183         1    0.19   0.11      0.70
309  1.00000000 0.6271033 0.012172183         1    0.19   0.11      0.70
310  1.00000000 0.6271033 0.012172183         1    0.19   0.11      0.70
311  0.01562500 0.6271033 0.012172183         1    0.19   0.11      0.70
312  0.04687500 0.6271033 0.012172183         1    0.19   0.11      0.70
313  1.00000000 0.6271033 0.012172183         1    0.19   0.11      0.70
314  1.00000000 0.6271033 0.012172183         1    0.19   0.11      0.70
315  0.05078125 0.6271033 0.012172183         1    0.19   0.11      0.70
316  0.17968750 0.6271033 0.012172183         1    0.19   0.11      0.70
317  1.00000000 0.6271033 0.012172183         1    0.19   0.11      0.70
318  1.00000000 0.6271033 0.012172183         1    0.19   0.11      0.70
319  1.00000000 0.6271033 0.012172183         1    0.19   0.11      0.70
320  1.00000000 0.6271033 0.012172183         1    0.19   0.11      0.70
321  1.00000000 0.6271033 0.012172183         1    0.19   0.11      0.70
322  1.00000000 0.6271033 0.012172183         1    0.19   0.11      0.70
323  1.00000000 0.6271033 0.012172183         1    0.19   0.11      0.70
324  1.00000000 0.6271033 0.012172183         1    0.19   0.11      0.70
325  1.00000000 0.6271033 0.012172183         1    0.19   0.11      0.70
326  1.00000000 0.6271033 0.012172183         1    0.19   0.11      0.70
327  0.02343750 0.6271033 0.012172183         1    0.19   0.11      0.70
328  1.00000000 0.6271033 0.012172183         1    0.19   0.11      0.70
329  1.00000000 0.6271033 0.012172183         1    0.19   0.11      0.70
330  1.00000000 0.6271033 0.012172183         1    0.19   0.11      0.70
331  1.00000000 0.6271033 0.012172183         1    0.19   0.11      0.70
332  1.00000000 0.6271033 0.012172183         1    0.19   0.11      0.70
333  1.00000000 0.6271033 0.012172183         1    0.19   0.11      0.70
334  0.08593750 0.6271033 0.012172183         1    0.19   0.11      0.70
335  0.07421875 0.6271033 0.012172183         1    0.19   0.11      0.70
336  1.00000000 0.6271033 0.012172183         1    0.19   0.11      0.70
337  1.00000000 0.6271033 0.012172183         1    0.19   0.11      0.70
338  0.04687500 0.6271033 0.012172183         1    0.19   0.11      0.70
339  0.19140625 0.6271033 0.012172183         1    0.19   0.11      0.70
340  1.00000000 0.6271033 0.012172183         1    0.19   0.11      0.70
341  1.00000000 0.6271033 0.012172183         1    0.19   0.11      0.70
342  0.09375000 0.6271033 0.012172183         1    0.19   0.11      0.70
343  0.06640625 0.6271033 0.012172183         1    0.19   0.11      0.70
344  1.00000000 0.6271033 0.012172183         1    0.19   0.11      0.70
345  1.00000000 0.6271033 0.012172183         1    0.19   0.11      0.70
346  1.00000000 0.6271033 0.012172183         1    0.19   0.11      0.70
347  1.00000000 0.6271033 0.012172183         1    0.19   0.11      0.70
348  1.00000000 0.6271033 0.012172183         1    0.19   0.11      0.70
349  1.00000000 0.6271033 0.012172183         1    0.19   0.11      0.70
350  0.05468750 0.6271033 0.012172183         1    0.19   0.11      0.70
351  1.00000000 0.6271033 0.012172183         1    0.19   0.11      0.70
352  0.03515625 0.6271033 0.012172183         1    0.19   0.11      0.70
353  1.00000000 0.6271033 0.012172183         1    0.19   0.11      0.70
354  1.00000000 0.6271033 0.012172183         1    0.19   0.11      0.70
355  0.01562500 0.6271033 0.012172183         1    0.19   0.11      0.70
356  1.00000000 0.6271033 0.012172183         1    0.19   0.11      0.70
357  0.05078125 0.6271033 0.012172183         1    0.19   0.11      0.70
358  0.01562500 0.6271033 0.012172183         1    0.19   0.11      0.70
359  1.00000000 0.6271033 0.012172183         1    0.19   0.11      0.70
360  1.00000000 0.6271033 0.012172183         1    0.19   0.11      0.70
361  1.00000000 0.6271033 0.012172183         1    0.19   0.11      0.70
362  1.00000000 0.6271033 0.012172183         1    0.19   0.11      0.70
363  1.00000000 0.6271033 0.012172183         1    0.19   0.11      0.70
364  1.00000000 0.6271033 0.012172183         1    0.19   0.11      0.70
365  0.10156250 0.6271033 0.012172183         1    0.19   0.11      0.70
366  1.00000000 0.6271033 0.012172183         1    0.19   0.11      0.70
367  0.30078125 0.6271033 0.012172183         1    0.19   0.11      0.70
368  1.00000000 0.6271033 0.012172183         1    0.19   0.11      0.70
369  1.00000000 0.6271033 0.012172183         1    0.19   0.11      0.70
370  1.00000000 0.6271033 0.012172183         1    0.19   0.11      0.70
371  1.00000000 0.6271033 0.012172183         1    0.19   0.11      0.70
372  1.00000000 0.6271033 0.012172183         1    0.19   0.11      0.70
373  1.00000000 0.6271033 0.012172183         1    0.19   0.11      0.70
374  1.00000000 0.6271033 0.012172183         1    0.19   0.11      0.70
375  1.00000000 0.6271033 0.012172183         1    0.19   0.11      0.70
376  0.04687500 0.6271033 0.012172183         1    0.19   0.11      0.70
377  1.00000000 0.6271033 0.012172183         1    0.19   0.11      0.70
378  0.03125000 0.6271033 0.012172183         1    0.19   0.11      0.70
379  0.07031250 0.6271033 0.012172183         1    0.19   0.11      0.70
380  1.00000000 0.6271033 0.012172183         1    0.19   0.11      0.70
381  0.03906250 0.6271033 0.012172183         1    0.19   0.11      0.70
382  1.00000000 0.6271033 0.012172183         1    0.19   0.11      0.70
383  1.00000000 0.6271033 0.012172183         1    0.19   0.11      0.70
384  1.00000000 0.6271033 0.012172183         1    0.19   0.11      0.70
385  1.00000000 0.6271033 0.012172183         1    0.19   0.11      0.70
386  0.04296875 0.6271033 0.012172183         1    0.19   0.11      0.70
387  0.01562500 0.6271033 0.012172183         1    0.19   0.11      0.70
388  1.00000000 0.6271033 0.012172183         1    0.19   0.11      0.70
389  1.00000000 0.6271033 0.012172183         1    0.19   0.11      0.70
390  1.00000000 0.6271033 0.012172183         1    0.19   0.11      0.70
391  1.00000000 0.6271033 0.012172183         1    0.19   0.11      0.70
392  1.00000000 0.6271033 0.012172183         1    0.19   0.11      0.70
393  0.05078125 0.6271033 0.012172183         1    0.19   0.11      0.70
394  0.02734375 0.6271033 0.012172183         1    0.19   0.11      0.70
395  0.62500000 0.6271033 0.012172183         1    0.19   0.11      0.70
396  1.00000000 0.6271033 0.012172183         1    0.19   0.11      0.70
397  1.00000000 0.6271033 0.012172183         1    0.19   0.11      0.70
398  0.04296875 0.6271033 0.012172183         1    0.19   0.11      0.70
399  0.03125000 0.6271033 0.012172183         1    0.19   0.11      0.70
400  0.10546875 0.6271033 0.012172183         1    0.19   0.11      0.70
401  0.50781250 0.4417131 0.004960249         1    0.37   0.08      0.55
402  1.00000000 0.4417131 0.004960249         1    0.37   0.08      0.55
403  0.00390625 0.4417131 0.004960249         1    0.37   0.08      0.55
404  1.00000000 0.4417131 0.004960249         1    0.37   0.08      0.55
405  1.00000000 0.4417131 0.004960249         1    0.37   0.08      0.55
406  0.05078125 0.4417131 0.004960249         1    0.37   0.08      0.55
407  1.00000000 0.4417131 0.004960249         1    0.37   0.08      0.55
408  0.03906250 0.4417131 0.004960249         1    0.37   0.08      0.55
409  0.03515625 0.4417131 0.004960249         1    0.37   0.08      0.55
410  1.00000000 0.4417131 0.004960249         1    0.37   0.08      0.55
411  1.00000000 0.4417131 0.004960249         1    0.37   0.08      0.55
412  1.00000000 0.4417131 0.004960249         1    0.37   0.08      0.55
413  1.00000000 0.4417131 0.004960249         1    0.37   0.08      0.55
414  0.04296875 0.4417131 0.004960249         1    0.37   0.08      0.55
415  1.00000000 0.4417131 0.004960249         1    0.37   0.08      0.55
416  1.00000000 0.4417131 0.004960249         1    0.37   0.08      0.55
417  0.05468750 0.4417131 0.004960249         1    0.37   0.08      0.55
418  0.05078125 0.4417131 0.004960249         1    0.37   0.08      0.55
419  1.00000000 0.4417131 0.004960249         1    0.37   0.08      0.55
420  0.01562500 0.4417131 0.004960249         1    0.37   0.08      0.55
421  1.00000000 0.4417131 0.004960249         1    0.37   0.08      0.55
422  0.00781250 0.4417131 0.004960249         1    0.37   0.08      0.55
423  1.00000000 0.4417131 0.004960249         1    0.37   0.08      0.55
424  1.00000000 0.4417131 0.004960249         1    0.37   0.08      0.55
425  0.00390625 0.4417131 0.004960249         1    0.37   0.08      0.55
426  1.00000000 0.4417131 0.004960249         1    0.37   0.08      0.55
427  1.00000000 0.4417131 0.004960249         1    0.37   0.08      0.55
428  1.00000000 0.4417131 0.004960249         1    0.37   0.08      0.55
429  0.00390625 0.4417131 0.004960249         1    0.37   0.08      0.55
430  1.00000000 0.4417131 0.004960249         1    0.37   0.08      0.55
431  1.00000000 0.4417131 0.004960249         1    0.37   0.08      0.55
432  0.01171875 0.4417131 0.004960249         1    0.37   0.08      0.55
433  0.01171875 0.4417131 0.004960249         1    0.37   0.08      0.55
434  0.00390625 0.4417131 0.004960249         1    0.37   0.08      0.55
435  1.00000000 0.4417131 0.004960249         1    0.37   0.08      0.55
436  1.00000000 0.4417131 0.004960249         1    0.37   0.08      0.55
437  1.00000000 0.4417131 0.004960249         1    0.37   0.08      0.55
438  0.01562500 0.4417131 0.004960249         1    0.37   0.08      0.55
439  1.00000000 0.4417131 0.004960249         1    0.37   0.08      0.55
440  1.00000000 0.4417131 0.004960249         1    0.37   0.08      0.55
441  1.00000000 0.4417131 0.004960249         1    0.37   0.08      0.55
442  0.03906250 0.4417131 0.004960249         1    0.37   0.08      0.55
443  1.00000000 0.4417131 0.004960249         1    0.37   0.08      0.55
444  0.02734375 0.4417131 0.004960249         1    0.37   0.08      0.55
445  1.00000000 0.4417131 0.004960249         1    0.37   0.08      0.55
446  1.00000000 0.4417131 0.004960249         1    0.37   0.08      0.55
447  0.01171875 0.4417131 0.004960249         1    0.37   0.08      0.55
448  0.00000000 0.4417131 0.004960249         1    0.37   0.08      0.55
449  0.02343750 0.4417131 0.004960249         1    0.37   0.08      0.55
450  1.00000000 0.4417131 0.004960249         1    0.37   0.08      0.55
451  1.00000000 0.4417131 0.004960249         1    0.37   0.08      0.55
452  1.00000000 0.4417131 0.004960249         1    0.37   0.08      0.55
453  0.09765625 0.4417131 0.004960249         1    0.37   0.08      0.55
454  0.04687500 0.4417131 0.004960249         1    0.37   0.08      0.55
455  0.00781250 0.4417131 0.004960249         1    0.37   0.08      0.55
456  1.00000000 0.4417131 0.004960249         1    0.37   0.08      0.55
457  1.00000000 0.4417131 0.004960249         1    0.37   0.08      0.55
458  0.01953125 0.4417131 0.004960249         1    0.37   0.08      0.55
459  0.00390625 0.4417131 0.004960249         1    0.37   0.08      0.55
460  0.00390625 0.4417131 0.004960249         1    0.37   0.08      0.55
461  1.00000000 0.4417131 0.004960249         1    0.37   0.08      0.55
462  1.00000000 0.4417131 0.004960249         1    0.37   0.08      0.55
463  1.00000000 0.4417131 0.004960249         1    0.37   0.08      0.55
464  1.00000000 0.4417131 0.004960249         1    0.37   0.08      0.55
465  0.02343750 0.4417131 0.004960249         1    0.37   0.08      0.55
466  1.00000000 0.4417131 0.004960249         1    0.37   0.08      0.55
467  0.03906250 0.4417131 0.004960249         1    0.37   0.08      0.55
468  1.00000000 0.4417131 0.004960249         1    0.37   0.08      0.55
469  0.01953125 0.4417131 0.004960249         1    0.37   0.08      0.55
470  0.02734375 0.4417131 0.004960249         1    0.37   0.08      0.55
471  0.03515625 0.4417131 0.004960249         1    0.37   0.08      0.55
472  1.00000000 0.4417131 0.004960249         1    0.37   0.08      0.55
473  1.00000000 0.4417131 0.004960249         1    0.37   0.08      0.55
474  1.00000000 0.4417131 0.004960249         1    0.37   0.08      0.55
475  1.00000000 0.4417131 0.004960249         1    0.37   0.08      0.55
476  1.00000000 0.4417131 0.004960249         1    0.37   0.08      0.55
477  1.00000000 0.4417131 0.004960249         1    0.37   0.08      0.55
478  0.50781250 0.4417131 0.004960249         1    0.37   0.08      0.55
479  1.00000000 0.4417131 0.004960249         1    0.37   0.08      0.55
480  1.00000000 0.4417131 0.004960249         1    0.37   0.08      0.55
481  0.02343750 0.4417131 0.004960249         1    0.37   0.08      0.55
482  1.00000000 0.4417131 0.004960249         1    0.37   0.08      0.55
483  0.03906250 0.4417131 0.004960249         1    0.37   0.08      0.55
484  0.00781250 0.4417131 0.004960249         1    0.37   0.08      0.55
485  1.00000000 0.4417131 0.004960249         1    0.37   0.08      0.55
486  1.00000000 0.4417131 0.004960249         1    0.37   0.08      0.55
487  1.00000000 0.4417131 0.004960249         1    0.37   0.08      0.55
488  0.05468750 0.4417131 0.004960249         1    0.37   0.08      0.55
489  1.00000000 0.4417131 0.004960249         1    0.37   0.08      0.55
490  1.00000000 0.4417131 0.004960249         1    0.37   0.08      0.55
491  0.00781250 0.4417131 0.004960249         1    0.37   0.08      0.55
492  1.00000000 0.4417131 0.004960249         1    0.37   0.08      0.55
493  0.00000000 0.4417131 0.004960249         1    0.37   0.08      0.55
494  0.03125000 0.4417131 0.004960249         1    0.37   0.08      0.55
495  0.01562500 0.4417131 0.004960249         1    0.37   0.08      0.55
496  0.00781250 0.4417131 0.004960249         1    0.37   0.08      0.55
497  1.00000000 0.4417131 0.004960249         1    0.37   0.08      0.55
498  0.01562500 0.4417131 0.004960249         1    0.37   0.08      0.55
499  0.00781250 0.4417131 0.004960249         1    0.37   0.08      0.55
500  0.00781250 0.4417131 0.004960249         1    0.37   0.08      0.55
501  1.00000000 0.6075056 0.027014852         1    0.13   0.27      0.60
502  1.00000000 0.6075056 0.027014852         1    0.13   0.27      0.60
503  1.00000000 0.6075056 0.027014852         1    0.13   0.27      0.60
504  1.00000000 0.6075056 0.027014852         1    0.13   0.27      0.60
505  0.19140625 0.6075056 0.027014852         1    0.13   0.27      0.60
506  0.03906250 0.6075056 0.027014852         1    0.13   0.27      0.60
507  1.00000000 0.6075056 0.027014852         1    0.13   0.27      0.60
508  0.08984375 0.6075056 0.027014852         1    0.13   0.27      0.60
509  1.00000000 0.6075056 0.027014852         1    0.13   0.27      0.60
510  1.00000000 0.6075056 0.027014852         1    0.13   0.27      0.60
511  1.00000000 0.6075056 0.027014852         1    0.13   0.27      0.60
512  1.00000000 0.6075056 0.027014852         1    0.13   0.27      0.60
513  0.41796875 0.6075056 0.027014852         1    0.13   0.27      0.60
514  1.00000000 0.6075056 0.027014852         1    0.13   0.27      0.60
515  1.00000000 0.6075056 0.027014852         1    0.13   0.27      0.60
516  0.12890625 0.6075056 0.027014852         1    0.13   0.27      0.60
517  1.00000000 0.6075056 0.027014852         1    0.13   0.27      0.60
518  1.00000000 0.6075056 0.027014852         1    0.13   0.27      0.60
519  0.20703125 0.6075056 0.027014852         1    0.13   0.27      0.60
520  0.16015625 0.6075056 0.027014852         1    0.13   0.27      0.60
521  1.00000000 0.6075056 0.027014852         1    0.13   0.27      0.60
522  0.20703125 0.6075056 0.027014852         1    0.13   0.27      0.60
523  0.30468750 0.6075056 0.027014852         1    0.13   0.27      0.60
524  1.00000000 0.6075056 0.027014852         1    0.13   0.27      0.60
525  1.00000000 0.6075056 0.027014852         1    0.13   0.27      0.60
526  1.00000000 0.6075056 0.027014852         1    0.13   0.27      0.60
527  1.00000000 0.6075056 0.027014852         1    0.13   0.27      0.60
528  0.13281250 0.6075056 0.027014852         1    0.13   0.27      0.60
529  0.15625000 0.6075056 0.027014852         1    0.13   0.27      0.60
530  1.00000000 0.6075056 0.027014852         1    0.13   0.27      0.60
531  1.00000000 0.6075056 0.027014852         1    0.13   0.27      0.60
532  1.00000000 0.6075056 0.027014852         1    0.13   0.27      0.60
533  1.00000000 0.6075056 0.027014852         1    0.13   0.27      0.60
534  0.70312500 0.6075056 0.027014852         1    0.13   0.27      0.60
535  0.30859375 0.6075056 0.027014852         1    0.13   0.27      0.60
536  1.00000000 0.6075056 0.027014852         1    0.13   0.27      0.60
537  0.38671875 0.6075056 0.027014852         1    0.13   0.27      0.60
538  1.00000000 0.6075056 0.027014852         1    0.13   0.27      0.60
539  0.12500000 0.6075056 0.027014852         1    0.13   0.27      0.60
540  0.09375000 0.6075056 0.027014852         1    0.13   0.27      0.60
541  1.00000000 0.6075056 0.027014852         1    0.13   0.27      0.60
542  0.25000000 0.6075056 0.027014852         1    0.13   0.27      0.60
543  1.00000000 0.6075056 0.027014852         1    0.13   0.27      0.60
544  0.13671875 0.6075056 0.027014852         1    0.13   0.27      0.60
545  1.00000000 0.6075056 0.027014852         1    0.13   0.27      0.60
546  1.00000000 0.6075056 0.027014852         1    0.13   0.27      0.60
547  0.20312500 0.6075056 0.027014852         1    0.13   0.27      0.60
548  0.11328125 0.6075056 0.027014852         1    0.13   0.27      0.60
549  1.00000000 0.6075056 0.027014852         1    0.13   0.27      0.60
550  0.26171875 0.6075056 0.027014852         1    0.13   0.27      0.60
551  1.00000000 0.6075056 0.027014852         1    0.13   0.27      0.60
552  1.00000000 0.6075056 0.027014852         1    0.13   0.27      0.60
553  1.00000000 0.6075056 0.027014852         1    0.13   0.27      0.60
554  0.15625000 0.6075056 0.027014852         1    0.13   0.27      0.60
555  1.00000000 0.6075056 0.027014852         1    0.13   0.27      0.60
556  1.00000000 0.6075056 0.027014852         1    0.13   0.27      0.60
557  0.21484375 0.6075056 0.027014852         1    0.13   0.27      0.60
558  0.16796875 0.6075056 0.027014852         1    0.13   0.27      0.60
559  0.30468750 0.6075056 0.027014852         1    0.13   0.27      0.60
560  0.24218750 0.6075056 0.027014852         1    0.13   0.27      0.60
561  1.00000000 0.6075056 0.027014852         1    0.13   0.27      0.60
562  1.00000000 0.6075056 0.027014852         1    0.13   0.27      0.60
563  0.08984375 0.6075056 0.027014852         1    0.13   0.27      0.60
564  0.04687500 0.6075056 0.027014852         1    0.13   0.27      0.60
565  0.33203125 0.6075056 0.027014852         1    0.13   0.27      0.60
566  0.23046875 0.6075056 0.027014852         1    0.13   0.27      0.60
567  1.00000000 0.6075056 0.027014852         1    0.13   0.27      0.60
568  1.00000000 0.6075056 0.027014852         1    0.13   0.27      0.60
569  1.00000000 0.6075056 0.027014852         1    0.13   0.27      0.60
570  1.00000000 0.6075056 0.027014852         1    0.13   0.27      0.60
571  1.00000000 0.6075056 0.027014852         1    0.13   0.27      0.60
572  1.00000000 0.6075056 0.027014852         1    0.13   0.27      0.60
573  0.52343750 0.6075056 0.027014852         1    0.13   0.27      0.60
574  1.00000000 0.6075056 0.027014852         1    0.13   0.27      0.60
575  0.19921875 0.6075056 0.027014852         1    0.13   0.27      0.60
576  0.11328125 0.6075056 0.027014852         1    0.13   0.27      0.60
577  1.00000000 0.6075056 0.027014852         1    0.13   0.27      0.60
578  0.10937500 0.6075056 0.027014852         1    0.13   0.27      0.60
579  0.06250000 0.6075056 0.027014852         1    0.13   0.27      0.60
580  1.00000000 0.6075056 0.027014852         1    0.13   0.27      0.60
581  1.00000000 0.6075056 0.027014852         1    0.13   0.27      0.60
582  1.00000000 0.6075056 0.027014852         1    0.13   0.27      0.60
583  0.10546875 0.6075056 0.027014852         1    0.13   0.27      0.60
584  1.00000000 0.6075056 0.027014852         1    0.13   0.27      0.60
585  1.00000000 0.6075056 0.027014852         1    0.13   0.27      0.60
586  1.00000000 0.6075056 0.027014852         1    0.13   0.27      0.60
587  1.00000000 0.6075056 0.027014852         1    0.13   0.27      0.60
588  1.00000000 0.6075056 0.027014852         1    0.13   0.27      0.60
589  1.00000000 0.6075056 0.027014852         1    0.13   0.27      0.60
590  0.18750000 0.6075056 0.027014852         1    0.13   0.27      0.60
591  1.00000000 0.6075056 0.027014852         1    0.13   0.27      0.60
592  0.11718750 0.6075056 0.027014852         1    0.13   0.27      0.60
593  1.00000000 0.6075056 0.027014852         1    0.13   0.27      0.60
594  1.00000000 0.6075056 0.027014852         1    0.13   0.27      0.60
595  0.07031250 0.6075056 0.027014852         1    0.13   0.27      0.60
596  1.00000000 0.6075056 0.027014852         1    0.13   0.27      0.60
597  1.00000000 0.6075056 0.027014852         1    0.13   0.27      0.60
598  0.10156250 0.6075056 0.027014852         1    0.13   0.27      0.60
599  1.00000000 0.6075056 0.027014852         1    0.13   0.27      0.60
600  1.00000000 0.6075056 0.027014852         1    0.13   0.27      0.60
601  0.56250000 0.5104494 0.039275643         1    0.11   0.34      0.55
602  0.08984375 0.5104494 0.039275643         1    0.11   0.34      0.55
603  1.00000000 0.5104494 0.039275643         1    0.11   0.34      0.55
604  0.10937500 0.5104494 0.039275643         1    0.11   0.34      0.55
605  1.00000000 0.5104494 0.039275643         1    0.11   0.34      0.55
606  0.16796875 0.5104494 0.039275643         1    0.11   0.34      0.55
607  1.00000000 0.5104494 0.039275643         1    0.11   0.34      0.55
608  1.00000000 0.5104494 0.039275643         1    0.11   0.34      0.55
609  0.29296875 0.5104494 0.039275643         1    0.11   0.34      0.55
610  1.00000000 0.5104494 0.039275643         1    0.11   0.34      0.55
611  0.32812500 0.5104494 0.039275643         1    0.11   0.34      0.55
612  1.00000000 0.5104494 0.039275643         1    0.11   0.34      0.55
613  1.00000000 0.5104494 0.039275643         1    0.11   0.34      0.55
614  1.00000000 0.5104494 0.039275643         1    0.11   0.34      0.55
615  0.32031250 0.5104494 0.039275643         1    0.11   0.34      0.55
616  1.00000000 0.5104494 0.039275643         1    0.11   0.34      0.55
617  1.00000000 0.5104494 0.039275643         1    0.11   0.34      0.55
618  1.00000000 0.5104494 0.039275643         1    0.11   0.34      0.55
619  0.14843750 0.5104494 0.039275643         1    0.11   0.34      0.55
620  0.35937500 0.5104494 0.039275643         1    0.11   0.34      0.55
621  0.19531250 0.5104494 0.039275643         1    0.11   0.34      0.55
622  1.00000000 0.5104494 0.039275643         1    0.11   0.34      0.55
623  1.00000000 0.5104494 0.039275643         1    0.11   0.34      0.55
624  1.00000000 0.5104494 0.039275643         1    0.11   0.34      0.55
625  1.00000000 0.5104494 0.039275643         1    0.11   0.34      0.55
626  1.00000000 0.5104494 0.039275643         1    0.11   0.34      0.55
627  1.00000000 0.5104494 0.039275643         1    0.11   0.34      0.55
628  1.00000000 0.5104494 0.039275643         1    0.11   0.34      0.55
629  0.26562500 0.5104494 0.039275643         1    0.11   0.34      0.55
630  1.00000000 0.5104494 0.039275643         1    0.11   0.34      0.55
631  1.00000000 0.5104494 0.039275643         1    0.11   0.34      0.55
632  0.13671875 0.5104494 0.039275643         1    0.11   0.34      0.55
633  0.20312500 0.5104494 0.039275643         1    0.11   0.34      0.55
634  0.25781250 0.5104494 0.039275643         1    0.11   0.34      0.55
635  1.00000000 0.5104494 0.039275643         1    0.11   0.34      0.55
636  0.21484375 0.5104494 0.039275643         1    0.11   0.34      0.55
637  1.00000000 0.5104494 0.039275643         1    0.11   0.34      0.55
638  0.28125000 0.5104494 0.039275643         1    0.11   0.34      0.55
639  1.00000000 0.5104494 0.039275643         1    0.11   0.34      0.55
640  1.00000000 0.5104494 0.039275643         1    0.11   0.34      0.55
641  0.20312500 0.5104494 0.039275643         1    0.11   0.34      0.55
642  0.05468750 0.5104494 0.039275643         1    0.11   0.34      0.55
643  0.17968750 0.5104494 0.039275643         1    0.11   0.34      0.55
644  1.00000000 0.5104494 0.039275643         1    0.11   0.34      0.55
645  0.30468750 0.5104494 0.039275643         1    0.11   0.34      0.55
646  1.00000000 0.5104494 0.039275643         1    0.11   0.34      0.55
647  1.00000000 0.5104494 0.039275643         1    0.11   0.34      0.55
648  0.26562500 0.5104494 0.039275643         1    0.11   0.34      0.55
649  0.38281250 0.5104494 0.039275643         1    0.11   0.34      0.55
650  0.27734375 0.5104494 0.039275643         1    0.11   0.34      0.55
651  1.00000000 0.5104494 0.039275643         1    0.11   0.34      0.55
652  0.10156250 0.5104494 0.039275643         1    0.11   0.34      0.55
653  1.00000000 0.5104494 0.039275643         1    0.11   0.34      0.55
654  0.19531250 0.5104494 0.039275643         1    0.11   0.34      0.55
655  1.00000000 0.5104494 0.039275643         1    0.11   0.34      0.55
656  1.00000000 0.5104494 0.039275643         1    0.11   0.34      0.55
657  1.00000000 0.5104494 0.039275643         1    0.11   0.34      0.55
658  0.41015625 0.5104494 0.039275643         1    0.11   0.34      0.55
659  1.00000000 0.5104494 0.039275643         1    0.11   0.34      0.55
660  0.12890625 0.5104494 0.039275643         1    0.11   0.34      0.55
661  1.00000000 0.5104494 0.039275643         1    0.11   0.34      0.55
662  1.00000000 0.5104494 0.039275643         1    0.11   0.34      0.55
663  1.00000000 0.5104494 0.039275643         1    0.11   0.34      0.55
664  0.28125000 0.5104494 0.039275643         1    0.11   0.34      0.55
665  0.37109375 0.5104494 0.039275643         1    0.11   0.34      0.55
666  1.00000000 0.5104494 0.039275643         1    0.11   0.34      0.55
667  1.00000000 0.5104494 0.039275643         1    0.11   0.34      0.55
668  0.17578125 0.5104494 0.039275643         1    0.11   0.34      0.55
669  1.00000000 0.5104494 0.039275643         1    0.11   0.34      0.55
670  0.16406250 0.5104494 0.039275643         1    0.11   0.34      0.55
671  1.00000000 0.5104494 0.039275643         1    0.11   0.34      0.55
672  1.00000000 0.5104494 0.039275643         1    0.11   0.34      0.55
673  1.00000000 0.5104494 0.039275643         1    0.11   0.34      0.55
674  1.00000000 0.5104494 0.039275643         1    0.11   0.34      0.55
675  0.07421875 0.5104494 0.039275643         1    0.11   0.34      0.55
676  1.00000000 0.5104494 0.039275643         1    0.11   0.34      0.55
677  1.00000000 0.5104494 0.039275643         1    0.11   0.34      0.55
678  0.58203125 0.5104494 0.039275643         1    0.11   0.34      0.55
679  1.00000000 0.5104494 0.039275643         1    0.11   0.34      0.55
680  1.00000000 0.5104494 0.039275643         1    0.11   0.34      0.55
681  1.00000000 0.5104494 0.039275643         1    0.11   0.34      0.55
682  1.00000000 0.5104494 0.039275643         1    0.11   0.34      0.55
683  0.24609375 0.5104494 0.039275643         1    0.11   0.34      0.55
684  1.00000000 0.5104494 0.039275643         1    0.11   0.34      0.55
685  0.19140625 0.5104494 0.039275643         1    0.11   0.34      0.55
686  0.14453125 0.5104494 0.039275643         1    0.11   0.34      0.55
687  0.21093750 0.5104494 0.039275643         1    0.11   0.34      0.55
688  0.17578125 0.5104494 0.039275643         1    0.11   0.34      0.55
689  1.00000000 0.5104494 0.039275643         1    0.11   0.34      0.55
690  0.57421875 0.5104494 0.039275643         1    0.11   0.34      0.55
691  0.17578125 0.5104494 0.039275643         1    0.11   0.34      0.55
692  0.32031250 0.5104494 0.039275643         1    0.11   0.34      0.55
693  1.00000000 0.5104494 0.039275643         1    0.11   0.34      0.55
694  1.00000000 0.5104494 0.039275643         1    0.11   0.34      0.55
695  1.00000000 0.5104494 0.039275643         1    0.11   0.34      0.55
696  0.28515625 0.5104494 0.039275643         1    0.11   0.34      0.55
697  0.59765625 0.5104494 0.039275643         1    0.11   0.34      0.55
698  0.12500000 0.5104494 0.039275643         1    0.11   0.34      0.55
699  0.19140625 0.5104494 0.039275643         1    0.11   0.34      0.55
700  0.32031250 0.5104494 0.039275643         1    0.11   0.34      0.55
701  1.00000000 0.6789833 0.008724791         1    0.18   0.11      0.71
702  1.00000000 0.6789833 0.008724791         1    0.18   0.11      0.71
703  1.00000000 0.6789833 0.008724791         1    0.18   0.11      0.71
704  1.00000000 0.6789833 0.008724791         1    0.18   0.11      0.71
705  0.06640625 0.6789833 0.008724791         1    0.18   0.11      0.71
706  1.00000000 0.6789833 0.008724791         1    0.18   0.11      0.71
707  1.00000000 0.6789833 0.008724791         1    0.18   0.11      0.71
708  1.00000000 0.6789833 0.008724791         1    0.18   0.11      0.71
709  1.00000000 0.6789833 0.008724791         1    0.18   0.11      0.71
710  0.01562500 0.6789833 0.008724791         1    0.18   0.11      0.71
711  0.04296875 0.6789833 0.008724791         1    0.18   0.11      0.71
712  1.00000000 0.6789833 0.008724791         1    0.18   0.11      0.71
713  0.03125000 0.6789833 0.008724791         1    0.18   0.11      0.71
714  1.00000000 0.6789833 0.008724791         1    0.18   0.11      0.71
715  1.00000000 0.6789833 0.008724791         1    0.18   0.11      0.71
716  0.01562500 0.6789833 0.008724791         1    0.18   0.11      0.71
717  0.07031250 0.6789833 0.008724791         1    0.18   0.11      0.71
718  1.00000000 0.6789833 0.008724791         1    0.18   0.11      0.71
719  1.00000000 0.6789833 0.008724791         1    0.18   0.11      0.71
720  1.00000000 0.6789833 0.008724791         1    0.18   0.11      0.71
721  1.00000000 0.6789833 0.008724791         1    0.18   0.11      0.71
722  1.00000000 0.6789833 0.008724791         1    0.18   0.11      0.71
723  0.03125000 0.6789833 0.008724791         1    0.18   0.11      0.71
724  1.00000000 0.6789833 0.008724791         1    0.18   0.11      0.71
725  1.00000000 0.6789833 0.008724791         1    0.18   0.11      0.71
726  1.00000000 0.6789833 0.008724791         1    0.18   0.11      0.71
727  1.00000000 0.6789833 0.008724791         1    0.18   0.11      0.71
728  1.00000000 0.6789833 0.008724791         1    0.18   0.11      0.71
729  0.03906250 0.6789833 0.008724791         1    0.18   0.11      0.71
730  1.00000000 0.6789833 0.008724791         1    0.18   0.11      0.71
731  1.00000000 0.6789833 0.008724791         1    0.18   0.11      0.71
732  0.13671875 0.6789833 0.008724791         1    0.18   0.11      0.71
733  0.04296875 0.6789833 0.008724791         1    0.18   0.11      0.71
734  1.00000000 0.6789833 0.008724791         1    0.18   0.11      0.71
735  1.00000000 0.6789833 0.008724791         1    0.18   0.11      0.71
736  1.00000000 0.6789833 0.008724791         1    0.18   0.11      0.71
737  0.14453125 0.6789833 0.008724791         1    0.18   0.11      0.71
738  1.00000000 0.6789833 0.008724791         1    0.18   0.11      0.71
739  1.00000000 0.6789833 0.008724791         1    0.18   0.11      0.71
740  1.00000000 0.6789833 0.008724791         1    0.18   0.11      0.71
741  1.00000000 0.6789833 0.008724791         1    0.18   0.11      0.71
742  0.08984375 0.6789833 0.008724791         1    0.18   0.11      0.71
743  1.00000000 0.6789833 0.008724791         1    0.18   0.11      0.71
744  1.00000000 0.6789833 0.008724791         1    0.18   0.11      0.71
745  1.00000000 0.6789833 0.008724791         1    0.18   0.11      0.71
746  1.00000000 0.6789833 0.008724791         1    0.18   0.11      0.71
747  1.00000000 0.6789833 0.008724791         1    0.18   0.11      0.71
748  0.00390625 0.6789833 0.008724791         1    0.18   0.11      0.71
749  1.00000000 0.6789833 0.008724791         1    0.18   0.11      0.71
750  1.00000000 0.6789833 0.008724791         1    0.18   0.11      0.71
751  1.00000000 0.6789833 0.008724791         1    0.18   0.11      0.71
752  1.00000000 0.6789833 0.008724791         1    0.18   0.11      0.71
753  1.00000000 0.6789833 0.008724791         1    0.18   0.11      0.71
754  1.00000000 0.6789833 0.008724791         1    0.18   0.11      0.71
755  0.02734375 0.6789833 0.008724791         1    0.18   0.11      0.71
756  1.00000000 0.6789833 0.008724791         1    0.18   0.11      0.71
757  1.00000000 0.6789833 0.008724791         1    0.18   0.11      0.71
758  0.02343750 0.6789833 0.008724791         1    0.18   0.11      0.71
759  1.00000000 0.6789833 0.008724791         1    0.18   0.11      0.71
760  1.00000000 0.6789833 0.008724791         1    0.18   0.11      0.71
761  1.00000000 0.6789833 0.008724791         1    0.18   0.11      0.71
762  1.00000000 0.6789833 0.008724791         1    0.18   0.11      0.71
763  0.01562500 0.6789833 0.008724791         1    0.18   0.11      0.71
764  1.00000000 0.6789833 0.008724791         1    0.18   0.11      0.71
765  0.05078125 0.6789833 0.008724791         1    0.18   0.11      0.71
766  0.03125000 0.6789833 0.008724791         1    0.18   0.11      0.71
767  1.00000000 0.6789833 0.008724791         1    0.18   0.11      0.71
768  0.01171875 0.6789833 0.008724791         1    0.18   0.11      0.71
769  1.00000000 0.6789833 0.008724791         1    0.18   0.11      0.71
770  1.00000000 0.6789833 0.008724791         1    0.18   0.11      0.71
771  1.00000000 0.6789833 0.008724791         1    0.18   0.11      0.71
772  1.00000000 0.6789833 0.008724791         1    0.18   0.11      0.71
773  0.01953125 0.6789833 0.008724791         1    0.18   0.11      0.71
774  1.00000000 0.6789833 0.008724791         1    0.18   0.11      0.71
775  1.00000000 0.6789833 0.008724791         1    0.18   0.11      0.71
776  1.00000000 0.6789833 0.008724791         1    0.18   0.11      0.71
777  0.26562500 0.6789833 0.008724791         1    0.18   0.11      0.71
778  0.13281250 0.6789833 0.008724791         1    0.18   0.11      0.71
779  1.00000000 0.6789833 0.008724791         1    0.18   0.11      0.71
780  1.00000000 0.6789833 0.008724791         1    0.18   0.11      0.71
781  0.26562500 0.6789833 0.008724791         1    0.18   0.11      0.71
782  1.00000000 0.6789833 0.008724791         1    0.18   0.11      0.71
783  0.01562500 0.6789833 0.008724791         1    0.18   0.11      0.71
784  1.00000000 0.6789833 0.008724791         1    0.18   0.11      0.71
785  1.00000000 0.6789833 0.008724791         1    0.18   0.11      0.71
786  1.00000000 0.6789833 0.008724791         1    0.18   0.11      0.71
787  1.00000000 0.6789833 0.008724791         1    0.18   0.11      0.71
788  0.04687500 0.6789833 0.008724791         1    0.18   0.11      0.71
789  0.15234375 0.6789833 0.008724791         1    0.18   0.11      0.71
790  1.00000000 0.6789833 0.008724791         1    0.18   0.11      0.71
791  0.02734375 0.6789833 0.008724791         1    0.18   0.11      0.71
792  1.00000000 0.6789833 0.008724791         1    0.18   0.11      0.71
793  1.00000000 0.6789833 0.008724791         1    0.18   0.11      0.71
794  1.00000000 0.6789833 0.008724791         1    0.18   0.11      0.71
795  0.03125000 0.6789833 0.008724791         1    0.18   0.11      0.71
796  1.00000000 0.6789833 0.008724791         1    0.18   0.11      0.71
797  0.06640625 0.6789833 0.008724791         1    0.18   0.11      0.71
798  1.00000000 0.6789833 0.008724791         1    0.18   0.11      0.71
799  1.00000000 0.6789833 0.008724791         1    0.18   0.11      0.71
800  1.00000000 0.6789833 0.008724791         1    0.18   0.11      0.71
801  0.09765625 0.6704369 0.025811302         1    0.10   0.25      0.65
802  0.13281250 0.6704369 0.025811302         1    0.10   0.25      0.65
803  0.11718750 0.6704369 0.025811302         1    0.10   0.25      0.65
804  0.05859375 0.6704369 0.025811302         1    0.10   0.25      0.65
805  1.00000000 0.6704369 0.025811302         1    0.10   0.25      0.65
806  1.00000000 0.6704369 0.025811302         1    0.10   0.25      0.65
807  1.00000000 0.6704369 0.025811302         1    0.10   0.25      0.65
808  0.12500000 0.6704369 0.025811302         1    0.10   0.25      0.65
809  1.00000000 0.6704369 0.025811302         1    0.10   0.25      0.65
810  1.00000000 0.6704369 0.025811302         1    0.10   0.25      0.65
811  0.16015625 0.6704369 0.025811302         1    0.10   0.25      0.65
812  0.54687500 0.6704369 0.025811302         1    0.10   0.25      0.65
813  1.00000000 0.6704369 0.025811302         1    0.10   0.25      0.65
814  1.00000000 0.6704369 0.025811302         1    0.10   0.25      0.65
815  1.00000000 0.6704369 0.025811302         1    0.10   0.25      0.65
816  1.00000000 0.6704369 0.025811302         1    0.10   0.25      0.65
817  1.00000000 0.6704369 0.025811302         1    0.10   0.25      0.65
818  1.00000000 0.6704369 0.025811302         1    0.10   0.25      0.65
819  1.00000000 0.6704369 0.025811302         1    0.10   0.25      0.65
820  0.09375000 0.6704369 0.025811302         1    0.10   0.25      0.65
821  1.00000000 0.6704369 0.025811302         1    0.10   0.25      0.65
822  1.00000000 0.6704369 0.025811302         1    0.10   0.25      0.65
823  1.00000000 0.6704369 0.025811302         1    0.10   0.25      0.65
824  1.00000000 0.6704369 0.025811302         1    0.10   0.25      0.65
825  1.00000000 0.6704369 0.025811302         1    0.10   0.25      0.65
826  1.00000000 0.6704369 0.025811302         1    0.10   0.25      0.65
827  1.00000000 0.6704369 0.025811302         1    0.10   0.25      0.65
828  1.00000000 0.6704369 0.025811302         1    0.10   0.25      0.65
829  1.00000000 0.6704369 0.025811302         1    0.10   0.25      0.65
830  1.00000000 0.6704369 0.025811302         1    0.10   0.25      0.65
831  0.14062500 0.6704369 0.025811302         1    0.10   0.25      0.65
832  1.00000000 0.6704369 0.025811302         1    0.10   0.25      0.65
833  0.11718750 0.6704369 0.025811302         1    0.10   0.25      0.65
834  1.00000000 0.6704369 0.025811302         1    0.10   0.25      0.65
835  1.00000000 0.6704369 0.025811302         1    0.10   0.25      0.65
836  1.00000000 0.6704369 0.025811302         1    0.10   0.25      0.65
837  1.00000000 0.6704369 0.025811302         1    0.10   0.25      0.65
838  1.00000000 0.6704369 0.025811302         1    0.10   0.25      0.65
839  1.00000000 0.6704369 0.025811302         1    0.10   0.25      0.65
840  0.21484375 0.6704369 0.025811302         1    0.10   0.25      0.65
841  1.00000000 0.6704369 0.025811302         1    0.10   0.25      0.65
842  1.00000000 0.6704369 0.025811302         1    0.10   0.25      0.65
843  0.13671875 0.6704369 0.025811302         1    0.10   0.25      0.65
844  1.00000000 0.6704369 0.025811302         1    0.10   0.25      0.65
845  0.10546875 0.6704369 0.025811302         1    0.10   0.25      0.65
846  1.00000000 0.6704369 0.025811302         1    0.10   0.25      0.65
847  1.00000000 0.6704369 0.025811302         1    0.10   0.25      0.65
848  0.11328125 0.6704369 0.025811302         1    0.10   0.25      0.65
849  1.00000000 0.6704369 0.025811302         1    0.10   0.25      0.65
850  0.13671875 0.6704369 0.025811302         1    0.10   0.25      0.65
851  1.00000000 0.6704369 0.025811302         1    0.10   0.25      0.65
852  1.00000000 0.6704369 0.025811302         1    0.10   0.25      0.65
853  1.00000000 0.6704369 0.025811302         1    0.10   0.25      0.65
854  0.07421875 0.6704369 0.025811302         1    0.10   0.25      0.65
855  0.18359375 0.6704369 0.025811302         1    0.10   0.25      0.65
856  1.00000000 0.6704369 0.025811302         1    0.10   0.25      0.65
857  0.55468750 0.6704369 0.025811302         1    0.10   0.25      0.65
858  0.17187500 0.6704369 0.025811302         1    0.10   0.25      0.65
859  1.00000000 0.6704369 0.025811302         1    0.10   0.25      0.65
860  1.00000000 0.6704369 0.025811302         1    0.10   0.25      0.65
861  0.43750000 0.6704369 0.025811302         1    0.10   0.25      0.65
862  1.00000000 0.6704369 0.025811302         1    0.10   0.25      0.65
863  0.05468750 0.6704369 0.025811302         1    0.10   0.25      0.65
864  0.08203125 0.6704369 0.025811302         1    0.10   0.25      0.65
865  1.00000000 0.6704369 0.025811302         1    0.10   0.25      0.65
866  1.00000000 0.6704369 0.025811302         1    0.10   0.25      0.65
867  1.00000000 0.6704369 0.025811302         1    0.10   0.25      0.65
868  1.00000000 0.6704369 0.025811302         1    0.10   0.25      0.65
869  0.14062500 0.6704369 0.025811302         1    0.10   0.25      0.65
870  1.00000000 0.6704369 0.025811302         1    0.10   0.25      0.65
871  1.00000000 0.6704369 0.025811302         1    0.10   0.25      0.65
872  1.00000000 0.6704369 0.025811302         1    0.10   0.25      0.65
873  0.09765625 0.6704369 0.025811302         1    0.10   0.25      0.65
874  0.09765625 0.6704369 0.025811302         1    0.10   0.25      0.65
875  1.00000000 0.6704369 0.025811302         1    0.10   0.25      0.65
876  0.08984375 0.6704369 0.025811302         1    0.10   0.25      0.65
877  0.39843750 0.6704369 0.025811302         1    0.10   0.25      0.65
878  0.14843750 0.6704369 0.025811302         1    0.10   0.25      0.65
879  1.00000000 0.6704369 0.025811302         1    0.10   0.25      0.65
880  1.00000000 0.6704369 0.025811302         1    0.10   0.25      0.65
881  1.00000000 0.6704369 0.025811302         1    0.10   0.25      0.65
882  1.00000000 0.6704369 0.025811302         1    0.10   0.25      0.65
883  0.04296875 0.6704369 0.025811302         1    0.10   0.25      0.65
884  1.00000000 0.6704369 0.025811302         1    0.10   0.25      0.65
885  1.00000000 0.6704369 0.025811302         1    0.10   0.25      0.65
886  1.00000000 0.6704369 0.025811302         1    0.10   0.25      0.65
887  0.14453125 0.6704369 0.025811302         1    0.10   0.25      0.65
888  1.00000000 0.6704369 0.025811302         1    0.10   0.25      0.65
889  0.53515625 0.6704369 0.025811302         1    0.10   0.25      0.65
890  0.17968750 0.6704369 0.025811302         1    0.10   0.25      0.65
891  1.00000000 0.6704369 0.025811302         1    0.10   0.25      0.65
892  1.00000000 0.6704369 0.025811302         1    0.10   0.25      0.65
893  0.28515625 0.6704369 0.025811302         1    0.10   0.25      0.65
894  1.00000000 0.6704369 0.025811302         1    0.10   0.25      0.65
895  0.26562500 0.6704369 0.025811302         1    0.10   0.25      0.65
896  0.13671875 0.6704369 0.025811302         1    0.10   0.25      0.65
897  1.00000000 0.6704369 0.025811302         1    0.10   0.25      0.65
898  1.00000000 0.6704369 0.025811302         1    0.10   0.25      0.65
899  1.00000000 0.6704369 0.025811302         1    0.10   0.25      0.65
900  1.00000000 0.6704369 0.025811302         1    0.10   0.25      0.65
901  0.18750000 0.7141141 0.027308557         1    0.12   0.19      0.69
902  1.00000000 0.7141141 0.027308557         1    0.12   0.19      0.69
903  1.00000000 0.7141141 0.027308557         1    0.12   0.19      0.69
904  0.29687500 0.7141141 0.027308557         1    0.12   0.19      0.69
905  0.53906250 0.7141141 0.027308557         1    0.12   0.19      0.69
906  1.00000000 0.7141141 0.027308557         1    0.12   0.19      0.69
907  1.00000000 0.7141141 0.027308557         1    0.12   0.19      0.69
908  1.00000000 0.7141141 0.027308557         1    0.12   0.19      0.69
909  1.00000000 0.7141141 0.027308557         1    0.12   0.19      0.69
910  1.00000000 0.7141141 0.027308557         1    0.12   0.19      0.69
911  1.00000000 0.7141141 0.027308557         1    0.12   0.19      0.69
912  1.00000000 0.7141141 0.027308557         1    0.12   0.19      0.69
913  1.00000000 0.7141141 0.027308557         1    0.12   0.19      0.69
914  1.00000000 0.7141141 0.027308557         1    0.12   0.19      0.69
915  1.00000000 0.7141141 0.027308557         1    0.12   0.19      0.69
916  1.00000000 0.7141141 0.027308557         1    0.12   0.19      0.69
917  0.11328125 0.7141141 0.027308557         1    0.12   0.19      0.69
918  1.00000000 0.7141141 0.027308557         1    0.12   0.19      0.69
919  1.00000000 0.7141141 0.027308557         1    0.12   0.19      0.69
920  1.00000000 0.7141141 0.027308557         1    0.12   0.19      0.69
921  1.00000000 0.7141141 0.027308557         1    0.12   0.19      0.69
922  0.12500000 0.7141141 0.027308557         1    0.12   0.19      0.69
923  0.09765625 0.7141141 0.027308557         1    0.12   0.19      0.69
924  1.00000000 0.7141141 0.027308557         1    0.12   0.19      0.69
925  1.00000000 0.7141141 0.027308557         1    0.12   0.19      0.69
926  0.07812500 0.7141141 0.027308557         1    0.12   0.19      0.69
927  0.14453125 0.7141141 0.027308557         1    0.12   0.19      0.69
928  0.11328125 0.7141141 0.027308557         1    0.12   0.19      0.69
929  0.03515625 0.7141141 0.027308557         1    0.12   0.19      0.69
930  1.00000000 0.7141141 0.027308557         1    0.12   0.19      0.69
931  1.00000000 0.7141141 0.027308557         1    0.12   0.19      0.69
932  1.00000000 0.7141141 0.027308557         1    0.12   0.19      0.69
933  1.00000000 0.7141141 0.027308557         1    0.12   0.19      0.69
934  0.17578125 0.7141141 0.027308557         1    0.12   0.19      0.69
935  1.00000000 0.7141141 0.027308557         1    0.12   0.19      0.69
936  1.00000000 0.7141141 0.027308557         1    0.12   0.19      0.69
937  1.00000000 0.7141141 0.027308557         1    0.12   0.19      0.69
938  1.00000000 0.7141141 0.027308557         1    0.12   0.19      0.69
939  1.00000000 0.7141141 0.027308557         1    0.12   0.19      0.69
940  0.07031250 0.7141141 0.027308557         1    0.12   0.19      0.69
941  1.00000000 0.7141141 0.027308557         1    0.12   0.19      0.69
942  1.00000000 0.7141141 0.027308557         1    0.12   0.19      0.69
943  0.15234375 0.7141141 0.027308557         1    0.12   0.19      0.69
944  0.17968750 0.7141141 0.027308557         1    0.12   0.19      0.69
945  1.00000000 0.7141141 0.027308557         1    0.12   0.19      0.69
946  1.00000000 0.7141141 0.027308557         1    0.12   0.19      0.69
947  1.00000000 0.7141141 0.027308557         1    0.12   0.19      0.69
948  1.00000000 0.7141141 0.027308557         1    0.12   0.19      0.69
949  0.15625000 0.7141141 0.027308557         1    0.12   0.19      0.69
950  1.00000000 0.7141141 0.027308557         1    0.12   0.19      0.69
951  1.00000000 0.7141141 0.027308557         1    0.12   0.19      0.69
952  1.00000000 0.7141141 0.027308557         1    0.12   0.19      0.69
953  0.09765625 0.7141141 0.027308557         1    0.12   0.19      0.69
954  1.00000000 0.7141141 0.027308557         1    0.12   0.19      0.69
955  0.10937500 0.7141141 0.027308557         1    0.12   0.19      0.69
956  0.15234375 0.7141141 0.027308557         1    0.12   0.19      0.69
957  0.21484375 0.7141141 0.027308557         1    0.12   0.19      0.69
958  0.14843750 0.7141141 0.027308557         1    0.12   0.19      0.69
959  1.00000000 0.7141141 0.027308557         1    0.12   0.19      0.69
960  1.00000000 0.7141141 0.027308557         1    0.12   0.19      0.69
961  1.00000000 0.7141141 0.027308557         1    0.12   0.19      0.69
962  1.00000000 0.7141141 0.027308557         1    0.12   0.19      0.69
963  1.00000000 0.7141141 0.027308557         1    0.12   0.19      0.69
964  1.00000000 0.7141141 0.027308557         1    0.12   0.19      0.69
965  0.19921875 0.7141141 0.027308557         1    0.12   0.19      0.69
966  1.00000000 0.7141141 0.027308557         1    0.12   0.19      0.69
967  1.00000000 0.7141141 0.027308557         1    0.12   0.19      0.69
968  1.00000000 0.7141141 0.027308557         1    0.12   0.19      0.69
969  1.00000000 0.7141141 0.027308557         1    0.12   0.19      0.69
970  1.00000000 0.7141141 0.027308557         1    0.12   0.19      0.69
971  0.10156250 0.7141141 0.027308557         1    0.12   0.19      0.69
972  1.00000000 0.7141141 0.027308557         1    0.12   0.19      0.69
973  1.00000000 0.7141141 0.027308557         1    0.12   0.19      0.69
974  1.00000000 0.7141141 0.027308557         1    0.12   0.19      0.69
975  1.00000000 0.7141141 0.027308557         1    0.12   0.19      0.69
976  0.06640625 0.7141141 0.027308557         1    0.12   0.19      0.69
977  1.00000000 0.7141141 0.027308557         1    0.12   0.19      0.69
978  1.00000000 0.7141141 0.027308557         1    0.12   0.19      0.69
979  1.00000000 0.7141141 0.027308557         1    0.12   0.19      0.69
980  0.13671875 0.7141141 0.027308557         1    0.12   0.19      0.69
981  0.31640625 0.7141141 0.027308557         1    0.12   0.19      0.69
982  1.00000000 0.7141141 0.027308557         1    0.12   0.19      0.69
983  0.25781250 0.7141141 0.027308557         1    0.12   0.19      0.69
984  1.00000000 0.7141141 0.027308557         1    0.12   0.19      0.69
985  0.21484375 0.7141141 0.027308557         1    0.12   0.19      0.69
986  1.00000000 0.7141141 0.027308557         1    0.12   0.19      0.69
987  1.00000000 0.7141141 0.027308557         1    0.12   0.19      0.69
988  1.00000000 0.7141141 0.027308557         1    0.12   0.19      0.69
989  1.00000000 0.7141141 0.027308557         1    0.12   0.19      0.69
990  1.00000000 0.7141141 0.027308557         1    0.12   0.19      0.69
991  0.14062500 0.7141141 0.027308557         1    0.12   0.19      0.69
992  0.13281250 0.7141141 0.027308557         1    0.12   0.19      0.69
993  1.00000000 0.7141141 0.027308557         1    0.12   0.19      0.69
994  1.00000000 0.7141141 0.027308557         1    0.12   0.19      0.69
995  0.55859375 0.7141141 0.027308557         1    0.12   0.19      0.69
996  1.00000000 0.7141141 0.027308557         1    0.12   0.19      0.69
997  1.00000000 0.7141141 0.027308557         1    0.12   0.19      0.69
998  1.00000000 0.7141141 0.027308557         1    0.12   0.19      0.69
999  0.08593750 0.7141141 0.027308557         1    0.12   0.19      0.69
1000 1.00000000 0.7141141 0.027308557         1    0.12   0.19      0.69
