      prop.aneu prob.meio   prob.mito dispersal euploid mosaic aneuploid
1    1.00000000 0.6613651 0.030416517         1    0.11   0.22      0.67
2    1.00000000 0.6613651 0.030416517         1    0.11   0.22      0.67
3    0.12109375 0.6613651 0.030416517         1    0.11   0.22      0.67
4    0.24218750 0.6613651 0.030416517         1    0.11   0.22      0.67
5    1.00000000 0.6613651 0.030416517         1    0.11   0.22      0.67
6    0.15234375 0.6613651 0.030416517         1    0.11   0.22      0.67
7    1.00000000 0.6613651 0.030416517         1    0.11   0.22      0.67
8    1.00000000 0.6613651 0.030416517         1    0.11   0.22      0.67
9    1.00000000 0.6613651 0.030416517         1    0.11   0.22      0.67
10   0.41406250 0.6613651 0.030416517         1    0.11   0.22      0.67
11   1.00000000 0.6613651 0.030416517         1    0.11   0.22      0.67
12   1.00000000 0.6613651 0.030416517         1    0.11   0.22      0.67
13   0.48437500 0.6613651 0.030416517         1    0.11   0.22      0.67
14   1.00000000 0.6613651 0.030416517         1    0.11   0.22      0.67
15   1.00000000 0.6613651 0.030416517         1    0.11   0.22      0.67
16   1.00000000 0.6613651 0.030416517         1    0.11   0.22      0.67
17   1.00000000 0.6613651 0.030416517         1    0.11   0.22      0.67
18   0.23437500 0.6613651 0.030416517         1    0.11   0.22      0.67
19   0.13671875 0.6613651 0.030416517         1    0.11   0.22      0.67
20   0.10937500 0.6613651 0.030416517         1    0.11   0.22      0.67
21   1.00000000 0.6613651 0.030416517         1    0.11   0.22      0.67
22   1.00000000 0.6613651 0.030416517         1    0.11   0.22      0.67
23   1.00000000 0.6613651 0.030416517         1    0.11   0.22      0.67
24   0.32031250 0.6613651 0.030416517         1    0.11   0.22      0.67
25   1.00000000 0.6613651 0.030416517         1    0.11   0.22      0.67
26   1.00000000 0.6613651 0.030416517         1    0.11   0.22      0.67
27   1.00000000 0.6613651 0.030416517         1    0.11   0.22      0.67
28   1.00000000 0.6613651 0.030416517         1    0.11   0.22      0.67
29   1.00000000 0.6613651 0.030416517         1    0.11   0.22      0.67
30   1.00000000 0.6613651 0.030416517         1    0.11   0.22      0.67
31   1.00000000 0.6613651 0.030416517         1    0.11   0.22      0.67
32   1.00000000 0.6613651 0.030416517         1    0.11   0.22      0.67
33   1.00000000 0.6613651 0.030416517         1    0.11   0.22      0.67
34   0.60546875 0.6613651 0.030416517         1    0.11   0.22      0.67
35   1.00000000 0.6613651 0.030416517         1    0.11   0.22      0.67
36   1.00000000 0.6613651 0.030416517         1    0.11   0.22      0.67
37   1.00000000 0.6613651 0.030416517         1    0.11   0.22      0.67
38   1.00000000 0.6613651 0.030416517         1    0.11   0.22      0.67
39   0.10156250 0.6613651 0.030416517         1    0.11   0.22      0.67
40   0.13671875 0.6613651 0.030416517         1    0.11   0.22      0.67
41   0.32421875 0.6613651 0.030416517         1    0.11   0.22      0.67
42   0.14062500 0.6613651 0.030416517         1    0.11   0.22      0.67
43   1.00000000 0.6613651 0.030416517         1    0.11   0.22      0.67
44   0.16015625 0.6613651 0.030416517         1    0.11   0.22      0.67
45   1.00000000 0.6613651 0.030416517         1    0.11   0.22      0.67
46   1.00000000 0.6613651 0.030416517         1    0.11   0.22      0.67
47   1.00000000 0.6613651 0.030416517         1    0.11   0.22      0.67
48   0.14843750 0.6613651 0.030416517         1    0.11   0.22      0.67
49   1.00000000 0.6613651 0.030416517         1    0.11   0.22      0.67
50   1.00000000 0.6613651 0.030416517         1    0.11   0.22      0.67
51   1.00000000 0.6613651 0.030416517         1    0.11   0.22      0.67
52   1.00000000 0.6613651 0.030416517         1    0.11   0.22      0.67
53   0.12109375 0.6613651 0.030416517         1    0.11   0.22      0.67
54   0.08984375 0.6613651 0.030416517         1    0.11   0.22      0.67
55   0.35546875 0.6613651 0.030416517         1    0.11   0.22      0.67
56   0.20703125 0.6613651 0.030416517         1    0.11   0.22      0.67
57   1.00000000 0.6613651 0.030416517         1    0.11   0.22      0.67
58   1.00000000 0.6613651 0.030416517         1    0.11   0.22      0.67
59   1.00000000 0.6613651 0.030416517         1    0.11   0.22      0.67
60   0.14843750 0.6613651 0.030416517         1    0.11   0.22      0.67
61   1.00000000 0.6613651 0.030416517         1    0.11   0.22      0.67
62   1.00000000 0.6613651 0.030416517         1    0.11   0.22      0.67
63   1.00000000 0.6613651 0.030416517         1    0.11   0.22      0.67
64   0.51953125 0.6613651 0.030416517         1    0.11   0.22      0.67
65   0.23046875 0.6613651 0.030416517         1    0.11   0.22      0.67
66   1.00000000 0.6613651 0.030416517         1    0.11   0.22      0.67
67   1.00000000 0.6613651 0.030416517         1    0.11   0.22      0.67
68   1.00000000 0.6613651 0.030416517         1    0.11   0.22      0.67
69   1.00000000 0.6613651 0.030416517         1    0.11   0.22      0.67
70   1.00000000 0.6613651 0.030416517         1    0.11   0.22      0.67
71   0.21093750 0.6613651 0.030416517         1    0.11   0.22      0.67
72   1.00000000 0.6613651 0.030416517         1    0.11   0.22      0.67
73   0.14843750 0.6613651 0.030416517         1    0.11   0.22      0.67
74   1.00000000 0.6613651 0.030416517         1    0.11   0.22      0.67
75   1.00000000 0.6613651 0.030416517         1    0.11   0.22      0.67
76   1.00000000 0.6613651 0.030416517         1    0.11   0.22      0.67
77   1.00000000 0.6613651 0.030416517         1    0.11   0.22      0.67
78   1.00000000 0.6613651 0.030416517         1    0.11   0.22      0.67
79   0.07031250 0.6613651 0.030416517         1    0.11   0.22      0.67
80   1.00000000 0.6613651 0.030416517         1    0.11   0.22      0.67
81   1.00000000 0.6613651 0.030416517         1    0.11   0.22      0.67
82   0.21875000 0.6613651 0.030416517         1    0.11   0.22      0.67
83   0.21875000 0.6613651 0.030416517         1    0.11   0.22      0.67
84   1.00000000 0.6613651 0.030416517         1    0.11   0.22      0.67
85   1.00000000 0.6613651 0.030416517         1    0.11   0.22      0.67
86   1.00000000 0.6613651 0.030416517         1    0.11   0.22      0.67
87   1.00000000 0.6613651 0.030416517         1    0.11   0.22      0.67
88   1.00000000 0.6613651 0.030416517         1    0.11   0.22      0.67
89   0.16015625 0.6613651 0.030416517         1    0.11   0.22      0.67
90   1.00000000 0.6613651 0.030416517         1    0.11   0.22      0.67
91   0.11718750 0.6613651 0.030416517         1    0.11   0.22      0.67
92   1.00000000 0.6613651 0.030416517         1    0.11   0.22      0.67
93   1.00000000 0.6613651 0.030416517         1    0.11   0.22      0.67
94   0.18359375 0.6613651 0.030416517         1    0.11   0.22      0.67
95   1.00000000 0.6613651 0.030416517         1    0.11   0.22      0.67
96   1.00000000 0.6613651 0.030416517         1    0.11   0.22      0.67
97   1.00000000 0.6613651 0.030416517         1    0.11   0.22      0.67
98   1.00000000 0.6613651 0.030416517         1    0.11   0.22      0.67
99   0.12109375 0.6613651 0.030416517         1    0.11   0.22      0.67
100  0.20703125 0.6613651 0.030416517         1    0.11   0.22      0.67
101  0.44531250 0.6658043 0.024441593         1    0.10   0.23      0.67
102  0.06250000 0.6658043 0.024441593         1    0.10   0.23      0.67
103  1.00000000 0.6658043 0.024441593         1    0.10   0.23      0.67
104  1.00000000 0.6658043 0.024441593         1    0.10   0.23      0.67
105  1.00000000 0.6658043 0.024441593         1    0.10   0.23      0.67
106  1.00000000 0.6658043 0.024441593         1    0.10   0.23      0.67
107  1.00000000 0.6658043 0.024441593         1    0.10   0.23      0.67
108  1.00000000 0.6658043 0.024441593         1    0.10   0.23      0.67
109  1.00000000 0.6658043 0.024441593         1    0.10   0.23      0.67
110  1.00000000 0.6658043 0.024441593         1    0.10   0.23      0.67
111  1.00000000 0.6658043 0.024441593         1    0.10   0.23      0.67
112  0.21484375 0.6658043 0.024441593         1    0.10   0.23      0.67
113  0.30078125 0.6658043 0.024441593         1    0.10   0.23      0.67
114  1.00000000 0.6658043 0.024441593         1    0.10   0.23      0.67
115  1.00000000 0.6658043 0.024441593         1    0.10   0.23      0.67
116  1.00000000 0.6658043 0.024441593         1    0.10   0.23      0.67
117  0.07031250 0.6658043 0.024441593         1    0.10   0.23      0.67
118  1.00000000 0.6658043 0.024441593         1    0.10   0.23      0.67
119  1.00000000 0.6658043 0.024441593         1    0.10   0.23      0.67
120  1.00000000 0.6658043 0.024441593         1    0.10   0.23      0.67
121  0.09765625 0.6658043 0.024441593         1    0.10   0.23      0.67
122  1.00000000 0.6658043 0.024441593         1    0.10   0.23      0.67
123  0.24609375 0.6658043 0.024441593         1    0.10   0.23      0.67
124  0.35546875 0.6658043 0.024441593         1    0.10   0.23      0.67
125  0.07421875 0.6658043 0.024441593         1    0.10   0.23      0.67
126  1.00000000 0.6658043 0.024441593         1    0.10   0.23      0.67
127  1.00000000 0.6658043 0.024441593         1    0.10   0.23      0.67
128  1.00000000 0.6658043 0.024441593         1    0.10   0.23      0.67
129  1.00000000 0.6658043 0.024441593         1    0.10   0.23      0.67
130  1.00000000 0.6658043 0.024441593         1    0.10   0.23      0.67
131  0.09375000 0.6658043 0.024441593         1    0.10   0.23      0.67
132  0.55468750 0.6658043 0.024441593         1    0.10   0.23      0.67
133  0.31250000 0.6658043 0.024441593         1    0.10   0.23      0.67
134  1.00000000 0.6658043 0.024441593         1    0.10   0.23      0.67
135  1.00000000 0.6658043 0.024441593         1    0.10   0.23      0.67
136  0.28515625 0.6658043 0.024441593         1    0.10   0.23      0.67
137  0.14062500 0.6658043 0.024441593         1    0.10   0.23      0.67
138  1.00000000 0.6658043 0.024441593         1    0.10   0.23      0.67
139  0.57421875 0.6658043 0.024441593         1    0.10   0.23      0.67
140  1.00000000 0.6658043 0.024441593         1    0.10   0.23      0.67
141  1.00000000 0.6658043 0.024441593         1    0.10   0.23      0.67
142  0.23046875 0.6658043 0.024441593         1    0.10   0.23      0.67
143  0.08203125 0.6658043 0.024441593         1    0.10   0.23      0.67
144  0.12500000 0.6658043 0.024441593         1    0.10   0.23      0.67
145  1.00000000 0.6658043 0.024441593         1    0.10   0.23      0.67
146  0.08593750 0.6658043 0.024441593         1    0.10   0.23      0.67
147  1.00000000 0.6658043 0.024441593         1    0.10   0.23      0.67
148  1.00000000 0.6658043 0.024441593         1    0.10   0.23      0.67
149  1.00000000 0.6658043 0.024441593         1    0.10   0.23      0.67
150  1.00000000 0.6658043 0.024441593         1    0.10   0.23      0.67
151  0.08593750 0.6658043 0.024441593         1    0.10   0.23      0.67
152  1.00000000 0.6658043 0.024441593         1    0.10   0.23      0.67
153  1.00000000 0.6658043 0.024441593         1    0.10   0.23      0.67
154  1.00000000 0.6658043 0.024441593         1    0.10   0.23      0.67
155  1.00000000 0.6658043 0.024441593         1    0.10   0.23      0.67
156  0.39843750 0.6658043 0.024441593         1    0.10   0.23      0.67
157  1.00000000 0.6658043 0.024441593         1    0.10   0.23      0.67
158  0.08593750 0.6658043 0.024441593         1    0.10   0.23      0.67
159  1.00000000 0.6658043 0.024441593         1    0.10   0.23      0.67
160  1.00000000 0.6658043 0.024441593         1    0.10   0.23      0.67
161  0.09375000 0.6658043 0.024441593         1    0.10   0.23      0.67
162  1.00000000 0.6658043 0.024441593         1    0.10   0.23      0.67
163  1.00000000 0.6658043 0.024441593         1    0.10   0.23      0.67
164  0.12500000 0.6658043 0.024441593         1    0.10   0.23      0.67
165  1.00000000 0.6658043 0.024441593         1    0.10   0.23      0.67
166  1.00000000 0.6658043 0.024441593         1    0.10   0.23      0.67
167  0.12500000 0.6658043 0.024441593         1    0.10   0.23      0.67
168  1.00000000 0.6658043 0.024441593         1    0.10   0.23      0.67
169  1.00000000 0.6658043 0.024441593         1    0.10   0.23      0.67
170  1.00000000 0.6658043 0.024441593         1    0.10   0.23      0.67
171  1.00000000 0.6658043 0.024441593         1    0.10   0.23      0.67
172  0.55859375 0.6658043 0.024441593         1    0.10   0.23      0.67
173  1.00000000 0.6658043 0.024441593         1    0.10   0.23      0.67
174  1.00000000 0.6658043 0.024441593         1    0.10   0.23      0.67
175  1.00000000 0.6658043 0.024441593         1    0.10   0.23      0.67
176  0.36328125 0.6658043 0.024441593         1    0.10   0.23      0.67
177  0.13671875 0.6658043 0.024441593         1    0.10   0.23      0.67
178  1.00000000 0.6658043 0.024441593         1    0.10   0.23      0.67
179  0.06250000 0.6658043 0.024441593         1    0.10   0.23      0.67
180  1.00000000 0.6658043 0.024441593         1    0.10   0.23      0.67
181  1.00000000 0.6658043 0.024441593         1    0.10   0.23      0.67
182  0.36328125 0.6658043 0.024441593         1    0.10   0.23      0.67
183  1.00000000 0.6658043 0.024441593         1    0.10   0.23      0.67
184  1.00000000 0.6658043 0.024441593         1    0.10   0.23      0.67
185  0.14843750 0.6658043 0.024441593         1    0.10   0.23      0.67
186  1.00000000 0.6658043 0.024441593         1    0.10   0.23      0.67
187  1.00000000 0.6658043 0.024441593         1    0.10   0.23      0.67
188  1.00000000 0.6658043 0.024441593         1    0.10   0.23      0.67
189  1.00000000 0.6658043 0.024441593         1    0.10   0.23      0.67
190  1.00000000 0.6658043 0.024441593         1    0.10   0.23      0.67
191  1.00000000 0.6658043 0.024441593         1    0.10   0.23      0.67
192  1.00000000 0.6658043 0.024441593         1    0.10   0.23      0.67
193  1.00000000 0.6658043 0.024441593         1    0.10   0.23      0.67
194  0.08593750 0.6658043 0.024441593         1    0.10   0.23      0.67
195  1.00000000 0.6658043 0.024441593         1    0.10   0.23      0.67
196  1.00000000 0.6658043 0.024441593         1    0.10   0.23      0.67
197  1.00000000 0.6658043 0.024441593         1    0.10   0.23      0.67
198  1.00000000 0.6658043 0.024441593         1    0.10   0.23      0.67
199  1.00000000 0.6658043 0.024441593         1    0.10   0.23      0.67
200  0.35156250 0.6658043 0.024441593         1    0.10   0.23      0.67
201  0.10546875 0.5995863 0.025072295         1    0.14   0.23      0.63
202  1.00000000 0.5995863 0.025072295         1    0.14   0.23      0.63
203  1.00000000 0.5995863 0.025072295         1    0.14   0.23      0.63
204  1.00000000 0.5995863 0.025072295         1    0.14   0.23      0.63
205  0.15625000 0.5995863 0.025072295         1    0.14   0.23      0.63
206  1.00000000 0.5995863 0.025072295         1    0.14   0.23      0.63
207  1.00000000 0.5995863 0.025072295         1    0.14   0.23      0.63
208  1.00000000 0.5995863 0.025072295         1    0.14   0.23      0.63
209  1.00000000 0.5995863 0.025072295         1    0.14   0.23      0.63
210  1.00000000 0.5995863 0.025072295         1    0.14   0.23      0.63
211  0.16796875 0.5995863 0.025072295         1    0.14   0.23      0.63
212  1.00000000 0.5995863 0.025072295         1    0.14   0.23      0.63
213  0.10937500 0.5995863 0.025072295         1    0.14   0.23      0.63
214  1.00000000 0.5995863 0.025072295         1    0.14   0.23      0.63
215  1.00000000 0.5995863 0.025072295         1    0.14   0.23      0.63
216  1.00000000 0.5995863 0.025072295         1    0.14   0.23      0.63
217  0.17187500 0.5995863 0.025072295         1    0.14   0.23      0.63
218  1.00000000 0.5995863 0.025072295         1    0.14   0.23      0.63
219  0.38671875 0.5995863 0.025072295         1    0.14   0.23      0.63
220  1.00000000 0.5995863 0.025072295         1    0.14   0.23      0.63
221  0.13281250 0.5995863 0.025072295         1    0.14   0.23      0.63
222  1.00000000 0.5995863 0.025072295         1    0.14   0.23      0.63
223  1.00000000 0.5995863 0.025072295         1    0.14   0.23      0.63
224  1.00000000 0.5995863 0.025072295         1    0.14   0.23      0.63
225  0.10546875 0.5995863 0.025072295         1    0.14   0.23      0.63
226  0.11328125 0.5995863 0.025072295         1    0.14   0.23      0.63
227  1.00000000 0.5995863 0.025072295         1    0.14   0.23      0.63
228  0.12109375 0.5995863 0.025072295         1    0.14   0.23      0.63
229  1.00000000 0.5995863 0.025072295         1    0.14   0.23      0.63
230  0.17968750 0.5995863 0.025072295         1    0.14   0.23      0.63
231  1.00000000 0.5995863 0.025072295         1    0.14   0.23      0.63
232  1.00000000 0.5995863 0.025072295         1    0.14   0.23      0.63
233  1.00000000 0.5995863 0.025072295         1    0.14   0.23      0.63
234  1.00000000 0.5995863 0.025072295         1    0.14   0.23      0.63
235  1.00000000 0.5995863 0.025072295         1    0.14   0.23      0.63
236  1.00000000 0.5995863 0.025072295         1    0.14   0.23      0.63
237  1.00000000 0.5995863 0.025072295         1    0.14   0.23      0.63
238  1.00000000 0.5995863 0.025072295         1    0.14   0.23      0.63
239  1.00000000 0.5995863 0.025072295         1    0.14   0.23      0.63
240  1.00000000 0.5995863 0.025072295         1    0.14   0.23      0.63
241  1.00000000 0.5995863 0.025072295         1    0.14   0.23      0.63
242  0.24609375 0.5995863 0.025072295         1    0.14   0.23      0.63
243  1.00000000 0.5995863 0.025072295         1    0.14   0.23      0.63
244  0.03125000 0.5995863 0.025072295         1    0.14   0.23      0.63
245  1.00000000 0.5995863 0.025072295         1    0.14   0.23      0.63
246  0.13281250 0.5995863 0.025072295         1    0.14   0.23      0.63
247  1.00000000 0.5995863 0.025072295         1    0.14   0.23      0.63
248  1.00000000 0.5995863 0.025072295         1    0.14   0.23      0.63
249  0.07812500 0.5995863 0.025072295         1    0.14   0.23      0.63
250  1.00000000 0.5995863 0.025072295         1    0.14   0.23      0.63
251  1.00000000 0.5995863 0.025072295         1    0.14   0.23      0.63
252  1.00000000 0.5995863 0.025072295         1    0.14   0.23      0.63
253  0.07421875 0.5995863 0.025072295         1    0.14   0.23      0.63
254  0.12890625 0.5995863 0.025072295         1    0.14   0.23      0.63
255  1.00000000 0.5995863 0.025072295         1    0.14   0.23      0.63
256  1.00000000 0.5995863 0.025072295         1    0.14   0.23      0.63
257  1.00000000 0.5995863 0.025072295         1    0.14   0.23      0.63
258  0.22265625 0.5995863 0.025072295         1    0.14   0.23      0.63
259  0.12890625 0.5995863 0.025072295         1    0.14   0.23      0.63
260  1.00000000 0.5995863 0.025072295         1    0.14   0.23      0.63
261  0.12890625 0.5995863 0.025072295         1    0.14   0.23      0.63
262  1.00000000 0.5995863 0.025072295         1    0.14   0.23      0.63
263  1.00000000 0.5995863 0.025072295         1    0.14   0.23      0.63
264  1.00000000 0.5995863 0.025072295         1    0.14   0.23      0.63
265  0.20703125 0.5995863 0.025072295         1    0.14   0.23      0.63
266  1.00000000 0.5995863 0.025072295         1    0.14   0.23      0.63
267  1.00000000 0.5995863 0.025072295         1    0.14   0.23      0.63
268  1.00000000 0.5995863 0.025072295         1    0.14   0.23      0.63
269  0.17968750 0.5995863 0.025072295         1    0.14   0.23      0.63
270  1.00000000 0.5995863 0.025072295         1    0.14   0.23      0.63
271  0.31250000 0.5995863 0.025072295         1    0.14   0.23      0.63
272  0.19140625 0.5995863 0.025072295         1    0.14   0.23      0.63
273  1.00000000 0.5995863 0.025072295         1    0.14   0.23      0.63
274  1.00000000 0.5995863 0.025072295         1    0.14   0.23      0.63
275  1.00000000 0.5995863 0.025072295         1    0.14   0.23      0.63
276  1.00000000 0.5995863 0.025072295         1    0.14   0.23      0.63
277  1.00000000 0.5995863 0.025072295         1    0.14   0.23      0.63
278  1.00000000 0.5995863 0.025072295         1    0.14   0.23      0.63
279  0.12890625 0.5995863 0.025072295         1    0.14   0.23      0.63
280  1.00000000 0.5995863 0.025072295         1    0.14   0.23      0.63
281  1.00000000 0.5995863 0.025072295         1    0.14   0.23      0.63
282  0.12109375 0.5995863 0.025072295         1    0.14   0.23      0.63
283  0.14453125 0.5995863 0.025072295         1    0.14   0.23      0.63
284  0.05468750 0.5995863 0.025072295         1    0.14   0.23      0.63
285  1.00000000 0.5995863 0.025072295         1    0.14   0.23      0.63
286  0.10937500 0.5995863 0.025072295         1    0.14   0.23      0.63
287  0.08203125 0.5995863 0.025072295         1    0.14   0.23      0.63
288  1.00000000 0.5995863 0.025072295         1    0.14   0.23      0.63
289  0.16406250 0.5995863 0.025072295         1    0.14   0.23      0.63
290  1.00000000 0.5995863 0.025072295         1    0.14   0.23      0.63
291  0.37109375 0.5995863 0.025072295         1    0.14   0.23      0.63
292  0.13281250 0.5995863 0.025072295         1    0.14   0.23      0.63
293  1.00000000 0.5995863 0.025072295         1    0.14   0.23      0.63
294  1.00000000 0.5995863 0.025072295         1    0.14   0.23      0.63
295  0.51562500 0.5995863 0.025072295         1    0.14   0.23      0.63
296  0.51953125 0.5995863 0.025072295         1    0.14   0.23      0.63
297  0.08984375 0.5995863 0.025072295         1    0.14   0.23      0.63
298  0.12500000 0.5995863 0.025072295         1    0.14   0.23      0.63
299  1.00000000 0.5995863 0.025072295         1    0.14   0.23      0.63
300  1.00000000 0.5995863 0.025072295         1    0.14   0.23      0.63
301  0.32031250 0.6071957 0.018085302         1    0.23   0.24      0.53
302  0.05078125 0.6071957 0.018085302         1    0.23   0.24      0.53
303  1.00000000 0.6071957 0.018085302         1    0.23   0.24      0.53
304  1.00000000 0.6071957 0.018085302         1    0.23   0.24      0.53
305  0.12109375 0.6071957 0.018085302         1    0.23   0.24      0.53
306  1.00000000 0.6071957 0.018085302         1    0.23   0.24      0.53
307  1.00000000 0.6071957 0.018085302         1    0.23   0.24      0.53
308  1.00000000 0.6071957 0.018085302         1    0.23   0.24      0.53
309  1.00000000 0.6071957 0.018085302         1    0.23   0.24      0.53
310  1.00000000 0.6071957 0.018085302         1    0.23   0.24      0.53
311  1.00000000 0.6071957 0.018085302         1    0.23   0.24      0.53
312  0.16406250 0.6071957 0.018085302         1    0.23   0.24      0.53
313  0.50390625 0.6071957 0.018085302         1    0.23   0.24      0.53
314  1.00000000 0.6071957 0.018085302         1    0.23   0.24      0.53
315  1.00000000 0.6071957 0.018085302         1    0.23   0.24      0.53
316  0.07421875 0.6071957 0.018085302         1    0.23   0.24      0.53
317  1.00000000 0.6071957 0.018085302         1    0.23   0.24      0.53
318  0.12890625 0.6071957 0.018085302         1    0.23   0.24      0.53
319  1.00000000 0.6071957 0.018085302         1    0.23   0.24      0.53
320  1.00000000 0.6071957 0.018085302         1    0.23   0.24      0.53
321  1.00000000 0.6071957 0.018085302         1    0.23   0.24      0.53
322  1.00000000 0.6071957 0.018085302         1    0.23   0.24      0.53
323  1.00000000 0.6071957 0.018085302         1    0.23   0.24      0.53
324  0.07421875 0.6071957 0.018085302         1    0.23   0.24      0.53
325  0.16406250 0.6071957 0.018085302         1    0.23   0.24      0.53
326  1.00000000 0.6071957 0.018085302         1    0.23   0.24      0.53
327  1.00000000 0.6071957 0.018085302         1    0.23   0.24      0.53
328  0.08203125 0.6071957 0.018085302         1    0.23   0.24      0.53
329  1.00000000 0.6071957 0.018085302         1    0.23   0.24      0.53
330  1.00000000 0.6071957 0.018085302         1    0.23   0.24      0.53
331  1.00000000 0.6071957 0.018085302         1    0.23   0.24      0.53
332  0.18359375 0.6071957 0.018085302         1    0.23   0.24      0.53
333  1.00000000 0.6071957 0.018085302         1    0.23   0.24      0.53
334  0.08203125 0.6071957 0.018085302         1    0.23   0.24      0.53
335  1.00000000 0.6071957 0.018085302         1    0.23   0.24      0.53
336  0.35156250 0.6071957 0.018085302         1    0.23   0.24      0.53
337  0.35156250 0.6071957 0.018085302         1    0.23   0.24      0.53
338  0.01953125 0.6071957 0.018085302         1    0.23   0.24      0.53
339  0.04687500 0.6071957 0.018085302         1    0.23   0.24      0.53
340  0.17187500 0.6071957 0.018085302         1    0.23   0.24      0.53
341  1.00000000 0.6071957 0.018085302         1    0.23   0.24      0.53
342  1.00000000 0.6071957 0.018085302         1    0.23   0.24      0.53
343  0.11718750 0.6071957 0.018085302         1    0.23   0.24      0.53
344  0.07031250 0.6071957 0.018085302         1    0.23   0.24      0.53
345  1.00000000 0.6071957 0.018085302         1    0.23   0.24      0.53
346  1.00000000 0.6071957 0.018085302         1    0.23   0.24      0.53
347  1.00000000 0.6071957 0.018085302         1    0.23   0.24      0.53
348  1.00000000 0.6071957 0.018085302         1    0.23   0.24      0.53
349  0.02734375 0.6071957 0.018085302         1    0.23   0.24      0.53
350  1.00000000 0.6071957 0.018085302         1    0.23   0.24      0.53
351  1.00000000 0.6071957 0.018085302         1    0.23   0.24      0.53
352  1.00000000 0.6071957 0.018085302         1    0.23   0.24      0.53
353  1.00000000 0.6071957 0.018085302         1    0.23   0.24      0.53
354  0.08984375 0.6071957 0.018085302         1    0.23   0.24      0.53
355  1.00000000 0.6071957 0.018085302         1    0.23   0.24      0.53
356  0.16796875 0.6071957 0.018085302         1    0.23   0.24      0.53
357  0.04296875 0.6071957 0.018085302         1    0.23   0.24      0.53
358  1.00000000 0.6071957 0.018085302         1    0.23   0.24      0.53
359  1.00000000 0.6071957 0.018085302         1    0.23   0.24      0.53
360  0.19140625 0.6071957 0.018085302         1    0.23   0.24      0.53
361  1.00000000 0.6071957 0.018085302         1    0.23   0.24      0.53
362  0.07812500 0.6071957 0.018085302         1    0.23   0.24      0.53
363  0.12500000 0.6071957 0.018085302         1    0.23   0.24      0.53
364  1.00000000 0.6071957 0.018085302         1    0.23   0.24      0.53
365  0.08593750 0.6071957 0.018085302         1    0.23   0.24      0.53
366  0.17578125 0.6071957 0.018085302         1    0.23   0.24      0.53
367  0.17187500 0.6071957 0.018085302         1    0.23   0.24      0.53
368  1.00000000 0.6071957 0.018085302         1    0.23   0.24      0.53
369  1.00000000 0.6071957 0.018085302         1    0.23   0.24      0.53
370  0.04687500 0.6071957 0.018085302         1    0.23   0.24      0.53
371  0.21484375 0.6071957 0.018085302         1    0.23   0.24      0.53
372  0.08593750 0.6071957 0.018085302         1    0.23   0.24      0.53
373  0.03515625 0.6071957 0.018085302         1    0.23   0.24      0.53
374  0.11328125 0.6071957 0.018085302         1    0.23   0.24      0.53
375  1.00000000 0.6071957 0.018085302         1    0.23   0.24      0.53
376  0.05859375 0.6071957 0.018085302         1    0.23   0.24      0.53
377  0.05468750 0.6071957 0.018085302         1    0.23   0.24      0.53
378  0.11718750 0.6071957 0.018085302         1    0.23   0.24      0.53
379  0.04687500 0.6071957 0.018085302         1    0.23   0.24      0.53
380  1.00000000 0.6071957 0.018085302         1    0.23   0.24      0.53
381  1.00000000 0.6071957 0.018085302         1    0.23   0.24      0.53
382  0.17968750 0.6071957 0.018085302         1    0.23   0.24      0.53
383  1.00000000 0.6071957 0.018085302         1    0.23   0.24      0.53
384  1.00000000 0.6071957 0.018085302         1    0.23   0.24      0.53
385  0.16796875 0.6071957 0.018085302         1    0.23   0.24      0.53
386  0.05859375 0.6071957 0.018085302         1    0.23   0.24      0.53
387  1.00000000 0.6071957 0.018085302         1    0.23   0.24      0.53
388  1.00000000 0.6071957 0.018085302         1    0.23   0.24      0.53
389  0.05859375 0.6071957 0.018085302         1    0.23   0.24      0.53
390  0.03515625 0.6071957 0.018085302         1    0.23   0.24      0.53
391  0.09765625 0.6071957 0.018085302         1    0.23   0.24      0.53
392  1.00000000 0.6071957 0.018085302         1    0.23   0.24      0.53
393  0.11328125 0.6071957 0.018085302         1    0.23   0.24      0.53
394  0.30859375 0.6071957 0.018085302         1    0.23   0.24      0.53
395  1.00000000 0.6071957 0.018085302         1    0.23   0.24      0.53
396  1.00000000 0.6071957 0.018085302         1    0.23   0.24      0.53
397  1.00000000 0.6071957 0.018085302         1    0.23   0.24      0.53
398  1.00000000 0.6071957 0.018085302         1    0.23   0.24      0.53
399  1.00000000 0.6071957 0.018085302         1    0.23   0.24      0.53
400  0.07031250 0.6071957 0.018085302         1    0.23   0.24      0.53
401  1.00000000 0.5226623 0.006187171         1    0.30   0.09      0.61
402  0.01953125 0.5226623 0.006187171         1    0.30   0.09      0.61
403  1.00000000 0.5226623 0.006187171         1    0.30   0.09      0.61
404  1.00000000 0.5226623 0.006187171         1    0.30   0.09      0.61
405  0.02734375 0.5226623 0.006187171         1    0.30   0.09      0.61
406  1.00000000 0.5226623 0.006187171         1    0.30   0.09      0.61
407  1.00000000 0.5226623 0.006187171         1    0.30   0.09      0.61
408  1.00000000 0.5226623 0.006187171         1    0.30   0.09      0.61
409  1.00000000 0.5226623 0.006187171         1    0.30   0.09      0.61
410  1.00000000 0.5226623 0.006187171         1    0.30   0.09      0.61
411  1.00000000 0.5226623 0.006187171         1    0.30   0.09      0.61
412  0.00390625 0.5226623 0.006187171         1    0.30   0.09      0.61
413  1.00000000 0.5226623 0.006187171         1    0.30   0.09      0.61
414  1.00000000 0.5226623 0.006187171         1    0.30   0.09      0.61
415  1.00000000 0.5226623 0.006187171         1    0.30   0.09      0.61
416  0.03906250 0.5226623 0.006187171         1    0.30   0.09      0.61
417  0.01562500 0.5226623 0.006187171         1    0.30   0.09      0.61
418  0.09375000 0.5226623 0.006187171         1    0.30   0.09      0.61
419  1.00000000 0.5226623 0.006187171         1    0.30   0.09      0.61
420  0.03906250 0.5226623 0.006187171         1    0.30   0.09      0.61
421  1.00000000 0.5226623 0.006187171         1    0.30   0.09      0.61
422  1.00000000 0.5226623 0.006187171         1    0.30   0.09      0.61
423  0.00781250 0.5226623 0.006187171         1    0.30   0.09      0.61
424  1.00000000 0.5226623 0.006187171         1    0.30   0.09      0.61
425  0.12500000 0.5226623 0.006187171         1    0.30   0.09      0.61
426  1.00000000 0.5226623 0.006187171         1    0.30   0.09      0.61
427  1.00000000 0.5226623 0.006187171         1    0.30   0.09      0.61
428  1.00000000 0.5226623 0.006187171         1    0.30   0.09      0.61
429  0.02343750 0.5226623 0.006187171         1    0.30   0.09      0.61
430  1.00000000 0.5226623 0.006187171         1    0.30   0.09      0.61
431  1.00000000 0.5226623 0.006187171         1    0.30   0.09      0.61
432  0.00390625 0.5226623 0.006187171         1    0.30   0.09      0.61
433  1.00000000 0.5226623 0.006187171         1    0.30   0.09      0.61
434  1.00000000 0.5226623 0.006187171         1    0.30   0.09      0.61
435  0.06640625 0.5226623 0.006187171         1    0.30   0.09      0.61
436  1.00000000 0.5226623 0.006187171         1    0.30   0.09      0.61
437  1.00000000 0.5226623 0.006187171         1    0.30   0.09      0.61
438  0.03515625 0.5226623 0.006187171         1    0.30   0.09      0.61
439  1.00000000 0.5226623 0.006187171         1    0.30   0.09      0.61
440  0.05859375 0.5226623 0.006187171         1    0.30   0.09      0.61
441  1.00000000 0.5226623 0.006187171         1    0.30   0.09      0.61
442  0.05468750 0.5226623 0.006187171         1    0.30   0.09      0.61
443  0.02343750 0.5226623 0.006187171         1    0.30   0.09      0.61
444  1.00000000 0.5226623 0.006187171         1    0.30   0.09      0.61
445  1.00000000 0.5226623 0.006187171         1    0.30   0.09      0.61
446  0.03125000 0.5226623 0.006187171         1    0.30   0.09      0.61
447  1.00000000 0.5226623 0.006187171         1    0.30   0.09      0.61
448  0.05468750 0.5226623 0.006187171         1    0.30   0.09      0.61
449  1.00000000 0.5226623 0.006187171         1    0.30   0.09      0.61
450  1.00000000 0.5226623 0.006187171         1    0.30   0.09      0.61
451  1.00000000 0.5226623 0.006187171         1    0.30   0.09      0.61
452  1.00000000 0.5226623 0.006187171         1    0.30   0.09      0.61
453  1.00000000 0.5226623 0.006187171         1    0.30   0.09      0.61
454  0.02343750 0.5226623 0.006187171         1    0.30   0.09      0.61
455  0.00781250 0.5226623 0.006187171         1    0.30   0.09      0.61
456  0.26171875 0.5226623 0.006187171         1    0.30   0.09      0.61
457  1.00000000 0.5226623 0.006187171         1    0.30   0.09      0.61
458  0.04296875 0.5226623 0.006187171         1    0.30   0.09      0.61
459  1.00000000 0.5226623 0.006187171         1    0.30   0.09      0.61
460  0.02734375 0.5226623 0.006187171         1    0.30   0.09      0.61
461  1.00000000 0.5226623 0.006187171         1    0.30   0.09      0.61
462  1.00000000 0.5226623 0.006187171         1    0.30   0.09      0.61
463  0.00000000 0.5226623 0.006187171         1    0.30   0.09      0.61
464  0.05078125 0.5226623 0.006187171         1    0.30   0.09      0.61
465  0.01562500 0.5226623 0.006187171         1    0.30   0.09      0.61
466  0.00781250 0.5226623 0.006187171         1    0.30   0.09      0.61
467  1.00000000 0.5226623 0.006187171         1    0.30   0.09      0.61
468  1.00000000 0.5226623 0.006187171         1    0.30   0.09      0.61
469  0.06640625 0.5226623 0.006187171         1    0.30   0.09      0.61
470  0.03515625 0.5226623 0.006187171         1    0.30   0.09      0.61
471  1.00000000 0.5226623 0.006187171         1    0.30   0.09      0.61
472  1.00000000 0.5226623 0.006187171         1    0.30   0.09      0.61
473  0.02343750 0.5226623 0.006187171         1    0.30   0.09      0.61
474  1.00000000 0.5226623 0.006187171         1    0.30   0.09      0.61
475  0.02343750 0.5226623 0.006187171         1    0.30   0.09      0.61
476  1.00000000 0.5226623 0.006187171         1    0.30   0.09      0.61
477  0.03515625 0.5226623 0.006187171         1    0.30   0.09      0.61
478  0.00000000 0.5226623 0.006187171         1    0.30   0.09      0.61
479  0.00390625 0.5226623 0.006187171         1    0.30   0.09      0.61
480  0.00390625 0.5226623 0.006187171         1    0.30   0.09      0.61
481  1.00000000 0.5226623 0.006187171         1    0.30   0.09      0.61
482  1.00000000 0.5226623 0.006187171         1    0.30   0.09      0.61
483  1.00000000 0.5226623 0.006187171         1    0.30   0.09      0.61
484  1.00000000 0.5226623 0.006187171         1    0.30   0.09      0.61
485  0.08203125 0.5226623 0.006187171         1    0.30   0.09      0.61
486  1.00000000 0.5226623 0.006187171         1    0.30   0.09      0.61
487  1.00000000 0.5226623 0.006187171         1    0.30   0.09      0.61
488  1.00000000 0.5226623 0.006187171         1    0.30   0.09      0.61
489  1.00000000 0.5226623 0.006187171         1    0.30   0.09      0.61
490  1.00000000 0.5226623 0.006187171         1    0.30   0.09      0.61
491  1.00000000 0.5226623 0.006187171         1    0.30   0.09      0.61
492  0.00000000 0.5226623 0.006187171         1    0.30   0.09      0.61
493  1.00000000 0.5226623 0.006187171         1    0.30   0.09      0.61
494  1.00000000 0.5226623 0.006187171         1    0.30   0.09      0.61
495  0.03125000 0.5226623 0.006187171         1    0.30   0.09      0.61
496  0.01171875 0.5226623 0.006187171         1    0.30   0.09      0.61
497  1.00000000 0.5226623 0.006187171         1    0.30   0.09      0.61
498  1.00000000 0.5226623 0.006187171         1    0.30   0.09      0.61
499  1.00000000 0.5226623 0.006187171         1    0.30   0.09      0.61
500  1.00000000 0.5226623 0.006187171         1    0.30   0.09      0.61
501  1.00000000 0.5173698 0.016883594         1    0.23   0.26      0.51
502  0.17578125 0.5173698 0.016883594         1    0.23   0.26      0.51
503  0.04296875 0.5173698 0.016883594         1    0.23   0.26      0.51
504  1.00000000 0.5173698 0.016883594         1    0.23   0.26      0.51
505  0.16796875 0.5173698 0.016883594         1    0.23   0.26      0.51
506  1.00000000 0.5173698 0.016883594         1    0.23   0.26      0.51
507  1.00000000 0.5173698 0.016883594         1    0.23   0.26      0.51
508  0.10937500 0.5173698 0.016883594         1    0.23   0.26      0.51
509  0.21093750 0.5173698 0.016883594         1    0.23   0.26      0.51
510  0.04687500 0.5173698 0.016883594         1    0.23   0.26      0.51
511  1.00000000 0.5173698 0.016883594         1    0.23   0.26      0.51
512  0.51562500 0.5173698 0.016883594         1    0.23   0.26      0.51
513  1.00000000 0.5173698 0.016883594         1    0.23   0.26      0.51
514  1.00000000 0.5173698 0.016883594         1    0.23   0.26      0.51
515  1.00000000 0.5173698 0.016883594         1    0.23   0.26      0.51
516  0.16406250 0.5173698 0.016883594         1    0.23   0.26      0.51
517  1.00000000 0.5173698 0.016883594         1    0.23   0.26      0.51
518  1.00000000 0.5173698 0.016883594         1    0.23   0.26      0.51
519  1.00000000 0.5173698 0.016883594         1    0.23   0.26      0.51
520  1.00000000 0.5173698 0.016883594         1    0.23   0.26      0.51
521  1.00000000 0.5173698 0.016883594         1    0.23   0.26      0.51
522  0.04296875 0.5173698 0.016883594         1    0.23   0.26      0.51
523  0.63671875 0.5173698 0.016883594         1    0.23   0.26      0.51
524  0.02343750 0.5173698 0.016883594         1    0.23   0.26      0.51
525  1.00000000 0.5173698 0.016883594         1    0.23   0.26      0.51
526  1.00000000 0.5173698 0.016883594         1    0.23   0.26      0.51
527  1.00000000 0.5173698 0.016883594         1    0.23   0.26      0.51
528  1.00000000 0.5173698 0.016883594         1    0.23   0.26      0.51
529  0.09375000 0.5173698 0.016883594         1    0.23   0.26      0.51
530  0.04296875 0.5173698 0.016883594         1    0.23   0.26      0.51
531  1.00000000 0.5173698 0.016883594         1    0.23   0.26      0.51
532  0.02734375 0.5173698 0.016883594         1    0.23   0.26      0.51
533  1.00000000 0.5173698 0.016883594         1    0.23   0.26      0.51
534  0.12500000 0.5173698 0.016883594         1    0.23   0.26      0.51
535  1.00000000 0.5173698 0.016883594         1    0.23   0.26      0.51
536  1.00000000 0.5173698 0.016883594         1    0.23   0.26      0.51
537  1.00000000 0.5173698 0.016883594         1    0.23   0.26      0.51
538  0.10546875 0.5173698 0.016883594         1    0.23   0.26      0.51
539  0.21875000 0.5173698 0.016883594         1    0.23   0.26      0.51
540  1.00000000 0.5173698 0.016883594         1    0.23   0.26      0.51
541  0.15625000 0.5173698 0.016883594         1    0.23   0.26      0.51
542  1.00000000 0.5173698 0.016883594         1    0.23   0.26      0.51
543  0.10156250 0.5173698 0.016883594         1    0.23   0.26      0.51
544  1.00000000 0.5173698 0.016883594         1    0.23   0.26      0.51
545  1.00000000 0.5173698 0.016883594         1    0.23   0.26      0.51
546  0.03906250 0.5173698 0.016883594         1    0.23   0.26      0.51
547  1.00000000 0.5173698 0.016883594         1    0.23   0.26      0.51
548  0.08984375 0.5173698 0.016883594         1    0.23   0.26      0.51
549  1.00000000 0.5173698 0.016883594         1    0.23   0.26      0.51
550  0.07812500 0.5173698 0.016883594         1    0.23   0.26      0.51
551  0.07812500 0.5173698 0.016883594         1    0.23   0.26      0.51
552  0.07421875 0.5173698 0.016883594         1    0.23   0.26      0.51
553  1.00000000 0.5173698 0.016883594         1    0.23   0.26      0.51
554  0.13281250 0.5173698 0.016883594         1    0.23   0.26      0.51
555  1.00000000 0.5173698 0.016883594         1    0.23   0.26      0.51
556  1.00000000 0.5173698 0.016883594         1    0.23   0.26      0.51
557  0.04296875 0.5173698 0.016883594         1    0.23   0.26      0.51
558  0.23437500 0.5173698 0.016883594         1    0.23   0.26      0.51
559  0.04687500 0.5173698 0.016883594         1    0.23   0.26      0.51
560  0.09375000 0.5173698 0.016883594         1    0.23   0.26      0.51
561  1.00000000 0.5173698 0.016883594         1    0.23   0.26      0.51
562  0.06640625 0.5173698 0.016883594         1    0.23   0.26      0.51
563  1.00000000 0.5173698 0.016883594         1    0.23   0.26      0.51
564  0.28125000 0.5173698 0.016883594         1    0.23   0.26      0.51
565  0.02734375 0.5173698 0.016883594         1    0.23   0.26      0.51
566  1.00000000 0.5173698 0.016883594         1    0.23   0.26      0.51
567  1.00000000 0.5173698 0.016883594         1    0.23   0.26      0.51
568  1.00000000 0.5173698 0.016883594         1    0.23   0.26      0.51
569  1.00000000 0.5173698 0.016883594         1    0.23   0.26      0.51
570  0.05468750 0.5173698 0.016883594         1    0.23   0.26      0.51
571  1.00000000 0.5173698 0.016883594         1    0.23   0.26      0.51
572  0.08203125 0.5173698 0.016883594         1    0.23   0.26      0.51
573  0.05859375 0.5173698 0.016883594         1    0.23   0.26      0.51
574  1.00000000 0.5173698 0.016883594         1    0.23   0.26      0.51
575  0.08984375 0.5173698 0.016883594         1    0.23   0.26      0.51
576  1.00000000 0.5173698 0.016883594         1    0.23   0.26      0.51
577  0.36328125 0.5173698 0.016883594         1    0.23   0.26      0.51
578  1.00000000 0.5173698 0.016883594         1    0.23   0.26      0.51
579  0.05859375 0.5173698 0.016883594         1    0.23   0.26      0.51
580  0.09375000 0.5173698 0.016883594         1    0.23   0.26      0.51
581  1.00000000 0.5173698 0.016883594         1    0.23   0.26      0.51
582  0.11328125 0.5173698 0.016883594         1    0.23   0.26      0.51
583  1.00000000 0.5173698 0.016883594         1    0.23   0.26      0.51
584  1.00000000 0.5173698 0.016883594         1    0.23   0.26      0.51
585  0.11718750 0.5173698 0.016883594         1    0.23   0.26      0.51
586  0.05859375 0.5173698 0.016883594         1    0.23   0.26      0.51
587  1.00000000 0.5173698 0.016883594         1    0.23   0.26      0.51
588  0.39453125 0.5173698 0.016883594         1    0.23   0.26      0.51
589  1.00000000 0.5173698 0.016883594         1    0.23   0.26      0.51
590  0.19531250 0.5173698 0.016883594         1    0.23   0.26      0.51
591  0.06640625 0.5173698 0.016883594         1    0.23   0.26      0.51
592  0.21093750 0.5173698 0.016883594         1    0.23   0.26      0.51
593  0.14843750 0.5173698 0.016883594         1    0.23   0.26      0.51
594  0.05468750 0.5173698 0.016883594         1    0.23   0.26      0.51
595  1.00000000 0.5173698 0.016883594         1    0.23   0.26      0.51
596  1.00000000 0.5173698 0.016883594         1    0.23   0.26      0.51
597  0.03906250 0.5173698 0.016883594         1    0.23   0.26      0.51
598  1.00000000 0.5173698 0.016883594         1    0.23   0.26      0.51
599  1.00000000 0.5173698 0.016883594         1    0.23   0.26      0.51
600  1.00000000 0.5173698 0.016883594         1    0.23   0.26      0.51
601  0.08203125 0.5986954 0.015348525         1    0.23   0.21      0.56
602  1.00000000 0.5986954 0.015348525         1    0.23   0.21      0.56
603  0.06640625 0.5986954 0.015348525         1    0.23   0.21      0.56
604  0.17187500 0.5986954 0.015348525         1    0.23   0.21      0.56
605  0.03515625 0.5986954 0.015348525         1    0.23   0.21      0.56
606  1.00000000 0.5986954 0.015348525         1    0.23   0.21      0.56
607  1.00000000 0.5986954 0.015348525         1    0.23   0.21      0.56
608  1.00000000 0.5986954 0.015348525         1    0.23   0.21      0.56
609  1.00000000 0.5986954 0.015348525         1    0.23   0.21      0.56
610  1.00000000 0.5986954 0.015348525         1    0.23   0.21      0.56
611  0.17578125 0.5986954 0.015348525         1    0.23   0.21      0.56
612  0.26953125 0.5986954 0.015348525         1    0.23   0.21      0.56
613  0.07031250 0.5986954 0.015348525         1    0.23   0.21      0.56
614  0.03906250 0.5986954 0.015348525         1    0.23   0.21      0.56
615  1.00000000 0.5986954 0.015348525         1    0.23   0.21      0.56
616  1.00000000 0.5986954 0.015348525         1    0.23   0.21      0.56
617  1.00000000 0.5986954 0.015348525         1    0.23   0.21      0.56
618  1.00000000 0.5986954 0.015348525         1    0.23   0.21      0.56
619  0.11718750 0.5986954 0.015348525         1    0.23   0.21      0.56
620  1.00000000 0.5986954 0.015348525         1    0.23   0.21      0.56
621  0.16406250 0.5986954 0.015348525         1    0.23   0.21      0.56
622  0.32031250 0.5986954 0.015348525         1    0.23   0.21      0.56
623  1.00000000 0.5986954 0.015348525         1    0.23   0.21      0.56
624  0.05468750 0.5986954 0.015348525         1    0.23   0.21      0.56
625  0.26562500 0.5986954 0.015348525         1    0.23   0.21      0.56
626  0.02734375 0.5986954 0.015348525         1    0.23   0.21      0.56
627  1.00000000 0.5986954 0.015348525         1    0.23   0.21      0.56
628  1.00000000 0.5986954 0.015348525         1    0.23   0.21      0.56
629  1.00000000 0.5986954 0.015348525         1    0.23   0.21      0.56
630  1.00000000 0.5986954 0.015348525         1    0.23   0.21      0.56
631  1.00000000 0.5986954 0.015348525         1    0.23   0.21      0.56
632  0.03125000 0.5986954 0.015348525         1    0.23   0.21      0.56
633  1.00000000 0.5986954 0.015348525         1    0.23   0.21      0.56
634  0.10156250 0.5986954 0.015348525         1    0.23   0.21      0.56
635  0.03906250 0.5986954 0.015348525         1    0.23   0.21      0.56
636  1.00000000 0.5986954 0.015348525         1    0.23   0.21      0.56
637  1.00000000 0.5986954 0.015348525         1    0.23   0.21      0.56
638  0.11328125 0.5986954 0.015348525         1    0.23   0.21      0.56
639  1.00000000 0.5986954 0.015348525         1    0.23   0.21      0.56
640  0.05468750 0.5986954 0.015348525         1    0.23   0.21      0.56
641  1.00000000 0.5986954 0.015348525         1    0.23   0.21      0.56
642  1.00000000 0.5986954 0.015348525         1    0.23   0.21      0.56
643  1.00000000 0.5986954 0.015348525         1    0.23   0.21      0.56
644  1.00000000 0.5986954 0.015348525         1    0.23   0.21      0.56
645  0.40625000 0.5986954 0.015348525         1    0.23   0.21      0.56
646  1.00000000 0.5986954 0.015348525         1    0.23   0.21      0.56
647  1.00000000 0.5986954 0.015348525         1    0.23   0.21      0.56
648  0.07812500 0.5986954 0.015348525         1    0.23   0.21      0.56
649  0.09765625 0.5986954 0.015348525         1    0.23   0.21      0.56
650  1.00000000 0.5986954 0.015348525         1    0.23   0.21      0.56
651  0.20312500 0.5986954 0.015348525         1    0.23   0.21      0.56
652  1.00000000 0.5986954 0.015348525         1    0.23   0.21      0.56
653  1.00000000 0.5986954 0.015348525         1    0.23   0.21      0.56
654  0.10156250 0.5986954 0.015348525         1    0.23   0.21      0.56
655  0.03125000 0.5986954 0.015348525         1    0.23   0.21      0.56
656  1.00000000 0.5986954 0.015348525         1    0.23   0.21      0.56
657  1.00000000 0.5986954 0.015348525         1    0.23   0.21      0.56
658  1.00000000 0.5986954 0.015348525         1    0.23   0.21      0.56
659  1.00000000 0.5986954 0.015348525         1    0.23   0.21      0.56
660  0.03906250 0.5986954 0.015348525         1    0.23   0.21      0.56
661  1.00000000 0.5986954 0.015348525         1    0.23   0.21      0.56
662  1.00000000 0.5986954 0.015348525         1    0.23   0.21      0.56
663  1.00000000 0.5986954 0.015348525         1    0.23   0.21      0.56
664  0.06250000 0.5986954 0.015348525         1    0.23   0.21      0.56
665  0.05078125 0.5986954 0.015348525         1    0.23   0.21      0.56
666  0.09765625 0.5986954 0.015348525         1    0.23   0.21      0.56
667  0.03906250 0.5986954 0.015348525         1    0.23   0.21      0.56
668  0.08593750 0.5986954 0.015348525         1    0.23   0.21      0.56
669  0.05468750 0.5986954 0.015348525         1    0.23   0.21      0.56
670  1.00000000 0.5986954 0.015348525         1    0.23   0.21      0.56
671  1.00000000 0.5986954 0.015348525         1    0.23   0.21      0.56
672  0.06640625 0.5986954 0.015348525         1    0.23   0.21      0.56
673  1.00000000 0.5986954 0.015348525         1    0.23   0.21      0.56
674  1.00000000 0.5986954 0.015348525         1    0.23   0.21      0.56
675  1.00000000 0.5986954 0.015348525         1    0.23   0.21      0.56
676  0.07421875 0.5986954 0.015348525         1    0.23   0.21      0.56
677  1.00000000 0.5986954 0.015348525         1    0.23   0.21      0.56
678  1.00000000 0.5986954 0.015348525         1    0.23   0.21      0.56
679  1.00000000 0.5986954 0.015348525         1    0.23   0.21      0.56
680  1.00000000 0.5986954 0.015348525         1    0.23   0.21      0.56
681  0.02734375 0.5986954 0.015348525         1    0.23   0.21      0.56
682  1.00000000 0.5986954 0.015348525         1    0.23   0.21      0.56
683  1.00000000 0.5986954 0.015348525         1    0.23   0.21      0.56
684  0.03906250 0.5986954 0.015348525         1    0.23   0.21      0.56
685  1.00000000 0.5986954 0.015348525         1    0.23   0.21      0.56
686  0.01171875 0.5986954 0.015348525         1    0.23   0.21      0.56
687  0.23046875 0.5986954 0.015348525         1    0.23   0.21      0.56
688  1.00000000 0.5986954 0.015348525         1    0.23   0.21      0.56
689  1.00000000 0.5986954 0.015348525         1    0.23   0.21      0.56
690  0.05859375 0.5986954 0.015348525         1    0.23   0.21      0.56
691  1.00000000 0.5986954 0.015348525         1    0.23   0.21      0.56
692  1.00000000 0.5986954 0.015348525         1    0.23   0.21      0.56
693  0.09765625 0.5986954 0.015348525         1    0.23   0.21      0.56
694  0.34765625 0.5986954 0.015348525         1    0.23   0.21      0.56
695  1.00000000 0.5986954 0.015348525         1    0.23   0.21      0.56
696  1.00000000 0.5986954 0.015348525         1    0.23   0.21      0.56
697  0.07812500 0.5986954 0.015348525         1    0.23   0.21      0.56
698  1.00000000 0.5986954 0.015348525         1    0.23   0.21      0.56
699  0.06640625 0.5986954 0.015348525         1    0.23   0.21      0.56
700  0.05078125 0.5986954 0.015348525         1    0.23   0.21      0.56
701  1.00000000 0.5096483 0.019693162         1    0.16   0.26      0.58
702  1.00000000 0.5096483 0.019693162         1    0.16   0.26      0.58
703  0.05859375 0.5096483 0.019693162         1    0.16   0.26      0.58
704  0.12890625 0.5096483 0.019693162         1    0.16   0.26      0.58
705  1.00000000 0.5096483 0.019693162         1    0.16   0.26      0.58
706  1.00000000 0.5096483 0.019693162         1    0.16   0.26      0.58
707  0.15625000 0.5096483 0.019693162         1    0.16   0.26      0.58
708  1.00000000 0.5096483 0.019693162         1    0.16   0.26      0.58
709  1.00000000 0.5096483 0.019693162         1    0.16   0.26      0.58
710  0.10937500 0.5096483 0.019693162         1    0.16   0.26      0.58
711  0.10937500 0.5096483 0.019693162         1    0.16   0.26      0.58
712  1.00000000 0.5096483 0.019693162         1    0.16   0.26      0.58
713  1.00000000 0.5096483 0.019693162         1    0.16   0.26      0.58
714  1.00000000 0.5096483 0.019693162         1    0.16   0.26      0.58
715  1.00000000 0.5096483 0.019693162         1    0.16   0.26      0.58
716  1.00000000 0.5096483 0.019693162         1    0.16   0.26      0.58
717  0.29687500 0.5096483 0.019693162         1    0.16   0.26      0.58
718  0.07812500 0.5096483 0.019693162         1    0.16   0.26      0.58
719  0.53515625 0.5096483 0.019693162         1    0.16   0.26      0.58
720  0.13281250 0.5096483 0.019693162         1    0.16   0.26      0.58
721  0.21484375 0.5096483 0.019693162         1    0.16   0.26      0.58
722  0.07031250 0.5096483 0.019693162         1    0.16   0.26      0.58
723  0.06250000 0.5096483 0.019693162         1    0.16   0.26      0.58
724  1.00000000 0.5096483 0.019693162         1    0.16   0.26      0.58
725  1.00000000 0.5096483 0.019693162         1    0.16   0.26      0.58
726  1.00000000 0.5096483 0.019693162         1    0.16   0.26      0.58
727  1.00000000 0.5096483 0.019693162         1    0.16   0.26      0.58
728  1.00000000 0.5096483 0.019693162         1    0.16   0.26      0.58
729  0.21875000 0.5096483 0.019693162         1    0.16   0.26      0.58
730  0.05859375 0.5096483 0.019693162         1    0.16   0.26      0.58
731  0.19140625 0.5096483 0.019693162         1    0.16   0.26      0.58
732  1.00000000 0.5096483 0.019693162         1    0.16   0.26      0.58
733  1.00000000 0.5096483 0.019693162         1    0.16   0.26      0.58
734  0.12500000 0.5096483 0.019693162         1    0.16   0.26      0.58
735  1.00000000 0.5096483 0.019693162         1    0.16   0.26      0.58
736  1.00000000 0.5096483 0.019693162         1    0.16   0.26      0.58
737  0.36328125 0.5096483 0.019693162         1    0.16   0.26      0.58
738  0.12500000 0.5096483 0.019693162         1    0.16   0.26      0.58
739  0.14453125 0.5096483 0.019693162         1    0.16   0.26      0.58
740  0.04296875 0.5096483 0.019693162         1    0.16   0.26      0.58
741  0.07031250 0.5096483 0.019693162         1    0.16   0.26      0.58
742  1.00000000 0.5096483 0.019693162         1    0.16   0.26      0.58
743  1.00000000 0.5096483 0.019693162         1    0.16   0.26      0.58
744  0.12890625 0.5096483 0.019693162         1    0.16   0.26      0.58
745  0.08203125 0.5096483 0.019693162         1    0.16   0.26      0.58
746  1.00000000 0.5096483 0.019693162         1    0.16   0.26      0.58
747  1.00000000 0.5096483 0.019693162         1    0.16   0.26      0.58
748  1.00000000 0.5096483 0.019693162         1    0.16   0.26      0.58
749  1.00000000 0.5096483 0.019693162         1    0.16   0.26      0.58
750  1.00000000 0.5096483 0.019693162         1    0.16   0.26      0.58
751  1.00000000 0.5096483 0.019693162         1    0.16   0.26      0.58
752  1.00000000 0.5096483 0.019693162         1    0.16   0.26      0.58
753  1.00000000 0.5096483 0.019693162         1    0.16   0.26      0.58
754  1.00000000 0.5096483 0.019693162         1    0.16   0.26      0.58
755  0.08203125 0.5096483 0.019693162         1    0.16   0.26      0.58
756  1.00000000 0.5096483 0.019693162         1    0.16   0.26      0.58
757  0.30859375 0.5096483 0.019693162         1    0.16   0.26      0.58
758  0.28906250 0.5096483 0.019693162         1    0.16   0.26      0.58
759  1.00000000 0.5096483 0.019693162         1    0.16   0.26      0.58
760  0.03906250 0.5096483 0.019693162         1    0.16   0.26      0.58
761  0.29687500 0.5096483 0.019693162         1    0.16   0.26      0.58
762  0.19531250 0.5096483 0.019693162         1    0.16   0.26      0.58
763  1.00000000 0.5096483 0.019693162         1    0.16   0.26      0.58
764  0.22656250 0.5096483 0.019693162         1    0.16   0.26      0.58
765  1.00000000 0.5096483 0.019693162         1    0.16   0.26      0.58
766  1.00000000 0.5096483 0.019693162         1    0.16   0.26      0.58
767  1.00000000 0.5096483 0.019693162         1    0.16   0.26      0.58
768  1.00000000 0.5096483 0.019693162         1    0.16   0.26      0.58
769  0.08984375 0.5096483 0.019693162         1    0.16   0.26      0.58
770  0.04687500 0.5096483 0.019693162         1    0.16   0.26      0.58
771  0.16796875 0.5096483 0.019693162         1    0.16   0.26      0.58
772  1.00000000 0.5096483 0.019693162         1    0.16   0.26      0.58
773  1.00000000 0.5096483 0.019693162         1    0.16   0.26      0.58
774  0.28906250 0.5096483 0.019693162         1    0.16   0.26      0.58
775  0.05859375 0.5096483 0.019693162         1    0.16   0.26      0.58
776  0.10937500 0.5096483 0.019693162         1    0.16   0.26      0.58
777  1.00000000 0.5096483 0.019693162         1    0.16   0.26      0.58
778  1.00000000 0.5096483 0.019693162         1    0.16   0.26      0.58
779  0.06250000 0.5096483 0.019693162         1    0.16   0.26      0.58
780  0.23437500 0.5096483 0.019693162         1    0.16   0.26      0.58
781  1.00000000 0.5096483 0.019693162         1    0.16   0.26      0.58
782  0.04296875 0.5096483 0.019693162         1    0.16   0.26      0.58
783  1.00000000 0.5096483 0.019693162         1    0.16   0.26      0.58
784  1.00000000 0.5096483 0.019693162         1    0.16   0.26      0.58
785  1.00000000 0.5096483 0.019693162         1    0.16   0.26      0.58
786  1.00000000 0.5096483 0.019693162         1    0.16   0.26      0.58
787  1.00000000 0.5096483 0.019693162         1    0.16   0.26      0.58
788  1.00000000 0.5096483 0.019693162         1    0.16   0.26      0.58
789  0.04687500 0.5096483 0.019693162         1    0.16   0.26      0.58
790  1.00000000 0.5096483 0.019693162         1    0.16   0.26      0.58
791  0.09375000 0.5096483 0.019693162         1    0.16   0.26      0.58
792  1.00000000 0.5096483 0.019693162         1    0.16   0.26      0.58
793  1.00000000 0.5096483 0.019693162         1    0.16   0.26      0.58
794  1.00000000 0.5096483 0.019693162         1    0.16   0.26      0.58
795  1.00000000 0.5096483 0.019693162         1    0.16   0.26      0.58
796  1.00000000 0.5096483 0.019693162         1    0.16   0.26      0.58
797  1.00000000 0.5096483 0.019693162         1    0.16   0.26      0.58
798  0.05468750 0.5096483 0.019693162         1    0.16   0.26      0.58
799  1.00000000 0.5096483 0.019693162         1    0.16   0.26      0.58
800  1.00000000 0.5096483 0.019693162         1    0.16   0.26      0.58
801  0.30468750 0.4950786 0.025986586         1    0.20   0.25      0.55
802  0.04296875 0.4950786 0.025986586         1    0.20   0.25      0.55
803  1.00000000 0.4950786 0.025986586         1    0.20   0.25      0.55
804  1.00000000 0.4950786 0.025986586         1    0.20   0.25      0.55
805  0.05859375 0.4950786 0.025986586         1    0.20   0.25      0.55
806  0.38281250 0.4950786 0.025986586         1    0.20   0.25      0.55
807  0.08593750 0.4950786 0.025986586         1    0.20   0.25      0.55
808  0.06250000 0.4950786 0.025986586         1    0.20   0.25      0.55
809  0.05859375 0.4950786 0.025986586         1    0.20   0.25      0.55
810  1.00000000 0.4950786 0.025986586         1    0.20   0.25      0.55
811  1.00000000 0.4950786 0.025986586         1    0.20   0.25      0.55
812  1.00000000 0.4950786 0.025986586         1    0.20   0.25      0.55
813  1.00000000 0.4950786 0.025986586         1    0.20   0.25      0.55
814  1.00000000 0.4950786 0.025986586         1    0.20   0.25      0.55
815  1.00000000 0.4950786 0.025986586         1    0.20   0.25      0.55
816  1.00000000 0.4950786 0.025986586         1    0.20   0.25      0.55
817  1.00000000 0.4950786 0.025986586         1    0.20   0.25      0.55
818  1.00000000 0.4950786 0.025986586         1    0.20   0.25      0.55
819  1.00000000 0.4950786 0.025986586         1    0.20   0.25      0.55
820  0.61328125 0.4950786 0.025986586         1    0.20   0.25      0.55
821  0.14453125 0.4950786 0.025986586         1    0.20   0.25      0.55
822  1.00000000 0.4950786 0.025986586         1    0.20   0.25      0.55
823  0.37109375 0.4950786 0.025986586         1    0.20   0.25      0.55
824  0.08593750 0.4950786 0.025986586         1    0.20   0.25      0.55
825  0.14453125 0.4950786 0.025986586         1    0.20   0.25      0.55
826  0.11328125 0.4950786 0.025986586         1    0.20   0.25      0.55
827  1.00000000 0.4950786 0.025986586         1    0.20   0.25      0.55
828  1.00000000 0.4950786 0.025986586         1    0.20   0.25      0.55
829  1.00000000 0.4950786 0.025986586         1    0.20   0.25      0.55
830  1.00000000 0.4950786 0.025986586         1    0.20   0.25      0.55
831  0.37109375 0.4950786 0.025986586         1    0.20   0.25      0.55
832  1.00000000 0.4950786 0.025986586         1    0.20   0.25      0.55
833  0.35156250 0.4950786 0.025986586         1    0.20   0.25      0.55
834  0.13281250 0.4950786 0.025986586         1    0.20   0.25      0.55
835  1.00000000 0.4950786 0.025986586         1    0.20   0.25      0.55
836  1.00000000 0.4950786 0.025986586         1    0.20   0.25      0.55
837  0.07421875 0.4950786 0.025986586         1    0.20   0.25      0.55
838  1.00000000 0.4950786 0.025986586         1    0.20   0.25      0.55
839  1.00000000 0.4950786 0.025986586         1    0.20   0.25      0.55
840  1.00000000 0.4950786 0.025986586         1    0.20   0.25      0.55
841  1.00000000 0.4950786 0.025986586         1    0.20   0.25      0.55
842  0.03515625 0.4950786 0.025986586         1    0.20   0.25      0.55
843  0.29687500 0.4950786 0.025986586         1    0.20   0.25      0.55
844  1.00000000 0.4950786 0.025986586         1    0.20   0.25      0.55
845  0.17968750 0.4950786 0.025986586         1    0.20   0.25      0.55
846  1.00000000 0.4950786 0.025986586         1    0.20   0.25      0.55
847  1.00000000 0.4950786 0.025986586         1    0.20   0.25      0.55
848  1.00000000 0.4950786 0.025986586         1    0.20   0.25      0.55
849  0.18750000 0.4950786 0.025986586         1    0.20   0.25      0.55
850  0.10937500 0.4950786 0.025986586         1    0.20   0.25      0.55
851  1.00000000 0.4950786 0.025986586         1    0.20   0.25      0.55
852  1.00000000 0.4950786 0.025986586         1    0.20   0.25      0.55
853  0.10937500 0.4950786 0.025986586         1    0.20   0.25      0.55
854  1.00000000 0.4950786 0.025986586         1    0.20   0.25      0.55
855  0.25781250 0.4950786 0.025986586         1    0.20   0.25      0.55
856  1.00000000 0.4950786 0.025986586         1    0.20   0.25      0.55
857  1.00000000 0.4950786 0.025986586         1    0.20   0.25      0.55
858  1.00000000 0.4950786 0.025986586         1    0.20   0.25      0.55
859  1.00000000 0.4950786 0.025986586         1    0.20   0.25      0.55
860  0.12500000 0.4950786 0.025986586         1    0.20   0.25      0.55
861  1.00000000 0.4950786 0.025986586         1    0.20   0.25      0.55
862  0.14062500 0.4950786 0.025986586         1    0.20   0.25      0.55
863  1.00000000 0.4950786 0.025986586         1    0.20   0.25      0.55
864  0.07031250 0.4950786 0.025986586         1    0.20   0.25      0.55
865  1.00000000 0.4950786 0.025986586         1    0.20   0.25      0.55
866  1.00000000 0.4950786 0.025986586         1    0.20   0.25      0.55
867  1.00000000 0.4950786 0.025986586         1    0.20   0.25      0.55
868  0.07031250 0.4950786 0.025986586         1    0.20   0.25      0.55
869  1.00000000 0.4950786 0.025986586         1    0.20   0.25      0.55
870  0.08593750 0.4950786 0.025986586         1    0.20   0.25      0.55
871  1.00000000 0.4950786 0.025986586         1    0.20   0.25      0.55
872  1.00000000 0.4950786 0.025986586         1    0.20   0.25      0.55
873  0.05468750 0.4950786 0.025986586         1    0.20   0.25      0.55
874  0.10156250 0.4950786 0.025986586         1    0.20   0.25      0.55
875  1.00000000 0.4950786 0.025986586         1    0.20   0.25      0.55
876  1.00000000 0.4950786 0.025986586         1    0.20   0.25      0.55
877  0.09375000 0.4950786 0.025986586         1    0.20   0.25      0.55
878  1.00000000 0.4950786 0.025986586         1    0.20   0.25      0.55
879  0.14453125 0.4950786 0.025986586         1    0.20   0.25      0.55
880  1.00000000 0.4950786 0.025986586         1    0.20   0.25      0.55
881  1.00000000 0.4950786 0.025986586         1    0.20   0.25      0.55
882  1.00000000 0.4950786 0.025986586         1    0.20   0.25      0.55
883  0.12500000 0.4950786 0.025986586         1    0.20   0.25      0.55
884  1.00000000 0.4950786 0.025986586         1    0.20   0.25      0.55
885  0.46093750 0.4950786 0.025986586         1    0.20   0.25      0.55
886  0.05078125 0.4950786 0.025986586         1    0.20   0.25      0.55
887  0.12890625 0.4950786 0.025986586         1    0.20   0.25      0.55
888  0.22656250 0.4950786 0.025986586         1    0.20   0.25      0.55
889  0.12890625 0.4950786 0.025986586         1    0.20   0.25      0.55
890  1.00000000 0.4950786 0.025986586         1    0.20   0.25      0.55
891  1.00000000 0.4950786 0.025986586         1    0.20   0.25      0.55
892  1.00000000 0.4950786 0.025986586         1    0.20   0.25      0.55
893  0.22265625 0.4950786 0.025986586         1    0.20   0.25      0.55
894  0.24218750 0.4950786 0.025986586         1    0.20   0.25      0.55
895  0.13671875 0.4950786 0.025986586         1    0.20   0.25      0.55
896  0.16015625 0.4950786 0.025986586         1    0.20   0.25      0.55
897  0.37109375 0.4950786 0.025986586         1    0.20   0.25      0.55
898  0.29296875 0.4950786 0.025986586         1    0.20   0.25      0.55
899  1.00000000 0.4950786 0.025986586         1    0.20   0.25      0.55
900  1.00000000 0.4950786 0.025986586         1    0.20   0.25      0.55
901  1.00000000 0.4687640 0.012925960         1    0.32   0.16      0.52
902  1.00000000 0.4687640 0.012925960         1    0.32   0.16      0.52
903  0.04687500 0.4687640 0.012925960         1    0.32   0.16      0.52
904  0.01953125 0.4687640 0.012925960         1    0.32   0.16      0.52
905  1.00000000 0.4687640 0.012925960         1    0.32   0.16      0.52
906  0.21484375 0.4687640 0.012925960         1    0.32   0.16      0.52
907  1.00000000 0.4687640 0.012925960         1    0.32   0.16      0.52
908  0.14453125 0.4687640 0.012925960         1    0.32   0.16      0.52
909  0.09375000 0.4687640 0.012925960         1    0.32   0.16      0.52
910  1.00000000 0.4687640 0.012925960         1    0.32   0.16      0.52
911  1.00000000 0.4687640 0.012925960         1    0.32   0.16      0.52
912  0.23828125 0.4687640 0.012925960         1    0.32   0.16      0.52
913  0.15625000 0.4687640 0.012925960         1    0.32   0.16      0.52
914  1.00000000 0.4687640 0.012925960         1    0.32   0.16      0.52
915  1.00000000 0.4687640 0.012925960         1    0.32   0.16      0.52
916  1.00000000 0.4687640 0.012925960         1    0.32   0.16      0.52
917  0.03515625 0.4687640 0.012925960         1    0.32   0.16      0.52
918  1.00000000 0.4687640 0.012925960         1    0.32   0.16      0.52
919  0.03125000 0.4687640 0.012925960         1    0.32   0.16      0.52
920  0.51171875 0.4687640 0.012925960         1    0.32   0.16      0.52
921  1.00000000 0.4687640 0.012925960         1    0.32   0.16      0.52
922  0.04687500 0.4687640 0.012925960         1    0.32   0.16      0.52
923  1.00000000 0.4687640 0.012925960         1    0.32   0.16      0.52
924  0.03906250 0.4687640 0.012925960         1    0.32   0.16      0.52
925  0.02734375 0.4687640 0.012925960         1    0.32   0.16      0.52
926  1.00000000 0.4687640 0.012925960         1    0.32   0.16      0.52
927  0.15234375 0.4687640 0.012925960         1    0.32   0.16      0.52
928  0.06640625 0.4687640 0.012925960         1    0.32   0.16      0.52
929  0.03515625 0.4687640 0.012925960         1    0.32   0.16      0.52
930  0.06640625 0.4687640 0.012925960         1    0.32   0.16      0.52
931  0.06640625 0.4687640 0.012925960         1    0.32   0.16      0.52
932  1.00000000 0.4687640 0.012925960         1    0.32   0.16      0.52
933  1.00000000 0.4687640 0.012925960         1    0.32   0.16      0.52
934  1.00000000 0.4687640 0.012925960         1    0.32   0.16      0.52
935  1.00000000 0.4687640 0.012925960         1    0.32   0.16      0.52
936  1.00000000 0.4687640 0.012925960         1    0.32   0.16      0.52
937  1.00000000 0.4687640 0.012925960         1    0.32   0.16      0.52
938  1.00000000 0.4687640 0.012925960         1    0.32   0.16      0.52
939  1.00000000 0.4687640 0.012925960         1    0.32   0.16      0.52
940  0.03906250 0.4687640 0.012925960         1    0.32   0.16      0.52
941  0.04687500 0.4687640 0.012925960         1    0.32   0.16      0.52
942  0.07031250 0.4687640 0.012925960         1    0.32   0.16      0.52
943  1.00000000 0.4687640 0.012925960         1    0.32   0.16      0.52
944  0.04687500 0.4687640 0.012925960         1    0.32   0.16      0.52
945  1.00000000 0.4687640 0.012925960         1    0.32   0.16      0.52
946  0.03906250 0.4687640 0.012925960         1    0.32   0.16      0.52
947  1.00000000 0.4687640 0.012925960         1    0.32   0.16      0.52
948  0.06640625 0.4687640 0.012925960         1    0.32   0.16      0.52
949  0.05468750 0.4687640 0.012925960         1    0.32   0.16      0.52
950  0.04687500 0.4687640 0.012925960         1    0.32   0.16      0.52
951  0.03906250 0.4687640 0.012925960         1    0.32   0.16      0.52
952  0.20312500 0.4687640 0.012925960         1    0.32   0.16      0.52
953  0.07421875 0.4687640 0.012925960         1    0.32   0.16      0.52
954  1.00000000 0.4687640 0.012925960         1    0.32   0.16      0.52
955  1.00000000 0.4687640 0.012925960         1    0.32   0.16      0.52
956  1.00000000 0.4687640 0.012925960         1    0.32   0.16      0.52
957  1.00000000 0.4687640 0.012925960         1    0.32   0.16      0.52
958  0.10156250 0.4687640 0.012925960         1    0.32   0.16      0.52
959  0.02734375 0.4687640 0.012925960         1    0.32   0.16      0.52
960  1.00000000 0.4687640 0.012925960         1    0.32   0.16      0.52
961  1.00000000 0.4687640 0.012925960         1    0.32   0.16      0.52
962  1.00000000 0.4687640 0.012925960         1    0.32   0.16      0.52
963  1.00000000 0.4687640 0.012925960         1    0.32   0.16      0.52
964  1.00000000 0.4687640 0.012925960         1    0.32   0.16      0.52
965  1.00000000 0.4687640 0.012925960         1    0.32   0.16      0.52
966  0.04687500 0.4687640 0.012925960         1    0.32   0.16      0.52
967  0.03515625 0.4687640 0.012925960         1    0.32   0.16      0.52
968  1.00000000 0.4687640 0.012925960         1    0.32   0.16      0.52
969  1.00000000 0.4687640 0.012925960         1    0.32   0.16      0.52
970  1.00000000 0.4687640 0.012925960         1    0.32   0.16      0.52
971  0.10546875 0.4687640 0.012925960         1    0.32   0.16      0.52
972  0.11718750 0.4687640 0.012925960         1    0.32   0.16      0.52
973  0.07812500 0.4687640 0.012925960         1    0.32   0.16      0.52
974  0.16015625 0.4687640 0.012925960         1    0.32   0.16      0.52
975  1.00000000 0.4687640 0.012925960         1    0.32   0.16      0.52
976  1.00000000 0.4687640 0.012925960         1    0.32   0.16      0.52
977  1.00000000 0.4687640 0.012925960         1    0.32   0.16      0.52
978  1.00000000 0.4687640 0.012925960         1    0.32   0.16      0.52
979  0.00390625 0.4687640 0.012925960         1    0.32   0.16      0.52
980  1.00000000 0.4687640 0.012925960         1    0.32   0.16      0.52
981  0.14062500 0.4687640 0.012925960         1    0.32   0.16      0.52
982  1.00000000 0.4687640 0.012925960         1    0.32   0.16      0.52
983  0.05859375 0.4687640 0.012925960         1    0.32   0.16      0.52
984  0.02343750 0.4687640 0.012925960         1    0.32   0.16      0.52
985  0.17187500 0.4687640 0.012925960         1    0.32   0.16      0.52
986  0.08593750 0.4687640 0.012925960         1    0.32   0.16      0.52
987  0.04687500 0.4687640 0.012925960         1    0.32   0.16      0.52
988  1.00000000 0.4687640 0.012925960         1    0.32   0.16      0.52
989  1.00000000 0.4687640 0.012925960         1    0.32   0.16      0.52
990  1.00000000 0.4687640 0.012925960         1    0.32   0.16      0.52
991  1.00000000 0.4687640 0.012925960         1    0.32   0.16      0.52
992  1.00000000 0.4687640 0.012925960         1    0.32   0.16      0.52
993  1.00000000 0.4687640 0.012925960         1    0.32   0.16      0.52
994  1.00000000 0.4687640 0.012925960         1    0.32   0.16      0.52
995  0.03515625 0.4687640 0.012925960         1    0.32   0.16      0.52
996  1.00000000 0.4687640 0.012925960         1    0.32   0.16      0.52
997  0.05859375 0.4687640 0.012925960         1    0.32   0.16      0.52
998  1.00000000 0.4687640 0.012925960         1    0.32   0.16      0.52
999  0.07031250 0.4687640 0.012925960         1    0.32   0.16      0.52
1000 0.14843750 0.4687640 0.012925960         1    0.32   0.16      0.52
