      prop.aneu prob.meio   prob.mito dispersal euploid mosaic aneuploid
1    1.00000000 0.7352294 0.052790157         1    0.02   0.25      0.73
2    1.00000000 0.7352294 0.052790157         1    0.02   0.25      0.73
3    1.00000000 0.7352294 0.052790157         1    0.02   0.25      0.73
4    0.35546875 0.7352294 0.052790157         1    0.02   0.25      0.73
5    0.14453125 0.7352294 0.052790157         1    0.02   0.25      0.73
6    1.00000000 0.7352294 0.052790157         1    0.02   0.25      0.73
7    1.00000000 0.7352294 0.052790157         1    0.02   0.25      0.73
8    1.00000000 0.7352294 0.052790157         1    0.02   0.25      0.73
9    1.00000000 0.7352294 0.052790157         1    0.02   0.25      0.73
10   1.00000000 0.7352294 0.052790157         1    0.02   0.25      0.73
11   1.00000000 0.7352294 0.052790157         1    0.02   0.25      0.73
12   0.63281250 0.7352294 0.052790157         1    0.02   0.25      0.73
13   0.25781250 0.7352294 0.052790157         1    0.02   0.25      0.73
14   0.17578125 0.7352294 0.052790157         1    0.02   0.25      0.73
15   1.00000000 0.7352294 0.052790157         1    0.02   0.25      0.73
16   1.00000000 0.7352294 0.052790157         1    0.02   0.25      0.73
17   1.00000000 0.7352294 0.052790157         1    0.02   0.25      0.73
18   1.00000000 0.7352294 0.052790157         1    0.02   0.25      0.73
19   1.00000000 0.7352294 0.052790157         1    0.02   0.25      0.73
20   1.00000000 0.7352294 0.052790157         1    0.02   0.25      0.73
21   0.34765625 0.7352294 0.052790157         1    0.02   0.25      0.73
22   0.36718750 0.7352294 0.052790157         1    0.02   0.25      0.73
23   1.00000000 0.7352294 0.052790157         1    0.02   0.25      0.73
24   0.35156250 0.7352294 0.052790157         1    0.02   0.25      0.73
25   1.00000000 0.7352294 0.052790157         1    0.02   0.25      0.73
26   1.00000000 0.7352294 0.052790157         1    0.02   0.25      0.73
27   1.00000000 0.7352294 0.052790157         1    0.02   0.25      0.73
28   1.00000000 0.7352294 0.052790157         1    0.02   0.25      0.73
29   0.63281250 0.7352294 0.052790157         1    0.02   0.25      0.73
30   1.00000000 0.7352294 0.052790157         1    0.02   0.25      0.73
31   0.21484375 0.7352294 0.052790157         1    0.02   0.25      0.73
32   1.00000000 0.7352294 0.052790157         1    0.02   0.25      0.73
33   1.00000000 0.7352294 0.052790157         1    0.02   0.25      0.73
34   1.00000000 0.7352294 0.052790157         1    0.02   0.25      0.73
35   1.00000000 0.7352294 0.052790157         1    0.02   0.25      0.73
36   1.00000000 0.7352294 0.052790157         1    0.02   0.25      0.73
37   1.00000000 0.7352294 0.052790157         1    0.02   0.25      0.73
38   1.00000000 0.7352294 0.052790157         1    0.02   0.25      0.73
39   1.00000000 0.7352294 0.052790157         1    0.02   0.25      0.73
40   0.50000000 0.7352294 0.052790157         1    0.02   0.25      0.73
41   1.00000000 0.7352294 0.052790157         1    0.02   0.25      0.73
42   1.00000000 0.7352294 0.052790157         1    0.02   0.25      0.73
43   1.00000000 0.7352294 0.052790157         1    0.02   0.25      0.73
44   1.00000000 0.7352294 0.052790157         1    0.02   0.25      0.73
45   1.00000000 0.7352294 0.052790157         1    0.02   0.25      0.73
46   1.00000000 0.7352294 0.052790157         1    0.02   0.25      0.73
47   1.00000000 0.7352294 0.052790157         1    0.02   0.25      0.73
48   0.53125000 0.7352294 0.052790157         1    0.02   0.25      0.73
49   0.40625000 0.7352294 0.052790157         1    0.02   0.25      0.73
50   1.00000000 0.7352294 0.052790157         1    0.02   0.25      0.73
51   1.00000000 0.7352294 0.052790157         1    0.02   0.25      0.73
52   1.00000000 0.7352294 0.052790157         1    0.02   0.25      0.73
53   1.00000000 0.7352294 0.052790157         1    0.02   0.25      0.73
54   1.00000000 0.7352294 0.052790157         1    0.02   0.25      0.73
55   1.00000000 0.7352294 0.052790157         1    0.02   0.25      0.73
56   0.47656250 0.7352294 0.052790157         1    0.02   0.25      0.73
57   0.25781250 0.7352294 0.052790157         1    0.02   0.25      0.73
58   1.00000000 0.7352294 0.052790157         1    0.02   0.25      0.73
59   1.00000000 0.7352294 0.052790157         1    0.02   0.25      0.73
60   0.53515625 0.7352294 0.052790157         1    0.02   0.25      0.73
61   1.00000000 0.7352294 0.052790157         1    0.02   0.25      0.73
62   0.41015625 0.7352294 0.052790157         1    0.02   0.25      0.73
63   1.00000000 0.7352294 0.052790157         1    0.02   0.25      0.73
64   1.00000000 0.7352294 0.052790157         1    0.02   0.25      0.73
65   1.00000000 0.7352294 0.052790157         1    0.02   0.25      0.73
66   1.00000000 0.7352294 0.052790157         1    0.02   0.25      0.73
67   0.10937500 0.7352294 0.052790157         1    0.02   0.25      0.73
68   1.00000000 0.7352294 0.052790157         1    0.02   0.25      0.73
69   1.00000000 0.7352294 0.052790157         1    0.02   0.25      0.73
70   1.00000000 0.7352294 0.052790157         1    0.02   0.25      0.73
71   0.17968750 0.7352294 0.052790157         1    0.02   0.25      0.73
72   0.18750000 0.7352294 0.052790157         1    0.02   0.25      0.73
73   1.00000000 0.7352294 0.052790157         1    0.02   0.25      0.73
74   1.00000000 0.7352294 0.052790157         1    0.02   0.25      0.73
75   1.00000000 0.7352294 0.052790157         1    0.02   0.25      0.73
76   0.51171875 0.7352294 0.052790157         1    0.02   0.25      0.73
77   0.22656250 0.7352294 0.052790157         1    0.02   0.25      0.73
78   1.00000000 0.7352294 0.052790157         1    0.02   0.25      0.73
79   1.00000000 0.7352294 0.052790157         1    0.02   0.25      0.73
80   1.00000000 0.7352294 0.052790157         1    0.02   0.25      0.73
81   1.00000000 0.7352294 0.052790157         1    0.02   0.25      0.73
82   1.00000000 0.7352294 0.052790157         1    0.02   0.25      0.73
83   0.16015625 0.7352294 0.052790157         1    0.02   0.25      0.73
84   0.21875000 0.7352294 0.052790157         1    0.02   0.25      0.73
85   0.19531250 0.7352294 0.052790157         1    0.02   0.25      0.73
86   1.00000000 0.7352294 0.052790157         1    0.02   0.25      0.73
87   1.00000000 0.7352294 0.052790157         1    0.02   0.25      0.73
88   1.00000000 0.7352294 0.052790157         1    0.02   0.25      0.73
89   1.00000000 0.7352294 0.052790157         1    0.02   0.25      0.73
90   1.00000000 0.7352294 0.052790157         1    0.02   0.25      0.73
91   1.00000000 0.7352294 0.052790157         1    0.02   0.25      0.73
92   0.23046875 0.7352294 0.052790157         1    0.02   0.25      0.73
93   1.00000000 0.7352294 0.052790157         1    0.02   0.25      0.73
94   1.00000000 0.7352294 0.052790157         1    0.02   0.25      0.73
95   1.00000000 0.7352294 0.052790157         1    0.02   0.25      0.73
96   1.00000000 0.7352294 0.052790157         1    0.02   0.25      0.73
97   1.00000000 0.7352294 0.052790157         1    0.02   0.25      0.73
98   1.00000000 0.7352294 0.052790157         1    0.02   0.25      0.73
99   1.00000000 0.7352294 0.052790157         1    0.02   0.25      0.73
100  0.21484375 0.7352294 0.052790157         1    0.02   0.25      0.73
101  0.56250000 0.5773968 0.122392777         1    0.01   0.29      0.70
102  0.71484375 0.5773968 0.122392777         1    0.01   0.29      0.70
103  1.00000000 0.5773968 0.122392777         1    0.01   0.29      0.70
104  0.83984375 0.5773968 0.122392777         1    0.01   0.29      0.70
105  0.50781250 0.5773968 0.122392777         1    0.01   0.29      0.70
106  1.00000000 0.5773968 0.122392777         1    0.01   0.29      0.70
107  1.00000000 0.5773968 0.122392777         1    0.01   0.29      0.70
108  1.00000000 0.5773968 0.122392777         1    0.01   0.29      0.70
109  0.70312500 0.5773968 0.122392777         1    0.01   0.29      0.70
110  0.63671875 0.5773968 0.122392777         1    0.01   0.29      0.70
111  1.00000000 0.5773968 0.122392777         1    0.01   0.29      0.70
112  1.00000000 0.5773968 0.122392777         1    0.01   0.29      0.70
113  1.00000000 0.5773968 0.122392777         1    0.01   0.29      0.70
114  0.84765625 0.5773968 0.122392777         1    0.01   0.29      0.70
115  1.00000000 0.5773968 0.122392777         1    0.01   0.29      0.70
116  1.00000000 0.5773968 0.122392777         1    0.01   0.29      0.70
117  1.00000000 0.5773968 0.122392777         1    0.01   0.29      0.70
118  1.00000000 0.5773968 0.122392777         1    0.01   0.29      0.70
119  0.55468750 0.5773968 0.122392777         1    0.01   0.29      0.70
120  1.00000000 0.5773968 0.122392777         1    0.01   0.29      0.70
121  1.00000000 0.5773968 0.122392777         1    0.01   0.29      0.70
122  1.00000000 0.5773968 0.122392777         1    0.01   0.29      0.70
123  0.58593750 0.5773968 0.122392777         1    0.01   0.29      0.70
124  0.80859375 0.5773968 0.122392777         1    0.01   0.29      0.70
125  1.00000000 0.5773968 0.122392777         1    0.01   0.29      0.70
126  1.00000000 0.5773968 0.122392777         1    0.01   0.29      0.70
127  0.53906250 0.5773968 0.122392777         1    0.01   0.29      0.70
128  1.00000000 0.5773968 0.122392777         1    0.01   0.29      0.70
129  1.00000000 0.5773968 0.122392777         1    0.01   0.29      0.70
130  1.00000000 0.5773968 0.122392777         1    0.01   0.29      0.70
131  0.70703125 0.5773968 0.122392777         1    0.01   0.29      0.70
132  1.00000000 0.5773968 0.122392777         1    0.01   0.29      0.70
133  1.00000000 0.5773968 0.122392777         1    0.01   0.29      0.70
134  0.55078125 0.5773968 0.122392777         1    0.01   0.29      0.70
135  0.51953125 0.5773968 0.122392777         1    0.01   0.29      0.70
136  1.00000000 0.5773968 0.122392777         1    0.01   0.29      0.70
137  1.00000000 0.5773968 0.122392777         1    0.01   0.29      0.70
138  1.00000000 0.5773968 0.122392777         1    0.01   0.29      0.70
139  1.00000000 0.5773968 0.122392777         1    0.01   0.29      0.70
140  0.78125000 0.5773968 0.122392777         1    0.01   0.29      0.70
141  1.00000000 0.5773968 0.122392777         1    0.01   0.29      0.70
142  0.52734375 0.5773968 0.122392777         1    0.01   0.29      0.70
143  0.62109375 0.5773968 0.122392777         1    0.01   0.29      0.70
144  1.00000000 0.5773968 0.122392777         1    0.01   0.29      0.70
145  0.44140625 0.5773968 0.122392777         1    0.01   0.29      0.70
146  1.00000000 0.5773968 0.122392777         1    0.01   0.29      0.70
147  1.00000000 0.5773968 0.122392777         1    0.01   0.29      0.70
148  1.00000000 0.5773968 0.122392777         1    0.01   0.29      0.70
149  0.55078125 0.5773968 0.122392777         1    0.01   0.29      0.70
150  0.92968750 0.5773968 0.122392777         1    0.01   0.29      0.70
151  0.42578125 0.5773968 0.122392777         1    0.01   0.29      0.70
152  1.00000000 0.5773968 0.122392777         1    0.01   0.29      0.70
153  0.85156250 0.5773968 0.122392777         1    0.01   0.29      0.70
154  1.00000000 0.5773968 0.122392777         1    0.01   0.29      0.70
155  1.00000000 0.5773968 0.122392777         1    0.01   0.29      0.70
156  1.00000000 0.5773968 0.122392777         1    0.01   0.29      0.70
157  1.00000000 0.5773968 0.122392777         1    0.01   0.29      0.70
158  1.00000000 0.5773968 0.122392777         1    0.01   0.29      0.70
159  0.48437500 0.5773968 0.122392777         1    0.01   0.29      0.70
160  1.00000000 0.5773968 0.122392777         1    0.01   0.29      0.70
161  1.00000000 0.5773968 0.122392777         1    0.01   0.29      0.70
162  0.67187500 0.5773968 0.122392777         1    0.01   0.29      0.70
163  1.00000000 0.5773968 0.122392777         1    0.01   0.29      0.70
164  0.42187500 0.5773968 0.122392777         1    0.01   0.29      0.70
165  0.56640625 0.5773968 0.122392777         1    0.01   0.29      0.70
166  1.00000000 0.5773968 0.122392777         1    0.01   0.29      0.70
167  1.00000000 0.5773968 0.122392777         1    0.01   0.29      0.70
168  0.42578125 0.5773968 0.122392777         1    0.01   0.29      0.70
169  1.00000000 0.5773968 0.122392777         1    0.01   0.29      0.70
170  1.00000000 0.5773968 0.122392777         1    0.01   0.29      0.70
171  1.00000000 0.5773968 0.122392777         1    0.01   0.29      0.70
172  1.00000000 0.5773968 0.122392777         1    0.01   0.29      0.70
173  1.00000000 0.5773968 0.122392777         1    0.01   0.29      0.70
174  1.00000000 0.5773968 0.122392777         1    0.01   0.29      0.70
175  1.00000000 0.5773968 0.122392777         1    0.01   0.29      0.70
176  0.64453125 0.5773968 0.122392777         1    0.01   0.29      0.70
177  1.00000000 0.5773968 0.122392777         1    0.01   0.29      0.70
178  1.00000000 0.5773968 0.122392777         1    0.01   0.29      0.70
179  1.00000000 0.5773968 0.122392777         1    0.01   0.29      0.70
180  1.00000000 0.5773968 0.122392777         1    0.01   0.29      0.70
181  1.00000000 0.5773968 0.122392777         1    0.01   0.29      0.70
182  1.00000000 0.5773968 0.122392777         1    0.01   0.29      0.70
183  1.00000000 0.5773968 0.122392777         1    0.01   0.29      0.70
184  0.75390625 0.5773968 0.122392777         1    0.01   0.29      0.70
185  1.00000000 0.5773968 0.122392777         1    0.01   0.29      0.70
186  0.87890625 0.5773968 0.122392777         1    0.01   0.29      0.70
187  0.64062500 0.5773968 0.122392777         1    0.01   0.29      0.70
188  0.71875000 0.5773968 0.122392777         1    0.01   0.29      0.70
189  0.69531250 0.5773968 0.122392777         1    0.01   0.29      0.70
190  0.65234375 0.5773968 0.122392777         1    0.01   0.29      0.70
191  1.00000000 0.5773968 0.122392777         1    0.01   0.29      0.70
192  1.00000000 0.5773968 0.122392777         1    0.01   0.29      0.70
193  1.00000000 0.5773968 0.122392777         1    0.01   0.29      0.70
194  1.00000000 0.5773968 0.122392777         1    0.01   0.29      0.70
195  0.69531250 0.5773968 0.122392777         1    0.01   0.29      0.70
196  1.00000000 0.5773968 0.122392777         1    0.01   0.29      0.70
197  1.00000000 0.5773968 0.122392777         1    0.01   0.29      0.70
198  1.00000000 0.5773968 0.122392777         1    0.01   0.29      0.70
199  1.00000000 0.5773968 0.122392777         1    0.01   0.29      0.70
200  0.91796875 0.5773968 0.122392777         1    0.01   0.29      0.70
201  1.00000000 0.5802398 0.043408697         1    0.06   0.30      0.64
202  1.00000000 0.5802398 0.043408697         1    0.06   0.30      0.64
203  1.00000000 0.5802398 0.043408697         1    0.06   0.30      0.64
204  0.16015625 0.5802398 0.043408697         1    0.06   0.30      0.64
205  0.15625000 0.5802398 0.043408697         1    0.06   0.30      0.64
206  0.21875000 0.5802398 0.043408697         1    0.06   0.30      0.64
207  1.00000000 0.5802398 0.043408697         1    0.06   0.30      0.64
208  1.00000000 0.5802398 0.043408697         1    0.06   0.30      0.64
209  0.55468750 0.5802398 0.043408697         1    0.06   0.30      0.64
210  0.35546875 0.5802398 0.043408697         1    0.06   0.30      0.64
211  1.00000000 0.5802398 0.043408697         1    0.06   0.30      0.64
212  1.00000000 0.5802398 0.043408697         1    0.06   0.30      0.64
213  1.00000000 0.5802398 0.043408697         1    0.06   0.30      0.64
214  0.35546875 0.5802398 0.043408697         1    0.06   0.30      0.64
215  0.11718750 0.5802398 0.043408697         1    0.06   0.30      0.64
216  1.00000000 0.5802398 0.043408697         1    0.06   0.30      0.64
217  1.00000000 0.5802398 0.043408697         1    0.06   0.30      0.64
218  0.39062500 0.5802398 0.043408697         1    0.06   0.30      0.64
219  1.00000000 0.5802398 0.043408697         1    0.06   0.30      0.64
220  1.00000000 0.5802398 0.043408697         1    0.06   0.30      0.64
221  0.26171875 0.5802398 0.043408697         1    0.06   0.30      0.64
222  0.21875000 0.5802398 0.043408697         1    0.06   0.30      0.64
223  1.00000000 0.5802398 0.043408697         1    0.06   0.30      0.64
224  0.28125000 0.5802398 0.043408697         1    0.06   0.30      0.64
225  1.00000000 0.5802398 0.043408697         1    0.06   0.30      0.64
226  1.00000000 0.5802398 0.043408697         1    0.06   0.30      0.64
227  1.00000000 0.5802398 0.043408697         1    0.06   0.30      0.64
228  1.00000000 0.5802398 0.043408697         1    0.06   0.30      0.64
229  1.00000000 0.5802398 0.043408697         1    0.06   0.30      0.64
230  1.00000000 0.5802398 0.043408697         1    0.06   0.30      0.64
231  1.00000000 0.5802398 0.043408697         1    0.06   0.30      0.64
232  1.00000000 0.5802398 0.043408697         1    0.06   0.30      0.64
233  1.00000000 0.5802398 0.043408697         1    0.06   0.30      0.64
234  1.00000000 0.5802398 0.043408697         1    0.06   0.30      0.64
235  0.17968750 0.5802398 0.043408697         1    0.06   0.30      0.64
236  1.00000000 0.5802398 0.043408697         1    0.06   0.30      0.64
237  0.28125000 0.5802398 0.043408697         1    0.06   0.30      0.64
238  0.48828125 0.5802398 0.043408697         1    0.06   0.30      0.64
239  0.47265625 0.5802398 0.043408697         1    0.06   0.30      0.64
240  1.00000000 0.5802398 0.043408697         1    0.06   0.30      0.64
241  0.29687500 0.5802398 0.043408697         1    0.06   0.30      0.64
242  0.20703125 0.5802398 0.043408697         1    0.06   0.30      0.64
243  1.00000000 0.5802398 0.043408697         1    0.06   0.30      0.64
244  1.00000000 0.5802398 0.043408697         1    0.06   0.30      0.64
245  1.00000000 0.5802398 0.043408697         1    0.06   0.30      0.64
246  1.00000000 0.5802398 0.043408697         1    0.06   0.30      0.64
247  1.00000000 0.5802398 0.043408697         1    0.06   0.30      0.64
248  0.33984375 0.5802398 0.043408697         1    0.06   0.30      0.64
249  1.00000000 0.5802398 0.043408697         1    0.06   0.30      0.64
250  0.11328125 0.5802398 0.043408697         1    0.06   0.30      0.64
251  1.00000000 0.5802398 0.043408697         1    0.06   0.30      0.64
252  1.00000000 0.5802398 0.043408697         1    0.06   0.30      0.64
253  1.00000000 0.5802398 0.043408697         1    0.06   0.30      0.64
254  1.00000000 0.5802398 0.043408697         1    0.06   0.30      0.64
255  1.00000000 0.5802398 0.043408697         1    0.06   0.30      0.64
256  1.00000000 0.5802398 0.043408697         1    0.06   0.30      0.64
257  1.00000000 0.5802398 0.043408697         1    0.06   0.30      0.64
258  1.00000000 0.5802398 0.043408697         1    0.06   0.30      0.64
259  0.33593750 0.5802398 0.043408697         1    0.06   0.30      0.64
260  1.00000000 0.5802398 0.043408697         1    0.06   0.30      0.64
261  1.00000000 0.5802398 0.043408697         1    0.06   0.30      0.64
262  1.00000000 0.5802398 0.043408697         1    0.06   0.30      0.64
263  1.00000000 0.5802398 0.043408697         1    0.06   0.30      0.64
264  0.20312500 0.5802398 0.043408697         1    0.06   0.30      0.64
265  0.12890625 0.5802398 0.043408697         1    0.06   0.30      0.64
266  1.00000000 0.5802398 0.043408697         1    0.06   0.30      0.64
267  1.00000000 0.5802398 0.043408697         1    0.06   0.30      0.64
268  0.27343750 0.5802398 0.043408697         1    0.06   0.30      0.64
269  0.19531250 0.5802398 0.043408697         1    0.06   0.30      0.64
270  0.48437500 0.5802398 0.043408697         1    0.06   0.30      0.64
271  0.21093750 0.5802398 0.043408697         1    0.06   0.30      0.64
272  1.00000000 0.5802398 0.043408697         1    0.06   0.30      0.64
273  0.17187500 0.5802398 0.043408697         1    0.06   0.30      0.64
274  1.00000000 0.5802398 0.043408697         1    0.06   0.30      0.64
275  1.00000000 0.5802398 0.043408697         1    0.06   0.30      0.64
276  0.13281250 0.5802398 0.043408697         1    0.06   0.30      0.64
277  0.58984375 0.5802398 0.043408697         1    0.06   0.30      0.64
278  1.00000000 0.5802398 0.043408697         1    0.06   0.30      0.64
279  1.00000000 0.5802398 0.043408697         1    0.06   0.30      0.64
280  1.00000000 0.5802398 0.043408697         1    0.06   0.30      0.64
281  1.00000000 0.5802398 0.043408697         1    0.06   0.30      0.64
282  0.39062500 0.5802398 0.043408697         1    0.06   0.30      0.64
283  1.00000000 0.5802398 0.043408697         1    0.06   0.30      0.64
284  1.00000000 0.5802398 0.043408697         1    0.06   0.30      0.64
285  1.00000000 0.5802398 0.043408697         1    0.06   0.30      0.64
286  0.33984375 0.5802398 0.043408697         1    0.06   0.30      0.64
287  0.38281250 0.5802398 0.043408697         1    0.06   0.30      0.64
288  1.00000000 0.5802398 0.043408697         1    0.06   0.30      0.64
289  1.00000000 0.5802398 0.043408697         1    0.06   0.30      0.64
290  1.00000000 0.5802398 0.043408697         1    0.06   0.30      0.64
291  1.00000000 0.5802398 0.043408697         1    0.06   0.30      0.64
292  1.00000000 0.5802398 0.043408697         1    0.06   0.30      0.64
293  1.00000000 0.5802398 0.043408697         1    0.06   0.30      0.64
294  1.00000000 0.5802398 0.043408697         1    0.06   0.30      0.64
295  1.00000000 0.5802398 0.043408697         1    0.06   0.30      0.64
296  0.15625000 0.5802398 0.043408697         1    0.06   0.30      0.64
297  0.28906250 0.5802398 0.043408697         1    0.06   0.30      0.64
298  0.59375000 0.5802398 0.043408697         1    0.06   0.30      0.64
299  0.37500000 0.5802398 0.043408697         1    0.06   0.30      0.64
300  1.00000000 0.5802398 0.043408697         1    0.06   0.30      0.64
301  0.92187500 0.6283389 0.162045780         1    0.01   0.32      0.67
302  0.62500000 0.6283389 0.162045780         1    0.01   0.32      0.67
303  1.00000000 0.6283389 0.162045780         1    0.01   0.32      0.67
304  0.77734375 0.6283389 0.162045780         1    0.01   0.32      0.67
305  1.00000000 0.6283389 0.162045780         1    0.01   0.32      0.67
306  1.00000000 0.6283389 0.162045780         1    0.01   0.32      0.67
307  0.57812500 0.6283389 0.162045780         1    0.01   0.32      0.67
308  0.81640625 0.6283389 0.162045780         1    0.01   0.32      0.67
309  0.83984375 0.6283389 0.162045780         1    0.01   0.32      0.67
310  1.00000000 0.6283389 0.162045780         1    0.01   0.32      0.67
311  1.00000000 0.6283389 0.162045780         1    0.01   0.32      0.67
312  0.82421875 0.6283389 0.162045780         1    0.01   0.32      0.67
313  1.00000000 0.6283389 0.162045780         1    0.01   0.32      0.67
314  0.75000000 0.6283389 0.162045780         1    0.01   0.32      0.67
315  1.00000000 0.6283389 0.162045780         1    0.01   0.32      0.67
316  0.86718750 0.6283389 0.162045780         1    0.01   0.32      0.67
317  1.00000000 0.6283389 0.162045780         1    0.01   0.32      0.67
318  0.90234375 0.6283389 0.162045780         1    0.01   0.32      0.67
319  1.00000000 0.6283389 0.162045780         1    0.01   0.32      0.67
320  1.00000000 0.6283389 0.162045780         1    0.01   0.32      0.67
321  0.66796875 0.6283389 0.162045780         1    0.01   0.32      0.67
322  0.58593750 0.6283389 0.162045780         1    0.01   0.32      0.67
323  0.86328125 0.6283389 0.162045780         1    0.01   0.32      0.67
324  0.74218750 0.6283389 0.162045780         1    0.01   0.32      0.67
325  1.00000000 0.6283389 0.162045780         1    0.01   0.32      0.67
326  1.00000000 0.6283389 0.162045780         1    0.01   0.32      0.67
327  1.00000000 0.6283389 0.162045780         1    0.01   0.32      0.67
328  0.62109375 0.6283389 0.162045780         1    0.01   0.32      0.67
329  1.00000000 0.6283389 0.162045780         1    0.01   0.32      0.67
330  0.62500000 0.6283389 0.162045780         1    0.01   0.32      0.67
331  1.00000000 0.6283389 0.162045780         1    0.01   0.32      0.67
332  0.63671875 0.6283389 0.162045780         1    0.01   0.32      0.67
333  0.80468750 0.6283389 0.162045780         1    0.01   0.32      0.67
334  1.00000000 0.6283389 0.162045780         1    0.01   0.32      0.67
335  0.91796875 0.6283389 0.162045780         1    0.01   0.32      0.67
336  1.00000000 0.6283389 0.162045780         1    0.01   0.32      0.67
337  1.00000000 0.6283389 0.162045780         1    0.01   0.32      0.67
338  1.00000000 0.6283389 0.162045780         1    0.01   0.32      0.67
339  1.00000000 0.6283389 0.162045780         1    0.01   0.32      0.67
340  1.00000000 0.6283389 0.162045780         1    0.01   0.32      0.67
341  1.00000000 0.6283389 0.162045780         1    0.01   0.32      0.67
342  0.72265625 0.6283389 0.162045780         1    0.01   0.32      0.67
343  1.00000000 0.6283389 0.162045780         1    0.01   0.32      0.67
344  0.79687500 0.6283389 0.162045780         1    0.01   0.32      0.67
345  1.00000000 0.6283389 0.162045780         1    0.01   0.32      0.67
346  1.00000000 0.6283389 0.162045780         1    0.01   0.32      0.67
347  1.00000000 0.6283389 0.162045780         1    0.01   0.32      0.67
348  1.00000000 0.6283389 0.162045780         1    0.01   0.32      0.67
349  1.00000000 0.6283389 0.162045780         1    0.01   0.32      0.67
350  1.00000000 0.6283389 0.162045780         1    0.01   0.32      0.67
351  1.00000000 0.6283389 0.162045780         1    0.01   0.32      0.67
352  1.00000000 0.6283389 0.162045780         1    0.01   0.32      0.67
353  0.54296875 0.6283389 0.162045780         1    0.01   0.32      0.67
354  0.91796875 0.6283389 0.162045780         1    0.01   0.32      0.67
355  1.00000000 0.6283389 0.162045780         1    0.01   0.32      0.67
356  0.73437500 0.6283389 0.162045780         1    0.01   0.32      0.67
357  0.96093750 0.6283389 0.162045780         1    0.01   0.32      0.67
358  0.85546875 0.6283389 0.162045780         1    0.01   0.32      0.67
359  0.73046875 0.6283389 0.162045780         1    0.01   0.32      0.67
360  1.00000000 0.6283389 0.162045780         1    0.01   0.32      0.67
361  0.65625000 0.6283389 0.162045780         1    0.01   0.32      0.67
362  0.62890625 0.6283389 0.162045780         1    0.01   0.32      0.67
363  0.82031250 0.6283389 0.162045780         1    0.01   0.32      0.67
364  0.73046875 0.6283389 0.162045780         1    0.01   0.32      0.67
365  0.75781250 0.6283389 0.162045780         1    0.01   0.32      0.67
366  0.50781250 0.6283389 0.162045780         1    0.01   0.32      0.67
367  1.00000000 0.6283389 0.162045780         1    0.01   0.32      0.67
368  0.85937500 0.6283389 0.162045780         1    0.01   0.32      0.67
369  1.00000000 0.6283389 0.162045780         1    0.01   0.32      0.67
370  1.00000000 0.6283389 0.162045780         1    0.01   0.32      0.67
371  1.00000000 0.6283389 0.162045780         1    0.01   0.32      0.67
372  1.00000000 0.6283389 0.162045780         1    0.01   0.32      0.67
373  1.00000000 0.6283389 0.162045780         1    0.01   0.32      0.67
374  1.00000000 0.6283389 0.162045780         1    0.01   0.32      0.67
375  1.00000000 0.6283389 0.162045780         1    0.01   0.32      0.67
376  1.00000000 0.6283389 0.162045780         1    0.01   0.32      0.67
377  0.58984375 0.6283389 0.162045780         1    0.01   0.32      0.67
378  1.00000000 0.6283389 0.162045780         1    0.01   0.32      0.67
379  1.00000000 0.6283389 0.162045780         1    0.01   0.32      0.67
380  1.00000000 0.6283389 0.162045780         1    0.01   0.32      0.67
381  1.00000000 0.6283389 0.162045780         1    0.01   0.32      0.67
382  0.83593750 0.6283389 0.162045780         1    0.01   0.32      0.67
383  0.87109375 0.6283389 0.162045780         1    0.01   0.32      0.67
384  1.00000000 0.6283389 0.162045780         1    0.01   0.32      0.67
385  1.00000000 0.6283389 0.162045780         1    0.01   0.32      0.67
386  1.00000000 0.6283389 0.162045780         1    0.01   0.32      0.67
387  0.65234375 0.6283389 0.162045780         1    0.01   0.32      0.67
388  1.00000000 0.6283389 0.162045780         1    0.01   0.32      0.67
389  1.00000000 0.6283389 0.162045780         1    0.01   0.32      0.67
390  1.00000000 0.6283389 0.162045780         1    0.01   0.32      0.67
391  0.69531250 0.6283389 0.162045780         1    0.01   0.32      0.67
392  1.00000000 0.6283389 0.162045780         1    0.01   0.32      0.67
393  1.00000000 0.6283389 0.162045780         1    0.01   0.32      0.67
394  0.83593750 0.6283389 0.162045780         1    0.01   0.32      0.67
395  0.70703125 0.6283389 0.162045780         1    0.01   0.32      0.67
396  1.00000000 0.6283389 0.162045780         1    0.01   0.32      0.67
397  1.00000000 0.6283389 0.162045780         1    0.01   0.32      0.67
398  1.00000000 0.6283389 0.162045780         1    0.01   0.32      0.67
399  0.79687500 0.6283389 0.162045780         1    0.01   0.32      0.67
400  0.70312500 0.6283389 0.162045780         1    0.01   0.32      0.67
401  1.00000000 0.7364950 0.009788755         1    0.25   0.10      0.65
402  1.00000000 0.7364950 0.009788755         1    0.25   0.10      0.65
403  0.11328125 0.7364950 0.009788755         1    0.25   0.10      0.65
404  1.00000000 0.7364950 0.009788755         1    0.25   0.10      0.65
405  0.03906250 0.7364950 0.009788755         1    0.25   0.10      0.65
406  1.00000000 0.7364950 0.009788755         1    0.25   0.10      0.65
407  1.00000000 0.7364950 0.009788755         1    0.25   0.10      0.65
408  0.05468750 0.7364950 0.009788755         1    0.25   0.10      0.65
409  0.08593750 0.7364950 0.009788755         1    0.25   0.10      0.65
410  0.04296875 0.7364950 0.009788755         1    0.25   0.10      0.65
411  0.03125000 0.7364950 0.009788755         1    0.25   0.10      0.65
412  1.00000000 0.7364950 0.009788755         1    0.25   0.10      0.65
413  0.30468750 0.7364950 0.009788755         1    0.25   0.10      0.65
414  0.03906250 0.7364950 0.009788755         1    0.25   0.10      0.65
415  0.05468750 0.7364950 0.009788755         1    0.25   0.10      0.65
416  1.00000000 0.7364950 0.009788755         1    0.25   0.10      0.65
417  1.00000000 0.7364950 0.009788755         1    0.25   0.10      0.65
418  1.00000000 0.7364950 0.009788755         1    0.25   0.10      0.65
419  1.00000000 0.7364950 0.009788755         1    0.25   0.10      0.65
420  1.00000000 0.7364950 0.009788755         1    0.25   0.10      0.65
421  1.00000000 0.7364950 0.009788755         1    0.25   0.10      0.65
422  1.00000000 0.7364950 0.009788755         1    0.25   0.10      0.65
423  1.00000000 0.7364950 0.009788755         1    0.25   0.10      0.65
424  0.01953125 0.7364950 0.009788755         1    0.25   0.10      0.65
425  0.02343750 0.7364950 0.009788755         1    0.25   0.10      0.65
426  1.00000000 0.7364950 0.009788755         1    0.25   0.10      0.65
427  1.00000000 0.7364950 0.009788755         1    0.25   0.10      0.65
428  1.00000000 0.7364950 0.009788755         1    0.25   0.10      0.65
429  0.01171875 0.7364950 0.009788755         1    0.25   0.10      0.65
430  1.00000000 0.7364950 0.009788755         1    0.25   0.10      0.65
431  1.00000000 0.7364950 0.009788755         1    0.25   0.10      0.65
432  1.00000000 0.7364950 0.009788755         1    0.25   0.10      0.65
433  1.00000000 0.7364950 0.009788755         1    0.25   0.10      0.65
434  0.52343750 0.7364950 0.009788755         1    0.25   0.10      0.65
435  0.03125000 0.7364950 0.009788755         1    0.25   0.10      0.65
436  1.00000000 0.7364950 0.009788755         1    0.25   0.10      0.65
437  1.00000000 0.7364950 0.009788755         1    0.25   0.10      0.65
438  1.00000000 0.7364950 0.009788755         1    0.25   0.10      0.65
439  1.00000000 0.7364950 0.009788755         1    0.25   0.10      0.65
440  1.00000000 0.7364950 0.009788755         1    0.25   0.10      0.65
441  1.00000000 0.7364950 0.009788755         1    0.25   0.10      0.65
442  0.05078125 0.7364950 0.009788755         1    0.25   0.10      0.65
443  1.00000000 0.7364950 0.009788755         1    0.25   0.10      0.65
444  1.00000000 0.7364950 0.009788755         1    0.25   0.10      0.65
445  0.00781250 0.7364950 0.009788755         1    0.25   0.10      0.65
446  1.00000000 0.7364950 0.009788755         1    0.25   0.10      0.65
447  1.00000000 0.7364950 0.009788755         1    0.25   0.10      0.65
448  0.01171875 0.7364950 0.009788755         1    0.25   0.10      0.65
449  1.00000000 0.7364950 0.009788755         1    0.25   0.10      0.65
450  1.00000000 0.7364950 0.009788755         1    0.25   0.10      0.65
451  1.00000000 0.7364950 0.009788755         1    0.25   0.10      0.65
452  0.19921875 0.7364950 0.009788755         1    0.25   0.10      0.65
453  0.15625000 0.7364950 0.009788755         1    0.25   0.10      0.65
454  0.01953125 0.7364950 0.009788755         1    0.25   0.10      0.65
455  0.02734375 0.7364950 0.009788755         1    0.25   0.10      0.65
456  1.00000000 0.7364950 0.009788755         1    0.25   0.10      0.65
457  1.00000000 0.7364950 0.009788755         1    0.25   0.10      0.65
458  0.13671875 0.7364950 0.009788755         1    0.25   0.10      0.65
459  1.00000000 0.7364950 0.009788755         1    0.25   0.10      0.65
460  0.01953125 0.7364950 0.009788755         1    0.25   0.10      0.65
461  1.00000000 0.7364950 0.009788755         1    0.25   0.10      0.65
462  0.03515625 0.7364950 0.009788755         1    0.25   0.10      0.65
463  1.00000000 0.7364950 0.009788755         1    0.25   0.10      0.65
464  1.00000000 0.7364950 0.009788755         1    0.25   0.10      0.65
465  1.00000000 0.7364950 0.009788755         1    0.25   0.10      0.65
466  0.14062500 0.7364950 0.009788755         1    0.25   0.10      0.65
467  1.00000000 0.7364950 0.009788755         1    0.25   0.10      0.65
468  1.00000000 0.7364950 0.009788755         1    0.25   0.10      0.65
469  1.00000000 0.7364950 0.009788755         1    0.25   0.10      0.65
470  1.00000000 0.7364950 0.009788755         1    0.25   0.10      0.65
471  1.00000000 0.7364950 0.009788755         1    0.25   0.10      0.65
472  1.00000000 0.7364950 0.009788755         1    0.25   0.10      0.65
473  1.00000000 0.7364950 0.009788755         1    0.25   0.10      0.65
474  1.00000000 0.7364950 0.009788755         1    0.25   0.10      0.65
475  1.00000000 0.7364950 0.009788755         1    0.25   0.10      0.65
476  0.04296875 0.7364950 0.009788755         1    0.25   0.10      0.65
477  0.01562500 0.7364950 0.009788755         1    0.25   0.10      0.65
478  1.00000000 0.7364950 0.009788755         1    0.25   0.10      0.65
479  1.00000000 0.7364950 0.009788755         1    0.25   0.10      0.65
480  0.14843750 0.7364950 0.009788755         1    0.25   0.10      0.65
481  1.00000000 0.7364950 0.009788755         1    0.25   0.10      0.65
482  1.00000000 0.7364950 0.009788755         1    0.25   0.10      0.65
483  0.05468750 0.7364950 0.009788755         1    0.25   0.10      0.65
484  0.02343750 0.7364950 0.009788755         1    0.25   0.10      0.65
485  0.06640625 0.7364950 0.009788755         1    0.25   0.10      0.65
486  1.00000000 0.7364950 0.009788755         1    0.25   0.10      0.65
487  1.00000000 0.7364950 0.009788755         1    0.25   0.10      0.65
488  0.02343750 0.7364950 0.009788755         1    0.25   0.10      0.65
489  1.00000000 0.7364950 0.009788755         1    0.25   0.10      0.65
490  0.08203125 0.7364950 0.009788755         1    0.25   0.10      0.65
491  1.00000000 0.7364950 0.009788755         1    0.25   0.10      0.65
492  1.00000000 0.7364950 0.009788755         1    0.25   0.10      0.65
493  1.00000000 0.7364950 0.009788755         1    0.25   0.10      0.65
494  1.00000000 0.7364950 0.009788755         1    0.25   0.10      0.65
495  1.00000000 0.7364950 0.009788755         1    0.25   0.10      0.65
496  0.03125000 0.7364950 0.009788755         1    0.25   0.10      0.65
497  1.00000000 0.7364950 0.009788755         1    0.25   0.10      0.65
498  0.25390625 0.7364950 0.009788755         1    0.25   0.10      0.65
499  1.00000000 0.7364950 0.009788755         1    0.25   0.10      0.65
500  1.00000000 0.7364950 0.009788755         1    0.25   0.10      0.65
501  1.00000000 0.4393749 0.009874281         1    0.45   0.11      0.44
502  0.02343750 0.4393749 0.009874281         1    0.45   0.11      0.44
503  1.00000000 0.4393749 0.009874281         1    0.45   0.11      0.44
504  0.06640625 0.4393749 0.009874281         1    0.45   0.11      0.44
505  1.00000000 0.4393749 0.009874281         1    0.45   0.11      0.44
506  1.00000000 0.4393749 0.009874281         1    0.45   0.11      0.44
507  1.00000000 0.4393749 0.009874281         1    0.45   0.11      0.44
508  0.00781250 0.4393749 0.009874281         1    0.45   0.11      0.44
509  0.19921875 0.4393749 0.009874281         1    0.45   0.11      0.44
510  1.00000000 0.4393749 0.009874281         1    0.45   0.11      0.44
511  0.09375000 0.4393749 0.009874281         1    0.45   0.11      0.44
512  0.13671875 0.4393749 0.009874281         1    0.45   0.11      0.44
513  0.07031250 0.4393749 0.009874281         1    0.45   0.11      0.44
514  1.00000000 0.4393749 0.009874281         1    0.45   0.11      0.44
515  0.02734375 0.4393749 0.009874281         1    0.45   0.11      0.44
516  0.03125000 0.4393749 0.009874281         1    0.45   0.11      0.44
517  0.05468750 0.4393749 0.009874281         1    0.45   0.11      0.44
518  1.00000000 0.4393749 0.009874281         1    0.45   0.11      0.44
519  0.07421875 0.4393749 0.009874281         1    0.45   0.11      0.44
520  1.00000000 0.4393749 0.009874281         1    0.45   0.11      0.44
521  1.00000000 0.4393749 0.009874281         1    0.45   0.11      0.44
522  0.06250000 0.4393749 0.009874281         1    0.45   0.11      0.44
523  0.15234375 0.4393749 0.009874281         1    0.45   0.11      0.44
524  1.00000000 0.4393749 0.009874281         1    0.45   0.11      0.44
525  0.01562500 0.4393749 0.009874281         1    0.45   0.11      0.44
526  0.01562500 0.4393749 0.009874281         1    0.45   0.11      0.44
527  1.00000000 0.4393749 0.009874281         1    0.45   0.11      0.44
528  1.00000000 0.4393749 0.009874281         1    0.45   0.11      0.44
529  1.00000000 0.4393749 0.009874281         1    0.45   0.11      0.44
530  0.02343750 0.4393749 0.009874281         1    0.45   0.11      0.44
531  1.00000000 0.4393749 0.009874281         1    0.45   0.11      0.44
532  1.00000000 0.4393749 0.009874281         1    0.45   0.11      0.44
533  1.00000000 0.4393749 0.009874281         1    0.45   0.11      0.44
534  0.13671875 0.4393749 0.009874281         1    0.45   0.11      0.44
535  0.03125000 0.4393749 0.009874281         1    0.45   0.11      0.44
536  0.01953125 0.4393749 0.009874281         1    0.45   0.11      0.44
537  0.05468750 0.4393749 0.009874281         1    0.45   0.11      0.44
538  1.00000000 0.4393749 0.009874281         1    0.45   0.11      0.44
539  0.02343750 0.4393749 0.009874281         1    0.45   0.11      0.44
540  1.00000000 0.4393749 0.009874281         1    0.45   0.11      0.44
541  0.02343750 0.4393749 0.009874281         1    0.45   0.11      0.44
542  0.01562500 0.4393749 0.009874281         1    0.45   0.11      0.44
543  0.05468750 0.4393749 0.009874281         1    0.45   0.11      0.44
544  1.00000000 0.4393749 0.009874281         1    0.45   0.11      0.44
545  1.00000000 0.4393749 0.009874281         1    0.45   0.11      0.44
546  0.03515625 0.4393749 0.009874281         1    0.45   0.11      0.44
547  1.00000000 0.4393749 0.009874281         1    0.45   0.11      0.44
548  0.01953125 0.4393749 0.009874281         1    0.45   0.11      0.44
549  0.14453125 0.4393749 0.009874281         1    0.45   0.11      0.44
550  1.00000000 0.4393749 0.009874281         1    0.45   0.11      0.44
551  0.05468750 0.4393749 0.009874281         1    0.45   0.11      0.44
552  0.13281250 0.4393749 0.009874281         1    0.45   0.11      0.44
553  0.01562500 0.4393749 0.009874281         1    0.45   0.11      0.44
554  0.07031250 0.4393749 0.009874281         1    0.45   0.11      0.44
555  0.25781250 0.4393749 0.009874281         1    0.45   0.11      0.44
556  0.05468750 0.4393749 0.009874281         1    0.45   0.11      0.44
557  0.03125000 0.4393749 0.009874281         1    0.45   0.11      0.44
558  0.06640625 0.4393749 0.009874281         1    0.45   0.11      0.44
559  1.00000000 0.4393749 0.009874281         1    0.45   0.11      0.44
560  1.00000000 0.4393749 0.009874281         1    0.45   0.11      0.44
561  1.00000000 0.4393749 0.009874281         1    0.45   0.11      0.44
562  0.05859375 0.4393749 0.009874281         1    0.45   0.11      0.44
563  0.01171875 0.4393749 0.009874281         1    0.45   0.11      0.44
564  1.00000000 0.4393749 0.009874281         1    0.45   0.11      0.44
565  1.00000000 0.4393749 0.009874281         1    0.45   0.11      0.44
566  1.00000000 0.4393749 0.009874281         1    0.45   0.11      0.44
567  1.00000000 0.4393749 0.009874281         1    0.45   0.11      0.44
568  0.02343750 0.4393749 0.009874281         1    0.45   0.11      0.44
569  0.11718750 0.4393749 0.009874281         1    0.45   0.11      0.44
570  0.00390625 0.4393749 0.009874281         1    0.45   0.11      0.44
571  1.00000000 0.4393749 0.009874281         1    0.45   0.11      0.44
572  1.00000000 0.4393749 0.009874281         1    0.45   0.11      0.44
573  1.00000000 0.4393749 0.009874281         1    0.45   0.11      0.44
574  0.03906250 0.4393749 0.009874281         1    0.45   0.11      0.44
575  0.05468750 0.4393749 0.009874281         1    0.45   0.11      0.44
576  0.08984375 0.4393749 0.009874281         1    0.45   0.11      0.44
577  0.27734375 0.4393749 0.009874281         1    0.45   0.11      0.44
578  1.00000000 0.4393749 0.009874281         1    0.45   0.11      0.44
579  0.01953125 0.4393749 0.009874281         1    0.45   0.11      0.44
580  0.01953125 0.4393749 0.009874281         1    0.45   0.11      0.44
581  0.00390625 0.4393749 0.009874281         1    0.45   0.11      0.44
582  1.00000000 0.4393749 0.009874281         1    0.45   0.11      0.44
583  1.00000000 0.4393749 0.009874281         1    0.45   0.11      0.44
584  1.00000000 0.4393749 0.009874281         1    0.45   0.11      0.44
585  0.04296875 0.4393749 0.009874281         1    0.45   0.11      0.44
586  0.02734375 0.4393749 0.009874281         1    0.45   0.11      0.44
587  0.02734375 0.4393749 0.009874281         1    0.45   0.11      0.44
588  0.02343750 0.4393749 0.009874281         1    0.45   0.11      0.44
589  0.07812500 0.4393749 0.009874281         1    0.45   0.11      0.44
590  0.01953125 0.4393749 0.009874281         1    0.45   0.11      0.44
591  1.00000000 0.4393749 0.009874281         1    0.45   0.11      0.44
592  1.00000000 0.4393749 0.009874281         1    0.45   0.11      0.44
593  0.05078125 0.4393749 0.009874281         1    0.45   0.11      0.44
594  1.00000000 0.4393749 0.009874281         1    0.45   0.11      0.44
595  1.00000000 0.4393749 0.009874281         1    0.45   0.11      0.44
596  1.00000000 0.4393749 0.009874281         1    0.45   0.11      0.44
597  0.03906250 0.4393749 0.009874281         1    0.45   0.11      0.44
598  0.07031250 0.4393749 0.009874281         1    0.45   0.11      0.44
599  1.00000000 0.4393749 0.009874281         1    0.45   0.11      0.44
600  1.00000000 0.4393749 0.009874281         1    0.45   0.11      0.44
601  0.06250000 0.3350962 0.012964458         1    0.36   0.21      0.43
602  1.00000000 0.3350962 0.012964458         1    0.36   0.21      0.43
603  1.00000000 0.3350962 0.012964458         1    0.36   0.21      0.43
604  0.06640625 0.3350962 0.012964458         1    0.36   0.21      0.43
605  0.06250000 0.3350962 0.012964458         1    0.36   0.21      0.43
606  0.05468750 0.3350962 0.012964458         1    0.36   0.21      0.43
607  0.03515625 0.3350962 0.012964458         1    0.36   0.21      0.43
608  0.03515625 0.3350962 0.012964458         1    0.36   0.21      0.43
609  0.26171875 0.3350962 0.012964458         1    0.36   0.21      0.43
610  1.00000000 0.3350962 0.012964458         1    0.36   0.21      0.43
611  0.23046875 0.3350962 0.012964458         1    0.36   0.21      0.43
612  1.00000000 0.3350962 0.012964458         1    0.36   0.21      0.43
613  1.00000000 0.3350962 0.012964458         1    0.36   0.21      0.43
614  1.00000000 0.3350962 0.012964458         1    0.36   0.21      0.43
615  0.03125000 0.3350962 0.012964458         1    0.36   0.21      0.43
616  0.10546875 0.3350962 0.012964458         1    0.36   0.21      0.43
617  1.00000000 0.3350962 0.012964458         1    0.36   0.21      0.43
618  0.03125000 0.3350962 0.012964458         1    0.36   0.21      0.43
619  1.00000000 0.3350962 0.012964458         1    0.36   0.21      0.43
620  1.00000000 0.3350962 0.012964458         1    0.36   0.21      0.43
621  0.04687500 0.3350962 0.012964458         1    0.36   0.21      0.43
622  1.00000000 0.3350962 0.012964458         1    0.36   0.21      0.43
623  1.00000000 0.3350962 0.012964458         1    0.36   0.21      0.43
624  1.00000000 0.3350962 0.012964458         1    0.36   0.21      0.43
625  0.31250000 0.3350962 0.012964458         1    0.36   0.21      0.43
626  0.02343750 0.3350962 0.012964458         1    0.36   0.21      0.43
627  1.00000000 0.3350962 0.012964458         1    0.36   0.21      0.43
628  1.00000000 0.3350962 0.012964458         1    0.36   0.21      0.43
629  1.00000000 0.3350962 0.012964458         1    0.36   0.21      0.43
630  0.03515625 0.3350962 0.012964458         1    0.36   0.21      0.43
631  0.03906250 0.3350962 0.012964458         1    0.36   0.21      0.43
632  1.00000000 0.3350962 0.012964458         1    0.36   0.21      0.43
633  1.00000000 0.3350962 0.012964458         1    0.36   0.21      0.43
634  1.00000000 0.3350962 0.012964458         1    0.36   0.21      0.43
635  1.00000000 0.3350962 0.012964458         1    0.36   0.21      0.43
636  0.08593750 0.3350962 0.012964458         1    0.36   0.21      0.43
637  0.02734375 0.3350962 0.012964458         1    0.36   0.21      0.43
638  1.00000000 0.3350962 0.012964458         1    0.36   0.21      0.43
639  1.00000000 0.3350962 0.012964458         1    0.36   0.21      0.43
640  0.03906250 0.3350962 0.012964458         1    0.36   0.21      0.43
641  1.00000000 0.3350962 0.012964458         1    0.36   0.21      0.43
642  0.02734375 0.3350962 0.012964458         1    0.36   0.21      0.43
643  0.09375000 0.3350962 0.012964458         1    0.36   0.21      0.43
644  1.00000000 0.3350962 0.012964458         1    0.36   0.21      0.43
645  0.07812500 0.3350962 0.012964458         1    0.36   0.21      0.43
646  0.06640625 0.3350962 0.012964458         1    0.36   0.21      0.43
647  0.00781250 0.3350962 0.012964458         1    0.36   0.21      0.43
648  0.08203125 0.3350962 0.012964458         1    0.36   0.21      0.43
649  0.26562500 0.3350962 0.012964458         1    0.36   0.21      0.43
650  0.02734375 0.3350962 0.012964458         1    0.36   0.21      0.43
651  0.31640625 0.3350962 0.012964458         1    0.36   0.21      0.43
652  1.00000000 0.3350962 0.012964458         1    0.36   0.21      0.43
653  0.05078125 0.3350962 0.012964458         1    0.36   0.21      0.43
654  0.04687500 0.3350962 0.012964458         1    0.36   0.21      0.43
655  0.04296875 0.3350962 0.012964458         1    0.36   0.21      0.43
656  1.00000000 0.3350962 0.012964458         1    0.36   0.21      0.43
657  0.08593750 0.3350962 0.012964458         1    0.36   0.21      0.43
658  0.06250000 0.3350962 0.012964458         1    0.36   0.21      0.43
659  0.06250000 0.3350962 0.012964458         1    0.36   0.21      0.43
660  0.02734375 0.3350962 0.012964458         1    0.36   0.21      0.43
661  1.00000000 0.3350962 0.012964458         1    0.36   0.21      0.43
662  1.00000000 0.3350962 0.012964458         1    0.36   0.21      0.43
663  1.00000000 0.3350962 0.012964458         1    0.36   0.21      0.43
664  0.03515625 0.3350962 0.012964458         1    0.36   0.21      0.43
665  0.03515625 0.3350962 0.012964458         1    0.36   0.21      0.43
666  0.53125000 0.3350962 0.012964458         1    0.36   0.21      0.43
667  1.00000000 0.3350962 0.012964458         1    0.36   0.21      0.43
668  1.00000000 0.3350962 0.012964458         1    0.36   0.21      0.43
669  0.05468750 0.3350962 0.012964458         1    0.36   0.21      0.43
670  0.03515625 0.3350962 0.012964458         1    0.36   0.21      0.43
671  0.25781250 0.3350962 0.012964458         1    0.36   0.21      0.43
672  1.00000000 0.3350962 0.012964458         1    0.36   0.21      0.43
673  0.02343750 0.3350962 0.012964458         1    0.36   0.21      0.43
674  0.02343750 0.3350962 0.012964458         1    0.36   0.21      0.43
675  1.00000000 0.3350962 0.012964458         1    0.36   0.21      0.43
676  1.00000000 0.3350962 0.012964458         1    0.36   0.21      0.43
677  0.06640625 0.3350962 0.012964458         1    0.36   0.21      0.43
678  0.03906250 0.3350962 0.012964458         1    0.36   0.21      0.43
679  1.00000000 0.3350962 0.012964458         1    0.36   0.21      0.43
680  0.06250000 0.3350962 0.012964458         1    0.36   0.21      0.43
681  0.05859375 0.3350962 0.012964458         1    0.36   0.21      0.43
682  1.00000000 0.3350962 0.012964458         1    0.36   0.21      0.43
683  0.05078125 0.3350962 0.012964458         1    0.36   0.21      0.43
684  0.05468750 0.3350962 0.012964458         1    0.36   0.21      0.43
685  0.16015625 0.3350962 0.012964458         1    0.36   0.21      0.43
686  1.00000000 0.3350962 0.012964458         1    0.36   0.21      0.43
687  0.06640625 0.3350962 0.012964458         1    0.36   0.21      0.43
688  1.00000000 0.3350962 0.012964458         1    0.36   0.21      0.43
689  1.00000000 0.3350962 0.012964458         1    0.36   0.21      0.43
690  0.26562500 0.3350962 0.012964458         1    0.36   0.21      0.43
691  0.04687500 0.3350962 0.012964458         1    0.36   0.21      0.43
692  1.00000000 0.3350962 0.012964458         1    0.36   0.21      0.43
693  0.03906250 0.3350962 0.012964458         1    0.36   0.21      0.43
694  1.00000000 0.3350962 0.012964458         1    0.36   0.21      0.43
695  0.14843750 0.3350962 0.012964458         1    0.36   0.21      0.43
696  0.05078125 0.3350962 0.012964458         1    0.36   0.21      0.43
697  1.00000000 0.3350962 0.012964458         1    0.36   0.21      0.43
698  0.02343750 0.3350962 0.012964458         1    0.36   0.21      0.43
699  1.00000000 0.3350962 0.012964458         1    0.36   0.21      0.43
700  1.00000000 0.3350962 0.012964458         1    0.36   0.21      0.43
701  1.00000000 0.6368071 0.072547178         1    0.01   0.33      0.66
702  1.00000000 0.6368071 0.072547178         1    0.01   0.33      0.66
703  1.00000000 0.6368071 0.072547178         1    0.01   0.33      0.66
704  1.00000000 0.6368071 0.072547178         1    0.01   0.33      0.66
705  0.54296875 0.6368071 0.072547178         1    0.01   0.33      0.66
706  0.33984375 0.6368071 0.072547178         1    0.01   0.33      0.66
707  0.36718750 0.6368071 0.072547178         1    0.01   0.33      0.66
708  1.00000000 0.6368071 0.072547178         1    0.01   0.33      0.66
709  0.38281250 0.6368071 0.072547178         1    0.01   0.33      0.66
710  0.39062500 0.6368071 0.072547178         1    0.01   0.33      0.66
711  1.00000000 0.6368071 0.072547178         1    0.01   0.33      0.66
712  1.00000000 0.6368071 0.072547178         1    0.01   0.33      0.66
713  1.00000000 0.6368071 0.072547178         1    0.01   0.33      0.66
714  0.36328125 0.6368071 0.072547178         1    0.01   0.33      0.66
715  1.00000000 0.6368071 0.072547178         1    0.01   0.33      0.66
716  0.52343750 0.6368071 0.072547178         1    0.01   0.33      0.66
717  0.37109375 0.6368071 0.072547178         1    0.01   0.33      0.66
718  1.00000000 0.6368071 0.072547178         1    0.01   0.33      0.66
719  1.00000000 0.6368071 0.072547178         1    0.01   0.33      0.66
720  1.00000000 0.6368071 0.072547178         1    0.01   0.33      0.66
721  1.00000000 0.6368071 0.072547178         1    0.01   0.33      0.66
722  1.00000000 0.6368071 0.072547178         1    0.01   0.33      0.66
723  1.00000000 0.6368071 0.072547178         1    0.01   0.33      0.66
724  0.39062500 0.6368071 0.072547178         1    0.01   0.33      0.66
725  1.00000000 0.6368071 0.072547178         1    0.01   0.33      0.66
726  1.00000000 0.6368071 0.072547178         1    0.01   0.33      0.66
727  0.53515625 0.6368071 0.072547178         1    0.01   0.33      0.66
728  1.00000000 0.6368071 0.072547178         1    0.01   0.33      0.66
729  1.00000000 0.6368071 0.072547178         1    0.01   0.33      0.66
730  1.00000000 0.6368071 0.072547178         1    0.01   0.33      0.66
731  1.00000000 0.6368071 0.072547178         1    0.01   0.33      0.66
732  0.79296875 0.6368071 0.072547178         1    0.01   0.33      0.66
733  1.00000000 0.6368071 0.072547178         1    0.01   0.33      0.66
734  1.00000000 0.6368071 0.072547178         1    0.01   0.33      0.66
735  0.29296875 0.6368071 0.072547178         1    0.01   0.33      0.66
736  1.00000000 0.6368071 0.072547178         1    0.01   0.33      0.66
737  1.00000000 0.6368071 0.072547178         1    0.01   0.33      0.66
738  1.00000000 0.6368071 0.072547178         1    0.01   0.33      0.66
739  1.00000000 0.6368071 0.072547178         1    0.01   0.33      0.66
740  1.00000000 0.6368071 0.072547178         1    0.01   0.33      0.66
741  1.00000000 0.6368071 0.072547178         1    0.01   0.33      0.66
742  1.00000000 0.6368071 0.072547178         1    0.01   0.33      0.66
743  1.00000000 0.6368071 0.072547178         1    0.01   0.33      0.66
744  1.00000000 0.6368071 0.072547178         1    0.01   0.33      0.66
745  0.57031250 0.6368071 0.072547178         1    0.01   0.33      0.66
746  1.00000000 0.6368071 0.072547178         1    0.01   0.33      0.66
747  0.28906250 0.6368071 0.072547178         1    0.01   0.33      0.66
748  0.62890625 0.6368071 0.072547178         1    0.01   0.33      0.66
749  1.00000000 0.6368071 0.072547178         1    0.01   0.33      0.66
750  0.35937500 0.6368071 0.072547178         1    0.01   0.33      0.66
751  1.00000000 0.6368071 0.072547178         1    0.01   0.33      0.66
752  1.00000000 0.6368071 0.072547178         1    0.01   0.33      0.66
753  1.00000000 0.6368071 0.072547178         1    0.01   0.33      0.66
754  0.13281250 0.6368071 0.072547178         1    0.01   0.33      0.66
755  1.00000000 0.6368071 0.072547178         1    0.01   0.33      0.66
756  1.00000000 0.6368071 0.072547178         1    0.01   0.33      0.66
757  0.48046875 0.6368071 0.072547178         1    0.01   0.33      0.66
758  1.00000000 0.6368071 0.072547178         1    0.01   0.33      0.66
759  1.00000000 0.6368071 0.072547178         1    0.01   0.33      0.66
760  1.00000000 0.6368071 0.072547178         1    0.01   0.33      0.66
761  0.52343750 0.6368071 0.072547178         1    0.01   0.33      0.66
762  1.00000000 0.6368071 0.072547178         1    0.01   0.33      0.66
763  1.00000000 0.6368071 0.072547178         1    0.01   0.33      0.66
764  1.00000000 0.6368071 0.072547178         1    0.01   0.33      0.66
765  1.00000000 0.6368071 0.072547178         1    0.01   0.33      0.66
766  0.48046875 0.6368071 0.072547178         1    0.01   0.33      0.66
767  0.20703125 0.6368071 0.072547178         1    0.01   0.33      0.66
768  0.52343750 0.6368071 0.072547178         1    0.01   0.33      0.66
769  1.00000000 0.6368071 0.072547178         1    0.01   0.33      0.66
770  1.00000000 0.6368071 0.072547178         1    0.01   0.33      0.66
771  0.37109375 0.6368071 0.072547178         1    0.01   0.33      0.66
772  0.65625000 0.6368071 0.072547178         1    0.01   0.33      0.66
773  0.36718750 0.6368071 0.072547178         1    0.01   0.33      0.66
774  1.00000000 0.6368071 0.072547178         1    0.01   0.33      0.66
775  1.00000000 0.6368071 0.072547178         1    0.01   0.33      0.66
776  1.00000000 0.6368071 0.072547178         1    0.01   0.33      0.66
777  1.00000000 0.6368071 0.072547178         1    0.01   0.33      0.66
778  0.66015625 0.6368071 0.072547178         1    0.01   0.33      0.66
779  1.00000000 0.6368071 0.072547178         1    0.01   0.33      0.66
780  1.00000000 0.6368071 0.072547178         1    0.01   0.33      0.66
781  0.62890625 0.6368071 0.072547178         1    0.01   0.33      0.66
782  1.00000000 0.6368071 0.072547178         1    0.01   0.33      0.66
783  0.35546875 0.6368071 0.072547178         1    0.01   0.33      0.66
784  1.00000000 0.6368071 0.072547178         1    0.01   0.33      0.66
785  0.66796875 0.6368071 0.072547178         1    0.01   0.33      0.66
786  1.00000000 0.6368071 0.072547178         1    0.01   0.33      0.66
787  0.27343750 0.6368071 0.072547178         1    0.01   0.33      0.66
788  1.00000000 0.6368071 0.072547178         1    0.01   0.33      0.66
789  0.67578125 0.6368071 0.072547178         1    0.01   0.33      0.66
790  1.00000000 0.6368071 0.072547178         1    0.01   0.33      0.66
791  0.38281250 0.6368071 0.072547178         1    0.01   0.33      0.66
792  1.00000000 0.6368071 0.072547178         1    0.01   0.33      0.66
793  1.00000000 0.6368071 0.072547178         1    0.01   0.33      0.66
794  1.00000000 0.6368071 0.072547178         1    0.01   0.33      0.66
795  1.00000000 0.6368071 0.072547178         1    0.01   0.33      0.66
796  0.42187500 0.6368071 0.072547178         1    0.01   0.33      0.66
797  0.72265625 0.6368071 0.072547178         1    0.01   0.33      0.66
798  1.00000000 0.6368071 0.072547178         1    0.01   0.33      0.66
799  1.00000000 0.6368071 0.072547178         1    0.01   0.33      0.66
800  1.00000000 0.6368071 0.072547178         1    0.01   0.33      0.66
801  0.95703125 0.6752677 0.119127808         1    0.01   0.29      0.70
802  0.78515625 0.6752677 0.119127808         1    0.01   0.29      0.70
803  1.00000000 0.6752677 0.119127808         1    0.01   0.29      0.70
804  0.64062500 0.6752677 0.119127808         1    0.01   0.29      0.70
805  0.45703125 0.6752677 0.119127808         1    0.01   0.29      0.70
806  1.00000000 0.6752677 0.119127808         1    0.01   0.29      0.70
807  0.78906250 0.6752677 0.119127808         1    0.01   0.29      0.70
808  1.00000000 0.6752677 0.119127808         1    0.01   0.29      0.70
809  1.00000000 0.6752677 0.119127808         1    0.01   0.29      0.70
810  1.00000000 0.6752677 0.119127808         1    0.01   0.29      0.70
811  1.00000000 0.6752677 0.119127808         1    0.01   0.29      0.70
812  1.00000000 0.6752677 0.119127808         1    0.01   0.29      0.70
813  1.00000000 0.6752677 0.119127808         1    0.01   0.29      0.70
814  1.00000000 0.6752677 0.119127808         1    0.01   0.29      0.70
815  1.00000000 0.6752677 0.119127808         1    0.01   0.29      0.70
816  1.00000000 0.6752677 0.119127808         1    0.01   0.29      0.70
817  1.00000000 0.6752677 0.119127808         1    0.01   0.29      0.70
818  1.00000000 0.6752677 0.119127808         1    0.01   0.29      0.70
819  1.00000000 0.6752677 0.119127808         1    0.01   0.29      0.70
820  1.00000000 0.6752677 0.119127808         1    0.01   0.29      0.70
821  1.00000000 0.6752677 0.119127808         1    0.01   0.29      0.70
822  0.52734375 0.6752677 0.119127808         1    0.01   0.29      0.70
823  1.00000000 0.6752677 0.119127808         1    0.01   0.29      0.70
824  0.56250000 0.6752677 0.119127808         1    0.01   0.29      0.70
825  1.00000000 0.6752677 0.119127808         1    0.01   0.29      0.70
826  0.47265625 0.6752677 0.119127808         1    0.01   0.29      0.70
827  1.00000000 0.6752677 0.119127808         1    0.01   0.29      0.70
828  1.00000000 0.6752677 0.119127808         1    0.01   0.29      0.70
829  0.59375000 0.6752677 0.119127808         1    0.01   0.29      0.70
830  1.00000000 0.6752677 0.119127808         1    0.01   0.29      0.70
831  1.00000000 0.6752677 0.119127808         1    0.01   0.29      0.70
832  1.00000000 0.6752677 0.119127808         1    0.01   0.29      0.70
833  1.00000000 0.6752677 0.119127808         1    0.01   0.29      0.70
834  1.00000000 0.6752677 0.119127808         1    0.01   0.29      0.70
835  1.00000000 0.6752677 0.119127808         1    0.01   0.29      0.70
836  1.00000000 0.6752677 0.119127808         1    0.01   0.29      0.70
837  0.69921875 0.6752677 0.119127808         1    0.01   0.29      0.70
838  0.51562500 0.6752677 0.119127808         1    0.01   0.29      0.70
839  1.00000000 0.6752677 0.119127808         1    0.01   0.29      0.70
840  0.70703125 0.6752677 0.119127808         1    0.01   0.29      0.70
841  0.52734375 0.6752677 0.119127808         1    0.01   0.29      0.70
842  1.00000000 0.6752677 0.119127808         1    0.01   0.29      0.70
843  1.00000000 0.6752677 0.119127808         1    0.01   0.29      0.70
844  1.00000000 0.6752677 0.119127808         1    0.01   0.29      0.70
845  1.00000000 0.6752677 0.119127808         1    0.01   0.29      0.70
846  0.52343750 0.6752677 0.119127808         1    0.01   0.29      0.70
847  0.74609375 0.6752677 0.119127808         1    0.01   0.29      0.70
848  0.65625000 0.6752677 0.119127808         1    0.01   0.29      0.70
849  1.00000000 0.6752677 0.119127808         1    0.01   0.29      0.70
850  0.58984375 0.6752677 0.119127808         1    0.01   0.29      0.70
851  1.00000000 0.6752677 0.119127808         1    0.01   0.29      0.70
852  0.50781250 0.6752677 0.119127808         1    0.01   0.29      0.70
853  1.00000000 0.6752677 0.119127808         1    0.01   0.29      0.70
854  1.00000000 0.6752677 0.119127808         1    0.01   0.29      0.70
855  1.00000000 0.6752677 0.119127808         1    0.01   0.29      0.70
856  1.00000000 0.6752677 0.119127808         1    0.01   0.29      0.70
857  1.00000000 0.6752677 0.119127808         1    0.01   0.29      0.70
858  1.00000000 0.6752677 0.119127808         1    0.01   0.29      0.70
859  1.00000000 0.6752677 0.119127808         1    0.01   0.29      0.70
860  0.57421875 0.6752677 0.119127808         1    0.01   0.29      0.70
861  0.56640625 0.6752677 0.119127808         1    0.01   0.29      0.70
862  0.66406250 0.6752677 0.119127808         1    0.01   0.29      0.70
863  0.81250000 0.6752677 0.119127808         1    0.01   0.29      0.70
864  1.00000000 0.6752677 0.119127808         1    0.01   0.29      0.70
865  1.00000000 0.6752677 0.119127808         1    0.01   0.29      0.70
866  0.80859375 0.6752677 0.119127808         1    0.01   0.29      0.70
867  0.75390625 0.6752677 0.119127808         1    0.01   0.29      0.70
868  1.00000000 0.6752677 0.119127808         1    0.01   0.29      0.70
869  0.37500000 0.6752677 0.119127808         1    0.01   0.29      0.70
870  0.53125000 0.6752677 0.119127808         1    0.01   0.29      0.70
871  1.00000000 0.6752677 0.119127808         1    0.01   0.29      0.70
872  1.00000000 0.6752677 0.119127808         1    0.01   0.29      0.70
873  1.00000000 0.6752677 0.119127808         1    0.01   0.29      0.70
874  1.00000000 0.6752677 0.119127808         1    0.01   0.29      0.70
875  1.00000000 0.6752677 0.119127808         1    0.01   0.29      0.70
876  0.67578125 0.6752677 0.119127808         1    0.01   0.29      0.70
877  1.00000000 0.6752677 0.119127808         1    0.01   0.29      0.70
878  1.00000000 0.6752677 0.119127808         1    0.01   0.29      0.70
879  1.00000000 0.6752677 0.119127808         1    0.01   0.29      0.70
880  1.00000000 0.6752677 0.119127808         1    0.01   0.29      0.70
881  0.49609375 0.6752677 0.119127808         1    0.01   0.29      0.70
882  1.00000000 0.6752677 0.119127808         1    0.01   0.29      0.70
883  0.44531250 0.6752677 0.119127808         1    0.01   0.29      0.70
884  1.00000000 0.6752677 0.119127808         1    0.01   0.29      0.70
885  1.00000000 0.6752677 0.119127808         1    0.01   0.29      0.70
886  1.00000000 0.6752677 0.119127808         1    0.01   0.29      0.70
887  1.00000000 0.6752677 0.119127808         1    0.01   0.29      0.70
888  1.00000000 0.6752677 0.119127808         1    0.01   0.29      0.70
889  0.58984375 0.6752677 0.119127808         1    0.01   0.29      0.70
890  1.00000000 0.6752677 0.119127808         1    0.01   0.29      0.70
891  0.56250000 0.6752677 0.119127808         1    0.01   0.29      0.70
892  1.00000000 0.6752677 0.119127808         1    0.01   0.29      0.70
893  0.69531250 0.6752677 0.119127808         1    0.01   0.29      0.70
894  0.85156250 0.6752677 0.119127808         1    0.01   0.29      0.70
895  1.00000000 0.6752677 0.119127808         1    0.01   0.29      0.70
896  0.57031250 0.6752677 0.119127808         1    0.01   0.29      0.70
897  1.00000000 0.6752677 0.119127808         1    0.01   0.29      0.70
898  1.00000000 0.6752677 0.119127808         1    0.01   0.29      0.70
899  1.00000000 0.6752677 0.119127808         1    0.01   0.29      0.70
900  0.41406250 0.6752677 0.119127808         1    0.01   0.29      0.70
901  0.67968750 0.6318367 0.133048652         1    0.01   0.31      0.68
902  1.00000000 0.6318367 0.133048652         1    0.01   0.31      0.68
903  0.34375000 0.6318367 0.133048652         1    0.01   0.31      0.68
904  0.39062500 0.6318367 0.133048652         1    0.01   0.31      0.68
905  1.00000000 0.6318367 0.133048652         1    0.01   0.31      0.68
906  1.00000000 0.6318367 0.133048652         1    0.01   0.31      0.68
907  0.44531250 0.6318367 0.133048652         1    0.01   0.31      0.68
908  0.72265625 0.6318367 0.133048652         1    0.01   0.31      0.68
909  0.46484375 0.6318367 0.133048652         1    0.01   0.31      0.68
910  1.00000000 0.6318367 0.133048652         1    0.01   0.31      0.68
911  0.61328125 0.6318367 0.133048652         1    0.01   0.31      0.68
912  1.00000000 0.6318367 0.133048652         1    0.01   0.31      0.68
913  1.00000000 0.6318367 0.133048652         1    0.01   0.31      0.68
914  1.00000000 0.6318367 0.133048652         1    0.01   0.31      0.68
915  1.00000000 0.6318367 0.133048652         1    0.01   0.31      0.68
916  1.00000000 0.6318367 0.133048652         1    0.01   0.31      0.68
917  1.00000000 0.6318367 0.133048652         1    0.01   0.31      0.68
918  1.00000000 0.6318367 0.133048652         1    0.01   0.31      0.68
919  1.00000000 0.6318367 0.133048652         1    0.01   0.31      0.68
920  1.00000000 0.6318367 0.133048652         1    0.01   0.31      0.68
921  1.00000000 0.6318367 0.133048652         1    0.01   0.31      0.68
922  0.82031250 0.6318367 0.133048652         1    0.01   0.31      0.68
923  1.00000000 0.6318367 0.133048652         1    0.01   0.31      0.68
924  1.00000000 0.6318367 0.133048652         1    0.01   0.31      0.68
925  0.65625000 0.6318367 0.133048652         1    0.01   0.31      0.68
926  0.89453125 0.6318367 0.133048652         1    0.01   0.31      0.68
927  0.41406250 0.6318367 0.133048652         1    0.01   0.31      0.68
928  1.00000000 0.6318367 0.133048652         1    0.01   0.31      0.68
929  1.00000000 0.6318367 0.133048652         1    0.01   0.31      0.68
930  0.58203125 0.6318367 0.133048652         1    0.01   0.31      0.68
931  1.00000000 0.6318367 0.133048652         1    0.01   0.31      0.68
932  0.70312500 0.6318367 0.133048652         1    0.01   0.31      0.68
933  0.84765625 0.6318367 0.133048652         1    0.01   0.31      0.68
934  0.62109375 0.6318367 0.133048652         1    0.01   0.31      0.68
935  1.00000000 0.6318367 0.133048652         1    0.01   0.31      0.68
936  1.00000000 0.6318367 0.133048652         1    0.01   0.31      0.68
937  1.00000000 0.6318367 0.133048652         1    0.01   0.31      0.68
938  1.00000000 0.6318367 0.133048652         1    0.01   0.31      0.68
939  0.80078125 0.6318367 0.133048652         1    0.01   0.31      0.68
940  0.44531250 0.6318367 0.133048652         1    0.01   0.31      0.68
941  1.00000000 0.6318367 0.133048652         1    0.01   0.31      0.68
942  1.00000000 0.6318367 0.133048652         1    0.01   0.31      0.68
943  1.00000000 0.6318367 0.133048652         1    0.01   0.31      0.68
944  0.73046875 0.6318367 0.133048652         1    0.01   0.31      0.68
945  0.53125000 0.6318367 0.133048652         1    0.01   0.31      0.68
946  1.00000000 0.6318367 0.133048652         1    0.01   0.31      0.68
947  1.00000000 0.6318367 0.133048652         1    0.01   0.31      0.68
948  1.00000000 0.6318367 0.133048652         1    0.01   0.31      0.68
949  0.62500000 0.6318367 0.133048652         1    0.01   0.31      0.68
950  0.60156250 0.6318367 0.133048652         1    0.01   0.31      0.68
951  0.35546875 0.6318367 0.133048652         1    0.01   0.31      0.68
952  1.00000000 0.6318367 0.133048652         1    0.01   0.31      0.68
953  0.66015625 0.6318367 0.133048652         1    0.01   0.31      0.68
954  1.00000000 0.6318367 0.133048652         1    0.01   0.31      0.68
955  0.88281250 0.6318367 0.133048652         1    0.01   0.31      0.68
956  1.00000000 0.6318367 0.133048652         1    0.01   0.31      0.68
957  0.51171875 0.6318367 0.133048652         1    0.01   0.31      0.68
958  1.00000000 0.6318367 0.133048652         1    0.01   0.31      0.68
959  0.69531250 0.6318367 0.133048652         1    0.01   0.31      0.68
960  0.46093750 0.6318367 0.133048652         1    0.01   0.31      0.68
961  1.00000000 0.6318367 0.133048652         1    0.01   0.31      0.68
962  1.00000000 0.6318367 0.133048652         1    0.01   0.31      0.68
963  1.00000000 0.6318367 0.133048652         1    0.01   0.31      0.68
964  1.00000000 0.6318367 0.133048652         1    0.01   0.31      0.68
965  1.00000000 0.6318367 0.133048652         1    0.01   0.31      0.68
966  1.00000000 0.6318367 0.133048652         1    0.01   0.31      0.68
967  1.00000000 0.6318367 0.133048652         1    0.01   0.31      0.68
968  1.00000000 0.6318367 0.133048652         1    0.01   0.31      0.68
969  1.00000000 0.6318367 0.133048652         1    0.01   0.31      0.68
970  1.00000000 0.6318367 0.133048652         1    0.01   0.31      0.68
971  0.78125000 0.6318367 0.133048652         1    0.01   0.31      0.68
972  0.62890625 0.6318367 0.133048652         1    0.01   0.31      0.68
973  1.00000000 0.6318367 0.133048652         1    0.01   0.31      0.68
974  0.51562500 0.6318367 0.133048652         1    0.01   0.31      0.68
975  0.66015625 0.6318367 0.133048652         1    0.01   0.31      0.68
976  0.71875000 0.6318367 0.133048652         1    0.01   0.31      0.68
977  0.71484375 0.6318367 0.133048652         1    0.01   0.31      0.68
978  0.33593750 0.6318367 0.133048652         1    0.01   0.31      0.68
979  0.67968750 0.6318367 0.133048652         1    0.01   0.31      0.68
980  0.56250000 0.6318367 0.133048652         1    0.01   0.31      0.68
981  0.91406250 0.6318367 0.133048652         1    0.01   0.31      0.68
982  1.00000000 0.6318367 0.133048652         1    0.01   0.31      0.68
983  1.00000000 0.6318367 0.133048652         1    0.01   0.31      0.68
984  1.00000000 0.6318367 0.133048652         1    0.01   0.31      0.68
985  1.00000000 0.6318367 0.133048652         1    0.01   0.31      0.68
986  1.00000000 0.6318367 0.133048652         1    0.01   0.31      0.68
987  0.62890625 0.6318367 0.133048652         1    0.01   0.31      0.68
988  0.80078125 0.6318367 0.133048652         1    0.01   0.31      0.68
989  0.60546875 0.6318367 0.133048652         1    0.01   0.31      0.68
990  1.00000000 0.6318367 0.133048652         1    0.01   0.31      0.68
991  1.00000000 0.6318367 0.133048652         1    0.01   0.31      0.68
992  0.44140625 0.6318367 0.133048652         1    0.01   0.31      0.68
993  1.00000000 0.6318367 0.133048652         1    0.01   0.31      0.68
994  1.00000000 0.6318367 0.133048652         1    0.01   0.31      0.68
995  1.00000000 0.6318367 0.133048652         1    0.01   0.31      0.68
996  1.00000000 0.6318367 0.133048652         1    0.01   0.31      0.68
997  1.00000000 0.6318367 0.133048652         1    0.01   0.31      0.68
998  1.00000000 0.6318367 0.133048652         1    0.01   0.31      0.68
999  1.00000000 0.6318367 0.133048652         1    0.01   0.31      0.68
1000 1.00000000 0.6318367 0.133048652         1    0.01   0.31      0.68
