      prop.aneu prob.meio   prob.mito dispersal euploid mosaic aneuploid
1    0.50390625 0.3232158 0.020417372         1    0.28   0.41      0.31
2    0.28515625 0.3232158 0.020417372         1    0.28   0.41      0.31
3    0.12109375 0.3232158 0.020417372         1    0.28   0.41      0.31
4    0.03515625 0.3232158 0.020417372         1    0.28   0.41      0.31
5    0.11328125 0.3232158 0.020417372         1    0.28   0.41      0.31
6    0.05859375 0.3232158 0.020417372         1    0.28   0.41      0.31
7    0.05859375 0.3232158 0.020417372         1    0.28   0.41      0.31
8    0.10156250 0.3232158 0.020417372         1    0.28   0.41      0.31
9    0.24218750 0.3232158 0.020417372         1    0.28   0.41      0.31
10   0.08984375 0.3232158 0.020417372         1    0.28   0.41      0.31
11   0.07031250 0.3232158 0.020417372         1    0.28   0.41      0.31
12   0.14062500 0.3232158 0.020417372         1    0.28   0.41      0.31
13   1.00000000 0.3232158 0.020417372         1    0.28   0.41      0.31
14   0.12500000 0.3232158 0.020417372         1    0.28   0.41      0.31
15   0.10937500 0.3232158 0.020417372         1    0.28   0.41      0.31
16   1.00000000 0.3232158 0.020417372         1    0.28   0.41      0.31
17   1.00000000 0.3232158 0.020417372         1    0.28   0.41      0.31
18   0.02734375 0.3232158 0.020417372         1    0.28   0.41      0.31
19   1.00000000 0.3232158 0.020417372         1    0.28   0.41      0.31
20   0.12500000 0.3232158 0.020417372         1    0.28   0.41      0.31
21   0.16406250 0.3232158 0.020417372         1    0.28   0.41      0.31
22   0.15234375 0.3232158 0.020417372         1    0.28   0.41      0.31
23   0.35156250 0.3232158 0.020417372         1    0.28   0.41      0.31
24   1.00000000 0.3232158 0.020417372         1    0.28   0.41      0.31
25   0.07421875 0.3232158 0.020417372         1    0.28   0.41      0.31
26   0.14843750 0.3232158 0.020417372         1    0.28   0.41      0.31
27   1.00000000 0.3232158 0.020417372         1    0.28   0.41      0.31
28   0.06640625 0.3232158 0.020417372         1    0.28   0.41      0.31
29   0.32031250 0.3232158 0.020417372         1    0.28   0.41      0.31
30   1.00000000 0.3232158 0.020417372         1    0.28   0.41      0.31
31   0.16015625 0.3232158 0.020417372         1    0.28   0.41      0.31
32   0.05468750 0.3232158 0.020417372         1    0.28   0.41      0.31
33   0.14062500 0.3232158 0.020417372         1    0.28   0.41      0.31
34   1.00000000 0.3232158 0.020417372         1    0.28   0.41      0.31
35   1.00000000 0.3232158 0.020417372         1    0.28   0.41      0.31
36   1.00000000 0.3232158 0.020417372         1    0.28   0.41      0.31
37   0.12500000 0.3232158 0.020417372         1    0.28   0.41      0.31
38   0.07421875 0.3232158 0.020417372         1    0.28   0.41      0.31
39   0.14453125 0.3232158 0.020417372         1    0.28   0.41      0.31
40   0.06250000 0.3232158 0.020417372         1    0.28   0.41      0.31
41   0.25000000 0.3232158 0.020417372         1    0.28   0.41      0.31
42   0.08593750 0.3232158 0.020417372         1    0.28   0.41      0.31
43   0.13281250 0.3232158 0.020417372         1    0.28   0.41      0.31
44   0.10937500 0.3232158 0.020417372         1    0.28   0.41      0.31
45   0.21875000 0.3232158 0.020417372         1    0.28   0.41      0.31
46   0.16796875 0.3232158 0.020417372         1    0.28   0.41      0.31
47   0.14453125 0.3232158 0.020417372         1    0.28   0.41      0.31
48   0.11328125 0.3232158 0.020417372         1    0.28   0.41      0.31
49   1.00000000 0.3232158 0.020417372         1    0.28   0.41      0.31
50   1.00000000 0.3232158 0.020417372         1    0.28   0.41      0.31
51   0.19140625 0.3232158 0.020417372         1    0.28   0.41      0.31
52   0.11718750 0.3232158 0.020417372         1    0.28   0.41      0.31
53   0.07421875 0.3232158 0.020417372         1    0.28   0.41      0.31
54   0.12500000 0.3232158 0.020417372         1    0.28   0.41      0.31
55   1.00000000 0.3232158 0.020417372         1    0.28   0.41      0.31
56   1.00000000 0.3232158 0.020417372         1    0.28   0.41      0.31
57   0.05078125 0.3232158 0.020417372         1    0.28   0.41      0.31
58   0.58593750 0.3232158 0.020417372         1    0.28   0.41      0.31
59   1.00000000 0.3232158 0.020417372         1    0.28   0.41      0.31
60   0.19921875 0.3232158 0.020417372         1    0.28   0.41      0.31
61   0.18359375 0.3232158 0.020417372         1    0.28   0.41      0.31
62   0.55468750 0.3232158 0.020417372         1    0.28   0.41      0.31
63   0.17187500 0.3232158 0.020417372         1    0.28   0.41      0.31
64   1.00000000 0.3232158 0.020417372         1    0.28   0.41      0.31
65   0.20703125 0.3232158 0.020417372         1    0.28   0.41      0.31
66   0.08203125 0.3232158 0.020417372         1    0.28   0.41      0.31
67   0.53515625 0.3232158 0.020417372         1    0.28   0.41      0.31
68   1.00000000 0.3232158 0.020417372         1    0.28   0.41      0.31
69   1.00000000 0.3232158 0.020417372         1    0.28   0.41      0.31
70   0.06250000 0.3232158 0.020417372         1    0.28   0.41      0.31
71   0.12500000 0.3232158 0.020417372         1    0.28   0.41      0.31
72   0.21093750 0.3232158 0.020417372         1    0.28   0.41      0.31
73   1.00000000 0.3232158 0.020417372         1    0.28   0.41      0.31
74   0.07421875 0.3232158 0.020417372         1    0.28   0.41      0.31
75   0.21484375 0.3232158 0.020417372         1    0.28   0.41      0.31
76   1.00000000 0.3232158 0.020417372         1    0.28   0.41      0.31
77   0.06640625 0.3232158 0.020417372         1    0.28   0.41      0.31
78   0.59765625 0.3232158 0.020417372         1    0.28   0.41      0.31
79   0.08984375 0.3232158 0.020417372         1    0.28   0.41      0.31
80   1.00000000 0.3232158 0.020417372         1    0.28   0.41      0.31
81   1.00000000 0.3232158 0.020417372         1    0.28   0.41      0.31
82   1.00000000 0.3232158 0.020417372         1    0.28   0.41      0.31
83   0.04687500 0.3232158 0.020417372         1    0.28   0.41      0.31
84   1.00000000 0.3232158 0.020417372         1    0.28   0.41      0.31
85   1.00000000 0.3232158 0.020417372         1    0.28   0.41      0.31
86   0.07421875 0.3232158 0.020417372         1    0.28   0.41      0.31
87   1.00000000 0.3232158 0.020417372         1    0.28   0.41      0.31
88   0.26562500 0.3232158 0.020417372         1    0.28   0.41      0.31
89   0.11718750 0.3232158 0.020417372         1    0.28   0.41      0.31
90   0.18359375 0.3232158 0.020417372         1    0.28   0.41      0.31
91   0.53125000 0.3232158 0.020417372         1    0.28   0.41      0.31
92   1.00000000 0.3232158 0.020417372         1    0.28   0.41      0.31
93   0.30468750 0.3232158 0.020417372         1    0.28   0.41      0.31
94   1.00000000 0.3232158 0.020417372         1    0.28   0.41      0.31
95   1.00000000 0.3232158 0.020417372         1    0.28   0.41      0.31
96   0.16015625 0.3232158 0.020417372         1    0.28   0.41      0.31
97   1.00000000 0.3232158 0.020417372         1    0.28   0.41      0.31
98   1.00000000 0.3232158 0.020417372         1    0.28   0.41      0.31
99   0.03515625 0.3232158 0.020417372         1    0.28   0.41      0.31
100  0.10546875 0.3232158 0.020417372         1    0.28   0.41      0.31
101  0.01562500 0.1791209 0.007859818         1    0.61   0.17      0.22
102  1.00000000 0.1791209 0.007859818         1    0.61   0.17      0.22
103  0.01953125 0.1791209 0.007859818         1    0.61   0.17      0.22
104  1.00000000 0.1791209 0.007859818         1    0.61   0.17      0.22
105  0.01953125 0.1791209 0.007859818         1    0.61   0.17      0.22
106  0.01562500 0.1791209 0.007859818         1    0.61   0.17      0.22
107  0.01171875 0.1791209 0.007859818         1    0.61   0.17      0.22
108  0.00781250 0.1791209 0.007859818         1    0.61   0.17      0.22
109  0.01171875 0.1791209 0.007859818         1    0.61   0.17      0.22
110  0.50000000 0.1791209 0.007859818         1    0.61   0.17      0.22
111  1.00000000 0.1791209 0.007859818         1    0.61   0.17      0.22
112  0.01171875 0.1791209 0.007859818         1    0.61   0.17      0.22
113  0.03125000 0.1791209 0.007859818         1    0.61   0.17      0.22
114  0.01562500 0.1791209 0.007859818         1    0.61   0.17      0.22
115  1.00000000 0.1791209 0.007859818         1    0.61   0.17      0.22
116  0.07812500 0.1791209 0.007859818         1    0.61   0.17      0.22
117  0.00781250 0.1791209 0.007859818         1    0.61   0.17      0.22
118  0.04296875 0.1791209 0.007859818         1    0.61   0.17      0.22
119  0.10156250 0.1791209 0.007859818         1    0.61   0.17      0.22
120  0.04687500 0.1791209 0.007859818         1    0.61   0.17      0.22
121  0.04296875 0.1791209 0.007859818         1    0.61   0.17      0.22
122  0.01953125 0.1791209 0.007859818         1    0.61   0.17      0.22
123  0.03906250 0.1791209 0.007859818         1    0.61   0.17      0.22
124  0.05468750 0.1791209 0.007859818         1    0.61   0.17      0.22
125  1.00000000 0.1791209 0.007859818         1    0.61   0.17      0.22
126  1.00000000 0.1791209 0.007859818         1    0.61   0.17      0.22
127  0.00781250 0.1791209 0.007859818         1    0.61   0.17      0.22
128  0.08203125 0.1791209 0.007859818         1    0.61   0.17      0.22
129  0.00781250 0.1791209 0.007859818         1    0.61   0.17      0.22
130  1.00000000 0.1791209 0.007859818         1    0.61   0.17      0.22
131  0.14843750 0.1791209 0.007859818         1    0.61   0.17      0.22
132  0.00781250 0.1791209 0.007859818         1    0.61   0.17      0.22
133  0.04296875 0.1791209 0.007859818         1    0.61   0.17      0.22
134  0.05859375 0.1791209 0.007859818         1    0.61   0.17      0.22
135  0.09375000 0.1791209 0.007859818         1    0.61   0.17      0.22
136  0.04687500 0.1791209 0.007859818         1    0.61   0.17      0.22
137  0.09765625 0.1791209 0.007859818         1    0.61   0.17      0.22
138  1.00000000 0.1791209 0.007859818         1    0.61   0.17      0.22
139  0.00781250 0.1791209 0.007859818         1    0.61   0.17      0.22
140  0.02734375 0.1791209 0.007859818         1    0.61   0.17      0.22
141  0.01953125 0.1791209 0.007859818         1    0.61   0.17      0.22
142  0.50390625 0.1791209 0.007859818         1    0.61   0.17      0.22
143  1.00000000 0.1791209 0.007859818         1    0.61   0.17      0.22
144  0.01562500 0.1791209 0.007859818         1    0.61   0.17      0.22
145  0.13671875 0.1791209 0.007859818         1    0.61   0.17      0.22
146  0.05859375 0.1791209 0.007859818         1    0.61   0.17      0.22
147  0.00781250 0.1791209 0.007859818         1    0.61   0.17      0.22
148  0.05468750 0.1791209 0.007859818         1    0.61   0.17      0.22
149  0.05468750 0.1791209 0.007859818         1    0.61   0.17      0.22
150  1.00000000 0.1791209 0.007859818         1    0.61   0.17      0.22
151  0.02343750 0.1791209 0.007859818         1    0.61   0.17      0.22
152  0.00781250 0.1791209 0.007859818         1    0.61   0.17      0.22
153  1.00000000 0.1791209 0.007859818         1    0.61   0.17      0.22
154  1.00000000 0.1791209 0.007859818         1    0.61   0.17      0.22
155  0.15234375 0.1791209 0.007859818         1    0.61   0.17      0.22
156  0.00000000 0.1791209 0.007859818         1    0.61   0.17      0.22
157  0.08203125 0.1791209 0.007859818         1    0.61   0.17      0.22
158  0.02734375 0.1791209 0.007859818         1    0.61   0.17      0.22
159  0.28125000 0.1791209 0.007859818         1    0.61   0.17      0.22
160  0.03125000 0.1791209 0.007859818         1    0.61   0.17      0.22
161  0.02343750 0.1791209 0.007859818         1    0.61   0.17      0.22
162  1.00000000 0.1791209 0.007859818         1    0.61   0.17      0.22
163  0.07421875 0.1791209 0.007859818         1    0.61   0.17      0.22
164  0.01562500 0.1791209 0.007859818         1    0.61   0.17      0.22
165  0.02343750 0.1791209 0.007859818         1    0.61   0.17      0.22
166  0.13281250 0.1791209 0.007859818         1    0.61   0.17      0.22
167  0.07421875 0.1791209 0.007859818         1    0.61   0.17      0.22
168  1.00000000 0.1791209 0.007859818         1    0.61   0.17      0.22
169  0.02343750 0.1791209 0.007859818         1    0.61   0.17      0.22
170  0.04296875 0.1791209 0.007859818         1    0.61   0.17      0.22
171  1.00000000 0.1791209 0.007859818         1    0.61   0.17      0.22
172  0.03515625 0.1791209 0.007859818         1    0.61   0.17      0.22
173  0.01171875 0.1791209 0.007859818         1    0.61   0.17      0.22
174  0.00781250 0.1791209 0.007859818         1    0.61   0.17      0.22
175  0.13281250 0.1791209 0.007859818         1    0.61   0.17      0.22
176  1.00000000 0.1791209 0.007859818         1    0.61   0.17      0.22
177  0.02343750 0.1791209 0.007859818         1    0.61   0.17      0.22
178  1.00000000 0.1791209 0.007859818         1    0.61   0.17      0.22
179  0.07421875 0.1791209 0.007859818         1    0.61   0.17      0.22
180  0.02343750 0.1791209 0.007859818         1    0.61   0.17      0.22
181  0.06250000 0.1791209 0.007859818         1    0.61   0.17      0.22
182  0.16015625 0.1791209 0.007859818         1    0.61   0.17      0.22
183  1.00000000 0.1791209 0.007859818         1    0.61   0.17      0.22
184  0.04687500 0.1791209 0.007859818         1    0.61   0.17      0.22
185  0.00781250 0.1791209 0.007859818         1    0.61   0.17      0.22
186  0.04296875 0.1791209 0.007859818         1    0.61   0.17      0.22
187  0.01953125 0.1791209 0.007859818         1    0.61   0.17      0.22
188  0.02343750 0.1791209 0.007859818         1    0.61   0.17      0.22
189  0.04687500 0.1791209 0.007859818         1    0.61   0.17      0.22
190  0.01171875 0.1791209 0.007859818         1    0.61   0.17      0.22
191  1.00000000 0.1791209 0.007859818         1    0.61   0.17      0.22
192  0.05859375 0.1791209 0.007859818         1    0.61   0.17      0.22
193  1.00000000 0.1791209 0.007859818         1    0.61   0.17      0.22
194  0.01171875 0.1791209 0.007859818         1    0.61   0.17      0.22
195  0.01953125 0.1791209 0.007859818         1    0.61   0.17      0.22
196  1.00000000 0.1791209 0.007859818         1    0.61   0.17      0.22
197  0.03125000 0.1791209 0.007859818         1    0.61   0.17      0.22
198  0.07031250 0.1791209 0.007859818         1    0.61   0.17      0.22
199  0.26953125 0.1791209 0.007859818         1    0.61   0.17      0.22
200  1.00000000 0.1791209 0.007859818         1    0.61   0.17      0.22
201  1.00000000 0.5936486 0.020173781         1    0.14   0.25      0.61
202  1.00000000 0.5936486 0.020173781         1    0.14   0.25      0.61
203  1.00000000 0.5936486 0.020173781         1    0.14   0.25      0.61
204  1.00000000 0.5936486 0.020173781         1    0.14   0.25      0.61
205  1.00000000 0.5936486 0.020173781         1    0.14   0.25      0.61
206  0.18359375 0.5936486 0.020173781         1    0.14   0.25      0.61
207  0.09765625 0.5936486 0.020173781         1    0.14   0.25      0.61
208  0.02343750 0.5936486 0.020173781         1    0.14   0.25      0.61
209  0.18750000 0.5936486 0.020173781         1    0.14   0.25      0.61
210  1.00000000 0.5936486 0.020173781         1    0.14   0.25      0.61
211  1.00000000 0.5936486 0.020173781         1    0.14   0.25      0.61
212  1.00000000 0.5936486 0.020173781         1    0.14   0.25      0.61
213  1.00000000 0.5936486 0.020173781         1    0.14   0.25      0.61
214  1.00000000 0.5936486 0.020173781         1    0.14   0.25      0.61
215  1.00000000 0.5936486 0.020173781         1    0.14   0.25      0.61
216  1.00000000 0.5936486 0.020173781         1    0.14   0.25      0.61
217  1.00000000 0.5936486 0.020173781         1    0.14   0.25      0.61
218  0.08203125 0.5936486 0.020173781         1    0.14   0.25      0.61
219  1.00000000 0.5936486 0.020173781         1    0.14   0.25      0.61
220  1.00000000 0.5936486 0.020173781         1    0.14   0.25      0.61
221  1.00000000 0.5936486 0.020173781         1    0.14   0.25      0.61
222  0.28515625 0.5936486 0.020173781         1    0.14   0.25      0.61
223  0.03125000 0.5936486 0.020173781         1    0.14   0.25      0.61
224  1.00000000 0.5936486 0.020173781         1    0.14   0.25      0.61
225  1.00000000 0.5936486 0.020173781         1    0.14   0.25      0.61
226  1.00000000 0.5936486 0.020173781         1    0.14   0.25      0.61
227  0.12890625 0.5936486 0.020173781         1    0.14   0.25      0.61
228  1.00000000 0.5936486 0.020173781         1    0.14   0.25      0.61
229  0.10937500 0.5936486 0.020173781         1    0.14   0.25      0.61
230  0.08203125 0.5936486 0.020173781         1    0.14   0.25      0.61
231  1.00000000 0.5936486 0.020173781         1    0.14   0.25      0.61
232  1.00000000 0.5936486 0.020173781         1    0.14   0.25      0.61
233  1.00000000 0.5936486 0.020173781         1    0.14   0.25      0.61
234  0.08984375 0.5936486 0.020173781         1    0.14   0.25      0.61
235  0.12890625 0.5936486 0.020173781         1    0.14   0.25      0.61
236  1.00000000 0.5936486 0.020173781         1    0.14   0.25      0.61
237  0.16406250 0.5936486 0.020173781         1    0.14   0.25      0.61
238  0.11718750 0.5936486 0.020173781         1    0.14   0.25      0.61
239  1.00000000 0.5936486 0.020173781         1    0.14   0.25      0.61
240  0.20312500 0.5936486 0.020173781         1    0.14   0.25      0.61
241  1.00000000 0.5936486 0.020173781         1    0.14   0.25      0.61
242  1.00000000 0.5936486 0.020173781         1    0.14   0.25      0.61
243  1.00000000 0.5936486 0.020173781         1    0.14   0.25      0.61
244  1.00000000 0.5936486 0.020173781         1    0.14   0.25      0.61
245  0.11328125 0.5936486 0.020173781         1    0.14   0.25      0.61
246  1.00000000 0.5936486 0.020173781         1    0.14   0.25      0.61
247  0.30078125 0.5936486 0.020173781         1    0.14   0.25      0.61
248  0.16406250 0.5936486 0.020173781         1    0.14   0.25      0.61
249  1.00000000 0.5936486 0.020173781         1    0.14   0.25      0.61
250  1.00000000 0.5936486 0.020173781         1    0.14   0.25      0.61
251  1.00000000 0.5936486 0.020173781         1    0.14   0.25      0.61
252  1.00000000 0.5936486 0.020173781         1    0.14   0.25      0.61
253  1.00000000 0.5936486 0.020173781         1    0.14   0.25      0.61
254  1.00000000 0.5936486 0.020173781         1    0.14   0.25      0.61
255  0.15234375 0.5936486 0.020173781         1    0.14   0.25      0.61
256  1.00000000 0.5936486 0.020173781         1    0.14   0.25      0.61
257  1.00000000 0.5936486 0.020173781         1    0.14   0.25      0.61
258  1.00000000 0.5936486 0.020173781         1    0.14   0.25      0.61
259  0.08593750 0.5936486 0.020173781         1    0.14   0.25      0.61
260  0.26171875 0.5936486 0.020173781         1    0.14   0.25      0.61
261  1.00000000 0.5936486 0.020173781         1    0.14   0.25      0.61
262  0.08203125 0.5936486 0.020173781         1    0.14   0.25      0.61
263  0.16406250 0.5936486 0.020173781         1    0.14   0.25      0.61
264  0.10937500 0.5936486 0.020173781         1    0.14   0.25      0.61
265  1.00000000 0.5936486 0.020173781         1    0.14   0.25      0.61
266  1.00000000 0.5936486 0.020173781         1    0.14   0.25      0.61
267  0.19921875 0.5936486 0.020173781         1    0.14   0.25      0.61
268  1.00000000 0.5936486 0.020173781         1    0.14   0.25      0.61
269  1.00000000 0.5936486 0.020173781         1    0.14   0.25      0.61
270  0.04296875 0.5936486 0.020173781         1    0.14   0.25      0.61
271  1.00000000 0.5936486 0.020173781         1    0.14   0.25      0.61
272  1.00000000 0.5936486 0.020173781         1    0.14   0.25      0.61
273  0.28906250 0.5936486 0.020173781         1    0.14   0.25      0.61
274  1.00000000 0.5936486 0.020173781         1    0.14   0.25      0.61
275  1.00000000 0.5936486 0.020173781         1    0.14   0.25      0.61
276  0.10937500 0.5936486 0.020173781         1    0.14   0.25      0.61
277  1.00000000 0.5936486 0.020173781         1    0.14   0.25      0.61
278  1.00000000 0.5936486 0.020173781         1    0.14   0.25      0.61
279  1.00000000 0.5936486 0.020173781         1    0.14   0.25      0.61
280  1.00000000 0.5936486 0.020173781         1    0.14   0.25      0.61
281  1.00000000 0.5936486 0.020173781         1    0.14   0.25      0.61
282  0.19531250 0.5936486 0.020173781         1    0.14   0.25      0.61
283  0.08984375 0.5936486 0.020173781         1    0.14   0.25      0.61
284  0.23046875 0.5936486 0.020173781         1    0.14   0.25      0.61
285  0.11328125 0.5936486 0.020173781         1    0.14   0.25      0.61
286  0.14843750 0.5936486 0.020173781         1    0.14   0.25      0.61
287  1.00000000 0.5936486 0.020173781         1    0.14   0.25      0.61
288  1.00000000 0.5936486 0.020173781         1    0.14   0.25      0.61
289  0.51171875 0.5936486 0.020173781         1    0.14   0.25      0.61
290  1.00000000 0.5936486 0.020173781         1    0.14   0.25      0.61
291  1.00000000 0.5936486 0.020173781         1    0.14   0.25      0.61
292  0.26171875 0.5936486 0.020173781         1    0.14   0.25      0.61
293  1.00000000 0.5936486 0.020173781         1    0.14   0.25      0.61
294  1.00000000 0.5936486 0.020173781         1    0.14   0.25      0.61
295  1.00000000 0.5936486 0.020173781         1    0.14   0.25      0.61
296  0.62109375 0.5936486 0.020173781         1    0.14   0.25      0.61
297  0.04296875 0.5936486 0.020173781         1    0.14   0.25      0.61
298  0.09765625 0.5936486 0.020173781         1    0.14   0.25      0.61
299  0.05078125 0.5936486 0.020173781         1    0.14   0.25      0.61
300  1.00000000 0.5936486 0.020173781         1    0.14   0.25      0.61
301  1.00000000 0.3319726 0.028404503         1    0.17   0.42      0.41
302  0.39843750 0.3319726 0.028404503         1    0.17   0.42      0.41
303  0.13281250 0.3319726 0.028404503         1    0.17   0.42      0.41
304  0.07031250 0.3319726 0.028404503         1    0.17   0.42      0.41
305  1.00000000 0.3319726 0.028404503         1    0.17   0.42      0.41
306  1.00000000 0.3319726 0.028404503         1    0.17   0.42      0.41
307  0.24218750 0.3319726 0.028404503         1    0.17   0.42      0.41
308  1.00000000 0.3319726 0.028404503         1    0.17   0.42      0.41
309  0.39453125 0.3319726 0.028404503         1    0.17   0.42      0.41
310  0.52343750 0.3319726 0.028404503         1    0.17   0.42      0.41
311  1.00000000 0.3319726 0.028404503         1    0.17   0.42      0.41
312  0.07031250 0.3319726 0.028404503         1    0.17   0.42      0.41
313  0.25781250 0.3319726 0.028404503         1    0.17   0.42      0.41
314  1.00000000 0.3319726 0.028404503         1    0.17   0.42      0.41
315  0.11328125 0.3319726 0.028404503         1    0.17   0.42      0.41
316  0.21093750 0.3319726 0.028404503         1    0.17   0.42      0.41
317  1.00000000 0.3319726 0.028404503         1    0.17   0.42      0.41
318  1.00000000 0.3319726 0.028404503         1    0.17   0.42      0.41
319  1.00000000 0.3319726 0.028404503         1    0.17   0.42      0.41
320  1.00000000 0.3319726 0.028404503         1    0.17   0.42      0.41
321  1.00000000 0.3319726 0.028404503         1    0.17   0.42      0.41
322  0.14843750 0.3319726 0.028404503         1    0.17   0.42      0.41
323  0.07812500 0.3319726 0.028404503         1    0.17   0.42      0.41
324  0.12109375 0.3319726 0.028404503         1    0.17   0.42      0.41
325  0.30078125 0.3319726 0.028404503         1    0.17   0.42      0.41
326  0.19921875 0.3319726 0.028404503         1    0.17   0.42      0.41
327  1.00000000 0.3319726 0.028404503         1    0.17   0.42      0.41
328  0.29687500 0.3319726 0.028404503         1    0.17   0.42      0.41
329  0.26562500 0.3319726 0.028404503         1    0.17   0.42      0.41
330  0.20703125 0.3319726 0.028404503         1    0.17   0.42      0.41
331  1.00000000 0.3319726 0.028404503         1    0.17   0.42      0.41
332  0.08203125 0.3319726 0.028404503         1    0.17   0.42      0.41
333  0.13281250 0.3319726 0.028404503         1    0.17   0.42      0.41
334  0.16406250 0.3319726 0.028404503         1    0.17   0.42      0.41
335  1.00000000 0.3319726 0.028404503         1    0.17   0.42      0.41
336  0.19531250 0.3319726 0.028404503         1    0.17   0.42      0.41
337  1.00000000 0.3319726 0.028404503         1    0.17   0.42      0.41
338  0.18750000 0.3319726 0.028404503         1    0.17   0.42      0.41
339  0.19140625 0.3319726 0.028404503         1    0.17   0.42      0.41
340  1.00000000 0.3319726 0.028404503         1    0.17   0.42      0.41
341  1.00000000 0.3319726 0.028404503         1    0.17   0.42      0.41
342  1.00000000 0.3319726 0.028404503         1    0.17   0.42      0.41
343  0.08203125 0.3319726 0.028404503         1    0.17   0.42      0.41
344  1.00000000 0.3319726 0.028404503         1    0.17   0.42      0.41
345  1.00000000 0.3319726 0.028404503         1    0.17   0.42      0.41
346  1.00000000 0.3319726 0.028404503         1    0.17   0.42      0.41
347  0.19921875 0.3319726 0.028404503         1    0.17   0.42      0.41
348  0.14062500 0.3319726 0.028404503         1    0.17   0.42      0.41
349  0.23046875 0.3319726 0.028404503         1    0.17   0.42      0.41
350  1.00000000 0.3319726 0.028404503         1    0.17   0.42      0.41
351  1.00000000 0.3319726 0.028404503         1    0.17   0.42      0.41
352  0.10156250 0.3319726 0.028404503         1    0.17   0.42      0.41
353  0.40625000 0.3319726 0.028404503         1    0.17   0.42      0.41
354  1.00000000 0.3319726 0.028404503         1    0.17   0.42      0.41
355  1.00000000 0.3319726 0.028404503         1    0.17   0.42      0.41
356  0.11718750 0.3319726 0.028404503         1    0.17   0.42      0.41
357  1.00000000 0.3319726 0.028404503         1    0.17   0.42      0.41
358  0.17968750 0.3319726 0.028404503         1    0.17   0.42      0.41
359  0.06250000 0.3319726 0.028404503         1    0.17   0.42      0.41
360  0.23437500 0.3319726 0.028404503         1    0.17   0.42      0.41
361  0.10156250 0.3319726 0.028404503         1    0.17   0.42      0.41
362  0.18750000 0.3319726 0.028404503         1    0.17   0.42      0.41
363  0.08593750 0.3319726 0.028404503         1    0.17   0.42      0.41
364  0.39453125 0.3319726 0.028404503         1    0.17   0.42      0.41
365  1.00000000 0.3319726 0.028404503         1    0.17   0.42      0.41
366  1.00000000 0.3319726 0.028404503         1    0.17   0.42      0.41
367  1.00000000 0.3319726 0.028404503         1    0.17   0.42      0.41
368  1.00000000 0.3319726 0.028404503         1    0.17   0.42      0.41
369  0.08203125 0.3319726 0.028404503         1    0.17   0.42      0.41
370  0.05078125 0.3319726 0.028404503         1    0.17   0.42      0.41
371  1.00000000 0.3319726 0.028404503         1    0.17   0.42      0.41
372  0.07812500 0.3319726 0.028404503         1    0.17   0.42      0.41
373  0.23046875 0.3319726 0.028404503         1    0.17   0.42      0.41
374  0.13671875 0.3319726 0.028404503         1    0.17   0.42      0.41
375  1.00000000 0.3319726 0.028404503         1    0.17   0.42      0.41
376  1.00000000 0.3319726 0.028404503         1    0.17   0.42      0.41
377  0.18750000 0.3319726 0.028404503         1    0.17   0.42      0.41
378  1.00000000 0.3319726 0.028404503         1    0.17   0.42      0.41
379  0.14453125 0.3319726 0.028404503         1    0.17   0.42      0.41
380  1.00000000 0.3319726 0.028404503         1    0.17   0.42      0.41
381  0.66796875 0.3319726 0.028404503         1    0.17   0.42      0.41
382  0.33593750 0.3319726 0.028404503         1    0.17   0.42      0.41
383  0.40234375 0.3319726 0.028404503         1    0.17   0.42      0.41
384  0.60937500 0.3319726 0.028404503         1    0.17   0.42      0.41
385  0.17578125 0.3319726 0.028404503         1    0.17   0.42      0.41
386  0.48046875 0.3319726 0.028404503         1    0.17   0.42      0.41
387  0.22656250 0.3319726 0.028404503         1    0.17   0.42      0.41
388  0.13671875 0.3319726 0.028404503         1    0.17   0.42      0.41
389  0.18359375 0.3319726 0.028404503         1    0.17   0.42      0.41
390  1.00000000 0.3319726 0.028404503         1    0.17   0.42      0.41
391  0.35156250 0.3319726 0.028404503         1    0.17   0.42      0.41
392  0.13671875 0.3319726 0.028404503         1    0.17   0.42      0.41
393  0.13281250 0.3319726 0.028404503         1    0.17   0.42      0.41
394  0.10546875 0.3319726 0.028404503         1    0.17   0.42      0.41
395  0.09375000 0.3319726 0.028404503         1    0.17   0.42      0.41
396  1.00000000 0.3319726 0.028404503         1    0.17   0.42      0.41
397  0.38671875 0.3319726 0.028404503         1    0.17   0.42      0.41
398  1.00000000 0.3319726 0.028404503         1    0.17   0.42      0.41
399  1.00000000 0.3319726 0.028404503         1    0.17   0.42      0.41
400  1.00000000 0.3319726 0.028404503         1    0.17   0.42      0.41
401  0.25000000 0.5972440 0.027129269         1    0.16   0.22      0.62
402  1.00000000 0.5972440 0.027129269         1    0.16   0.22      0.62
403  1.00000000 0.5972440 0.027129269         1    0.16   0.22      0.62
404  1.00000000 0.5972440 0.027129269         1    0.16   0.22      0.62
405  0.26171875 0.5972440 0.027129269         1    0.16   0.22      0.62
406  1.00000000 0.5972440 0.027129269         1    0.16   0.22      0.62
407  0.16406250 0.5972440 0.027129269         1    0.16   0.22      0.62
408  0.21875000 0.5972440 0.027129269         1    0.16   0.22      0.62
409  1.00000000 0.5972440 0.027129269         1    0.16   0.22      0.62
410  1.00000000 0.5972440 0.027129269         1    0.16   0.22      0.62
411  1.00000000 0.5972440 0.027129269         1    0.16   0.22      0.62
412  1.00000000 0.5972440 0.027129269         1    0.16   0.22      0.62
413  0.16015625 0.5972440 0.027129269         1    0.16   0.22      0.62
414  0.05859375 0.5972440 0.027129269         1    0.16   0.22      0.62
415  0.08203125 0.5972440 0.027129269         1    0.16   0.22      0.62
416  1.00000000 0.5972440 0.027129269         1    0.16   0.22      0.62
417  0.27343750 0.5972440 0.027129269         1    0.16   0.22      0.62
418  0.13671875 0.5972440 0.027129269         1    0.16   0.22      0.62
419  1.00000000 0.5972440 0.027129269         1    0.16   0.22      0.62
420  1.00000000 0.5972440 0.027129269         1    0.16   0.22      0.62
421  1.00000000 0.5972440 0.027129269         1    0.16   0.22      0.62
422  0.21093750 0.5972440 0.027129269         1    0.16   0.22      0.62
423  1.00000000 0.5972440 0.027129269         1    0.16   0.22      0.62
424  1.00000000 0.5972440 0.027129269         1    0.16   0.22      0.62
425  0.17968750 0.5972440 0.027129269         1    0.16   0.22      0.62
426  1.00000000 0.5972440 0.027129269         1    0.16   0.22      0.62
427  0.10546875 0.5972440 0.027129269         1    0.16   0.22      0.62
428  1.00000000 0.5972440 0.027129269         1    0.16   0.22      0.62
429  0.12890625 0.5972440 0.027129269         1    0.16   0.22      0.62
430  0.21875000 0.5972440 0.027129269         1    0.16   0.22      0.62
431  0.11328125 0.5972440 0.027129269         1    0.16   0.22      0.62
432  1.00000000 0.5972440 0.027129269         1    0.16   0.22      0.62
433  1.00000000 0.5972440 0.027129269         1    0.16   0.22      0.62
434  1.00000000 0.5972440 0.027129269         1    0.16   0.22      0.62
435  0.13671875 0.5972440 0.027129269         1    0.16   0.22      0.62
436  1.00000000 0.5972440 0.027129269         1    0.16   0.22      0.62
437  1.00000000 0.5972440 0.027129269         1    0.16   0.22      0.62
438  1.00000000 0.5972440 0.027129269         1    0.16   0.22      0.62
439  1.00000000 0.5972440 0.027129269         1    0.16   0.22      0.62
440  1.00000000 0.5972440 0.027129269         1    0.16   0.22      0.62
441  1.00000000 0.5972440 0.027129269         1    0.16   0.22      0.62
442  1.00000000 0.5972440 0.027129269         1    0.16   0.22      0.62
443  0.13281250 0.5972440 0.027129269         1    0.16   0.22      0.62
444  1.00000000 0.5972440 0.027129269         1    0.16   0.22      0.62
445  1.00000000 0.5972440 0.027129269         1    0.16   0.22      0.62
446  0.10937500 0.5972440 0.027129269         1    0.16   0.22      0.62
447  1.00000000 0.5972440 0.027129269         1    0.16   0.22      0.62
448  0.13281250 0.5972440 0.027129269         1    0.16   0.22      0.62
449  1.00000000 0.5972440 0.027129269         1    0.16   0.22      0.62
450  1.00000000 0.5972440 0.027129269         1    0.16   0.22      0.62
451  1.00000000 0.5972440 0.027129269         1    0.16   0.22      0.62
452  0.14062500 0.5972440 0.027129269         1    0.16   0.22      0.62
453  0.05078125 0.5972440 0.027129269         1    0.16   0.22      0.62
454  0.10937500 0.5972440 0.027129269         1    0.16   0.22      0.62
455  1.00000000 0.5972440 0.027129269         1    0.16   0.22      0.62
456  1.00000000 0.5972440 0.027129269         1    0.16   0.22      0.62
457  0.10546875 0.5972440 0.027129269         1    0.16   0.22      0.62
458  0.15234375 0.5972440 0.027129269         1    0.16   0.22      0.62
459  1.00000000 0.5972440 0.027129269         1    0.16   0.22      0.62
460  1.00000000 0.5972440 0.027129269         1    0.16   0.22      0.62
461  1.00000000 0.5972440 0.027129269         1    0.16   0.22      0.62
462  0.27734375 0.5972440 0.027129269         1    0.16   0.22      0.62
463  0.36328125 0.5972440 0.027129269         1    0.16   0.22      0.62
464  0.08203125 0.5972440 0.027129269         1    0.16   0.22      0.62
465  1.00000000 0.5972440 0.027129269         1    0.16   0.22      0.62
466  0.13281250 0.5972440 0.027129269         1    0.16   0.22      0.62
467  0.08593750 0.5972440 0.027129269         1    0.16   0.22      0.62
468  1.00000000 0.5972440 0.027129269         1    0.16   0.22      0.62
469  1.00000000 0.5972440 0.027129269         1    0.16   0.22      0.62
470  1.00000000 0.5972440 0.027129269         1    0.16   0.22      0.62
471  1.00000000 0.5972440 0.027129269         1    0.16   0.22      0.62
472  1.00000000 0.5972440 0.027129269         1    0.16   0.22      0.62
473  1.00000000 0.5972440 0.027129269         1    0.16   0.22      0.62
474  0.08203125 0.5972440 0.027129269         1    0.16   0.22      0.62
475  1.00000000 0.5972440 0.027129269         1    0.16   0.22      0.62
476  1.00000000 0.5972440 0.027129269         1    0.16   0.22      0.62
477  1.00000000 0.5972440 0.027129269         1    0.16   0.22      0.62
478  1.00000000 0.5972440 0.027129269         1    0.16   0.22      0.62
479  1.00000000 0.5972440 0.027129269         1    0.16   0.22      0.62
480  1.00000000 0.5972440 0.027129269         1    0.16   0.22      0.62
481  1.00000000 0.5972440 0.027129269         1    0.16   0.22      0.62
482  1.00000000 0.5972440 0.027129269         1    0.16   0.22      0.62
483  0.09375000 0.5972440 0.027129269         1    0.16   0.22      0.62
484  1.00000000 0.5972440 0.027129269         1    0.16   0.22      0.62
485  1.00000000 0.5972440 0.027129269         1    0.16   0.22      0.62
486  1.00000000 0.5972440 0.027129269         1    0.16   0.22      0.62
487  1.00000000 0.5972440 0.027129269         1    0.16   0.22      0.62
488  1.00000000 0.5972440 0.027129269         1    0.16   0.22      0.62
489  1.00000000 0.5972440 0.027129269         1    0.16   0.22      0.62
490  0.17968750 0.5972440 0.027129269         1    0.16   0.22      0.62
491  1.00000000 0.5972440 0.027129269         1    0.16   0.22      0.62
492  0.10546875 0.5972440 0.027129269         1    0.16   0.22      0.62
493  0.12890625 0.5972440 0.027129269         1    0.16   0.22      0.62
494  0.07812500 0.5972440 0.027129269         1    0.16   0.22      0.62
495  0.19921875 0.5972440 0.027129269         1    0.16   0.22      0.62
496  0.16015625 0.5972440 0.027129269         1    0.16   0.22      0.62
497  1.00000000 0.5972440 0.027129269         1    0.16   0.22      0.62
498  0.36718750 0.5972440 0.027129269         1    0.16   0.22      0.62
499  1.00000000 0.5972440 0.027129269         1    0.16   0.22      0.62
500  1.00000000 0.5972440 0.027129269         1    0.16   0.22      0.62
501  1.00000000 0.5777835 0.028893146         1    0.12   0.30      0.58
502  1.00000000 0.5777835 0.028893146         1    0.12   0.30      0.58
503  1.00000000 0.5777835 0.028893146         1    0.12   0.30      0.58
504  1.00000000 0.5777835 0.028893146         1    0.12   0.30      0.58
505  0.17578125 0.5777835 0.028893146         1    0.12   0.30      0.58
506  0.25000000 0.5777835 0.028893146         1    0.12   0.30      0.58
507  1.00000000 0.5777835 0.028893146         1    0.12   0.30      0.58
508  1.00000000 0.5777835 0.028893146         1    0.12   0.30      0.58
509  0.41015625 0.5777835 0.028893146         1    0.12   0.30      0.58
510  0.04296875 0.5777835 0.028893146         1    0.12   0.30      0.58
511  1.00000000 0.5777835 0.028893146         1    0.12   0.30      0.58
512  0.55468750 0.5777835 0.028893146         1    0.12   0.30      0.58
513  1.00000000 0.5777835 0.028893146         1    0.12   0.30      0.58
514  1.00000000 0.5777835 0.028893146         1    0.12   0.30      0.58
515  1.00000000 0.5777835 0.028893146         1    0.12   0.30      0.58
516  1.00000000 0.5777835 0.028893146         1    0.12   0.30      0.58
517  1.00000000 0.5777835 0.028893146         1    0.12   0.30      0.58
518  1.00000000 0.5777835 0.028893146         1    0.12   0.30      0.58
519  0.60937500 0.5777835 0.028893146         1    0.12   0.30      0.58
520  1.00000000 0.5777835 0.028893146         1    0.12   0.30      0.58
521  1.00000000 0.5777835 0.028893146         1    0.12   0.30      0.58
522  1.00000000 0.5777835 0.028893146         1    0.12   0.30      0.58
523  1.00000000 0.5777835 0.028893146         1    0.12   0.30      0.58
524  0.28515625 0.5777835 0.028893146         1    0.12   0.30      0.58
525  1.00000000 0.5777835 0.028893146         1    0.12   0.30      0.58
526  1.00000000 0.5777835 0.028893146         1    0.12   0.30      0.58
527  1.00000000 0.5777835 0.028893146         1    0.12   0.30      0.58
528  1.00000000 0.5777835 0.028893146         1    0.12   0.30      0.58
529  0.33593750 0.5777835 0.028893146         1    0.12   0.30      0.58
530  1.00000000 0.5777835 0.028893146         1    0.12   0.30      0.58
531  1.00000000 0.5777835 0.028893146         1    0.12   0.30      0.58
532  1.00000000 0.5777835 0.028893146         1    0.12   0.30      0.58
533  0.08984375 0.5777835 0.028893146         1    0.12   0.30      0.58
534  1.00000000 0.5777835 0.028893146         1    0.12   0.30      0.58
535  0.14843750 0.5777835 0.028893146         1    0.12   0.30      0.58
536  1.00000000 0.5777835 0.028893146         1    0.12   0.30      0.58
537  0.13281250 0.5777835 0.028893146         1    0.12   0.30      0.58
538  0.21484375 0.5777835 0.028893146         1    0.12   0.30      0.58
539  0.19921875 0.5777835 0.028893146         1    0.12   0.30      0.58
540  0.19921875 0.5777835 0.028893146         1    0.12   0.30      0.58
541  1.00000000 0.5777835 0.028893146         1    0.12   0.30      0.58
542  0.11718750 0.5777835 0.028893146         1    0.12   0.30      0.58
543  0.12109375 0.5777835 0.028893146         1    0.12   0.30      0.58
544  0.28515625 0.5777835 0.028893146         1    0.12   0.30      0.58
545  1.00000000 0.5777835 0.028893146         1    0.12   0.30      0.58
546  0.13281250 0.5777835 0.028893146         1    0.12   0.30      0.58
547  1.00000000 0.5777835 0.028893146         1    0.12   0.30      0.58
548  0.12109375 0.5777835 0.028893146         1    0.12   0.30      0.58
549  1.00000000 0.5777835 0.028893146         1    0.12   0.30      0.58
550  0.54687500 0.5777835 0.028893146         1    0.12   0.30      0.58
551  0.30078125 0.5777835 0.028893146         1    0.12   0.30      0.58
552  1.00000000 0.5777835 0.028893146         1    0.12   0.30      0.58
553  1.00000000 0.5777835 0.028893146         1    0.12   0.30      0.58
554  1.00000000 0.5777835 0.028893146         1    0.12   0.30      0.58
555  1.00000000 0.5777835 0.028893146         1    0.12   0.30      0.58
556  0.13671875 0.5777835 0.028893146         1    0.12   0.30      0.58
557  0.34375000 0.5777835 0.028893146         1    0.12   0.30      0.58
558  1.00000000 0.5777835 0.028893146         1    0.12   0.30      0.58
559  1.00000000 0.5777835 0.028893146         1    0.12   0.30      0.58
560  0.04687500 0.5777835 0.028893146         1    0.12   0.30      0.58
561  0.16015625 0.5777835 0.028893146         1    0.12   0.30      0.58
562  0.19140625 0.5777835 0.028893146         1    0.12   0.30      0.58
563  0.39062500 0.5777835 0.028893146         1    0.12   0.30      0.58
564  1.00000000 0.5777835 0.028893146         1    0.12   0.30      0.58
565  0.28125000 0.5777835 0.028893146         1    0.12   0.30      0.58
566  1.00000000 0.5777835 0.028893146         1    0.12   0.30      0.58
567  1.00000000 0.5777835 0.028893146         1    0.12   0.30      0.58
568  0.55078125 0.5777835 0.028893146         1    0.12   0.30      0.58
569  1.00000000 0.5777835 0.028893146         1    0.12   0.30      0.58
570  1.00000000 0.5777835 0.028893146         1    0.12   0.30      0.58
571  0.16796875 0.5777835 0.028893146         1    0.12   0.30      0.58
572  1.00000000 0.5777835 0.028893146         1    0.12   0.30      0.58
573  0.11328125 0.5777835 0.028893146         1    0.12   0.30      0.58
574  0.25000000 0.5777835 0.028893146         1    0.12   0.30      0.58
575  1.00000000 0.5777835 0.028893146         1    0.12   0.30      0.58
576  1.00000000 0.5777835 0.028893146         1    0.12   0.30      0.58
577  0.31250000 0.5777835 0.028893146         1    0.12   0.30      0.58
578  0.25390625 0.5777835 0.028893146         1    0.12   0.30      0.58
579  0.06250000 0.5777835 0.028893146         1    0.12   0.30      0.58
580  1.00000000 0.5777835 0.028893146         1    0.12   0.30      0.58
581  0.16015625 0.5777835 0.028893146         1    0.12   0.30      0.58
582  1.00000000 0.5777835 0.028893146         1    0.12   0.30      0.58
583  1.00000000 0.5777835 0.028893146         1    0.12   0.30      0.58
584  1.00000000 0.5777835 0.028893146         1    0.12   0.30      0.58
585  1.00000000 0.5777835 0.028893146         1    0.12   0.30      0.58
586  1.00000000 0.5777835 0.028893146         1    0.12   0.30      0.58
587  1.00000000 0.5777835 0.028893146         1    0.12   0.30      0.58
588  1.00000000 0.5777835 0.028893146         1    0.12   0.30      0.58
589  0.35156250 0.5777835 0.028893146         1    0.12   0.30      0.58
590  1.00000000 0.5777835 0.028893146         1    0.12   0.30      0.58
591  1.00000000 0.5777835 0.028893146         1    0.12   0.30      0.58
592  1.00000000 0.5777835 0.028893146         1    0.12   0.30      0.58
593  1.00000000 0.5777835 0.028893146         1    0.12   0.30      0.58
594  0.21875000 0.5777835 0.028893146         1    0.12   0.30      0.58
595  1.00000000 0.5777835 0.028893146         1    0.12   0.30      0.58
596  1.00000000 0.5777835 0.028893146         1    0.12   0.30      0.58
597  0.17578125 0.5777835 0.028893146         1    0.12   0.30      0.58
598  0.16406250 0.5777835 0.028893146         1    0.12   0.30      0.58
599  0.14843750 0.5777835 0.028893146         1    0.12   0.30      0.58
600  0.22656250 0.5777835 0.028893146         1    0.12   0.30      0.58
601  1.00000000 0.5252493 0.029942282         1    0.16   0.34      0.50
602  0.15625000 0.5252493 0.029942282         1    0.16   0.34      0.50
603  0.19140625 0.5252493 0.029942282         1    0.16   0.34      0.50
604  1.00000000 0.5252493 0.029942282         1    0.16   0.34      0.50
605  1.00000000 0.5252493 0.029942282         1    0.16   0.34      0.50
606  1.00000000 0.5252493 0.029942282         1    0.16   0.34      0.50
607  0.14843750 0.5252493 0.029942282         1    0.16   0.34      0.50
608  1.00000000 0.5252493 0.029942282         1    0.16   0.34      0.50
609  1.00000000 0.5252493 0.029942282         1    0.16   0.34      0.50
610  0.10156250 0.5252493 0.029942282         1    0.16   0.34      0.50
611  1.00000000 0.5252493 0.029942282         1    0.16   0.34      0.50
612  1.00000000 0.5252493 0.029942282         1    0.16   0.34      0.50
613  0.12109375 0.5252493 0.029942282         1    0.16   0.34      0.50
614  1.00000000 0.5252493 0.029942282         1    0.16   0.34      0.50
615  0.13281250 0.5252493 0.029942282         1    0.16   0.34      0.50
616  0.09765625 0.5252493 0.029942282         1    0.16   0.34      0.50
617  0.14453125 0.5252493 0.029942282         1    0.16   0.34      0.50
618  0.21484375 0.5252493 0.029942282         1    0.16   0.34      0.50
619  0.17968750 0.5252493 0.029942282         1    0.16   0.34      0.50
620  0.08593750 0.5252493 0.029942282         1    0.16   0.34      0.50
621  0.05468750 0.5252493 0.029942282         1    0.16   0.34      0.50
622  1.00000000 0.5252493 0.029942282         1    0.16   0.34      0.50
623  1.00000000 0.5252493 0.029942282         1    0.16   0.34      0.50
624  0.09765625 0.5252493 0.029942282         1    0.16   0.34      0.50
625  1.00000000 0.5252493 0.029942282         1    0.16   0.34      0.50
626  0.17578125 0.5252493 0.029942282         1    0.16   0.34      0.50
627  1.00000000 0.5252493 0.029942282         1    0.16   0.34      0.50
628  1.00000000 0.5252493 0.029942282         1    0.16   0.34      0.50
629  0.25000000 0.5252493 0.029942282         1    0.16   0.34      0.50
630  1.00000000 0.5252493 0.029942282         1    0.16   0.34      0.50
631  0.13281250 0.5252493 0.029942282         1    0.16   0.34      0.50
632  0.10156250 0.5252493 0.029942282         1    0.16   0.34      0.50
633  1.00000000 0.5252493 0.029942282         1    0.16   0.34      0.50
634  1.00000000 0.5252493 0.029942282         1    0.16   0.34      0.50
635  1.00000000 0.5252493 0.029942282         1    0.16   0.34      0.50
636  0.12500000 0.5252493 0.029942282         1    0.16   0.34      0.50
637  0.30859375 0.5252493 0.029942282         1    0.16   0.34      0.50
638  1.00000000 0.5252493 0.029942282         1    0.16   0.34      0.50
639  1.00000000 0.5252493 0.029942282         1    0.16   0.34      0.50
640  0.35546875 0.5252493 0.029942282         1    0.16   0.34      0.50
641  0.13671875 0.5252493 0.029942282         1    0.16   0.34      0.50
642  0.19921875 0.5252493 0.029942282         1    0.16   0.34      0.50
643  1.00000000 0.5252493 0.029942282         1    0.16   0.34      0.50
644  1.00000000 0.5252493 0.029942282         1    0.16   0.34      0.50
645  1.00000000 0.5252493 0.029942282         1    0.16   0.34      0.50
646  1.00000000 0.5252493 0.029942282         1    0.16   0.34      0.50
647  1.00000000 0.5252493 0.029942282         1    0.16   0.34      0.50
648  1.00000000 0.5252493 0.029942282         1    0.16   0.34      0.50
649  0.15234375 0.5252493 0.029942282         1    0.16   0.34      0.50
650  0.15234375 0.5252493 0.029942282         1    0.16   0.34      0.50
651  0.41796875 0.5252493 0.029942282         1    0.16   0.34      0.50
652  0.24218750 0.5252493 0.029942282         1    0.16   0.34      0.50
653  1.00000000 0.5252493 0.029942282         1    0.16   0.34      0.50
654  0.25000000 0.5252493 0.029942282         1    0.16   0.34      0.50
655  1.00000000 0.5252493 0.029942282         1    0.16   0.34      0.50
656  0.07812500 0.5252493 0.029942282         1    0.16   0.34      0.50
657  0.33203125 0.5252493 0.029942282         1    0.16   0.34      0.50
658  0.15234375 0.5252493 0.029942282         1    0.16   0.34      0.50
659  1.00000000 0.5252493 0.029942282         1    0.16   0.34      0.50
660  0.32031250 0.5252493 0.029942282         1    0.16   0.34      0.50
661  1.00000000 0.5252493 0.029942282         1    0.16   0.34      0.50
662  0.08203125 0.5252493 0.029942282         1    0.16   0.34      0.50
663  1.00000000 0.5252493 0.029942282         1    0.16   0.34      0.50
664  0.20312500 0.5252493 0.029942282         1    0.16   0.34      0.50
665  0.13281250 0.5252493 0.029942282         1    0.16   0.34      0.50
666  0.63281250 0.5252493 0.029942282         1    0.16   0.34      0.50
667  1.00000000 0.5252493 0.029942282         1    0.16   0.34      0.50
668  1.00000000 0.5252493 0.029942282         1    0.16   0.34      0.50
669  1.00000000 0.5252493 0.029942282         1    0.16   0.34      0.50
670  1.00000000 0.5252493 0.029942282         1    0.16   0.34      0.50
671  1.00000000 0.5252493 0.029942282         1    0.16   0.34      0.50
672  1.00000000 0.5252493 0.029942282         1    0.16   0.34      0.50
673  1.00000000 0.5252493 0.029942282         1    0.16   0.34      0.50
674  1.00000000 0.5252493 0.029942282         1    0.16   0.34      0.50
675  1.00000000 0.5252493 0.029942282         1    0.16   0.34      0.50
676  1.00000000 0.5252493 0.029942282         1    0.16   0.34      0.50
677  0.07031250 0.5252493 0.029942282         1    0.16   0.34      0.50
678  0.10937500 0.5252493 0.029942282         1    0.16   0.34      0.50
679  1.00000000 0.5252493 0.029942282         1    0.16   0.34      0.50
680  0.58984375 0.5252493 0.029942282         1    0.16   0.34      0.50
681  0.17968750 0.5252493 0.029942282         1    0.16   0.34      0.50
682  0.19531250 0.5252493 0.029942282         1    0.16   0.34      0.50
683  0.18750000 0.5252493 0.029942282         1    0.16   0.34      0.50
684  0.23046875 0.5252493 0.029942282         1    0.16   0.34      0.50
685  1.00000000 0.5252493 0.029942282         1    0.16   0.34      0.50
686  0.12500000 0.5252493 0.029942282         1    0.16   0.34      0.50
687  1.00000000 0.5252493 0.029942282         1    0.16   0.34      0.50
688  1.00000000 0.5252493 0.029942282         1    0.16   0.34      0.50
689  0.56640625 0.5252493 0.029942282         1    0.16   0.34      0.50
690  1.00000000 0.5252493 0.029942282         1    0.16   0.34      0.50
691  1.00000000 0.5252493 0.029942282         1    0.16   0.34      0.50
692  0.37500000 0.5252493 0.029942282         1    0.16   0.34      0.50
693  0.21875000 0.5252493 0.029942282         1    0.16   0.34      0.50
694  1.00000000 0.5252493 0.029942282         1    0.16   0.34      0.50
695  0.11718750 0.5252493 0.029942282         1    0.16   0.34      0.50
696  0.21093750 0.5252493 0.029942282         1    0.16   0.34      0.50
697  0.18359375 0.5252493 0.029942282         1    0.16   0.34      0.50
698  1.00000000 0.5252493 0.029942282         1    0.16   0.34      0.50
699  1.00000000 0.5252493 0.029942282         1    0.16   0.34      0.50
700  0.15625000 0.5252493 0.029942282         1    0.16   0.34      0.50
701  0.24218750 0.4367719 0.023542555         1    0.23   0.29      0.48
702  1.00000000 0.4367719 0.023542555         1    0.23   0.29      0.48
703  0.12500000 0.4367719 0.023542555         1    0.23   0.29      0.48
704  1.00000000 0.4367719 0.023542555         1    0.23   0.29      0.48
705  1.00000000 0.4367719 0.023542555         1    0.23   0.29      0.48
706  1.00000000 0.4367719 0.023542555         1    0.23   0.29      0.48
707  1.00000000 0.4367719 0.023542555         1    0.23   0.29      0.48
708  1.00000000 0.4367719 0.023542555         1    0.23   0.29      0.48
709  0.25781250 0.4367719 0.023542555         1    0.23   0.29      0.48
710  0.07812500 0.4367719 0.023542555         1    0.23   0.29      0.48
711  0.34375000 0.4367719 0.023542555         1    0.23   0.29      0.48
712  0.75390625 0.4367719 0.023542555         1    0.23   0.29      0.48
713  1.00000000 0.4367719 0.023542555         1    0.23   0.29      0.48
714  1.00000000 0.4367719 0.023542555         1    0.23   0.29      0.48
715  0.11328125 0.4367719 0.023542555         1    0.23   0.29      0.48
716  0.10937500 0.4367719 0.023542555         1    0.23   0.29      0.48
717  0.10546875 0.4367719 0.023542555         1    0.23   0.29      0.48
718  0.08984375 0.4367719 0.023542555         1    0.23   0.29      0.48
719  1.00000000 0.4367719 0.023542555         1    0.23   0.29      0.48
720  0.08593750 0.4367719 0.023542555         1    0.23   0.29      0.48
721  0.08984375 0.4367719 0.023542555         1    0.23   0.29      0.48
722  1.00000000 0.4367719 0.023542555         1    0.23   0.29      0.48
723  0.55078125 0.4367719 0.023542555         1    0.23   0.29      0.48
724  1.00000000 0.4367719 0.023542555         1    0.23   0.29      0.48
725  0.08984375 0.4367719 0.023542555         1    0.23   0.29      0.48
726  0.07031250 0.4367719 0.023542555         1    0.23   0.29      0.48
727  0.14843750 0.4367719 0.023542555         1    0.23   0.29      0.48
728  0.10546875 0.4367719 0.023542555         1    0.23   0.29      0.48
729  1.00000000 0.4367719 0.023542555         1    0.23   0.29      0.48
730  0.07812500 0.4367719 0.023542555         1    0.23   0.29      0.48
731  1.00000000 0.4367719 0.023542555         1    0.23   0.29      0.48
732  1.00000000 0.4367719 0.023542555         1    0.23   0.29      0.48
733  0.21875000 0.4367719 0.023542555         1    0.23   0.29      0.48
734  0.04687500 0.4367719 0.023542555         1    0.23   0.29      0.48
735  0.38671875 0.4367719 0.023542555         1    0.23   0.29      0.48
736  0.53906250 0.4367719 0.023542555         1    0.23   0.29      0.48
737  1.00000000 0.4367719 0.023542555         1    0.23   0.29      0.48
738  0.20703125 0.4367719 0.023542555         1    0.23   0.29      0.48
739  1.00000000 0.4367719 0.023542555         1    0.23   0.29      0.48
740  0.09375000 0.4367719 0.023542555         1    0.23   0.29      0.48
741  1.00000000 0.4367719 0.023542555         1    0.23   0.29      0.48
742  0.17578125 0.4367719 0.023542555         1    0.23   0.29      0.48
743  1.00000000 0.4367719 0.023542555         1    0.23   0.29      0.48
744  1.00000000 0.4367719 0.023542555         1    0.23   0.29      0.48
745  1.00000000 0.4367719 0.023542555         1    0.23   0.29      0.48
746  1.00000000 0.4367719 0.023542555         1    0.23   0.29      0.48
747  0.08593750 0.4367719 0.023542555         1    0.23   0.29      0.48
748  1.00000000 0.4367719 0.023542555         1    0.23   0.29      0.48
749  1.00000000 0.4367719 0.023542555         1    0.23   0.29      0.48
750  0.12890625 0.4367719 0.023542555         1    0.23   0.29      0.48
751  0.11718750 0.4367719 0.023542555         1    0.23   0.29      0.48
752  1.00000000 0.4367719 0.023542555         1    0.23   0.29      0.48
753  1.00000000 0.4367719 0.023542555         1    0.23   0.29      0.48
754  1.00000000 0.4367719 0.023542555         1    0.23   0.29      0.48
755  1.00000000 0.4367719 0.023542555         1    0.23   0.29      0.48
756  0.12890625 0.4367719 0.023542555         1    0.23   0.29      0.48
757  1.00000000 0.4367719 0.023542555         1    0.23   0.29      0.48
758  0.13671875 0.4367719 0.023542555         1    0.23   0.29      0.48
759  0.07421875 0.4367719 0.023542555         1    0.23   0.29      0.48
760  1.00000000 0.4367719 0.023542555         1    0.23   0.29      0.48
761  1.00000000 0.4367719 0.023542555         1    0.23   0.29      0.48
762  1.00000000 0.4367719 0.023542555         1    0.23   0.29      0.48
763  0.06640625 0.4367719 0.023542555         1    0.23   0.29      0.48
764  1.00000000 0.4367719 0.023542555         1    0.23   0.29      0.48
765  1.00000000 0.4367719 0.023542555         1    0.23   0.29      0.48
766  0.10546875 0.4367719 0.023542555         1    0.23   0.29      0.48
767  0.17968750 0.4367719 0.023542555         1    0.23   0.29      0.48
768  0.67578125 0.4367719 0.023542555         1    0.23   0.29      0.48
769  0.10156250 0.4367719 0.023542555         1    0.23   0.29      0.48
770  1.00000000 0.4367719 0.023542555         1    0.23   0.29      0.48
771  1.00000000 0.4367719 0.023542555         1    0.23   0.29      0.48
772  1.00000000 0.4367719 0.023542555         1    0.23   0.29      0.48
773  1.00000000 0.4367719 0.023542555         1    0.23   0.29      0.48
774  0.33203125 0.4367719 0.023542555         1    0.23   0.29      0.48
775  0.14453125 0.4367719 0.023542555         1    0.23   0.29      0.48
776  0.23828125 0.4367719 0.023542555         1    0.23   0.29      0.48
777  1.00000000 0.4367719 0.023542555         1    0.23   0.29      0.48
778  1.00000000 0.4367719 0.023542555         1    0.23   0.29      0.48
779  0.10156250 0.4367719 0.023542555         1    0.23   0.29      0.48
780  0.06640625 0.4367719 0.023542555         1    0.23   0.29      0.48
781  1.00000000 0.4367719 0.023542555         1    0.23   0.29      0.48
782  1.00000000 0.4367719 0.023542555         1    0.23   0.29      0.48
783  1.00000000 0.4367719 0.023542555         1    0.23   0.29      0.48
784  1.00000000 0.4367719 0.023542555         1    0.23   0.29      0.48
785  0.14062500 0.4367719 0.023542555         1    0.23   0.29      0.48
786  0.11328125 0.4367719 0.023542555         1    0.23   0.29      0.48
787  0.06250000 0.4367719 0.023542555         1    0.23   0.29      0.48
788  0.11718750 0.4367719 0.023542555         1    0.23   0.29      0.48
789  1.00000000 0.4367719 0.023542555         1    0.23   0.29      0.48
790  1.00000000 0.4367719 0.023542555         1    0.23   0.29      0.48
791  1.00000000 0.4367719 0.023542555         1    0.23   0.29      0.48
792  0.10546875 0.4367719 0.023542555         1    0.23   0.29      0.48
793  0.14843750 0.4367719 0.023542555         1    0.23   0.29      0.48
794  1.00000000 0.4367719 0.023542555         1    0.23   0.29      0.48
795  0.09375000 0.4367719 0.023542555         1    0.23   0.29      0.48
796  0.12109375 0.4367719 0.023542555         1    0.23   0.29      0.48
797  0.09375000 0.4367719 0.023542555         1    0.23   0.29      0.48
798  0.10156250 0.4367719 0.023542555         1    0.23   0.29      0.48
799  0.22265625 0.4367719 0.023542555         1    0.23   0.29      0.48
800  1.00000000 0.4367719 0.023542555         1    0.23   0.29      0.48
801  0.00390625 0.3476182 0.010187502         1    0.50   0.20      0.30
802  1.00000000 0.3476182 0.010187502         1    0.50   0.20      0.30
803  0.01562500 0.3476182 0.010187502         1    0.50   0.20      0.30
804  1.00000000 0.3476182 0.010187502         1    0.50   0.20      0.30
805  0.03515625 0.3476182 0.010187502         1    0.50   0.20      0.30
806  0.00390625 0.3476182 0.010187502         1    0.50   0.20      0.30
807  0.13671875 0.3476182 0.010187502         1    0.50   0.20      0.30
808  0.03515625 0.3476182 0.010187502         1    0.50   0.20      0.30
809  0.01953125 0.3476182 0.010187502         1    0.50   0.20      0.30
810  0.12890625 0.3476182 0.010187502         1    0.50   0.20      0.30
811  1.00000000 0.3476182 0.010187502         1    0.50   0.20      0.30
812  0.03515625 0.3476182 0.010187502         1    0.50   0.20      0.30
813  0.05078125 0.3476182 0.010187502         1    0.50   0.20      0.30
814  0.03125000 0.3476182 0.010187502         1    0.50   0.20      0.30
815  0.06250000 0.3476182 0.010187502         1    0.50   0.20      0.30
816  1.00000000 0.3476182 0.010187502         1    0.50   0.20      0.30
817  1.00000000 0.3476182 0.010187502         1    0.50   0.20      0.30
818  0.05859375 0.3476182 0.010187502         1    0.50   0.20      0.30
819  0.01953125 0.3476182 0.010187502         1    0.50   0.20      0.30
820  1.00000000 0.3476182 0.010187502         1    0.50   0.20      0.30
821  0.37500000 0.3476182 0.010187502         1    0.50   0.20      0.30
822  1.00000000 0.3476182 0.010187502         1    0.50   0.20      0.30
823  1.00000000 0.3476182 0.010187502         1    0.50   0.20      0.30
824  0.02343750 0.3476182 0.010187502         1    0.50   0.20      0.30
825  1.00000000 0.3476182 0.010187502         1    0.50   0.20      0.30
826  1.00000000 0.3476182 0.010187502         1    0.50   0.20      0.30
827  0.56250000 0.3476182 0.010187502         1    0.50   0.20      0.30
828  0.02343750 0.3476182 0.010187502         1    0.50   0.20      0.30
829  0.56640625 0.3476182 0.010187502         1    0.50   0.20      0.30
830  0.07812500 0.3476182 0.010187502         1    0.50   0.20      0.30
831  0.03125000 0.3476182 0.010187502         1    0.50   0.20      0.30
832  1.00000000 0.3476182 0.010187502         1    0.50   0.20      0.30
833  1.00000000 0.3476182 0.010187502         1    0.50   0.20      0.30
834  0.01562500 0.3476182 0.010187502         1    0.50   0.20      0.30
835  0.10546875 0.3476182 0.010187502         1    0.50   0.20      0.30
836  0.17187500 0.3476182 0.010187502         1    0.50   0.20      0.30
837  0.09765625 0.3476182 0.010187502         1    0.50   0.20      0.30
838  0.03906250 0.3476182 0.010187502         1    0.50   0.20      0.30
839  1.00000000 0.3476182 0.010187502         1    0.50   0.20      0.30
840  0.25000000 0.3476182 0.010187502         1    0.50   0.20      0.30
841  0.03515625 0.3476182 0.010187502         1    0.50   0.20      0.30
842  1.00000000 0.3476182 0.010187502         1    0.50   0.20      0.30
843  0.02734375 0.3476182 0.010187502         1    0.50   0.20      0.30
844  1.00000000 0.3476182 0.010187502         1    0.50   0.20      0.30
845  0.01562500 0.3476182 0.010187502         1    0.50   0.20      0.30
846  0.06250000 0.3476182 0.010187502         1    0.50   0.20      0.30
847  0.02343750 0.3476182 0.010187502         1    0.50   0.20      0.30
848  0.08203125 0.3476182 0.010187502         1    0.50   0.20      0.30
849  0.15625000 0.3476182 0.010187502         1    0.50   0.20      0.30
850  1.00000000 0.3476182 0.010187502         1    0.50   0.20      0.30
851  1.00000000 0.3476182 0.010187502         1    0.50   0.20      0.30
852  0.02734375 0.3476182 0.010187502         1    0.50   0.20      0.30
853  0.04687500 0.3476182 0.010187502         1    0.50   0.20      0.30
854  0.14843750 0.3476182 0.010187502         1    0.50   0.20      0.30
855  0.05859375 0.3476182 0.010187502         1    0.50   0.20      0.30
856  1.00000000 0.3476182 0.010187502         1    0.50   0.20      0.30
857  0.04687500 0.3476182 0.010187502         1    0.50   0.20      0.30
858  0.01562500 0.3476182 0.010187502         1    0.50   0.20      0.30
859  0.11328125 0.3476182 0.010187502         1    0.50   0.20      0.30
860  0.08203125 0.3476182 0.010187502         1    0.50   0.20      0.30
861  0.06250000 0.3476182 0.010187502         1    0.50   0.20      0.30
862  0.03125000 0.3476182 0.010187502         1    0.50   0.20      0.30
863  0.08593750 0.3476182 0.010187502         1    0.50   0.20      0.30
864  0.08593750 0.3476182 0.010187502         1    0.50   0.20      0.30
865  0.05468750 0.3476182 0.010187502         1    0.50   0.20      0.30
866  0.01953125 0.3476182 0.010187502         1    0.50   0.20      0.30
867  0.18750000 0.3476182 0.010187502         1    0.50   0.20      0.30
868  1.00000000 0.3476182 0.010187502         1    0.50   0.20      0.30
869  1.00000000 0.3476182 0.010187502         1    0.50   0.20      0.30
870  0.01953125 0.3476182 0.010187502         1    0.50   0.20      0.30
871  0.03125000 0.3476182 0.010187502         1    0.50   0.20      0.30
872  0.06640625 0.3476182 0.010187502         1    0.50   0.20      0.30
873  0.04687500 0.3476182 0.010187502         1    0.50   0.20      0.30
874  1.00000000 0.3476182 0.010187502         1    0.50   0.20      0.30
875  0.08593750 0.3476182 0.010187502         1    0.50   0.20      0.30
876  1.00000000 0.3476182 0.010187502         1    0.50   0.20      0.30
877  0.19531250 0.3476182 0.010187502         1    0.50   0.20      0.30
878  0.06250000 0.3476182 0.010187502         1    0.50   0.20      0.30
879  0.01562500 0.3476182 0.010187502         1    0.50   0.20      0.30
880  0.01562500 0.3476182 0.010187502         1    0.50   0.20      0.30
881  0.05468750 0.3476182 0.010187502         1    0.50   0.20      0.30
882  1.00000000 0.3476182 0.010187502         1    0.50   0.20      0.30
883  1.00000000 0.3476182 0.010187502         1    0.50   0.20      0.30
884  0.05859375 0.3476182 0.010187502         1    0.50   0.20      0.30
885  0.01953125 0.3476182 0.010187502         1    0.50   0.20      0.30
886  1.00000000 0.3476182 0.010187502         1    0.50   0.20      0.30
887  0.06250000 0.3476182 0.010187502         1    0.50   0.20      0.30
888  0.02734375 0.3476182 0.010187502         1    0.50   0.20      0.30
889  1.00000000 0.3476182 0.010187502         1    0.50   0.20      0.30
890  0.02734375 0.3476182 0.010187502         1    0.50   0.20      0.30
891  0.02343750 0.3476182 0.010187502         1    0.50   0.20      0.30
892  1.00000000 0.3476182 0.010187502         1    0.50   0.20      0.30
893  1.00000000 0.3476182 0.010187502         1    0.50   0.20      0.30
894  1.00000000 0.3476182 0.010187502         1    0.50   0.20      0.30
895  1.00000000 0.3476182 0.010187502         1    0.50   0.20      0.30
896  0.03515625 0.3476182 0.010187502         1    0.50   0.20      0.30
897  0.08203125 0.3476182 0.010187502         1    0.50   0.20      0.30
898  0.04687500 0.3476182 0.010187502         1    0.50   0.20      0.30
899  0.03515625 0.3476182 0.010187502         1    0.50   0.20      0.30
900  0.01171875 0.3476182 0.010187502         1    0.50   0.20      0.30
901  0.17968750 0.3967232 0.031378102         1    0.14   0.41      0.45
902  0.11718750 0.3967232 0.031378102         1    0.14   0.41      0.45
903  0.11328125 0.3967232 0.031378102         1    0.14   0.41      0.45
904  1.00000000 0.3967232 0.031378102         1    0.14   0.41      0.45
905  0.10156250 0.3967232 0.031378102         1    0.14   0.41      0.45
906  0.11328125 0.3967232 0.031378102         1    0.14   0.41      0.45
907  0.47656250 0.3967232 0.031378102         1    0.14   0.41      0.45
908  1.00000000 0.3967232 0.031378102         1    0.14   0.41      0.45
909  0.14843750 0.3967232 0.031378102         1    0.14   0.41      0.45
910  0.18359375 0.3967232 0.031378102         1    0.14   0.41      0.45
911  0.16406250 0.3967232 0.031378102         1    0.14   0.41      0.45
912  0.07031250 0.3967232 0.031378102         1    0.14   0.41      0.45
913  0.44531250 0.3967232 0.031378102         1    0.14   0.41      0.45
914  1.00000000 0.3967232 0.031378102         1    0.14   0.41      0.45
915  0.46875000 0.3967232 0.031378102         1    0.14   0.41      0.45
916  1.00000000 0.3967232 0.031378102         1    0.14   0.41      0.45
917  1.00000000 0.3967232 0.031378102         1    0.14   0.41      0.45
918  0.25390625 0.3967232 0.031378102         1    0.14   0.41      0.45
919  1.00000000 0.3967232 0.031378102         1    0.14   0.41      0.45
920  1.00000000 0.3967232 0.031378102         1    0.14   0.41      0.45
921  1.00000000 0.3967232 0.031378102         1    0.14   0.41      0.45
922  0.18750000 0.3967232 0.031378102         1    0.14   0.41      0.45
923  0.20703125 0.3967232 0.031378102         1    0.14   0.41      0.45
924  1.00000000 0.3967232 0.031378102         1    0.14   0.41      0.45
925  1.00000000 0.3967232 0.031378102         1    0.14   0.41      0.45
926  0.32812500 0.3967232 0.031378102         1    0.14   0.41      0.45
927  1.00000000 0.3967232 0.031378102         1    0.14   0.41      0.45
928  1.00000000 0.3967232 0.031378102         1    0.14   0.41      0.45
929  0.20703125 0.3967232 0.031378102         1    0.14   0.41      0.45
930  0.11328125 0.3967232 0.031378102         1    0.14   0.41      0.45
931  0.12500000 0.3967232 0.031378102         1    0.14   0.41      0.45
932  0.10546875 0.3967232 0.031378102         1    0.14   0.41      0.45
933  0.12109375 0.3967232 0.031378102         1    0.14   0.41      0.45
934  0.16015625 0.3967232 0.031378102         1    0.14   0.41      0.45
935  0.07421875 0.3967232 0.031378102         1    0.14   0.41      0.45
936  1.00000000 0.3967232 0.031378102         1    0.14   0.41      0.45
937  0.18359375 0.3967232 0.031378102         1    0.14   0.41      0.45
938  1.00000000 0.3967232 0.031378102         1    0.14   0.41      0.45
939  1.00000000 0.3967232 0.031378102         1    0.14   0.41      0.45
940  0.12890625 0.3967232 0.031378102         1    0.14   0.41      0.45
941  1.00000000 0.3967232 0.031378102         1    0.14   0.41      0.45
942  0.49218750 0.3967232 0.031378102         1    0.14   0.41      0.45
943  1.00000000 0.3967232 0.031378102         1    0.14   0.41      0.45
944  1.00000000 0.3967232 0.031378102         1    0.14   0.41      0.45
945  0.14843750 0.3967232 0.031378102         1    0.14   0.41      0.45
946  1.00000000 0.3967232 0.031378102         1    0.14   0.41      0.45
947  0.11718750 0.3967232 0.031378102         1    0.14   0.41      0.45
948  1.00000000 0.3967232 0.031378102         1    0.14   0.41      0.45
949  1.00000000 0.3967232 0.031378102         1    0.14   0.41      0.45
950  0.10937500 0.3967232 0.031378102         1    0.14   0.41      0.45
951  1.00000000 0.3967232 0.031378102         1    0.14   0.41      0.45
952  0.16406250 0.3967232 0.031378102         1    0.14   0.41      0.45
953  0.21484375 0.3967232 0.031378102         1    0.14   0.41      0.45
954  0.15234375 0.3967232 0.031378102         1    0.14   0.41      0.45
955  1.00000000 0.3967232 0.031378102         1    0.14   0.41      0.45
956  1.00000000 0.3967232 0.031378102         1    0.14   0.41      0.45
957  0.14062500 0.3967232 0.031378102         1    0.14   0.41      0.45
958  1.00000000 0.3967232 0.031378102         1    0.14   0.41      0.45
959  1.00000000 0.3967232 0.031378102         1    0.14   0.41      0.45
960  1.00000000 0.3967232 0.031378102         1    0.14   0.41      0.45
961  1.00000000 0.3967232 0.031378102         1    0.14   0.41      0.45
962  1.00000000 0.3967232 0.031378102         1    0.14   0.41      0.45
963  1.00000000 0.3967232 0.031378102         1    0.14   0.41      0.45
964  0.07812500 0.3967232 0.031378102         1    0.14   0.41      0.45
965  0.07031250 0.3967232 0.031378102         1    0.14   0.41      0.45
966  1.00000000 0.3967232 0.031378102         1    0.14   0.41      0.45
967  0.12500000 0.3967232 0.031378102         1    0.14   0.41      0.45
968  0.34765625 0.3967232 0.031378102         1    0.14   0.41      0.45
969  1.00000000 0.3967232 0.031378102         1    0.14   0.41      0.45
970  0.21093750 0.3967232 0.031378102         1    0.14   0.41      0.45
971  0.11718750 0.3967232 0.031378102         1    0.14   0.41      0.45
972  0.22656250 0.3967232 0.031378102         1    0.14   0.41      0.45
973  0.33593750 0.3967232 0.031378102         1    0.14   0.41      0.45
974  0.24218750 0.3967232 0.031378102         1    0.14   0.41      0.45
975  0.10937500 0.3967232 0.031378102         1    0.14   0.41      0.45
976  1.00000000 0.3967232 0.031378102         1    0.14   0.41      0.45
977  0.21484375 0.3967232 0.031378102         1    0.14   0.41      0.45
978  1.00000000 0.3967232 0.031378102         1    0.14   0.41      0.45
979  0.21484375 0.3967232 0.031378102         1    0.14   0.41      0.45
980  0.34765625 0.3967232 0.031378102         1    0.14   0.41      0.45
981  0.21875000 0.3967232 0.031378102         1    0.14   0.41      0.45
982  1.00000000 0.3967232 0.031378102         1    0.14   0.41      0.45
983  0.13281250 0.3967232 0.031378102         1    0.14   0.41      0.45
984  1.00000000 0.3967232 0.031378102         1    0.14   0.41      0.45
985  0.30468750 0.3967232 0.031378102         1    0.14   0.41      0.45
986  0.76562500 0.3967232 0.031378102         1    0.14   0.41      0.45
987  1.00000000 0.3967232 0.031378102         1    0.14   0.41      0.45
988  0.08203125 0.3967232 0.031378102         1    0.14   0.41      0.45
989  0.07812500 0.3967232 0.031378102         1    0.14   0.41      0.45
990  1.00000000 0.3967232 0.031378102         1    0.14   0.41      0.45
991  0.41015625 0.3967232 0.031378102         1    0.14   0.41      0.45
992  1.00000000 0.3967232 0.031378102         1    0.14   0.41      0.45
993  0.09765625 0.3967232 0.031378102         1    0.14   0.41      0.45
994  1.00000000 0.3967232 0.031378102         1    0.14   0.41      0.45
995  1.00000000 0.3967232 0.031378102         1    0.14   0.41      0.45
996  1.00000000 0.3967232 0.031378102         1    0.14   0.41      0.45
997  1.00000000 0.3967232 0.031378102         1    0.14   0.41      0.45
998  1.00000000 0.3967232 0.031378102         1    0.14   0.41      0.45
999  0.19531250 0.3967232 0.031378102         1    0.14   0.41      0.45
1000 0.31640625 0.3967232 0.031378102         1    0.14   0.41      0.45
