      prop.aneu prob.meio   prob.mito dispersal euploid mosaic aneuploid
1    1.00000000 0.4041056 0.032543584         1    0.10   0.41      0.49
2    1.00000000 0.4041056 0.032543584         1    0.10   0.41      0.49
3    1.00000000 0.4041056 0.032543584         1    0.10   0.41      0.49
4    0.23828125 0.4041056 0.032543584         1    0.10   0.41      0.49
5    0.18359375 0.4041056 0.032543584         1    0.10   0.41      0.49
6    0.12890625 0.4041056 0.032543584         1    0.10   0.41      0.49
7    0.35156250 0.4041056 0.032543584         1    0.10   0.41      0.49
8    1.00000000 0.4041056 0.032543584         1    0.10   0.41      0.49
9    0.07421875 0.4041056 0.032543584         1    0.10   0.41      0.49
10   0.21875000 0.4041056 0.032543584         1    0.10   0.41      0.49
11   1.00000000 0.4041056 0.032543584         1    0.10   0.41      0.49
12   0.33593750 0.4041056 0.032543584         1    0.10   0.41      0.49
13   0.12500000 0.4041056 0.032543584         1    0.10   0.41      0.49
14   0.09765625 0.4041056 0.032543584         1    0.10   0.41      0.49
15   0.27734375 0.4041056 0.032543584         1    0.10   0.41      0.49
16   0.12890625 0.4041056 0.032543584         1    0.10   0.41      0.49
17   0.36328125 0.4041056 0.032543584         1    0.10   0.41      0.49
18   0.12500000 0.4041056 0.032543584         1    0.10   0.41      0.49
19   1.00000000 0.4041056 0.032543584         1    0.10   0.41      0.49
20   0.24218750 0.4041056 0.032543584         1    0.10   0.41      0.49
21   0.54296875 0.4041056 0.032543584         1    0.10   0.41      0.49
22   0.26171875 0.4041056 0.032543584         1    0.10   0.41      0.49
23   0.08203125 0.4041056 0.032543584         1    0.10   0.41      0.49
24   1.00000000 0.4041056 0.032543584         1    0.10   0.41      0.49
25   1.00000000 0.4041056 0.032543584         1    0.10   0.41      0.49
26   0.14453125 0.4041056 0.032543584         1    0.10   0.41      0.49
27   1.00000000 0.4041056 0.032543584         1    0.10   0.41      0.49
28   0.26562500 0.4041056 0.032543584         1    0.10   0.41      0.49
29   1.00000000 0.4041056 0.032543584         1    0.10   0.41      0.49
30   1.00000000 0.4041056 0.032543584         1    0.10   0.41      0.49
31   0.18750000 0.4041056 0.032543584         1    0.10   0.41      0.49
32   1.00000000 0.4041056 0.032543584         1    0.10   0.41      0.49
33   0.07812500 0.4041056 0.032543584         1    0.10   0.41      0.49
34   0.11718750 0.4041056 0.032543584         1    0.10   0.41      0.49
35   0.47265625 0.4041056 0.032543584         1    0.10   0.41      0.49
36   0.26562500 0.4041056 0.032543584         1    0.10   0.41      0.49
37   1.00000000 0.4041056 0.032543584         1    0.10   0.41      0.49
38   1.00000000 0.4041056 0.032543584         1    0.10   0.41      0.49
39   0.37890625 0.4041056 0.032543584         1    0.10   0.41      0.49
40   1.00000000 0.4041056 0.032543584         1    0.10   0.41      0.49
41   0.20703125 0.4041056 0.032543584         1    0.10   0.41      0.49
42   0.07812500 0.4041056 0.032543584         1    0.10   0.41      0.49
43   1.00000000 0.4041056 0.032543584         1    0.10   0.41      0.49
44   0.26171875 0.4041056 0.032543584         1    0.10   0.41      0.49
45   1.00000000 0.4041056 0.032543584         1    0.10   0.41      0.49
46   1.00000000 0.4041056 0.032543584         1    0.10   0.41      0.49
47   0.08593750 0.4041056 0.032543584         1    0.10   0.41      0.49
48   1.00000000 0.4041056 0.032543584         1    0.10   0.41      0.49
49   1.00000000 0.4041056 0.032543584         1    0.10   0.41      0.49
50   1.00000000 0.4041056 0.032543584         1    0.10   0.41      0.49
51   1.00000000 0.4041056 0.032543584         1    0.10   0.41      0.49
52   1.00000000 0.4041056 0.032543584         1    0.10   0.41      0.49
53   1.00000000 0.4041056 0.032543584         1    0.10   0.41      0.49
54   0.10546875 0.4041056 0.032543584         1    0.10   0.41      0.49
55   0.33203125 0.4041056 0.032543584         1    0.10   0.41      0.49
56   1.00000000 0.4041056 0.032543584         1    0.10   0.41      0.49
57   1.00000000 0.4041056 0.032543584         1    0.10   0.41      0.49
58   0.15234375 0.4041056 0.032543584         1    0.10   0.41      0.49
59   1.00000000 0.4041056 0.032543584         1    0.10   0.41      0.49
60   1.00000000 0.4041056 0.032543584         1    0.10   0.41      0.49
61   1.00000000 0.4041056 0.032543584         1    0.10   0.41      0.49
62   1.00000000 0.4041056 0.032543584         1    0.10   0.41      0.49
63   1.00000000 0.4041056 0.032543584         1    0.10   0.41      0.49
64   0.10156250 0.4041056 0.032543584         1    0.10   0.41      0.49
65   1.00000000 0.4041056 0.032543584         1    0.10   0.41      0.49
66   0.15234375 0.4041056 0.032543584         1    0.10   0.41      0.49
67   0.25390625 0.4041056 0.032543584         1    0.10   0.41      0.49
68   1.00000000 0.4041056 0.032543584         1    0.10   0.41      0.49
69   1.00000000 0.4041056 0.032543584         1    0.10   0.41      0.49
70   1.00000000 0.4041056 0.032543584         1    0.10   0.41      0.49
71   1.00000000 0.4041056 0.032543584         1    0.10   0.41      0.49
72   1.00000000 0.4041056 0.032543584         1    0.10   0.41      0.49
73   0.25000000 0.4041056 0.032543584         1    0.10   0.41      0.49
74   0.33203125 0.4041056 0.032543584         1    0.10   0.41      0.49
75   1.00000000 0.4041056 0.032543584         1    0.10   0.41      0.49
76   0.23437500 0.4041056 0.032543584         1    0.10   0.41      0.49
77   1.00000000 0.4041056 0.032543584         1    0.10   0.41      0.49
78   0.35937500 0.4041056 0.032543584         1    0.10   0.41      0.49
79   0.14453125 0.4041056 0.032543584         1    0.10   0.41      0.49
80   0.32031250 0.4041056 0.032543584         1    0.10   0.41      0.49
81   0.34375000 0.4041056 0.032543584         1    0.10   0.41      0.49
82   1.00000000 0.4041056 0.032543584         1    0.10   0.41      0.49
83   0.36718750 0.4041056 0.032543584         1    0.10   0.41      0.49
84   1.00000000 0.4041056 0.032543584         1    0.10   0.41      0.49
85   0.23828125 0.4041056 0.032543584         1    0.10   0.41      0.49
86   1.00000000 0.4041056 0.032543584         1    0.10   0.41      0.49
87   0.07421875 0.4041056 0.032543584         1    0.10   0.41      0.49
88   1.00000000 0.4041056 0.032543584         1    0.10   0.41      0.49
89   1.00000000 0.4041056 0.032543584         1    0.10   0.41      0.49
90   0.55468750 0.4041056 0.032543584         1    0.10   0.41      0.49
91   1.00000000 0.4041056 0.032543584         1    0.10   0.41      0.49
92   1.00000000 0.4041056 0.032543584         1    0.10   0.41      0.49
93   0.14843750 0.4041056 0.032543584         1    0.10   0.41      0.49
94   0.63281250 0.4041056 0.032543584         1    0.10   0.41      0.49
95   0.13671875 0.4041056 0.032543584         1    0.10   0.41      0.49
96   1.00000000 0.4041056 0.032543584         1    0.10   0.41      0.49
97   1.00000000 0.4041056 0.032543584         1    0.10   0.41      0.49
98   0.22265625 0.4041056 0.032543584         1    0.10   0.41      0.49
99   1.00000000 0.4041056 0.032543584         1    0.10   0.41      0.49
100  0.10937500 0.4041056 0.032543584         1    0.10   0.41      0.49
101  0.04687500 0.4442003 0.016624555         1    0.37   0.23      0.40
102  0.37500000 0.4442003 0.016624555         1    0.37   0.23      0.40
103  0.01562500 0.4442003 0.016624555         1    0.37   0.23      0.40
104  0.02734375 0.4442003 0.016624555         1    0.37   0.23      0.40
105  0.05859375 0.4442003 0.016624555         1    0.37   0.23      0.40
106  1.00000000 0.4442003 0.016624555         1    0.37   0.23      0.40
107  1.00000000 0.4442003 0.016624555         1    0.37   0.23      0.40
108  0.20703125 0.4442003 0.016624555         1    0.37   0.23      0.40
109  0.07421875 0.4442003 0.016624555         1    0.37   0.23      0.40
110  0.01953125 0.4442003 0.016624555         1    0.37   0.23      0.40
111  0.04296875 0.4442003 0.016624555         1    0.37   0.23      0.40
112  0.06640625 0.4442003 0.016624555         1    0.37   0.23      0.40
113  1.00000000 0.4442003 0.016624555         1    0.37   0.23      0.40
114  0.39062500 0.4442003 0.016624555         1    0.37   0.23      0.40
115  0.03906250 0.4442003 0.016624555         1    0.37   0.23      0.40
116  0.03906250 0.4442003 0.016624555         1    0.37   0.23      0.40
117  1.00000000 0.4442003 0.016624555         1    0.37   0.23      0.40
118  0.05859375 0.4442003 0.016624555         1    0.37   0.23      0.40
119  0.05859375 0.4442003 0.016624555         1    0.37   0.23      0.40
120  0.33203125 0.4442003 0.016624555         1    0.37   0.23      0.40
121  0.09375000 0.4442003 0.016624555         1    0.37   0.23      0.40
122  0.07812500 0.4442003 0.016624555         1    0.37   0.23      0.40
123  0.25781250 0.4442003 0.016624555         1    0.37   0.23      0.40
124  1.00000000 0.4442003 0.016624555         1    0.37   0.23      0.40
125  0.63281250 0.4442003 0.016624555         1    0.37   0.23      0.40
126  0.28125000 0.4442003 0.016624555         1    0.37   0.23      0.40
127  0.07812500 0.4442003 0.016624555         1    0.37   0.23      0.40
128  1.00000000 0.4442003 0.016624555         1    0.37   0.23      0.40
129  0.28515625 0.4442003 0.016624555         1    0.37   0.23      0.40
130  0.03125000 0.4442003 0.016624555         1    0.37   0.23      0.40
131  1.00000000 0.4442003 0.016624555         1    0.37   0.23      0.40
132  0.08203125 0.4442003 0.016624555         1    0.37   0.23      0.40
133  1.00000000 0.4442003 0.016624555         1    0.37   0.23      0.40
134  0.07031250 0.4442003 0.016624555         1    0.37   0.23      0.40
135  0.04687500 0.4442003 0.016624555         1    0.37   0.23      0.40
136  0.12500000 0.4442003 0.016624555         1    0.37   0.23      0.40
137  0.06250000 0.4442003 0.016624555         1    0.37   0.23      0.40
138  0.10546875 0.4442003 0.016624555         1    0.37   0.23      0.40
139  1.00000000 0.4442003 0.016624555         1    0.37   0.23      0.40
140  0.30468750 0.4442003 0.016624555         1    0.37   0.23      0.40
141  1.00000000 0.4442003 0.016624555         1    0.37   0.23      0.40
142  1.00000000 0.4442003 0.016624555         1    0.37   0.23      0.40
143  0.05078125 0.4442003 0.016624555         1    0.37   0.23      0.40
144  1.00000000 0.4442003 0.016624555         1    0.37   0.23      0.40
145  0.11718750 0.4442003 0.016624555         1    0.37   0.23      0.40
146  0.05468750 0.4442003 0.016624555         1    0.37   0.23      0.40
147  0.17968750 0.4442003 0.016624555         1    0.37   0.23      0.40
148  0.00390625 0.4442003 0.016624555         1    0.37   0.23      0.40
149  0.10546875 0.4442003 0.016624555         1    0.37   0.23      0.40
150  1.00000000 0.4442003 0.016624555         1    0.37   0.23      0.40
151  0.15625000 0.4442003 0.016624555         1    0.37   0.23      0.40
152  1.00000000 0.4442003 0.016624555         1    0.37   0.23      0.40
153  0.28515625 0.4442003 0.016624555         1    0.37   0.23      0.40
154  1.00000000 0.4442003 0.016624555         1    0.37   0.23      0.40
155  1.00000000 0.4442003 0.016624555         1    0.37   0.23      0.40
156  0.03515625 0.4442003 0.016624555         1    0.37   0.23      0.40
157  0.02734375 0.4442003 0.016624555         1    0.37   0.23      0.40
158  1.00000000 0.4442003 0.016624555         1    0.37   0.23      0.40
159  1.00000000 0.4442003 0.016624555         1    0.37   0.23      0.40
160  1.00000000 0.4442003 0.016624555         1    0.37   0.23      0.40
161  1.00000000 0.4442003 0.016624555         1    0.37   0.23      0.40
162  0.55468750 0.4442003 0.016624555         1    0.37   0.23      0.40
163  0.08203125 0.4442003 0.016624555         1    0.37   0.23      0.40
164  1.00000000 0.4442003 0.016624555         1    0.37   0.23      0.40
165  0.04687500 0.4442003 0.016624555         1    0.37   0.23      0.40
166  1.00000000 0.4442003 0.016624555         1    0.37   0.23      0.40
167  1.00000000 0.4442003 0.016624555         1    0.37   0.23      0.40
168  0.09765625 0.4442003 0.016624555         1    0.37   0.23      0.40
169  1.00000000 0.4442003 0.016624555         1    0.37   0.23      0.40
170  1.00000000 0.4442003 0.016624555         1    0.37   0.23      0.40
171  1.00000000 0.4442003 0.016624555         1    0.37   0.23      0.40
172  0.04687500 0.4442003 0.016624555         1    0.37   0.23      0.40
173  1.00000000 0.4442003 0.016624555         1    0.37   0.23      0.40
174  1.00000000 0.4442003 0.016624555         1    0.37   0.23      0.40
175  1.00000000 0.4442003 0.016624555         1    0.37   0.23      0.40
176  1.00000000 0.4442003 0.016624555         1    0.37   0.23      0.40
177  0.05078125 0.4442003 0.016624555         1    0.37   0.23      0.40
178  1.00000000 0.4442003 0.016624555         1    0.37   0.23      0.40
179  0.09375000 0.4442003 0.016624555         1    0.37   0.23      0.40
180  0.12109375 0.4442003 0.016624555         1    0.37   0.23      0.40
181  0.06250000 0.4442003 0.016624555         1    0.37   0.23      0.40
182  1.00000000 0.4442003 0.016624555         1    0.37   0.23      0.40
183  1.00000000 0.4442003 0.016624555         1    0.37   0.23      0.40
184  1.00000000 0.4442003 0.016624555         1    0.37   0.23      0.40
185  1.00000000 0.4442003 0.016624555         1    0.37   0.23      0.40
186  0.07031250 0.4442003 0.016624555         1    0.37   0.23      0.40
187  1.00000000 0.4442003 0.016624555         1    0.37   0.23      0.40
188  0.04687500 0.4442003 0.016624555         1    0.37   0.23      0.40
189  0.05078125 0.4442003 0.016624555         1    0.37   0.23      0.40
190  0.08984375 0.4442003 0.016624555         1    0.37   0.23      0.40
191  0.07812500 0.4442003 0.016624555         1    0.37   0.23      0.40
192  0.03906250 0.4442003 0.016624555         1    0.37   0.23      0.40
193  0.13281250 0.4442003 0.016624555         1    0.37   0.23      0.40
194  0.07031250 0.4442003 0.016624555         1    0.37   0.23      0.40
195  1.00000000 0.4442003 0.016624555         1    0.37   0.23      0.40
196  1.00000000 0.4442003 0.016624555         1    0.37   0.23      0.40
197  0.05078125 0.4442003 0.016624555         1    0.37   0.23      0.40
198  0.18750000 0.4442003 0.016624555         1    0.37   0.23      0.40
199  1.00000000 0.4442003 0.016624555         1    0.37   0.23      0.40
200  1.00000000 0.4442003 0.016624555         1    0.37   0.23      0.40
201  0.12890625 0.3641335 0.020121719         1    0.27   0.42      0.31
202  1.00000000 0.3641335 0.020121719         1    0.27   0.42      0.31
203  1.00000000 0.3641335 0.020121719         1    0.27   0.42      0.31
204  0.07812500 0.3641335 0.020121719         1    0.27   0.42      0.31
205  0.04296875 0.3641335 0.020121719         1    0.27   0.42      0.31
206  1.00000000 0.3641335 0.020121719         1    0.27   0.42      0.31
207  0.07031250 0.3641335 0.020121719         1    0.27   0.42      0.31
208  1.00000000 0.3641335 0.020121719         1    0.27   0.42      0.31
209  0.10937500 0.3641335 0.020121719         1    0.27   0.42      0.31
210  1.00000000 0.3641335 0.020121719         1    0.27   0.42      0.31
211  0.10156250 0.3641335 0.020121719         1    0.27   0.42      0.31
212  0.04687500 0.3641335 0.020121719         1    0.27   0.42      0.31
213  1.00000000 0.3641335 0.020121719         1    0.27   0.42      0.31
214  1.00000000 0.3641335 0.020121719         1    0.27   0.42      0.31
215  0.14062500 0.3641335 0.020121719         1    0.27   0.42      0.31
216  0.33593750 0.3641335 0.020121719         1    0.27   0.42      0.31
217  0.10546875 0.3641335 0.020121719         1    0.27   0.42      0.31
218  1.00000000 0.3641335 0.020121719         1    0.27   0.42      0.31
219  1.00000000 0.3641335 0.020121719         1    0.27   0.42      0.31
220  1.00000000 0.3641335 0.020121719         1    0.27   0.42      0.31
221  0.05078125 0.3641335 0.020121719         1    0.27   0.42      0.31
222  0.09765625 0.3641335 0.020121719         1    0.27   0.42      0.31
223  0.03906250 0.3641335 0.020121719         1    0.27   0.42      0.31
224  0.57421875 0.3641335 0.020121719         1    0.27   0.42      0.31
225  1.00000000 0.3641335 0.020121719         1    0.27   0.42      0.31
226  0.12109375 0.3641335 0.020121719         1    0.27   0.42      0.31
227  0.10156250 0.3641335 0.020121719         1    0.27   0.42      0.31
228  1.00000000 0.3641335 0.020121719         1    0.27   0.42      0.31
229  1.00000000 0.3641335 0.020121719         1    0.27   0.42      0.31
230  0.14843750 0.3641335 0.020121719         1    0.27   0.42      0.31
231  0.05468750 0.3641335 0.020121719         1    0.27   0.42      0.31
232  0.03515625 0.3641335 0.020121719         1    0.27   0.42      0.31
233  0.04687500 0.3641335 0.020121719         1    0.27   0.42      0.31
234  0.03125000 0.3641335 0.020121719         1    0.27   0.42      0.31
235  0.09375000 0.3641335 0.020121719         1    0.27   0.42      0.31
236  0.17578125 0.3641335 0.020121719         1    0.27   0.42      0.31
237  0.03125000 0.3641335 0.020121719         1    0.27   0.42      0.31
238  1.00000000 0.3641335 0.020121719         1    0.27   0.42      0.31
239  0.02734375 0.3641335 0.020121719         1    0.27   0.42      0.31
240  1.00000000 0.3641335 0.020121719         1    0.27   0.42      0.31
241  1.00000000 0.3641335 0.020121719         1    0.27   0.42      0.31
242  1.00000000 0.3641335 0.020121719         1    0.27   0.42      0.31
243  0.18359375 0.3641335 0.020121719         1    0.27   0.42      0.31
244  0.15234375 0.3641335 0.020121719         1    0.27   0.42      0.31
245  0.19921875 0.3641335 0.020121719         1    0.27   0.42      0.31
246  0.07421875 0.3641335 0.020121719         1    0.27   0.42      0.31
247  0.08593750 0.3641335 0.020121719         1    0.27   0.42      0.31
248  1.00000000 0.3641335 0.020121719         1    0.27   0.42      0.31
249  1.00000000 0.3641335 0.020121719         1    0.27   0.42      0.31
250  1.00000000 0.3641335 0.020121719         1    0.27   0.42      0.31
251  0.19531250 0.3641335 0.020121719         1    0.27   0.42      0.31
252  0.35937500 0.3641335 0.020121719         1    0.27   0.42      0.31
253  0.05078125 0.3641335 0.020121719         1    0.27   0.42      0.31
254  0.06250000 0.3641335 0.020121719         1    0.27   0.42      0.31
255  1.00000000 0.3641335 0.020121719         1    0.27   0.42      0.31
256  1.00000000 0.3641335 0.020121719         1    0.27   0.42      0.31
257  0.18359375 0.3641335 0.020121719         1    0.27   0.42      0.31
258  0.17578125 0.3641335 0.020121719         1    0.27   0.42      0.31
259  1.00000000 0.3641335 0.020121719         1    0.27   0.42      0.31
260  0.03125000 0.3641335 0.020121719         1    0.27   0.42      0.31
261  1.00000000 0.3641335 0.020121719         1    0.27   0.42      0.31
262  1.00000000 0.3641335 0.020121719         1    0.27   0.42      0.31
263  1.00000000 0.3641335 0.020121719         1    0.27   0.42      0.31
264  0.05859375 0.3641335 0.020121719         1    0.27   0.42      0.31
265  0.02734375 0.3641335 0.020121719         1    0.27   0.42      0.31
266  0.20703125 0.3641335 0.020121719         1    0.27   0.42      0.31
267  0.30468750 0.3641335 0.020121719         1    0.27   0.42      0.31
268  0.14453125 0.3641335 0.020121719         1    0.27   0.42      0.31
269  0.06640625 0.3641335 0.020121719         1    0.27   0.42      0.31
270  0.06640625 0.3641335 0.020121719         1    0.27   0.42      0.31
271  0.14062500 0.3641335 0.020121719         1    0.27   0.42      0.31
272  0.03125000 0.3641335 0.020121719         1    0.27   0.42      0.31
273  0.19140625 0.3641335 0.020121719         1    0.27   0.42      0.31
274  0.11328125 0.3641335 0.020121719         1    0.27   0.42      0.31
275  0.20312500 0.3641335 0.020121719         1    0.27   0.42      0.31
276  0.17968750 0.3641335 0.020121719         1    0.27   0.42      0.31
277  0.07031250 0.3641335 0.020121719         1    0.27   0.42      0.31
278  1.00000000 0.3641335 0.020121719         1    0.27   0.42      0.31
279  0.09765625 0.3641335 0.020121719         1    0.27   0.42      0.31
280  1.00000000 0.3641335 0.020121719         1    0.27   0.42      0.31
281  0.10546875 0.3641335 0.020121719         1    0.27   0.42      0.31
282  0.17187500 0.3641335 0.020121719         1    0.27   0.42      0.31
283  0.66796875 0.3641335 0.020121719         1    0.27   0.42      0.31
284  0.25000000 0.3641335 0.020121719         1    0.27   0.42      0.31
285  0.14062500 0.3641335 0.020121719         1    0.27   0.42      0.31
286  1.00000000 0.3641335 0.020121719         1    0.27   0.42      0.31
287  0.06250000 0.3641335 0.020121719         1    0.27   0.42      0.31
288  0.07812500 0.3641335 0.020121719         1    0.27   0.42      0.31
289  1.00000000 0.3641335 0.020121719         1    0.27   0.42      0.31
290  0.05859375 0.3641335 0.020121719         1    0.27   0.42      0.31
291  1.00000000 0.3641335 0.020121719         1    0.27   0.42      0.31
292  0.08593750 0.3641335 0.020121719         1    0.27   0.42      0.31
293  0.08203125 0.3641335 0.020121719         1    0.27   0.42      0.31
294  0.14453125 0.3641335 0.020121719         1    0.27   0.42      0.31
295  0.16796875 0.3641335 0.020121719         1    0.27   0.42      0.31
296  0.05078125 0.3641335 0.020121719         1    0.27   0.42      0.31
297  0.29687500 0.3641335 0.020121719         1    0.27   0.42      0.31
298  0.09375000 0.3641335 0.020121719         1    0.27   0.42      0.31
299  0.13281250 0.3641335 0.020121719         1    0.27   0.42      0.31
300  0.17968750 0.3641335 0.020121719         1    0.27   0.42      0.31
301  1.00000000 0.3540059 0.029139342         1    0.20   0.39      0.41
302  1.00000000 0.3540059 0.029139342         1    0.20   0.39      0.41
303  0.14062500 0.3540059 0.029139342         1    0.20   0.39      0.41
304  1.00000000 0.3540059 0.029139342         1    0.20   0.39      0.41
305  0.10156250 0.3540059 0.029139342         1    0.20   0.39      0.41
306  0.14453125 0.3540059 0.029139342         1    0.20   0.39      0.41
307  0.09765625 0.3540059 0.029139342         1    0.20   0.39      0.41
308  0.04687500 0.3540059 0.029139342         1    0.20   0.39      0.41
309  0.07031250 0.3540059 0.029139342         1    0.20   0.39      0.41
310  0.10937500 0.3540059 0.029139342         1    0.20   0.39      0.41
311  0.67578125 0.3540059 0.029139342         1    0.20   0.39      0.41
312  1.00000000 0.3540059 0.029139342         1    0.20   0.39      0.41
313  0.10546875 0.3540059 0.029139342         1    0.20   0.39      0.41
314  1.00000000 0.3540059 0.029139342         1    0.20   0.39      0.41
315  1.00000000 0.3540059 0.029139342         1    0.20   0.39      0.41
316  0.28125000 0.3540059 0.029139342         1    0.20   0.39      0.41
317  0.19921875 0.3540059 0.029139342         1    0.20   0.39      0.41
318  0.09375000 0.3540059 0.029139342         1    0.20   0.39      0.41
319  1.00000000 0.3540059 0.029139342         1    0.20   0.39      0.41
320  0.19531250 0.3540059 0.029139342         1    0.20   0.39      0.41
321  0.13281250 0.3540059 0.029139342         1    0.20   0.39      0.41
322  0.21875000 0.3540059 0.029139342         1    0.20   0.39      0.41
323  1.00000000 0.3540059 0.029139342         1    0.20   0.39      0.41
324  1.00000000 0.3540059 0.029139342         1    0.20   0.39      0.41
325  0.15625000 0.3540059 0.029139342         1    0.20   0.39      0.41
326  0.12500000 0.3540059 0.029139342         1    0.20   0.39      0.41
327  0.13281250 0.3540059 0.029139342         1    0.20   0.39      0.41
328  0.13671875 0.3540059 0.029139342         1    0.20   0.39      0.41
329  0.12890625 0.3540059 0.029139342         1    0.20   0.39      0.41
330  0.24609375 0.3540059 0.029139342         1    0.20   0.39      0.41
331  0.18750000 0.3540059 0.029139342         1    0.20   0.39      0.41
332  0.18359375 0.3540059 0.029139342         1    0.20   0.39      0.41
333  0.17578125 0.3540059 0.029139342         1    0.20   0.39      0.41
334  0.21484375 0.3540059 0.029139342         1    0.20   0.39      0.41
335  0.55468750 0.3540059 0.029139342         1    0.20   0.39      0.41
336  1.00000000 0.3540059 0.029139342         1    0.20   0.39      0.41
337  0.13671875 0.3540059 0.029139342         1    0.20   0.39      0.41
338  0.11328125 0.3540059 0.029139342         1    0.20   0.39      0.41
339  1.00000000 0.3540059 0.029139342         1    0.20   0.39      0.41
340  0.28125000 0.3540059 0.029139342         1    0.20   0.39      0.41
341  1.00000000 0.3540059 0.029139342         1    0.20   0.39      0.41
342  1.00000000 0.3540059 0.029139342         1    0.20   0.39      0.41
343  1.00000000 0.3540059 0.029139342         1    0.20   0.39      0.41
344  0.07421875 0.3540059 0.029139342         1    0.20   0.39      0.41
345  1.00000000 0.3540059 0.029139342         1    0.20   0.39      0.41
346  1.00000000 0.3540059 0.029139342         1    0.20   0.39      0.41
347  1.00000000 0.3540059 0.029139342         1    0.20   0.39      0.41
348  0.11718750 0.3540059 0.029139342         1    0.20   0.39      0.41
349  1.00000000 0.3540059 0.029139342         1    0.20   0.39      0.41
350  0.19921875 0.3540059 0.029139342         1    0.20   0.39      0.41
351  0.05859375 0.3540059 0.029139342         1    0.20   0.39      0.41
352  0.28125000 0.3540059 0.029139342         1    0.20   0.39      0.41
353  1.00000000 0.3540059 0.029139342         1    0.20   0.39      0.41
354  0.10546875 0.3540059 0.029139342         1    0.20   0.39      0.41
355  0.05468750 0.3540059 0.029139342         1    0.20   0.39      0.41
356  1.00000000 0.3540059 0.029139342         1    0.20   0.39      0.41
357  0.59765625 0.3540059 0.029139342         1    0.20   0.39      0.41
358  1.00000000 0.3540059 0.029139342         1    0.20   0.39      0.41
359  0.17187500 0.3540059 0.029139342         1    0.20   0.39      0.41
360  0.20312500 0.3540059 0.029139342         1    0.20   0.39      0.41
361  1.00000000 0.3540059 0.029139342         1    0.20   0.39      0.41
362  0.09375000 0.3540059 0.029139342         1    0.20   0.39      0.41
363  0.33984375 0.3540059 0.029139342         1    0.20   0.39      0.41
364  0.13281250 0.3540059 0.029139342         1    0.20   0.39      0.41
365  1.00000000 0.3540059 0.029139342         1    0.20   0.39      0.41
366  0.14062500 0.3540059 0.029139342         1    0.20   0.39      0.41
367  1.00000000 0.3540059 0.029139342         1    0.20   0.39      0.41
368  1.00000000 0.3540059 0.029139342         1    0.20   0.39      0.41
369  1.00000000 0.3540059 0.029139342         1    0.20   0.39      0.41
370  1.00000000 0.3540059 0.029139342         1    0.20   0.39      0.41
371  0.14062500 0.3540059 0.029139342         1    0.20   0.39      0.41
372  0.08984375 0.3540059 0.029139342         1    0.20   0.39      0.41
373  0.11328125 0.3540059 0.029139342         1    0.20   0.39      0.41
374  0.23828125 0.3540059 0.029139342         1    0.20   0.39      0.41
375  0.64453125 0.3540059 0.029139342         1    0.20   0.39      0.41
376  0.60156250 0.3540059 0.029139342         1    0.20   0.39      0.41
377  0.17187500 0.3540059 0.029139342         1    0.20   0.39      0.41
378  1.00000000 0.3540059 0.029139342         1    0.20   0.39      0.41
379  0.38671875 0.3540059 0.029139342         1    0.20   0.39      0.41
380  1.00000000 0.3540059 0.029139342         1    0.20   0.39      0.41
381  0.22265625 0.3540059 0.029139342         1    0.20   0.39      0.41
382  0.11718750 0.3540059 0.029139342         1    0.20   0.39      0.41
383  1.00000000 0.3540059 0.029139342         1    0.20   0.39      0.41
384  0.06250000 0.3540059 0.029139342         1    0.20   0.39      0.41
385  1.00000000 0.3540059 0.029139342         1    0.20   0.39      0.41
386  0.17968750 0.3540059 0.029139342         1    0.20   0.39      0.41
387  0.51171875 0.3540059 0.029139342         1    0.20   0.39      0.41
388  1.00000000 0.3540059 0.029139342         1    0.20   0.39      0.41
389  1.00000000 0.3540059 0.029139342         1    0.20   0.39      0.41
390  1.00000000 0.3540059 0.029139342         1    0.20   0.39      0.41
391  1.00000000 0.3540059 0.029139342         1    0.20   0.39      0.41
392  0.73437500 0.3540059 0.029139342         1    0.20   0.39      0.41
393  1.00000000 0.3540059 0.029139342         1    0.20   0.39      0.41
394  1.00000000 0.3540059 0.029139342         1    0.20   0.39      0.41
395  1.00000000 0.3540059 0.029139342         1    0.20   0.39      0.41
396  0.22265625 0.3540059 0.029139342         1    0.20   0.39      0.41
397  1.00000000 0.3540059 0.029139342         1    0.20   0.39      0.41
398  0.16796875 0.3540059 0.029139342         1    0.20   0.39      0.41
399  1.00000000 0.3540059 0.029139342         1    0.20   0.39      0.41
400  0.26171875 0.3540059 0.029139342         1    0.20   0.39      0.41
401  0.39062500 0.4280963 0.040645105         1    0.12   0.42      0.46
402  1.00000000 0.4280963 0.040645105         1    0.12   0.42      0.46
403  1.00000000 0.4280963 0.040645105         1    0.12   0.42      0.46
404  1.00000000 0.4280963 0.040645105         1    0.12   0.42      0.46
405  1.00000000 0.4280963 0.040645105         1    0.12   0.42      0.46
406  1.00000000 0.4280963 0.040645105         1    0.12   0.42      0.46
407  0.32031250 0.4280963 0.040645105         1    0.12   0.42      0.46
408  1.00000000 0.4280963 0.040645105         1    0.12   0.42      0.46
409  1.00000000 0.4280963 0.040645105         1    0.12   0.42      0.46
410  0.30468750 0.4280963 0.040645105         1    0.12   0.42      0.46
411  0.28125000 0.4280963 0.040645105         1    0.12   0.42      0.46
412  0.15234375 0.4280963 0.040645105         1    0.12   0.42      0.46
413  1.00000000 0.4280963 0.040645105         1    0.12   0.42      0.46
414  0.19531250 0.4280963 0.040645105         1    0.12   0.42      0.46
415  0.12500000 0.4280963 0.040645105         1    0.12   0.42      0.46
416  0.21484375 0.4280963 0.040645105         1    0.12   0.42      0.46
417  0.56250000 0.4280963 0.040645105         1    0.12   0.42      0.46
418  1.00000000 0.4280963 0.040645105         1    0.12   0.42      0.46
419  0.48828125 0.4280963 0.040645105         1    0.12   0.42      0.46
420  1.00000000 0.4280963 0.040645105         1    0.12   0.42      0.46
421  1.00000000 0.4280963 0.040645105         1    0.12   0.42      0.46
422  1.00000000 0.4280963 0.040645105         1    0.12   0.42      0.46
423  0.06250000 0.4280963 0.040645105         1    0.12   0.42      0.46
424  0.17187500 0.4280963 0.040645105         1    0.12   0.42      0.46
425  1.00000000 0.4280963 0.040645105         1    0.12   0.42      0.46
426  1.00000000 0.4280963 0.040645105         1    0.12   0.42      0.46
427  1.00000000 0.4280963 0.040645105         1    0.12   0.42      0.46
428  0.24218750 0.4280963 0.040645105         1    0.12   0.42      0.46
429  1.00000000 0.4280963 0.040645105         1    0.12   0.42      0.46
430  1.00000000 0.4280963 0.040645105         1    0.12   0.42      0.46
431  0.25390625 0.4280963 0.040645105         1    0.12   0.42      0.46
432  0.27343750 0.4280963 0.040645105         1    0.12   0.42      0.46
433  1.00000000 0.4280963 0.040645105         1    0.12   0.42      0.46
434  0.17187500 0.4280963 0.040645105         1    0.12   0.42      0.46
435  1.00000000 0.4280963 0.040645105         1    0.12   0.42      0.46
436  0.66015625 0.4280963 0.040645105         1    0.12   0.42      0.46
437  0.12109375 0.4280963 0.040645105         1    0.12   0.42      0.46
438  0.13281250 0.4280963 0.040645105         1    0.12   0.42      0.46
439  0.14062500 0.4280963 0.040645105         1    0.12   0.42      0.46
440  0.12500000 0.4280963 0.040645105         1    0.12   0.42      0.46
441  1.00000000 0.4280963 0.040645105         1    0.12   0.42      0.46
442  1.00000000 0.4280963 0.040645105         1    0.12   0.42      0.46
443  1.00000000 0.4280963 0.040645105         1    0.12   0.42      0.46
444  0.66406250 0.4280963 0.040645105         1    0.12   0.42      0.46
445  1.00000000 0.4280963 0.040645105         1    0.12   0.42      0.46
446  0.17578125 0.4280963 0.040645105         1    0.12   0.42      0.46
447  0.30468750 0.4280963 0.040645105         1    0.12   0.42      0.46
448  1.00000000 0.4280963 0.040645105         1    0.12   0.42      0.46
449  1.00000000 0.4280963 0.040645105         1    0.12   0.42      0.46
450  1.00000000 0.4280963 0.040645105         1    0.12   0.42      0.46
451  1.00000000 0.4280963 0.040645105         1    0.12   0.42      0.46
452  0.18359375 0.4280963 0.040645105         1    0.12   0.42      0.46
453  0.13671875 0.4280963 0.040645105         1    0.12   0.42      0.46
454  1.00000000 0.4280963 0.040645105         1    0.12   0.42      0.46
455  1.00000000 0.4280963 0.040645105         1    0.12   0.42      0.46
456  1.00000000 0.4280963 0.040645105         1    0.12   0.42      0.46
457  1.00000000 0.4280963 0.040645105         1    0.12   0.42      0.46
458  0.35937500 0.4280963 0.040645105         1    0.12   0.42      0.46
459  0.21093750 0.4280963 0.040645105         1    0.12   0.42      0.46
460  0.14062500 0.4280963 0.040645105         1    0.12   0.42      0.46
461  1.00000000 0.4280963 0.040645105         1    0.12   0.42      0.46
462  1.00000000 0.4280963 0.040645105         1    0.12   0.42      0.46
463  0.28125000 0.4280963 0.040645105         1    0.12   0.42      0.46
464  1.00000000 0.4280963 0.040645105         1    0.12   0.42      0.46
465  0.27734375 0.4280963 0.040645105         1    0.12   0.42      0.46
466  1.00000000 0.4280963 0.040645105         1    0.12   0.42      0.46
467  1.00000000 0.4280963 0.040645105         1    0.12   0.42      0.46
468  0.21484375 0.4280963 0.040645105         1    0.12   0.42      0.46
469  0.40234375 0.4280963 0.040645105         1    0.12   0.42      0.46
470  1.00000000 0.4280963 0.040645105         1    0.12   0.42      0.46
471  1.00000000 0.4280963 0.040645105         1    0.12   0.42      0.46
472  0.32421875 0.4280963 0.040645105         1    0.12   0.42      0.46
473  1.00000000 0.4280963 0.040645105         1    0.12   0.42      0.46
474  0.28906250 0.4280963 0.040645105         1    0.12   0.42      0.46
475  1.00000000 0.4280963 0.040645105         1    0.12   0.42      0.46
476  0.27734375 0.4280963 0.040645105         1    0.12   0.42      0.46
477  0.44140625 0.4280963 0.040645105         1    0.12   0.42      0.46
478  0.39843750 0.4280963 0.040645105         1    0.12   0.42      0.46
479  0.28125000 0.4280963 0.040645105         1    0.12   0.42      0.46
480  0.34765625 0.4280963 0.040645105         1    0.12   0.42      0.46
481  0.12890625 0.4280963 0.040645105         1    0.12   0.42      0.46
482  1.00000000 0.4280963 0.040645105         1    0.12   0.42      0.46
483  0.32421875 0.4280963 0.040645105         1    0.12   0.42      0.46
484  0.26562500 0.4280963 0.040645105         1    0.12   0.42      0.46
485  0.16015625 0.4280963 0.040645105         1    0.12   0.42      0.46
486  0.13671875 0.4280963 0.040645105         1    0.12   0.42      0.46
487  0.53906250 0.4280963 0.040645105         1    0.12   0.42      0.46
488  0.10546875 0.4280963 0.040645105         1    0.12   0.42      0.46
489  0.12500000 0.4280963 0.040645105         1    0.12   0.42      0.46
490  0.32031250 0.4280963 0.040645105         1    0.12   0.42      0.46
491  1.00000000 0.4280963 0.040645105         1    0.12   0.42      0.46
492  0.18359375 0.4280963 0.040645105         1    0.12   0.42      0.46
493  0.27343750 0.4280963 0.040645105         1    0.12   0.42      0.46
494  1.00000000 0.4280963 0.040645105         1    0.12   0.42      0.46
495  0.14843750 0.4280963 0.040645105         1    0.12   0.42      0.46
496  0.24218750 0.4280963 0.040645105         1    0.12   0.42      0.46
497  1.00000000 0.4280963 0.040645105         1    0.12   0.42      0.46
498  1.00000000 0.4280963 0.040645105         1    0.12   0.42      0.46
499  0.39062500 0.4280963 0.040645105         1    0.12   0.42      0.46
500  0.15625000 0.4280963 0.040645105         1    0.12   0.42      0.46
501  0.13671875 0.4311485 0.023628241         1    0.26   0.31      0.43
502  1.00000000 0.4311485 0.023628241         1    0.26   0.31      0.43
503  0.14453125 0.4311485 0.023628241         1    0.26   0.31      0.43
504  0.07031250 0.4311485 0.023628241         1    0.26   0.31      0.43
505  0.14062500 0.4311485 0.023628241         1    0.26   0.31      0.43
506  0.06640625 0.4311485 0.023628241         1    0.26   0.31      0.43
507  0.12500000 0.4311485 0.023628241         1    0.26   0.31      0.43
508  1.00000000 0.4311485 0.023628241         1    0.26   0.31      0.43
509  0.12109375 0.4311485 0.023628241         1    0.26   0.31      0.43
510  1.00000000 0.4311485 0.023628241         1    0.26   0.31      0.43
511  0.09375000 0.4311485 0.023628241         1    0.26   0.31      0.43
512  0.11718750 0.4311485 0.023628241         1    0.26   0.31      0.43
513  1.00000000 0.4311485 0.023628241         1    0.26   0.31      0.43
514  1.00000000 0.4311485 0.023628241         1    0.26   0.31      0.43
515  1.00000000 0.4311485 0.023628241         1    0.26   0.31      0.43
516  1.00000000 0.4311485 0.023628241         1    0.26   0.31      0.43
517  0.10546875 0.4311485 0.023628241         1    0.26   0.31      0.43
518  1.00000000 0.4311485 0.023628241         1    0.26   0.31      0.43
519  1.00000000 0.4311485 0.023628241         1    0.26   0.31      0.43
520  0.51953125 0.4311485 0.023628241         1    0.26   0.31      0.43
521  1.00000000 0.4311485 0.023628241         1    0.26   0.31      0.43
522  1.00000000 0.4311485 0.023628241         1    0.26   0.31      0.43
523  1.00000000 0.4311485 0.023628241         1    0.26   0.31      0.43
524  0.03906250 0.4311485 0.023628241         1    0.26   0.31      0.43
525  1.00000000 0.4311485 0.023628241         1    0.26   0.31      0.43
526  0.08203125 0.4311485 0.023628241         1    0.26   0.31      0.43
527  1.00000000 0.4311485 0.023628241         1    0.26   0.31      0.43
528  0.33203125 0.4311485 0.023628241         1    0.26   0.31      0.43
529  1.00000000 0.4311485 0.023628241         1    0.26   0.31      0.43
530  0.14843750 0.4311485 0.023628241         1    0.26   0.31      0.43
531  0.05078125 0.4311485 0.023628241         1    0.26   0.31      0.43
532  0.16796875 0.4311485 0.023628241         1    0.26   0.31      0.43
533  1.00000000 0.4311485 0.023628241         1    0.26   0.31      0.43
534  0.07421875 0.4311485 0.023628241         1    0.26   0.31      0.43
535  0.14062500 0.4311485 0.023628241         1    0.26   0.31      0.43
536  1.00000000 0.4311485 0.023628241         1    0.26   0.31      0.43
537  1.00000000 0.4311485 0.023628241         1    0.26   0.31      0.43
538  1.00000000 0.4311485 0.023628241         1    0.26   0.31      0.43
539  0.18359375 0.4311485 0.023628241         1    0.26   0.31      0.43
540  0.06640625 0.4311485 0.023628241         1    0.26   0.31      0.43
541  1.00000000 0.4311485 0.023628241         1    0.26   0.31      0.43
542  1.00000000 0.4311485 0.023628241         1    0.26   0.31      0.43
543  0.09375000 0.4311485 0.023628241         1    0.26   0.31      0.43
544  0.21093750 0.4311485 0.023628241         1    0.26   0.31      0.43
545  0.09765625 0.4311485 0.023628241         1    0.26   0.31      0.43
546  1.00000000 0.4311485 0.023628241         1    0.26   0.31      0.43
547  0.21093750 0.4311485 0.023628241         1    0.26   0.31      0.43
548  0.08593750 0.4311485 0.023628241         1    0.26   0.31      0.43
549  0.17187500 0.4311485 0.023628241         1    0.26   0.31      0.43
550  1.00000000 0.4311485 0.023628241         1    0.26   0.31      0.43
551  0.17968750 0.4311485 0.023628241         1    0.26   0.31      0.43
552  0.12890625 0.4311485 0.023628241         1    0.26   0.31      0.43
553  0.19921875 0.4311485 0.023628241         1    0.26   0.31      0.43
554  0.13671875 0.4311485 0.023628241         1    0.26   0.31      0.43
555  1.00000000 0.4311485 0.023628241         1    0.26   0.31      0.43
556  1.00000000 0.4311485 0.023628241         1    0.26   0.31      0.43
557  1.00000000 0.4311485 0.023628241         1    0.26   0.31      0.43
558  0.39453125 0.4311485 0.023628241         1    0.26   0.31      0.43
559  1.00000000 0.4311485 0.023628241         1    0.26   0.31      0.43
560  0.20703125 0.4311485 0.023628241         1    0.26   0.31      0.43
561  0.05859375 0.4311485 0.023628241         1    0.26   0.31      0.43
562  0.17968750 0.4311485 0.023628241         1    0.26   0.31      0.43
563  0.08984375 0.4311485 0.023628241         1    0.26   0.31      0.43
564  0.31250000 0.4311485 0.023628241         1    0.26   0.31      0.43
565  1.00000000 0.4311485 0.023628241         1    0.26   0.31      0.43
566  1.00000000 0.4311485 0.023628241         1    0.26   0.31      0.43
567  1.00000000 0.4311485 0.023628241         1    0.26   0.31      0.43
568  1.00000000 0.4311485 0.023628241         1    0.26   0.31      0.43
569  1.00000000 0.4311485 0.023628241         1    0.26   0.31      0.43
570  1.00000000 0.4311485 0.023628241         1    0.26   0.31      0.43
571  0.09375000 0.4311485 0.023628241         1    0.26   0.31      0.43
572  0.66406250 0.4311485 0.023628241         1    0.26   0.31      0.43
573  0.18359375 0.4311485 0.023628241         1    0.26   0.31      0.43
574  0.08593750 0.4311485 0.023628241         1    0.26   0.31      0.43
575  0.22265625 0.4311485 0.023628241         1    0.26   0.31      0.43
576  0.07421875 0.4311485 0.023628241         1    0.26   0.31      0.43
577  0.33593750 0.4311485 0.023628241         1    0.26   0.31      0.43
578  0.17187500 0.4311485 0.023628241         1    0.26   0.31      0.43
579  1.00000000 0.4311485 0.023628241         1    0.26   0.31      0.43
580  0.17968750 0.4311485 0.023628241         1    0.26   0.31      0.43
581  0.07812500 0.4311485 0.023628241         1    0.26   0.31      0.43
582  0.11328125 0.4311485 0.023628241         1    0.26   0.31      0.43
583  0.09375000 0.4311485 0.023628241         1    0.26   0.31      0.43
584  1.00000000 0.4311485 0.023628241         1    0.26   0.31      0.43
585  0.13281250 0.4311485 0.023628241         1    0.26   0.31      0.43
586  0.13281250 0.4311485 0.023628241         1    0.26   0.31      0.43
587  1.00000000 0.4311485 0.023628241         1    0.26   0.31      0.43
588  0.15234375 0.4311485 0.023628241         1    0.26   0.31      0.43
589  0.23046875 0.4311485 0.023628241         1    0.26   0.31      0.43
590  0.13671875 0.4311485 0.023628241         1    0.26   0.31      0.43
591  0.33593750 0.4311485 0.023628241         1    0.26   0.31      0.43
592  1.00000000 0.4311485 0.023628241         1    0.26   0.31      0.43
593  1.00000000 0.4311485 0.023628241         1    0.26   0.31      0.43
594  1.00000000 0.4311485 0.023628241         1    0.26   0.31      0.43
595  1.00000000 0.4311485 0.023628241         1    0.26   0.31      0.43
596  1.00000000 0.4311485 0.023628241         1    0.26   0.31      0.43
597  0.32031250 0.4311485 0.023628241         1    0.26   0.31      0.43
598  0.16796875 0.4311485 0.023628241         1    0.26   0.31      0.43
599  1.00000000 0.4311485 0.023628241         1    0.26   0.31      0.43
600  1.00000000 0.4311485 0.023628241         1    0.26   0.31      0.43
601  0.14843750 0.3118220 0.027994305         1    0.23   0.42      0.35
602  0.34765625 0.3118220 0.027994305         1    0.23   0.42      0.35
603  0.18750000 0.3118220 0.027994305         1    0.23   0.42      0.35
604  1.00000000 0.3118220 0.027994305         1    0.23   0.42      0.35
605  0.51562500 0.3118220 0.027994305         1    0.23   0.42      0.35
606  0.04687500 0.3118220 0.027994305         1    0.23   0.42      0.35
607  0.30859375 0.3118220 0.027994305         1    0.23   0.42      0.35
608  1.00000000 0.3118220 0.027994305         1    0.23   0.42      0.35
609  1.00000000 0.3118220 0.027994305         1    0.23   0.42      0.35
610  1.00000000 0.3118220 0.027994305         1    0.23   0.42      0.35
611  0.12109375 0.3118220 0.027994305         1    0.23   0.42      0.35
612  0.20312500 0.3118220 0.027994305         1    0.23   0.42      0.35
613  0.11718750 0.3118220 0.027994305         1    0.23   0.42      0.35
614  1.00000000 0.3118220 0.027994305         1    0.23   0.42      0.35
615  0.19531250 0.3118220 0.027994305         1    0.23   0.42      0.35
616  0.12500000 0.3118220 0.027994305         1    0.23   0.42      0.35
617  0.12109375 0.3118220 0.027994305         1    0.23   0.42      0.35
618  0.11328125 0.3118220 0.027994305         1    0.23   0.42      0.35
619  1.00000000 0.3118220 0.027994305         1    0.23   0.42      0.35
620  0.08203125 0.3118220 0.027994305         1    0.23   0.42      0.35
621  0.56640625 0.3118220 0.027994305         1    0.23   0.42      0.35
622  0.10937500 0.3118220 0.027994305         1    0.23   0.42      0.35
623  1.00000000 0.3118220 0.027994305         1    0.23   0.42      0.35
624  1.00000000 0.3118220 0.027994305         1    0.23   0.42      0.35
625  1.00000000 0.3118220 0.027994305         1    0.23   0.42      0.35
626  0.28125000 0.3118220 0.027994305         1    0.23   0.42      0.35
627  0.19921875 0.3118220 0.027994305         1    0.23   0.42      0.35
628  0.09765625 0.3118220 0.027994305         1    0.23   0.42      0.35
629  0.12109375 0.3118220 0.027994305         1    0.23   0.42      0.35
630  0.05859375 0.3118220 0.027994305         1    0.23   0.42      0.35
631  1.00000000 0.3118220 0.027994305         1    0.23   0.42      0.35
632  0.09375000 0.3118220 0.027994305         1    0.23   0.42      0.35
633  0.54687500 0.3118220 0.027994305         1    0.23   0.42      0.35
634  0.28906250 0.3118220 0.027994305         1    0.23   0.42      0.35
635  0.18359375 0.3118220 0.027994305         1    0.23   0.42      0.35
636  0.13281250 0.3118220 0.027994305         1    0.23   0.42      0.35
637  1.00000000 0.3118220 0.027994305         1    0.23   0.42      0.35
638  1.00000000 0.3118220 0.027994305         1    0.23   0.42      0.35
639  1.00000000 0.3118220 0.027994305         1    0.23   0.42      0.35
640  0.26171875 0.3118220 0.027994305         1    0.23   0.42      0.35
641  1.00000000 0.3118220 0.027994305         1    0.23   0.42      0.35
642  1.00000000 0.3118220 0.027994305         1    0.23   0.42      0.35
643  0.23828125 0.3118220 0.027994305         1    0.23   0.42      0.35
644  0.11328125 0.3118220 0.027994305         1    0.23   0.42      0.35
645  1.00000000 0.3118220 0.027994305         1    0.23   0.42      0.35
646  0.19531250 0.3118220 0.027994305         1    0.23   0.42      0.35
647  1.00000000 0.3118220 0.027994305         1    0.23   0.42      0.35
648  0.08593750 0.3118220 0.027994305         1    0.23   0.42      0.35
649  0.13671875 0.3118220 0.027994305         1    0.23   0.42      0.35
650  0.11328125 0.3118220 0.027994305         1    0.23   0.42      0.35
651  0.27343750 0.3118220 0.027994305         1    0.23   0.42      0.35
652  1.00000000 0.3118220 0.027994305         1    0.23   0.42      0.35
653  0.22656250 0.3118220 0.027994305         1    0.23   0.42      0.35
654  0.19531250 0.3118220 0.027994305         1    0.23   0.42      0.35
655  0.53906250 0.3118220 0.027994305         1    0.23   0.42      0.35
656  0.22656250 0.3118220 0.027994305         1    0.23   0.42      0.35
657  0.54296875 0.3118220 0.027994305         1    0.23   0.42      0.35
658  0.10156250 0.3118220 0.027994305         1    0.23   0.42      0.35
659  0.35546875 0.3118220 0.027994305         1    0.23   0.42      0.35
660  1.00000000 0.3118220 0.027994305         1    0.23   0.42      0.35
661  0.10156250 0.3118220 0.027994305         1    0.23   0.42      0.35
662  0.12109375 0.3118220 0.027994305         1    0.23   0.42      0.35
663  1.00000000 0.3118220 0.027994305         1    0.23   0.42      0.35
664  1.00000000 0.3118220 0.027994305         1    0.23   0.42      0.35
665  0.07812500 0.3118220 0.027994305         1    0.23   0.42      0.35
666  0.13281250 0.3118220 0.027994305         1    0.23   0.42      0.35
667  1.00000000 0.3118220 0.027994305         1    0.23   0.42      0.35
668  0.15234375 0.3118220 0.027994305         1    0.23   0.42      0.35
669  0.21875000 0.3118220 0.027994305         1    0.23   0.42      0.35
670  0.15625000 0.3118220 0.027994305         1    0.23   0.42      0.35
671  1.00000000 0.3118220 0.027994305         1    0.23   0.42      0.35
672  0.12500000 0.3118220 0.027994305         1    0.23   0.42      0.35
673  0.08984375 0.3118220 0.027994305         1    0.23   0.42      0.35
674  0.08984375 0.3118220 0.027994305         1    0.23   0.42      0.35
675  1.00000000 0.3118220 0.027994305         1    0.23   0.42      0.35
676  1.00000000 0.3118220 0.027994305         1    0.23   0.42      0.35
677  0.05468750 0.3118220 0.027994305         1    0.23   0.42      0.35
678  0.26953125 0.3118220 0.027994305         1    0.23   0.42      0.35
679  1.00000000 0.3118220 0.027994305         1    0.23   0.42      0.35
680  0.07421875 0.3118220 0.027994305         1    0.23   0.42      0.35
681  1.00000000 0.3118220 0.027994305         1    0.23   0.42      0.35
682  0.48046875 0.3118220 0.027994305         1    0.23   0.42      0.35
683  0.17187500 0.3118220 0.027994305         1    0.23   0.42      0.35
684  0.20703125 0.3118220 0.027994305         1    0.23   0.42      0.35
685  1.00000000 0.3118220 0.027994305         1    0.23   0.42      0.35
686  0.17187500 0.3118220 0.027994305         1    0.23   0.42      0.35
687  0.26562500 0.3118220 0.027994305         1    0.23   0.42      0.35
688  1.00000000 0.3118220 0.027994305         1    0.23   0.42      0.35
689  0.19531250 0.3118220 0.027994305         1    0.23   0.42      0.35
690  1.00000000 0.3118220 0.027994305         1    0.23   0.42      0.35
691  1.00000000 0.3118220 0.027994305         1    0.23   0.42      0.35
692  0.20703125 0.3118220 0.027994305         1    0.23   0.42      0.35
693  1.00000000 0.3118220 0.027994305         1    0.23   0.42      0.35
694  0.17187500 0.3118220 0.027994305         1    0.23   0.42      0.35
695  0.24218750 0.3118220 0.027994305         1    0.23   0.42      0.35
696  0.17187500 0.3118220 0.027994305         1    0.23   0.42      0.35
697  1.00000000 0.3118220 0.027994305         1    0.23   0.42      0.35
698  0.10156250 0.3118220 0.027994305         1    0.23   0.42      0.35
699  1.00000000 0.3118220 0.027994305         1    0.23   0.42      0.35
700  0.16015625 0.3118220 0.027994305         1    0.23   0.42      0.35
701  0.03125000 0.5627244 0.012231999         1    0.35   0.19      0.46
702  1.00000000 0.5627244 0.012231999         1    0.35   0.19      0.46
703  1.00000000 0.5627244 0.012231999         1    0.35   0.19      0.46
704  0.06250000 0.5627244 0.012231999         1    0.35   0.19      0.46
705  0.06640625 0.5627244 0.012231999         1    0.35   0.19      0.46
706  0.04687500 0.5627244 0.012231999         1    0.35   0.19      0.46
707  1.00000000 0.5627244 0.012231999         1    0.35   0.19      0.46
708  1.00000000 0.5627244 0.012231999         1    0.35   0.19      0.46
709  0.02343750 0.5627244 0.012231999         1    0.35   0.19      0.46
710  0.04687500 0.5627244 0.012231999         1    0.35   0.19      0.46
711  1.00000000 0.5627244 0.012231999         1    0.35   0.19      0.46
712  0.06250000 0.5627244 0.012231999         1    0.35   0.19      0.46
713  0.16015625 0.5627244 0.012231999         1    0.35   0.19      0.46
714  0.04296875 0.5627244 0.012231999         1    0.35   0.19      0.46
715  1.00000000 0.5627244 0.012231999         1    0.35   0.19      0.46
716  1.00000000 0.5627244 0.012231999         1    0.35   0.19      0.46
717  0.13281250 0.5627244 0.012231999         1    0.35   0.19      0.46
718  0.10546875 0.5627244 0.012231999         1    0.35   0.19      0.46
719  1.00000000 0.5627244 0.012231999         1    0.35   0.19      0.46
720  1.00000000 0.5627244 0.012231999         1    0.35   0.19      0.46
721  1.00000000 0.5627244 0.012231999         1    0.35   0.19      0.46
722  1.00000000 0.5627244 0.012231999         1    0.35   0.19      0.46
723  0.01562500 0.5627244 0.012231999         1    0.35   0.19      0.46
724  1.00000000 0.5627244 0.012231999         1    0.35   0.19      0.46
725  1.00000000 0.5627244 0.012231999         1    0.35   0.19      0.46
726  0.06250000 0.5627244 0.012231999         1    0.35   0.19      0.46
727  0.01562500 0.5627244 0.012231999         1    0.35   0.19      0.46
728  1.00000000 0.5627244 0.012231999         1    0.35   0.19      0.46
729  0.01562500 0.5627244 0.012231999         1    0.35   0.19      0.46
730  0.09375000 0.5627244 0.012231999         1    0.35   0.19      0.46
731  1.00000000 0.5627244 0.012231999         1    0.35   0.19      0.46
732  0.08593750 0.5627244 0.012231999         1    0.35   0.19      0.46
733  0.28515625 0.5627244 0.012231999         1    0.35   0.19      0.46
734  1.00000000 0.5627244 0.012231999         1    0.35   0.19      0.46
735  0.17968750 0.5627244 0.012231999         1    0.35   0.19      0.46
736  0.07031250 0.5627244 0.012231999         1    0.35   0.19      0.46
737  1.00000000 0.5627244 0.012231999         1    0.35   0.19      0.46
738  0.30468750 0.5627244 0.012231999         1    0.35   0.19      0.46
739  1.00000000 0.5627244 0.012231999         1    0.35   0.19      0.46
740  0.04687500 0.5627244 0.012231999         1    0.35   0.19      0.46
741  0.03515625 0.5627244 0.012231999         1    0.35   0.19      0.46
742  0.03125000 0.5627244 0.012231999         1    0.35   0.19      0.46
743  0.03125000 0.5627244 0.012231999         1    0.35   0.19      0.46
744  1.00000000 0.5627244 0.012231999         1    0.35   0.19      0.46
745  0.06250000 0.5627244 0.012231999         1    0.35   0.19      0.46
746  1.00000000 0.5627244 0.012231999         1    0.35   0.19      0.46
747  0.13671875 0.5627244 0.012231999         1    0.35   0.19      0.46
748  1.00000000 0.5627244 0.012231999         1    0.35   0.19      0.46
749  1.00000000 0.5627244 0.012231999         1    0.35   0.19      0.46
750  1.00000000 0.5627244 0.012231999         1    0.35   0.19      0.46
751  0.10156250 0.5627244 0.012231999         1    0.35   0.19      0.46
752  1.00000000 0.5627244 0.012231999         1    0.35   0.19      0.46
753  1.00000000 0.5627244 0.012231999         1    0.35   0.19      0.46
754  1.00000000 0.5627244 0.012231999         1    0.35   0.19      0.46
755  0.30859375 0.5627244 0.012231999         1    0.35   0.19      0.46
756  0.03906250 0.5627244 0.012231999         1    0.35   0.19      0.46
757  0.04296875 0.5627244 0.012231999         1    0.35   0.19      0.46
758  0.09765625 0.5627244 0.012231999         1    0.35   0.19      0.46
759  1.00000000 0.5627244 0.012231999         1    0.35   0.19      0.46
760  1.00000000 0.5627244 0.012231999         1    0.35   0.19      0.46
761  0.04296875 0.5627244 0.012231999         1    0.35   0.19      0.46
762  0.05078125 0.5627244 0.012231999         1    0.35   0.19      0.46
763  1.00000000 0.5627244 0.012231999         1    0.35   0.19      0.46
764  1.00000000 0.5627244 0.012231999         1    0.35   0.19      0.46
765  0.03515625 0.5627244 0.012231999         1    0.35   0.19      0.46
766  0.05078125 0.5627244 0.012231999         1    0.35   0.19      0.46
767  1.00000000 0.5627244 0.012231999         1    0.35   0.19      0.46
768  1.00000000 0.5627244 0.012231999         1    0.35   0.19      0.46
769  1.00000000 0.5627244 0.012231999         1    0.35   0.19      0.46
770  0.11328125 0.5627244 0.012231999         1    0.35   0.19      0.46
771  0.03125000 0.5627244 0.012231999         1    0.35   0.19      0.46
772  0.03906250 0.5627244 0.012231999         1    0.35   0.19      0.46
773  1.00000000 0.5627244 0.012231999         1    0.35   0.19      0.46
774  1.00000000 0.5627244 0.012231999         1    0.35   0.19      0.46
775  0.17187500 0.5627244 0.012231999         1    0.35   0.19      0.46
776  1.00000000 0.5627244 0.012231999         1    0.35   0.19      0.46
777  0.17968750 0.5627244 0.012231999         1    0.35   0.19      0.46
778  0.12109375 0.5627244 0.012231999         1    0.35   0.19      0.46
779  0.02734375 0.5627244 0.012231999         1    0.35   0.19      0.46
780  1.00000000 0.5627244 0.012231999         1    0.35   0.19      0.46
781  0.05859375 0.5627244 0.012231999         1    0.35   0.19      0.46
782  0.05078125 0.5627244 0.012231999         1    0.35   0.19      0.46
783  1.00000000 0.5627244 0.012231999         1    0.35   0.19      0.46
784  0.05468750 0.5627244 0.012231999         1    0.35   0.19      0.46
785  1.00000000 0.5627244 0.012231999         1    0.35   0.19      0.46
786  1.00000000 0.5627244 0.012231999         1    0.35   0.19      0.46
787  1.00000000 0.5627244 0.012231999         1    0.35   0.19      0.46
788  0.10156250 0.5627244 0.012231999         1    0.35   0.19      0.46
789  1.00000000 0.5627244 0.012231999         1    0.35   0.19      0.46
790  0.05468750 0.5627244 0.012231999         1    0.35   0.19      0.46
791  0.06640625 0.5627244 0.012231999         1    0.35   0.19      0.46
792  0.05468750 0.5627244 0.012231999         1    0.35   0.19      0.46
793  1.00000000 0.5627244 0.012231999         1    0.35   0.19      0.46
794  0.11328125 0.5627244 0.012231999         1    0.35   0.19      0.46
795  1.00000000 0.5627244 0.012231999         1    0.35   0.19      0.46
796  0.03515625 0.5627244 0.012231999         1    0.35   0.19      0.46
797  0.07421875 0.5627244 0.012231999         1    0.35   0.19      0.46
798  0.17578125 0.5627244 0.012231999         1    0.35   0.19      0.46
799  1.00000000 0.5627244 0.012231999         1    0.35   0.19      0.46
800  1.00000000 0.5627244 0.012231999         1    0.35   0.19      0.46
801  0.03906250 0.5469736 0.010791830         1    0.22   0.12      0.66
802  1.00000000 0.5469736 0.010791830         1    0.22   0.12      0.66
803  1.00000000 0.5469736 0.010791830         1    0.22   0.12      0.66
804  0.10937500 0.5469736 0.010791830         1    0.22   0.12      0.66
805  1.00000000 0.5469736 0.010791830         1    0.22   0.12      0.66
806  1.00000000 0.5469736 0.010791830         1    0.22   0.12      0.66
807  1.00000000 0.5469736 0.010791830         1    0.22   0.12      0.66
808  0.11328125 0.5469736 0.010791830         1    0.22   0.12      0.66
809  0.03125000 0.5469736 0.010791830         1    0.22   0.12      0.66
810  0.00781250 0.5469736 0.010791830         1    0.22   0.12      0.66
811  1.00000000 0.5469736 0.010791830         1    0.22   0.12      0.66
812  0.05078125 0.5469736 0.010791830         1    0.22   0.12      0.66
813  1.00000000 0.5469736 0.010791830         1    0.22   0.12      0.66
814  1.00000000 0.5469736 0.010791830         1    0.22   0.12      0.66
815  1.00000000 0.5469736 0.010791830         1    0.22   0.12      0.66
816  0.07812500 0.5469736 0.010791830         1    0.22   0.12      0.66
817  1.00000000 0.5469736 0.010791830         1    0.22   0.12      0.66
818  1.00000000 0.5469736 0.010791830         1    0.22   0.12      0.66
819  0.01953125 0.5469736 0.010791830         1    0.22   0.12      0.66
820  1.00000000 0.5469736 0.010791830         1    0.22   0.12      0.66
821  1.00000000 0.5469736 0.010791830         1    0.22   0.12      0.66
822  1.00000000 0.5469736 0.010791830         1    0.22   0.12      0.66
823  1.00000000 0.5469736 0.010791830         1    0.22   0.12      0.66
824  1.00000000 0.5469736 0.010791830         1    0.22   0.12      0.66
825  1.00000000 0.5469736 0.010791830         1    0.22   0.12      0.66
826  1.00000000 0.5469736 0.010791830         1    0.22   0.12      0.66
827  1.00000000 0.5469736 0.010791830         1    0.22   0.12      0.66
828  1.00000000 0.5469736 0.010791830         1    0.22   0.12      0.66
829  0.01953125 0.5469736 0.010791830         1    0.22   0.12      0.66
830  1.00000000 0.5469736 0.010791830         1    0.22   0.12      0.66
831  1.00000000 0.5469736 0.010791830         1    0.22   0.12      0.66
832  1.00000000 0.5469736 0.010791830         1    0.22   0.12      0.66
833  1.00000000 0.5469736 0.010791830         1    0.22   0.12      0.66
834  1.00000000 0.5469736 0.010791830         1    0.22   0.12      0.66
835  1.00000000 0.5469736 0.010791830         1    0.22   0.12      0.66
836  0.01953125 0.5469736 0.010791830         1    0.22   0.12      0.66
837  1.00000000 0.5469736 0.010791830         1    0.22   0.12      0.66
838  0.01562500 0.5469736 0.010791830         1    0.22   0.12      0.66
839  1.00000000 0.5469736 0.010791830         1    0.22   0.12      0.66
840  0.02343750 0.5469736 0.010791830         1    0.22   0.12      0.66
841  1.00000000 0.5469736 0.010791830         1    0.22   0.12      0.66
842  1.00000000 0.5469736 0.010791830         1    0.22   0.12      0.66
843  1.00000000 0.5469736 0.010791830         1    0.22   0.12      0.66
844  0.01171875 0.5469736 0.010791830         1    0.22   0.12      0.66
845  1.00000000 0.5469736 0.010791830         1    0.22   0.12      0.66
846  0.06250000 0.5469736 0.010791830         1    0.22   0.12      0.66
847  0.06640625 0.5469736 0.010791830         1    0.22   0.12      0.66
848  1.00000000 0.5469736 0.010791830         1    0.22   0.12      0.66
849  0.08203125 0.5469736 0.010791830         1    0.22   0.12      0.66
850  1.00000000 0.5469736 0.010791830         1    0.22   0.12      0.66
851  1.00000000 0.5469736 0.010791830         1    0.22   0.12      0.66
852  0.10156250 0.5469736 0.010791830         1    0.22   0.12      0.66
853  1.00000000 0.5469736 0.010791830         1    0.22   0.12      0.66
854  1.00000000 0.5469736 0.010791830         1    0.22   0.12      0.66
855  1.00000000 0.5469736 0.010791830         1    0.22   0.12      0.66
856  1.00000000 0.5469736 0.010791830         1    0.22   0.12      0.66
857  1.00000000 0.5469736 0.010791830         1    0.22   0.12      0.66
858  1.00000000 0.5469736 0.010791830         1    0.22   0.12      0.66
859  1.00000000 0.5469736 0.010791830         1    0.22   0.12      0.66
860  0.01953125 0.5469736 0.010791830         1    0.22   0.12      0.66
861  1.00000000 0.5469736 0.010791830         1    0.22   0.12      0.66
862  1.00000000 0.5469736 0.010791830         1    0.22   0.12      0.66
863  0.05078125 0.5469736 0.010791830         1    0.22   0.12      0.66
864  0.04687500 0.5469736 0.010791830         1    0.22   0.12      0.66
865  0.04687500 0.5469736 0.010791830         1    0.22   0.12      0.66
866  1.00000000 0.5469736 0.010791830         1    0.22   0.12      0.66
867  1.00000000 0.5469736 0.010791830         1    0.22   0.12      0.66
868  1.00000000 0.5469736 0.010791830         1    0.22   0.12      0.66
869  0.14453125 0.5469736 0.010791830         1    0.22   0.12      0.66
870  0.03906250 0.5469736 0.010791830         1    0.22   0.12      0.66
871  0.03906250 0.5469736 0.010791830         1    0.22   0.12      0.66
872  1.00000000 0.5469736 0.010791830         1    0.22   0.12      0.66
873  0.06250000 0.5469736 0.010791830         1    0.22   0.12      0.66
874  0.01562500 0.5469736 0.010791830         1    0.22   0.12      0.66
875  1.00000000 0.5469736 0.010791830         1    0.22   0.12      0.66
876  1.00000000 0.5469736 0.010791830         1    0.22   0.12      0.66
877  0.10156250 0.5469736 0.010791830         1    0.22   0.12      0.66
878  1.00000000 0.5469736 0.010791830         1    0.22   0.12      0.66
879  0.03125000 0.5469736 0.010791830         1    0.22   0.12      0.66
880  1.00000000 0.5469736 0.010791830         1    0.22   0.12      0.66
881  0.04687500 0.5469736 0.010791830         1    0.22   0.12      0.66
882  1.00000000 0.5469736 0.010791830         1    0.22   0.12      0.66
883  1.00000000 0.5469736 0.010791830         1    0.22   0.12      0.66
884  1.00000000 0.5469736 0.010791830         1    0.22   0.12      0.66
885  0.05859375 0.5469736 0.010791830         1    0.22   0.12      0.66
886  1.00000000 0.5469736 0.010791830         1    0.22   0.12      0.66
887  1.00000000 0.5469736 0.010791830         1    0.22   0.12      0.66
888  1.00000000 0.5469736 0.010791830         1    0.22   0.12      0.66
889  1.00000000 0.5469736 0.010791830         1    0.22   0.12      0.66
890  1.00000000 0.5469736 0.010791830         1    0.22   0.12      0.66
891  0.05859375 0.5469736 0.010791830         1    0.22   0.12      0.66
892  0.13281250 0.5469736 0.010791830         1    0.22   0.12      0.66
893  1.00000000 0.5469736 0.010791830         1    0.22   0.12      0.66
894  0.04687500 0.5469736 0.010791830         1    0.22   0.12      0.66
895  1.00000000 0.5469736 0.010791830         1    0.22   0.12      0.66
896  0.07421875 0.5469736 0.010791830         1    0.22   0.12      0.66
897  1.00000000 0.5469736 0.010791830         1    0.22   0.12      0.66
898  1.00000000 0.5469736 0.010791830         1    0.22   0.12      0.66
899  1.00000000 0.5469736 0.010791830         1    0.22   0.12      0.66
900  1.00000000 0.5469736 0.010791830         1    0.22   0.12      0.66
901  1.00000000 0.5689733 0.001051184         1    0.40   0.02      0.58
902  0.00390625 0.5689733 0.001051184         1    0.40   0.02      0.58
903  1.00000000 0.5689733 0.001051184         1    0.40   0.02      0.58
904  1.00000000 0.5689733 0.001051184         1    0.40   0.02      0.58
905  0.00781250 0.5689733 0.001051184         1    0.40   0.02      0.58
906  1.00000000 0.5689733 0.001051184         1    0.40   0.02      0.58
907  1.00000000 0.5689733 0.001051184         1    0.40   0.02      0.58
908  1.00000000 0.5689733 0.001051184         1    0.40   0.02      0.58
909  1.00000000 0.5689733 0.001051184         1    0.40   0.02      0.58
910  1.00000000 0.5689733 0.001051184         1    0.40   0.02      0.58
911  0.00000000 0.5689733 0.001051184         1    0.40   0.02      0.58
912  0.00000000 0.5689733 0.001051184         1    0.40   0.02      0.58
913  0.00000000 0.5689733 0.001051184         1    0.40   0.02      0.58
914  1.00000000 0.5689733 0.001051184         1    0.40   0.02      0.58
915  1.00000000 0.5689733 0.001051184         1    0.40   0.02      0.58
916  0.00000000 0.5689733 0.001051184         1    0.40   0.02      0.58
917  0.03515625 0.5689733 0.001051184         1    0.40   0.02      0.58
918  1.00000000 0.5689733 0.001051184         1    0.40   0.02      0.58
919  0.00390625 0.5689733 0.001051184         1    0.40   0.02      0.58
920  0.00390625 0.5689733 0.001051184         1    0.40   0.02      0.58
921  0.00000000 0.5689733 0.001051184         1    0.40   0.02      0.58
922  1.00000000 0.5689733 0.001051184         1    0.40   0.02      0.58
923  0.00000000 0.5689733 0.001051184         1    0.40   0.02      0.58
924  0.00000000 0.5689733 0.001051184         1    0.40   0.02      0.58
925  0.00000000 0.5689733 0.001051184         1    0.40   0.02      0.58
926  1.00000000 0.5689733 0.001051184         1    0.40   0.02      0.58
927  1.00000000 0.5689733 0.001051184         1    0.40   0.02      0.58
928  1.00000000 0.5689733 0.001051184         1    0.40   0.02      0.58
929  0.00781250 0.5689733 0.001051184         1    0.40   0.02      0.58
930  0.00000000 0.5689733 0.001051184         1    0.40   0.02      0.58
931  0.00781250 0.5689733 0.001051184         1    0.40   0.02      0.58
932  1.00000000 0.5689733 0.001051184         1    0.40   0.02      0.58
933  1.00000000 0.5689733 0.001051184         1    0.40   0.02      0.58
934  1.00000000 0.5689733 0.001051184         1    0.40   0.02      0.58
935  0.00000000 0.5689733 0.001051184         1    0.40   0.02      0.58
936  1.00000000 0.5689733 0.001051184         1    0.40   0.02      0.58
937  1.00000000 0.5689733 0.001051184         1    0.40   0.02      0.58
938  0.00000000 0.5689733 0.001051184         1    0.40   0.02      0.58
939  1.00000000 0.5689733 0.001051184         1    0.40   0.02      0.58
940  1.00000000 0.5689733 0.001051184         1    0.40   0.02      0.58
941  0.00390625 0.5689733 0.001051184         1    0.40   0.02      0.58
942  1.00000000 0.5689733 0.001051184         1    0.40   0.02      0.58
943  1.00000000 0.5689733 0.001051184         1    0.40   0.02      0.58
944  1.00000000 0.5689733 0.001051184         1    0.40   0.02      0.58
945  1.00000000 0.5689733 0.001051184         1    0.40   0.02      0.58
946  0.00000000 0.5689733 0.001051184         1    0.40   0.02      0.58
947  1.00000000 0.5689733 0.001051184         1    0.40   0.02      0.58
948  1.00000000 0.5689733 0.001051184         1    0.40   0.02      0.58
949  1.00000000 0.5689733 0.001051184         1    0.40   0.02      0.58
950  1.00000000 0.5689733 0.001051184         1    0.40   0.02      0.58
951  1.00000000 0.5689733 0.001051184         1    0.40   0.02      0.58
952  0.00000000 0.5689733 0.001051184         1    0.40   0.02      0.58
953  1.00000000 0.5689733 0.001051184         1    0.40   0.02      0.58
954  0.00000000 0.5689733 0.001051184         1    0.40   0.02      0.58
955  1.00000000 0.5689733 0.001051184         1    0.40   0.02      0.58
956  1.00000000 0.5689733 0.001051184         1    0.40   0.02      0.58
957  1.00000000 0.5689733 0.001051184         1    0.40   0.02      0.58
958  0.00000000 0.5689733 0.001051184         1    0.40   0.02      0.58
959  1.00000000 0.5689733 0.001051184         1    0.40   0.02      0.58
960  0.00000000 0.5689733 0.001051184         1    0.40   0.02      0.58
961  0.00000000 0.5689733 0.001051184         1    0.40   0.02      0.58
962  0.00000000 0.5689733 0.001051184         1    0.40   0.02      0.58
963  1.00000000 0.5689733 0.001051184         1    0.40   0.02      0.58
964  0.00000000 0.5689733 0.001051184         1    0.40   0.02      0.58
965  1.00000000 0.5689733 0.001051184         1    0.40   0.02      0.58
966  0.00390625 0.5689733 0.001051184         1    0.40   0.02      0.58
967  1.00000000 0.5689733 0.001051184         1    0.40   0.02      0.58
968  0.00000000 0.5689733 0.001051184         1    0.40   0.02      0.58
969  1.00000000 0.5689733 0.001051184         1    0.40   0.02      0.58
970  1.00000000 0.5689733 0.001051184         1    0.40   0.02      0.58
971  0.00390625 0.5689733 0.001051184         1    0.40   0.02      0.58
972  0.00390625 0.5689733 0.001051184         1    0.40   0.02      0.58
973  1.00000000 0.5689733 0.001051184         1    0.40   0.02      0.58
974  0.01562500 0.5689733 0.001051184         1    0.40   0.02      0.58
975  1.00000000 0.5689733 0.001051184         1    0.40   0.02      0.58
976  0.00390625 0.5689733 0.001051184         1    0.40   0.02      0.58
977  0.00390625 0.5689733 0.001051184         1    0.40   0.02      0.58
978  1.00000000 0.5689733 0.001051184         1    0.40   0.02      0.58
979  1.00000000 0.5689733 0.001051184         1    0.40   0.02      0.58
980  1.00000000 0.5689733 0.001051184         1    0.40   0.02      0.58
981  1.00000000 0.5689733 0.001051184         1    0.40   0.02      0.58
982  0.03906250 0.5689733 0.001051184         1    0.40   0.02      0.58
983  0.00000000 0.5689733 0.001051184         1    0.40   0.02      0.58
984  0.01171875 0.5689733 0.001051184         1    0.40   0.02      0.58
985  1.00000000 0.5689733 0.001051184         1    0.40   0.02      0.58
986  1.00000000 0.5689733 0.001051184         1    0.40   0.02      0.58
987  0.00000000 0.5689733 0.001051184         1    0.40   0.02      0.58
988  1.00000000 0.5689733 0.001051184         1    0.40   0.02      0.58
989  1.00000000 0.5689733 0.001051184         1    0.40   0.02      0.58
990  0.01562500 0.5689733 0.001051184         1    0.40   0.02      0.58
991  1.00000000 0.5689733 0.001051184         1    0.40   0.02      0.58
992  1.00000000 0.5689733 0.001051184         1    0.40   0.02      0.58
993  1.00000000 0.5689733 0.001051184         1    0.40   0.02      0.58
994  0.00781250 0.5689733 0.001051184         1    0.40   0.02      0.58
995  0.00390625 0.5689733 0.001051184         1    0.40   0.02      0.58
996  0.00000000 0.5689733 0.001051184         1    0.40   0.02      0.58
997  1.00000000 0.5689733 0.001051184         1    0.40   0.02      0.58
998  1.00000000 0.5689733 0.001051184         1    0.40   0.02      0.58
999  1.00000000 0.5689733 0.001051184         1    0.40   0.02      0.58
1000 1.00000000 0.5689733 0.001051184         1    0.40   0.02      0.58
