   prop.aneu  prob.meio   prob.mito euploid mosaic aneuploid num.cell num.chr
1  0.6950000 0.46137143 0.080145210    0.13   0.36      0.51      200       1
2  0.6851172 0.31237876 0.110409787    0.20   0.33      0.47      200       1
3  0.7770312 0.34496175 0.123806403    0.09   0.38      0.53      200       1
4  0.6909375 0.28574593 0.102558457    0.15   0.37      0.48      200       1
5  0.4699219 0.40452387 0.015733303    0.44   0.16      0.40      200       1
6  0.6120703 0.57310830 0.025247851    0.34   0.13      0.53      200       1
7  0.5680078 0.53985440 0.009447597    0.39   0.07      0.54      200       1
8  0.6926562 0.28980537 0.104709200    0.13   0.34      0.53      200       1
9  0.3865625 0.17990907 0.036579969    0.55   0.20      0.25      200       1
10 0.6932422 0.48009105 0.047867209    0.17   0.24      0.59      200       1
11 0.7063672 0.55769654 0.051345265    0.26   0.13      0.61      200       1
12 0.5958203 0.30968894 0.057549807    0.27   0.29      0.44      200       1
13 0.6604688 0.18035140 0.102157525    0.19   0.37      0.44      200       1
14 0.4127734 0.26597531 0.013906527    0.52   0.13      0.35      200       1
15 0.4871484 0.47680074 0.005086979    0.51   0.02      0.47      200       1
16 0.2664063 0.23919693 0.009385976    0.69   0.09      0.22      200       1
17 0.6298047 0.26559460 0.088400408    0.24   0.37      0.39      200       1
18 0.8160156 0.29880306 0.155970819    0.06   0.40      0.54      200       1
19 0.7043359 0.39292070 0.080559103    0.17   0.32      0.51      200       1
20 0.6331250 0.48473185 0.043333585    0.27   0.20      0.53      200       1
21 0.5501953 0.29860431 0.046887311    0.29   0.31      0.40      200       1
22 0.5253125 0.47734280 0.002985196    0.47   0.02      0.51      200       1
23 0.3856641 0.21302171 0.026127068    0.53   0.20      0.27      200       1
24 0.8279688 0.46650513 0.149872052    0.09   0.36      0.55      200       1
25 0.4107422 0.20235667 0.037391916    0.44   0.29      0.27      200       1
26 0.7246875 0.61928821 0.039701504    0.19   0.17      0.64      200       1
27 0.7700000 0.21160646 0.138171095    0.09   0.39      0.52      200       1
28 0.7859766 0.26543476 0.140972745    0.09   0.35      0.56      200       1
29 0.7692969 0.42043718 0.120767857    0.11   0.32      0.57      200       1
30 0.7197266 0.05197821 0.135847366    0.14   0.38      0.48      200       1
31 0.5635938 0.34538846 0.041931663    0.36   0.20      0.44      200       1
32 0.7381250 0.17871262 0.125294859    0.14   0.37      0.49      200       1
33 0.7595703 0.48345351 0.057221220    0.18   0.19      0.63      200       1
34 0.7003125 0.42155525 0.087277728    0.19   0.32      0.49      200       1
35 0.5067578 0.18794689 0.052135748    0.30   0.34      0.36      200       1
36 0.4097266 0.22735259 0.037050581    0.43   0.32      0.25      200       1
37 0.5970313 0.38521348 0.052217198    0.26   0.26      0.48      200       1
38 0.5222656 0.30939537 0.047644686    0.43   0.21      0.36      200       1
39 0.7326563 0.58083471 0.037399237    0.23   0.12      0.65      200       1
40 0.7811328 0.19006673 0.145539054    0.11   0.32      0.57      200       1
41 0.7073047 0.43970600 0.070369233    0.16   0.32      0.52      200       1
42 0.6526563 0.58841123 0.051003316    0.26   0.18      0.56      200       1
43 0.7250391 0.46192465 0.096248854    0.17   0.34      0.49      200       1
44 0.4082812 0.23343977 0.028840235    0.55   0.18      0.27      200       1
45 0.6845703 0.61948986 0.032499298    0.19   0.18      0.63      200       1
46 0.7601172 0.27517629 0.130878609    0.13   0.40      0.47      200       1
47 0.5833594 0.43177760 0.031444963    0.34   0.17      0.49      200       1
48 0.8744531 0.34492424 0.202303587    0.06   0.30      0.64      200       1
49 0.5337109 0.43692781 0.033795719    0.33   0.23      0.44      200       1
50 0.6074609 0.55783783 0.018124883    0.31   0.12      0.57      200       1
   dispersal concordance
1          0           0
2          0           0
3          0           0
4          0           0
5          0           0
6          0           0
7          0           0
8          0           0
9          0           0
10         0           0
11         0           0
12         0           0
13         0           0
14         0           0
15         0           0
16         0           0
17         0           0
18         0           0
19         0           0
20         0           0
21         0           0
22         0           0
23         0           0
24         0           0
25         0           0
26         0           0
27         0           0
28         0           0
29         0           0
30         0           0
31         0           0
32         0           0
33         0           0
34         0           0
35         0           0
36         0           0
37         0           0
38         0           0
39         0           0
40         0           0
41         0           0
42         0           0
43         0           0
44         0           0
45         0           0
46         0           0
47         0           0
48         0           0
49         0           0
50         0           0
