      prop.aneu prob.meio  prob.mito dispersal euploid mosaic aneuploid
1    1.00000000 0.5359259 0.02172292         0    0.26   0.16      0.58
2    1.00000000 0.5359259 0.02172292         0    0.26   0.16      0.58
3    0.56640625 0.5359259 0.02172292         0    0.26   0.16      0.58
4    1.00000000 0.5359259 0.02172292         0    0.26   0.16      0.58
5    1.00000000 0.5359259 0.02172292         0    0.26   0.16      0.58
6    1.00000000 0.5359259 0.02172292         0    0.26   0.16      0.58
7    0.11718750 0.5359259 0.02172292         0    0.26   0.16      0.58
8    0.13671875 0.5359259 0.02172292         0    0.26   0.16      0.58
9    0.16796875 0.5359259 0.02172292         0    0.26   0.16      0.58
10   1.00000000 0.5359259 0.02172292         0    0.26   0.16      0.58
11   0.20312500 0.5359259 0.02172292         0    0.26   0.16      0.58
12   0.16796875 0.5359259 0.02172292         0    0.26   0.16      0.58
13   1.00000000 0.5359259 0.02172292         0    0.26   0.16      0.58
14   1.00000000 0.5359259 0.02172292         0    0.26   0.16      0.58
15   1.00000000 0.5359259 0.02172292         0    0.26   0.16      0.58
16   0.08593750 0.5359259 0.02172292         0    0.26   0.16      0.58
17   0.29687500 0.5359259 0.02172292         0    0.26   0.16      0.58
18   0.76171875 0.5359259 0.02172292         0    0.26   0.16      0.58
19   0.23437500 0.5359259 0.02172292         0    0.26   0.16      0.58
20   1.00000000 0.5359259 0.02172292         0    0.26   0.16      0.58
21   1.00000000 0.5359259 0.02172292         0    0.26   0.16      0.58
22   0.05468750 0.5359259 0.02172292         0    0.26   0.16      0.58
23   1.00000000 0.5359259 0.02172292         0    0.26   0.16      0.58
24   1.00000000 0.5359259 0.02172292         0    0.26   0.16      0.58
25   0.10156250 0.5359259 0.02172292         0    0.26   0.16      0.58
26   0.03515625 0.5359259 0.02172292         0    0.26   0.16      0.58
27   1.00000000 0.5359259 0.02172292         0    0.26   0.16      0.58
28   1.00000000 0.5359259 0.02172292         0    0.26   0.16      0.58
29   1.00000000 0.5359259 0.02172292         0    0.26   0.16      0.58
30   0.09765625 0.5359259 0.02172292         0    0.26   0.16      0.58
31   0.12890625 0.5359259 0.02172292         0    0.26   0.16      0.58
32   0.06640625 0.5359259 0.02172292         0    0.26   0.16      0.58
33   1.00000000 0.5359259 0.02172292         0    0.26   0.16      0.58
34   1.00000000 0.5359259 0.02172292         0    0.26   0.16      0.58
35   1.00000000 0.5359259 0.02172292         0    0.26   0.16      0.58
36   0.64062500 0.5359259 0.02172292         0    0.26   0.16      0.58
37   1.00000000 0.5359259 0.02172292         0    0.26   0.16      0.58
38   0.16796875 0.5359259 0.02172292         0    0.26   0.16      0.58
39   1.00000000 0.5359259 0.02172292         0    0.26   0.16      0.58
40   0.32421875 0.5359259 0.02172292         0    0.26   0.16      0.58
41   0.06640625 0.5359259 0.02172292         0    0.26   0.16      0.58
42   1.00000000 0.5359259 0.02172292         0    0.26   0.16      0.58
43   1.00000000 0.5359259 0.02172292         0    0.26   0.16      0.58
44   1.00000000 0.5359259 0.02172292         0    0.26   0.16      0.58
45   1.00000000 0.5359259 0.02172292         0    0.26   0.16      0.58
46   1.00000000 0.5359259 0.02172292         0    0.26   0.16      0.58
47   1.00000000 0.5359259 0.02172292         0    0.26   0.16      0.58
48   0.12109375 0.5359259 0.02172292         0    0.26   0.16      0.58
49   1.00000000 0.5359259 0.02172292         0    0.26   0.16      0.58
50   1.00000000 0.5359259 0.02172292         0    0.26   0.16      0.58
51   1.00000000 0.5359259 0.02172292         0    0.26   0.16      0.58
52   0.08593750 0.5359259 0.02172292         0    0.26   0.16      0.58
53   0.13281250 0.5359259 0.02172292         0    0.26   0.16      0.58
54   1.00000000 0.5359259 0.02172292         0    0.26   0.16      0.58
55   1.00000000 0.5359259 0.02172292         0    0.26   0.16      0.58
56   0.14843750 0.5359259 0.02172292         0    0.26   0.16      0.58
57   1.00000000 0.5359259 0.02172292         0    0.26   0.16      0.58
58   0.08984375 0.5359259 0.02172292         0    0.26   0.16      0.58
59   0.08593750 0.5359259 0.02172292         0    0.26   0.16      0.58
60   1.00000000 0.5359259 0.02172292         0    0.26   0.16      0.58
61   1.00000000 0.5359259 0.02172292         0    0.26   0.16      0.58
62   0.30078125 0.5359259 0.02172292         0    0.26   0.16      0.58
63   1.00000000 0.5359259 0.02172292         0    0.26   0.16      0.58
64   0.26953125 0.5359259 0.02172292         0    0.26   0.16      0.58
65   0.13281250 0.5359259 0.02172292         0    0.26   0.16      0.58
66   1.00000000 0.5359259 0.02172292         0    0.26   0.16      0.58
67   1.00000000 0.5359259 0.02172292         0    0.26   0.16      0.58
68   0.09765625 0.5359259 0.02172292         0    0.26   0.16      0.58
69   1.00000000 0.5359259 0.02172292         0    0.26   0.16      0.58
70   0.57421875 0.5359259 0.02172292         0    0.26   0.16      0.58
71   0.38671875 0.5359259 0.02172292         0    0.26   0.16      0.58
72   0.23437500 0.5359259 0.02172292         0    0.26   0.16      0.58
73   1.00000000 0.5359259 0.02172292         0    0.26   0.16      0.58
74   1.00000000 0.5359259 0.02172292         0    0.26   0.16      0.58
75   1.00000000 0.5359259 0.02172292         0    0.26   0.16      0.58
76   0.12109375 0.5359259 0.02172292         0    0.26   0.16      0.58
77   0.50781250 0.5359259 0.02172292         0    0.26   0.16      0.58
78   0.09375000 0.5359259 0.02172292         0    0.26   0.16      0.58
79   1.00000000 0.5359259 0.02172292         0    0.26   0.16      0.58
80   1.00000000 0.5359259 0.02172292         0    0.26   0.16      0.58
81   1.00000000 0.5359259 0.02172292         0    0.26   0.16      0.58
82   1.00000000 0.5359259 0.02172292         0    0.26   0.16      0.58
83   1.00000000 0.5359259 0.02172292         0    0.26   0.16      0.58
84   0.18359375 0.5359259 0.02172292         0    0.26   0.16      0.58
85   0.10546875 0.5359259 0.02172292         0    0.26   0.16      0.58
86   0.13281250 0.5359259 0.02172292         0    0.26   0.16      0.58
87   1.00000000 0.5359259 0.02172292         0    0.26   0.16      0.58
88   0.11328125 0.5359259 0.02172292         0    0.26   0.16      0.58
89   0.34375000 0.5359259 0.02172292         0    0.26   0.16      0.58
90   0.04687500 0.5359259 0.02172292         0    0.26   0.16      0.58
91   1.00000000 0.5359259 0.02172292         0    0.26   0.16      0.58
92   1.00000000 0.5359259 0.02172292         0    0.26   0.16      0.58
93   0.11718750 0.5359259 0.02172292         0    0.26   0.16      0.58
94   0.13281250 0.5359259 0.02172292         0    0.26   0.16      0.58
95   1.00000000 0.5359259 0.02172292         0    0.26   0.16      0.58
96   0.28125000 0.5359259 0.02172292         0    0.26   0.16      0.58
97   1.00000000 0.5359259 0.02172292         0    0.26   0.16      0.58
98   1.00000000 0.5359259 0.02172292         0    0.26   0.16      0.58
99   1.00000000 0.5359259 0.02172292         0    0.26   0.16      0.58
100  1.00000000 0.5359259 0.02172292         0    0.26   0.16      0.58
101  1.00000000 0.5347516 0.04797241         0    0.20   0.18      0.62
102  1.00000000 0.5347516 0.04797241         0    0.20   0.18      0.62
103  0.32421875 0.5347516 0.04797241         0    0.20   0.18      0.62
104  0.23046875 0.5347516 0.04797241         0    0.20   0.18      0.62
105  1.00000000 0.5347516 0.04797241         0    0.20   0.18      0.62
106  0.30078125 0.5347516 0.04797241         0    0.20   0.18      0.62
107  1.00000000 0.5347516 0.04797241         0    0.20   0.18      0.62
108  0.29296875 0.5347516 0.04797241         0    0.20   0.18      0.62
109  0.22265625 0.5347516 0.04797241         0    0.20   0.18      0.62
110  0.37890625 0.5347516 0.04797241         0    0.20   0.18      0.62
111  0.36328125 0.5347516 0.04797241         0    0.20   0.18      0.62
112  1.00000000 0.5347516 0.04797241         0    0.20   0.18      0.62
113  1.00000000 0.5347516 0.04797241         0    0.20   0.18      0.62
114  1.00000000 0.5347516 0.04797241         0    0.20   0.18      0.62
115  1.00000000 0.5347516 0.04797241         0    0.20   0.18      0.62
116  0.51562500 0.5347516 0.04797241         0    0.20   0.18      0.62
117  1.00000000 0.5347516 0.04797241         0    0.20   0.18      0.62
118  1.00000000 0.5347516 0.04797241         0    0.20   0.18      0.62
119  1.00000000 0.5347516 0.04797241         0    0.20   0.18      0.62
120  0.41406250 0.5347516 0.04797241         0    0.20   0.18      0.62
121  1.00000000 0.5347516 0.04797241         0    0.20   0.18      0.62
122  1.00000000 0.5347516 0.04797241         0    0.20   0.18      0.62
123  1.00000000 0.5347516 0.04797241         0    0.20   0.18      0.62
124  1.00000000 0.5347516 0.04797241         0    0.20   0.18      0.62
125  0.26953125 0.5347516 0.04797241         0    0.20   0.18      0.62
126  1.00000000 0.5347516 0.04797241         0    0.20   0.18      0.62
127  1.00000000 0.5347516 0.04797241         0    0.20   0.18      0.62
128  1.00000000 0.5347516 0.04797241         0    0.20   0.18      0.62
129  0.12500000 0.5347516 0.04797241         0    0.20   0.18      0.62
130  1.00000000 0.5347516 0.04797241         0    0.20   0.18      0.62
131  1.00000000 0.5347516 0.04797241         0    0.20   0.18      0.62
132  1.00000000 0.5347516 0.04797241         0    0.20   0.18      0.62
133  0.20312500 0.5347516 0.04797241         0    0.20   0.18      0.62
134  1.00000000 0.5347516 0.04797241         0    0.20   0.18      0.62
135  0.28515625 0.5347516 0.04797241         0    0.20   0.18      0.62
136  0.68359375 0.5347516 0.04797241         0    0.20   0.18      0.62
137  0.35546875 0.5347516 0.04797241         0    0.20   0.18      0.62
138  0.30468750 0.5347516 0.04797241         0    0.20   0.18      0.62
139  0.39062500 0.5347516 0.04797241         0    0.20   0.18      0.62
140  1.00000000 0.5347516 0.04797241         0    0.20   0.18      0.62
141  1.00000000 0.5347516 0.04797241         0    0.20   0.18      0.62
142  1.00000000 0.5347516 0.04797241         0    0.20   0.18      0.62
143  1.00000000 0.5347516 0.04797241         0    0.20   0.18      0.62
144  1.00000000 0.5347516 0.04797241         0    0.20   0.18      0.62
145  0.21093750 0.5347516 0.04797241         0    0.20   0.18      0.62
146  0.78906250 0.5347516 0.04797241         0    0.20   0.18      0.62
147  0.36718750 0.5347516 0.04797241         0    0.20   0.18      0.62
148  1.00000000 0.5347516 0.04797241         0    0.20   0.18      0.62
149  0.28515625 0.5347516 0.04797241         0    0.20   0.18      0.62
150  1.00000000 0.5347516 0.04797241         0    0.20   0.18      0.62
151  1.00000000 0.5347516 0.04797241         0    0.20   0.18      0.62
152  1.00000000 0.5347516 0.04797241         0    0.20   0.18      0.62
153  1.00000000 0.5347516 0.04797241         0    0.20   0.18      0.62
154  1.00000000 0.5347516 0.04797241         0    0.20   0.18      0.62
155  0.11328125 0.5347516 0.04797241         0    0.20   0.18      0.62
156  1.00000000 0.5347516 0.04797241         0    0.20   0.18      0.62
157  0.60156250 0.5347516 0.04797241         0    0.20   0.18      0.62
158  1.00000000 0.5347516 0.04797241         0    0.20   0.18      0.62
159  0.33203125 0.5347516 0.04797241         0    0.20   0.18      0.62
160  1.00000000 0.5347516 0.04797241         0    0.20   0.18      0.62
161  1.00000000 0.5347516 0.04797241         0    0.20   0.18      0.62
162  0.42187500 0.5347516 0.04797241         0    0.20   0.18      0.62
163  1.00000000 0.5347516 0.04797241         0    0.20   0.18      0.62
164  0.31250000 0.5347516 0.04797241         0    0.20   0.18      0.62
165  1.00000000 0.5347516 0.04797241         0    0.20   0.18      0.62
166  0.42187500 0.5347516 0.04797241         0    0.20   0.18      0.62
167  1.00000000 0.5347516 0.04797241         0    0.20   0.18      0.62
168  1.00000000 0.5347516 0.04797241         0    0.20   0.18      0.62
169  0.26953125 0.5347516 0.04797241         0    0.20   0.18      0.62
170  0.26953125 0.5347516 0.04797241         0    0.20   0.18      0.62
171  0.22656250 0.5347516 0.04797241         0    0.20   0.18      0.62
172  1.00000000 0.5347516 0.04797241         0    0.20   0.18      0.62
173  1.00000000 0.5347516 0.04797241         0    0.20   0.18      0.62
174  0.16796875 0.5347516 0.04797241         0    0.20   0.18      0.62
175  1.00000000 0.5347516 0.04797241         0    0.20   0.18      0.62
176  1.00000000 0.5347516 0.04797241         0    0.20   0.18      0.62
177  1.00000000 0.5347516 0.04797241         0    0.20   0.18      0.62
178  1.00000000 0.5347516 0.04797241         0    0.20   0.18      0.62
179  0.40234375 0.5347516 0.04797241         0    0.20   0.18      0.62
180  0.23828125 0.5347516 0.04797241         0    0.20   0.18      0.62
181  0.35937500 0.5347516 0.04797241         0    0.20   0.18      0.62
182  0.57031250 0.5347516 0.04797241         0    0.20   0.18      0.62
183  0.19140625 0.5347516 0.04797241         0    0.20   0.18      0.62
184  0.26171875 0.5347516 0.04797241         0    0.20   0.18      0.62
185  1.00000000 0.5347516 0.04797241         0    0.20   0.18      0.62
186  0.31250000 0.5347516 0.04797241         0    0.20   0.18      0.62
187  1.00000000 0.5347516 0.04797241         0    0.20   0.18      0.62
188  0.32031250 0.5347516 0.04797241         0    0.20   0.18      0.62
189  1.00000000 0.5347516 0.04797241         0    0.20   0.18      0.62
190  0.23046875 0.5347516 0.04797241         0    0.20   0.18      0.62
191  1.00000000 0.5347516 0.04797241         0    0.20   0.18      0.62
192  1.00000000 0.5347516 0.04797241         0    0.20   0.18      0.62
193  1.00000000 0.5347516 0.04797241         0    0.20   0.18      0.62
194  1.00000000 0.5347516 0.04797241         0    0.20   0.18      0.62
195  1.00000000 0.5347516 0.04797241         0    0.20   0.18      0.62
196  1.00000000 0.5347516 0.04797241         0    0.20   0.18      0.62
197  1.00000000 0.5347516 0.04797241         0    0.20   0.18      0.62
198  0.30078125 0.5347516 0.04797241         0    0.20   0.18      0.62
199  1.00000000 0.5347516 0.04797241         0    0.20   0.18      0.62
200  1.00000000 0.5347516 0.04797241         0    0.20   0.18      0.62
201  1.00000000 0.5632209 0.03540393         0    0.21   0.18      0.61
202  0.36328125 0.5632209 0.03540393         0    0.21   0.18      0.61
203  1.00000000 0.5632209 0.03540393         0    0.21   0.18      0.61
204  1.00000000 0.5632209 0.03540393         0    0.21   0.18      0.61
205  0.23437500 0.5632209 0.03540393         0    0.21   0.18      0.61
206  1.00000000 0.5632209 0.03540393         0    0.21   0.18      0.61
207  1.00000000 0.5632209 0.03540393         0    0.21   0.18      0.61
208  1.00000000 0.5632209 0.03540393         0    0.21   0.18      0.61
209  0.23437500 0.5632209 0.03540393         0    0.21   0.18      0.61
210  1.00000000 0.5632209 0.03540393         0    0.21   0.18      0.61
211  1.00000000 0.5632209 0.03540393         0    0.21   0.18      0.61
212  1.00000000 0.5632209 0.03540393         0    0.21   0.18      0.61
213  0.19531250 0.5632209 0.03540393         0    0.21   0.18      0.61
214  1.00000000 0.5632209 0.03540393         0    0.21   0.18      0.61
215  0.51171875 0.5632209 0.03540393         0    0.21   0.18      0.61
216  0.31640625 0.5632209 0.03540393         0    0.21   0.18      0.61
217  0.41015625 0.5632209 0.03540393         0    0.21   0.18      0.61
218  1.00000000 0.5632209 0.03540393         0    0.21   0.18      0.61
219  0.20703125 0.5632209 0.03540393         0    0.21   0.18      0.61
220  1.00000000 0.5632209 0.03540393         0    0.21   0.18      0.61
221  0.56250000 0.5632209 0.03540393         0    0.21   0.18      0.61
222  0.10546875 0.5632209 0.03540393         0    0.21   0.18      0.61
223  1.00000000 0.5632209 0.03540393         0    0.21   0.18      0.61
224  1.00000000 0.5632209 0.03540393         0    0.21   0.18      0.61
225  0.38671875 0.5632209 0.03540393         0    0.21   0.18      0.61
226  1.00000000 0.5632209 0.03540393         0    0.21   0.18      0.61
227  0.21875000 0.5632209 0.03540393         0    0.21   0.18      0.61
228  0.25781250 0.5632209 0.03540393         0    0.21   0.18      0.61
229  1.00000000 0.5632209 0.03540393         0    0.21   0.18      0.61
230  0.33203125 0.5632209 0.03540393         0    0.21   0.18      0.61
231  0.53906250 0.5632209 0.03540393         0    0.21   0.18      0.61
232  1.00000000 0.5632209 0.03540393         0    0.21   0.18      0.61
233  1.00000000 0.5632209 0.03540393         0    0.21   0.18      0.61
234  1.00000000 0.5632209 0.03540393         0    0.21   0.18      0.61
235  0.38281250 0.5632209 0.03540393         0    0.21   0.18      0.61
236  0.11328125 0.5632209 0.03540393         0    0.21   0.18      0.61
237  0.16015625 0.5632209 0.03540393         0    0.21   0.18      0.61
238  0.29687500 0.5632209 0.03540393         0    0.21   0.18      0.61
239  1.00000000 0.5632209 0.03540393         0    0.21   0.18      0.61
240  1.00000000 0.5632209 0.03540393         0    0.21   0.18      0.61
241  0.17968750 0.5632209 0.03540393         0    0.21   0.18      0.61
242  1.00000000 0.5632209 0.03540393         0    0.21   0.18      0.61
243  1.00000000 0.5632209 0.03540393         0    0.21   0.18      0.61
244  0.16406250 0.5632209 0.03540393         0    0.21   0.18      0.61
245  0.06250000 0.5632209 0.03540393         0    0.21   0.18      0.61
246  1.00000000 0.5632209 0.03540393         0    0.21   0.18      0.61
247  1.00000000 0.5632209 0.03540393         0    0.21   0.18      0.61
248  0.30468750 0.5632209 0.03540393         0    0.21   0.18      0.61
249  1.00000000 0.5632209 0.03540393         0    0.21   0.18      0.61
250  0.14453125 0.5632209 0.03540393         0    0.21   0.18      0.61
251  1.00000000 0.5632209 0.03540393         0    0.21   0.18      0.61
252  1.00000000 0.5632209 0.03540393         0    0.21   0.18      0.61
253  1.00000000 0.5632209 0.03540393         0    0.21   0.18      0.61
254  1.00000000 0.5632209 0.03540393         0    0.21   0.18      0.61
255  0.37500000 0.5632209 0.03540393         0    0.21   0.18      0.61
256  1.00000000 0.5632209 0.03540393         0    0.21   0.18      0.61
257  1.00000000 0.5632209 0.03540393         0    0.21   0.18      0.61
258  0.14843750 0.5632209 0.03540393         0    0.21   0.18      0.61
259  1.00000000 0.5632209 0.03540393         0    0.21   0.18      0.61
260  1.00000000 0.5632209 0.03540393         0    0.21   0.18      0.61
261  1.00000000 0.5632209 0.03540393         0    0.21   0.18      0.61
262  1.00000000 0.5632209 0.03540393         0    0.21   0.18      0.61
263  0.21484375 0.5632209 0.03540393         0    0.21   0.18      0.61
264  1.00000000 0.5632209 0.03540393         0    0.21   0.18      0.61
265  1.00000000 0.5632209 0.03540393         0    0.21   0.18      0.61
266  0.30078125 0.5632209 0.03540393         0    0.21   0.18      0.61
267  1.00000000 0.5632209 0.03540393         0    0.21   0.18      0.61
268  0.42187500 0.5632209 0.03540393         0    0.21   0.18      0.61
269  1.00000000 0.5632209 0.03540393         0    0.21   0.18      0.61
270  0.12500000 0.5632209 0.03540393         0    0.21   0.18      0.61
271  1.00000000 0.5632209 0.03540393         0    0.21   0.18      0.61
272  1.00000000 0.5632209 0.03540393         0    0.21   0.18      0.61
273  1.00000000 0.5632209 0.03540393         0    0.21   0.18      0.61
274  0.21484375 0.5632209 0.03540393         0    0.21   0.18      0.61
275  1.00000000 0.5632209 0.03540393         0    0.21   0.18      0.61
276  1.00000000 0.5632209 0.03540393         0    0.21   0.18      0.61
277  1.00000000 0.5632209 0.03540393         0    0.21   0.18      0.61
278  0.23437500 0.5632209 0.03540393         0    0.21   0.18      0.61
279  1.00000000 0.5632209 0.03540393         0    0.21   0.18      0.61
280  1.00000000 0.5632209 0.03540393         0    0.21   0.18      0.61
281  0.11718750 0.5632209 0.03540393         0    0.21   0.18      0.61
282  1.00000000 0.5632209 0.03540393         0    0.21   0.18      0.61
283  0.19921875 0.5632209 0.03540393         0    0.21   0.18      0.61
284  0.15625000 0.5632209 0.03540393         0    0.21   0.18      0.61
285  1.00000000 0.5632209 0.03540393         0    0.21   0.18      0.61
286  1.00000000 0.5632209 0.03540393         0    0.21   0.18      0.61
287  1.00000000 0.5632209 0.03540393         0    0.21   0.18      0.61
288  0.16406250 0.5632209 0.03540393         0    0.21   0.18      0.61
289  1.00000000 0.5632209 0.03540393         0    0.21   0.18      0.61
290  0.05859375 0.5632209 0.03540393         0    0.21   0.18      0.61
291  1.00000000 0.5632209 0.03540393         0    0.21   0.18      0.61
292  0.37500000 0.5632209 0.03540393         0    0.21   0.18      0.61
293  0.21875000 0.5632209 0.03540393         0    0.21   0.18      0.61
294  1.00000000 0.5632209 0.03540393         0    0.21   0.18      0.61
295  1.00000000 0.5632209 0.03540393         0    0.21   0.18      0.61
296  1.00000000 0.5632209 0.03540393         0    0.21   0.18      0.61
297  1.00000000 0.5632209 0.03540393         0    0.21   0.18      0.61
298  0.22265625 0.5632209 0.03540393         0    0.21   0.18      0.61
299  1.00000000 0.5632209 0.03540393         0    0.21   0.18      0.61
300  0.27734375 0.5632209 0.03540393         0    0.21   0.18      0.61
301  1.00000000 0.5394739 0.04430766         0    0.22   0.21      0.57
302  1.00000000 0.5394739 0.04430766         0    0.22   0.21      0.57
303  0.64843750 0.5394739 0.04430766         0    0.22   0.21      0.57
304  0.17968750 0.5394739 0.04430766         0    0.22   0.21      0.57
305  0.14062500 0.5394739 0.04430766         0    0.22   0.21      0.57
306  0.28125000 0.5394739 0.04430766         0    0.22   0.21      0.57
307  1.00000000 0.5394739 0.04430766         0    0.22   0.21      0.57
308  1.00000000 0.5394739 0.04430766         0    0.22   0.21      0.57
309  1.00000000 0.5394739 0.04430766         0    0.22   0.21      0.57
310  0.18750000 0.5394739 0.04430766         0    0.22   0.21      0.57
311  1.00000000 0.5394739 0.04430766         0    0.22   0.21      0.57
312  1.00000000 0.5394739 0.04430766         0    0.22   0.21      0.57
313  0.17968750 0.5394739 0.04430766         0    0.22   0.21      0.57
314  0.22656250 0.5394739 0.04430766         0    0.22   0.21      0.57
315  1.00000000 0.5394739 0.04430766         0    0.22   0.21      0.57
316  1.00000000 0.5394739 0.04430766         0    0.22   0.21      0.57
317  1.00000000 0.5394739 0.04430766         0    0.22   0.21      0.57
318  1.00000000 0.5394739 0.04430766         0    0.22   0.21      0.57
319  1.00000000 0.5394739 0.04430766         0    0.22   0.21      0.57
320  0.19140625 0.5394739 0.04430766         0    0.22   0.21      0.57
321  0.17187500 0.5394739 0.04430766         0    0.22   0.21      0.57
322  1.00000000 0.5394739 0.04430766         0    0.22   0.21      0.57
323  0.58203125 0.5394739 0.04430766         0    0.22   0.21      0.57
324  0.18359375 0.5394739 0.04430766         0    0.22   0.21      0.57
325  1.00000000 0.5394739 0.04430766         0    0.22   0.21      0.57
326  1.00000000 0.5394739 0.04430766         0    0.22   0.21      0.57
327  0.21093750 0.5394739 0.04430766         0    0.22   0.21      0.57
328  1.00000000 0.5394739 0.04430766         0    0.22   0.21      0.57
329  0.54296875 0.5394739 0.04430766         0    0.22   0.21      0.57
330  0.32031250 0.5394739 0.04430766         0    0.22   0.21      0.57
331  1.00000000 0.5394739 0.04430766         0    0.22   0.21      0.57
332  0.35156250 0.5394739 0.04430766         0    0.22   0.21      0.57
333  0.57421875 0.5394739 0.04430766         0    0.22   0.21      0.57
334  1.00000000 0.5394739 0.04430766         0    0.22   0.21      0.57
335  0.21484375 0.5394739 0.04430766         0    0.22   0.21      0.57
336  1.00000000 0.5394739 0.04430766         0    0.22   0.21      0.57
337  0.67187500 0.5394739 0.04430766         0    0.22   0.21      0.57
338  1.00000000 0.5394739 0.04430766         0    0.22   0.21      0.57
339  1.00000000 0.5394739 0.04430766         0    0.22   0.21      0.57
340  0.28515625 0.5394739 0.04430766         0    0.22   0.21      0.57
341  0.32812500 0.5394739 0.04430766         0    0.22   0.21      0.57
342  0.14843750 0.5394739 0.04430766         0    0.22   0.21      0.57
343  0.26562500 0.5394739 0.04430766         0    0.22   0.21      0.57
344  1.00000000 0.5394739 0.04430766         0    0.22   0.21      0.57
345  0.24218750 0.5394739 0.04430766         0    0.22   0.21      0.57
346  1.00000000 0.5394739 0.04430766         0    0.22   0.21      0.57
347  1.00000000 0.5394739 0.04430766         0    0.22   0.21      0.57
348  0.55468750 0.5394739 0.04430766         0    0.22   0.21      0.57
349  1.00000000 0.5394739 0.04430766         0    0.22   0.21      0.57
350  1.00000000 0.5394739 0.04430766         0    0.22   0.21      0.57
351  1.00000000 0.5394739 0.04430766         0    0.22   0.21      0.57
352  1.00000000 0.5394739 0.04430766         0    0.22   0.21      0.57
353  1.00000000 0.5394739 0.04430766         0    0.22   0.21      0.57
354  1.00000000 0.5394739 0.04430766         0    0.22   0.21      0.57
355  1.00000000 0.5394739 0.04430766         0    0.22   0.21      0.57
356  1.00000000 0.5394739 0.04430766         0    0.22   0.21      0.57
357  0.17578125 0.5394739 0.04430766         0    0.22   0.21      0.57
358  1.00000000 0.5394739 0.04430766         0    0.22   0.21      0.57
359  0.12890625 0.5394739 0.04430766         0    0.22   0.21      0.57
360  1.00000000 0.5394739 0.04430766         0    0.22   0.21      0.57
361  1.00000000 0.5394739 0.04430766         0    0.22   0.21      0.57
362  0.17968750 0.5394739 0.04430766         0    0.22   0.21      0.57
363  1.00000000 0.5394739 0.04430766         0    0.22   0.21      0.57
364  1.00000000 0.5394739 0.04430766         0    0.22   0.21      0.57
365  1.00000000 0.5394739 0.04430766         0    0.22   0.21      0.57
366  1.00000000 0.5394739 0.04430766         0    0.22   0.21      0.57
367  1.00000000 0.5394739 0.04430766         0    0.22   0.21      0.57
368  0.27343750 0.5394739 0.04430766         0    0.22   0.21      0.57
369  1.00000000 0.5394739 0.04430766         0    0.22   0.21      0.57
370  1.00000000 0.5394739 0.04430766         0    0.22   0.21      0.57
371  0.25781250 0.5394739 0.04430766         0    0.22   0.21      0.57
372  0.32421875 0.5394739 0.04430766         0    0.22   0.21      0.57
373  0.48046875 0.5394739 0.04430766         0    0.22   0.21      0.57
374  0.48437500 0.5394739 0.04430766         0    0.22   0.21      0.57
375  1.00000000 0.5394739 0.04430766         0    0.22   0.21      0.57
376  1.00000000 0.5394739 0.04430766         0    0.22   0.21      0.57
377  1.00000000 0.5394739 0.04430766         0    0.22   0.21      0.57
378  1.00000000 0.5394739 0.04430766         0    0.22   0.21      0.57
379  1.00000000 0.5394739 0.04430766         0    0.22   0.21      0.57
380  0.46484375 0.5394739 0.04430766         0    0.22   0.21      0.57
381  1.00000000 0.5394739 0.04430766         0    0.22   0.21      0.57
382  1.00000000 0.5394739 0.04430766         0    0.22   0.21      0.57
383  0.12890625 0.5394739 0.04430766         0    0.22   0.21      0.57
384  1.00000000 0.5394739 0.04430766         0    0.22   0.21      0.57
385  0.24609375 0.5394739 0.04430766         0    0.22   0.21      0.57
386  0.31250000 0.5394739 0.04430766         0    0.22   0.21      0.57
387  0.16015625 0.5394739 0.04430766         0    0.22   0.21      0.57
388  0.39453125 0.5394739 0.04430766         0    0.22   0.21      0.57
389  0.23437500 0.5394739 0.04430766         0    0.22   0.21      0.57
390  1.00000000 0.5394739 0.04430766         0    0.22   0.21      0.57
391  0.19921875 0.5394739 0.04430766         0    0.22   0.21      0.57
392  0.48046875 0.5394739 0.04430766         0    0.22   0.21      0.57
393  1.00000000 0.5394739 0.04430766         0    0.22   0.21      0.57
394  0.16406250 0.5394739 0.04430766         0    0.22   0.21      0.57
395  1.00000000 0.5394739 0.04430766         0    0.22   0.21      0.57
396  0.39843750 0.5394739 0.04430766         0    0.22   0.21      0.57
397  1.00000000 0.5394739 0.04430766         0    0.22   0.21      0.57
398  1.00000000 0.5394739 0.04430766         0    0.22   0.21      0.57
399  1.00000000 0.5394739 0.04430766         0    0.22   0.21      0.57
400  0.11718750 0.5394739 0.04430766         0    0.22   0.21      0.57
401  1.00000000 0.5929215 0.04569332         0    0.22   0.17      0.61
402  1.00000000 0.5929215 0.04569332         0    0.22   0.17      0.61
403  1.00000000 0.5929215 0.04569332         0    0.22   0.17      0.61
404  0.34375000 0.5929215 0.04569332         0    0.22   0.17      0.61
405  1.00000000 0.5929215 0.04569332         0    0.22   0.17      0.61
406  0.25781250 0.5929215 0.04569332         0    0.22   0.17      0.61
407  1.00000000 0.5929215 0.04569332         0    0.22   0.17      0.61
408  0.24218750 0.5929215 0.04569332         0    0.22   0.17      0.61
409  1.00000000 0.5929215 0.04569332         0    0.22   0.17      0.61
410  1.00000000 0.5929215 0.04569332         0    0.22   0.17      0.61
411  1.00000000 0.5929215 0.04569332         0    0.22   0.17      0.61
412  1.00000000 0.5929215 0.04569332         0    0.22   0.17      0.61
413  0.20703125 0.5929215 0.04569332         0    0.22   0.17      0.61
414  0.32031250 0.5929215 0.04569332         0    0.22   0.17      0.61
415  0.58593750 0.5929215 0.04569332         0    0.22   0.17      0.61
416  0.31250000 0.5929215 0.04569332         0    0.22   0.17      0.61
417  1.00000000 0.5929215 0.04569332         0    0.22   0.17      0.61
418  1.00000000 0.5929215 0.04569332         0    0.22   0.17      0.61
419  0.31250000 0.5929215 0.04569332         0    0.22   0.17      0.61
420  0.21875000 0.5929215 0.04569332         0    0.22   0.17      0.61
421  1.00000000 0.5929215 0.04569332         0    0.22   0.17      0.61
422  0.13671875 0.5929215 0.04569332         0    0.22   0.17      0.61
423  1.00000000 0.5929215 0.04569332         0    0.22   0.17      0.61
424  1.00000000 0.5929215 0.04569332         0    0.22   0.17      0.61
425  1.00000000 0.5929215 0.04569332         0    0.22   0.17      0.61
426  0.16796875 0.5929215 0.04569332         0    0.22   0.17      0.61
427  1.00000000 0.5929215 0.04569332         0    0.22   0.17      0.61
428  1.00000000 0.5929215 0.04569332         0    0.22   0.17      0.61
429  1.00000000 0.5929215 0.04569332         0    0.22   0.17      0.61
430  0.35156250 0.5929215 0.04569332         0    0.22   0.17      0.61
431  0.40234375 0.5929215 0.04569332         0    0.22   0.17      0.61
432  1.00000000 0.5929215 0.04569332         0    0.22   0.17      0.61
433  0.58203125 0.5929215 0.04569332         0    0.22   0.17      0.61
434  0.16406250 0.5929215 0.04569332         0    0.22   0.17      0.61
435  0.29687500 0.5929215 0.04569332         0    0.22   0.17      0.61
436  1.00000000 0.5929215 0.04569332         0    0.22   0.17      0.61
437  1.00000000 0.5929215 0.04569332         0    0.22   0.17      0.61
438  1.00000000 0.5929215 0.04569332         0    0.22   0.17      0.61
439  0.25390625 0.5929215 0.04569332         0    0.22   0.17      0.61
440  0.21875000 0.5929215 0.04569332         0    0.22   0.17      0.61
441  1.00000000 0.5929215 0.04569332         0    0.22   0.17      0.61
442  0.38281250 0.5929215 0.04569332         0    0.22   0.17      0.61
443  0.27734375 0.5929215 0.04569332         0    0.22   0.17      0.61
444  0.20703125 0.5929215 0.04569332         0    0.22   0.17      0.61
445  0.38671875 0.5929215 0.04569332         0    0.22   0.17      0.61
446  1.00000000 0.5929215 0.04569332         0    0.22   0.17      0.61
447  1.00000000 0.5929215 0.04569332         0    0.22   0.17      0.61
448  1.00000000 0.5929215 0.04569332         0    0.22   0.17      0.61
449  1.00000000 0.5929215 0.04569332         0    0.22   0.17      0.61
450  1.00000000 0.5929215 0.04569332         0    0.22   0.17      0.61
451  1.00000000 0.5929215 0.04569332         0    0.22   0.17      0.61
452  0.12500000 0.5929215 0.04569332         0    0.22   0.17      0.61
453  0.25000000 0.5929215 0.04569332         0    0.22   0.17      0.61
454  0.32031250 0.5929215 0.04569332         0    0.22   0.17      0.61
455  0.58984375 0.5929215 0.04569332         0    0.22   0.17      0.61
456  0.58984375 0.5929215 0.04569332         0    0.22   0.17      0.61
457  1.00000000 0.5929215 0.04569332         0    0.22   0.17      0.61
458  0.43359375 0.5929215 0.04569332         0    0.22   0.17      0.61
459  0.20312500 0.5929215 0.04569332         0    0.22   0.17      0.61
460  1.00000000 0.5929215 0.04569332         0    0.22   0.17      0.61
461  0.24218750 0.5929215 0.04569332         0    0.22   0.17      0.61
462  1.00000000 0.5929215 0.04569332         0    0.22   0.17      0.61
463  0.65625000 0.5929215 0.04569332         0    0.22   0.17      0.61
464  0.33593750 0.5929215 0.04569332         0    0.22   0.17      0.61
465  1.00000000 0.5929215 0.04569332         0    0.22   0.17      0.61
466  0.32812500 0.5929215 0.04569332         0    0.22   0.17      0.61
467  1.00000000 0.5929215 0.04569332         0    0.22   0.17      0.61
468  1.00000000 0.5929215 0.04569332         0    0.22   0.17      0.61
469  0.72265625 0.5929215 0.04569332         0    0.22   0.17      0.61
470  0.65234375 0.5929215 0.04569332         0    0.22   0.17      0.61
471  1.00000000 0.5929215 0.04569332         0    0.22   0.17      0.61
472  1.00000000 0.5929215 0.04569332         0    0.22   0.17      0.61
473  1.00000000 0.5929215 0.04569332         0    0.22   0.17      0.61
474  1.00000000 0.5929215 0.04569332         0    0.22   0.17      0.61
475  1.00000000 0.5929215 0.04569332         0    0.22   0.17      0.61
476  1.00000000 0.5929215 0.04569332         0    0.22   0.17      0.61
477  0.13281250 0.5929215 0.04569332         0    0.22   0.17      0.61
478  1.00000000 0.5929215 0.04569332         0    0.22   0.17      0.61
479  1.00000000 0.5929215 0.04569332         0    0.22   0.17      0.61
480  0.37109375 0.5929215 0.04569332         0    0.22   0.17      0.61
481  1.00000000 0.5929215 0.04569332         0    0.22   0.17      0.61
482  0.62109375 0.5929215 0.04569332         0    0.22   0.17      0.61
483  0.32812500 0.5929215 0.04569332         0    0.22   0.17      0.61
484  1.00000000 0.5929215 0.04569332         0    0.22   0.17      0.61
485  0.29687500 0.5929215 0.04569332         0    0.22   0.17      0.61
486  1.00000000 0.5929215 0.04569332         0    0.22   0.17      0.61
487  1.00000000 0.5929215 0.04569332         0    0.22   0.17      0.61
488  1.00000000 0.5929215 0.04569332         0    0.22   0.17      0.61
489  1.00000000 0.5929215 0.04569332         0    0.22   0.17      0.61
490  1.00000000 0.5929215 0.04569332         0    0.22   0.17      0.61
491  0.31640625 0.5929215 0.04569332         0    0.22   0.17      0.61
492  1.00000000 0.5929215 0.04569332         0    0.22   0.17      0.61
493  1.00000000 0.5929215 0.04569332         0    0.22   0.17      0.61
494  0.14843750 0.5929215 0.04569332         0    0.22   0.17      0.61
495  0.20703125 0.5929215 0.04569332         0    0.22   0.17      0.61
496  1.00000000 0.5929215 0.04569332         0    0.22   0.17      0.61
497  0.26953125 0.5929215 0.04569332         0    0.22   0.17      0.61
498  1.00000000 0.5929215 0.04569332         0    0.22   0.17      0.61
499  0.19531250 0.5929215 0.04569332         0    0.22   0.17      0.61
500  1.00000000 0.5929215 0.04569332         0    0.22   0.17      0.61
501  0.40625000 0.5333525 0.07883596         0    0.14   0.24      0.62
502  1.00000000 0.5333525 0.07883596         0    0.14   0.24      0.62
503  0.54296875 0.5333525 0.07883596         0    0.14   0.24      0.62
504  1.00000000 0.5333525 0.07883596         0    0.14   0.24      0.62
505  0.63281250 0.5333525 0.07883596         0    0.14   0.24      0.62
506  1.00000000 0.5333525 0.07883596         0    0.14   0.24      0.62
507  0.37890625 0.5333525 0.07883596         0    0.14   0.24      0.62
508  1.00000000 0.5333525 0.07883596         0    0.14   0.24      0.62
509  0.34375000 0.5333525 0.07883596         0    0.14   0.24      0.62
510  1.00000000 0.5333525 0.07883596         0    0.14   0.24      0.62
511  0.34375000 0.5333525 0.07883596         0    0.14   0.24      0.62
512  1.00000000 0.5333525 0.07883596         0    0.14   0.24      0.62
513  1.00000000 0.5333525 0.07883596         0    0.14   0.24      0.62
514  1.00000000 0.5333525 0.07883596         0    0.14   0.24      0.62
515  1.00000000 0.5333525 0.07883596         0    0.14   0.24      0.62
516  0.64843750 0.5333525 0.07883596         0    0.14   0.24      0.62
517  0.18359375 0.5333525 0.07883596         0    0.14   0.24      0.62
518  1.00000000 0.5333525 0.07883596         0    0.14   0.24      0.62
519  1.00000000 0.5333525 0.07883596         0    0.14   0.24      0.62
520  0.35937500 0.5333525 0.07883596         0    0.14   0.24      0.62
521  0.35937500 0.5333525 0.07883596         0    0.14   0.24      0.62
522  1.00000000 0.5333525 0.07883596         0    0.14   0.24      0.62
523  0.56250000 0.5333525 0.07883596         0    0.14   0.24      0.62
524  1.00000000 0.5333525 0.07883596         0    0.14   0.24      0.62
525  0.47265625 0.5333525 0.07883596         0    0.14   0.24      0.62
526  1.00000000 0.5333525 0.07883596         0    0.14   0.24      0.62
527  1.00000000 0.5333525 0.07883596         0    0.14   0.24      0.62
528  1.00000000 0.5333525 0.07883596         0    0.14   0.24      0.62
529  1.00000000 0.5333525 0.07883596         0    0.14   0.24      0.62
530  0.72265625 0.5333525 0.07883596         0    0.14   0.24      0.62
531  1.00000000 0.5333525 0.07883596         0    0.14   0.24      0.62
532  0.88671875 0.5333525 0.07883596         0    0.14   0.24      0.62
533  0.50390625 0.5333525 0.07883596         0    0.14   0.24      0.62
534  1.00000000 0.5333525 0.07883596         0    0.14   0.24      0.62
535  0.78125000 0.5333525 0.07883596         0    0.14   0.24      0.62
536  1.00000000 0.5333525 0.07883596         0    0.14   0.24      0.62
537  1.00000000 0.5333525 0.07883596         0    0.14   0.24      0.62
538  0.44140625 0.5333525 0.07883596         0    0.14   0.24      0.62
539  1.00000000 0.5333525 0.07883596         0    0.14   0.24      0.62
540  1.00000000 0.5333525 0.07883596         0    0.14   0.24      0.62
541  0.67968750 0.5333525 0.07883596         0    0.14   0.24      0.62
542  1.00000000 0.5333525 0.07883596         0    0.14   0.24      0.62
543  0.33984375 0.5333525 0.07883596         0    0.14   0.24      0.62
544  1.00000000 0.5333525 0.07883596         0    0.14   0.24      0.62
545  0.42187500 0.5333525 0.07883596         0    0.14   0.24      0.62
546  0.46484375 0.5333525 0.07883596         0    0.14   0.24      0.62
547  1.00000000 0.5333525 0.07883596         0    0.14   0.24      0.62
548  0.54687500 0.5333525 0.07883596         0    0.14   0.24      0.62
549  0.83593750 0.5333525 0.07883596         0    0.14   0.24      0.62
550  0.60156250 0.5333525 0.07883596         0    0.14   0.24      0.62
551  1.00000000 0.5333525 0.07883596         0    0.14   0.24      0.62
552  0.55468750 0.5333525 0.07883596         0    0.14   0.24      0.62
553  1.00000000 0.5333525 0.07883596         0    0.14   0.24      0.62
554  0.30078125 0.5333525 0.07883596         0    0.14   0.24      0.62
555  1.00000000 0.5333525 0.07883596         0    0.14   0.24      0.62
556  0.60546875 0.5333525 0.07883596         0    0.14   0.24      0.62
557  0.38671875 0.5333525 0.07883596         0    0.14   0.24      0.62
558  0.34765625 0.5333525 0.07883596         0    0.14   0.24      0.62
559  1.00000000 0.5333525 0.07883596         0    0.14   0.24      0.62
560  0.30468750 0.5333525 0.07883596         0    0.14   0.24      0.62
561  0.37500000 0.5333525 0.07883596         0    0.14   0.24      0.62
562  1.00000000 0.5333525 0.07883596         0    0.14   0.24      0.62
563  0.50781250 0.5333525 0.07883596         0    0.14   0.24      0.62
564  0.71093750 0.5333525 0.07883596         0    0.14   0.24      0.62
565  0.51953125 0.5333525 0.07883596         0    0.14   0.24      0.62
566  1.00000000 0.5333525 0.07883596         0    0.14   0.24      0.62
567  1.00000000 0.5333525 0.07883596         0    0.14   0.24      0.62
568  1.00000000 0.5333525 0.07883596         0    0.14   0.24      0.62
569  1.00000000 0.5333525 0.07883596         0    0.14   0.24      0.62
570  1.00000000 0.5333525 0.07883596         0    0.14   0.24      0.62
571  1.00000000 0.5333525 0.07883596         0    0.14   0.24      0.62
572  1.00000000 0.5333525 0.07883596         0    0.14   0.24      0.62
573  0.33984375 0.5333525 0.07883596         0    0.14   0.24      0.62
574  1.00000000 0.5333525 0.07883596         0    0.14   0.24      0.62
575  1.00000000 0.5333525 0.07883596         0    0.14   0.24      0.62
576  1.00000000 0.5333525 0.07883596         0    0.14   0.24      0.62
577  0.32421875 0.5333525 0.07883596         0    0.14   0.24      0.62
578  1.00000000 0.5333525 0.07883596         0    0.14   0.24      0.62
579  1.00000000 0.5333525 0.07883596         0    0.14   0.24      0.62
580  0.38281250 0.5333525 0.07883596         0    0.14   0.24      0.62
581  1.00000000 0.5333525 0.07883596         0    0.14   0.24      0.62
582  1.00000000 0.5333525 0.07883596         0    0.14   0.24      0.62
583  1.00000000 0.5333525 0.07883596         0    0.14   0.24      0.62
584  1.00000000 0.5333525 0.07883596         0    0.14   0.24      0.62
585  0.47265625 0.5333525 0.07883596         0    0.14   0.24      0.62
586  0.61328125 0.5333525 0.07883596         0    0.14   0.24      0.62
587  1.00000000 0.5333525 0.07883596         0    0.14   0.24      0.62
588  0.32031250 0.5333525 0.07883596         0    0.14   0.24      0.62
589  1.00000000 0.5333525 0.07883596         0    0.14   0.24      0.62
590  1.00000000 0.5333525 0.07883596         0    0.14   0.24      0.62
591  1.00000000 0.5333525 0.07883596         0    0.14   0.24      0.62
592  0.76562500 0.5333525 0.07883596         0    0.14   0.24      0.62
593  1.00000000 0.5333525 0.07883596         0    0.14   0.24      0.62
594  0.45703125 0.5333525 0.07883596         0    0.14   0.24      0.62
595  1.00000000 0.5333525 0.07883596         0    0.14   0.24      0.62
596  0.66015625 0.5333525 0.07883596         0    0.14   0.24      0.62
597  1.00000000 0.5333525 0.07883596         0    0.14   0.24      0.62
598  0.48828125 0.5333525 0.07883596         0    0.14   0.24      0.62
599  0.44531250 0.5333525 0.07883596         0    0.14   0.24      0.62
600  0.55078125 0.5333525 0.07883596         0    0.14   0.24      0.62
601  0.61328125 0.5492713 0.06108719         0    0.28   0.18      0.54
602  1.00000000 0.5492713 0.06108719         0    0.28   0.18      0.54
603  1.00000000 0.5492713 0.06108719         0    0.28   0.18      0.54
604  0.29296875 0.5492713 0.06108719         0    0.28   0.18      0.54
605  0.29687500 0.5492713 0.06108719         0    0.28   0.18      0.54
606  0.77734375 0.5492713 0.06108719         0    0.28   0.18      0.54
607  1.00000000 0.5492713 0.06108719         0    0.28   0.18      0.54
608  1.00000000 0.5492713 0.06108719         0    0.28   0.18      0.54
609  1.00000000 0.5492713 0.06108719         0    0.28   0.18      0.54
610  0.68750000 0.5492713 0.06108719         0    0.28   0.18      0.54
611  1.00000000 0.5492713 0.06108719         0    0.28   0.18      0.54
612  0.44921875 0.5492713 0.06108719         0    0.28   0.18      0.54
613  0.42578125 0.5492713 0.06108719         0    0.28   0.18      0.54
614  1.00000000 0.5492713 0.06108719         0    0.28   0.18      0.54
615  1.00000000 0.5492713 0.06108719         0    0.28   0.18      0.54
616  1.00000000 0.5492713 0.06108719         0    0.28   0.18      0.54
617  1.00000000 0.5492713 0.06108719         0    0.28   0.18      0.54
618  1.00000000 0.5492713 0.06108719         0    0.28   0.18      0.54
619  1.00000000 0.5492713 0.06108719         0    0.28   0.18      0.54
620  1.00000000 0.5492713 0.06108719         0    0.28   0.18      0.54
621  1.00000000 0.5492713 0.06108719         0    0.28   0.18      0.54
622  0.42187500 0.5492713 0.06108719         0    0.28   0.18      0.54
623  1.00000000 0.5492713 0.06108719         0    0.28   0.18      0.54
624  1.00000000 0.5492713 0.06108719         0    0.28   0.18      0.54
625  1.00000000 0.5492713 0.06108719         0    0.28   0.18      0.54
626  1.00000000 0.5492713 0.06108719         0    0.28   0.18      0.54
627  0.29296875 0.5492713 0.06108719         0    0.28   0.18      0.54
628  0.30859375 0.5492713 0.06108719         0    0.28   0.18      0.54
629  1.00000000 0.5492713 0.06108719         0    0.28   0.18      0.54
630  0.54687500 0.5492713 0.06108719         0    0.28   0.18      0.54
631  0.35937500 0.5492713 0.06108719         0    0.28   0.18      0.54
632  1.00000000 0.5492713 0.06108719         0    0.28   0.18      0.54
633  1.00000000 0.5492713 0.06108719         0    0.28   0.18      0.54
634  0.17578125 0.5492713 0.06108719         0    0.28   0.18      0.54
635  1.00000000 0.5492713 0.06108719         0    0.28   0.18      0.54
636  1.00000000 0.5492713 0.06108719         0    0.28   0.18      0.54
637  1.00000000 0.5492713 0.06108719         0    0.28   0.18      0.54
638  0.32031250 0.5492713 0.06108719         0    0.28   0.18      0.54
639  1.00000000 0.5492713 0.06108719         0    0.28   0.18      0.54
640  0.14453125 0.5492713 0.06108719         0    0.28   0.18      0.54
641  0.35937500 0.5492713 0.06108719         0    0.28   0.18      0.54
642  0.32031250 0.5492713 0.06108719         0    0.28   0.18      0.54
643  1.00000000 0.5492713 0.06108719         0    0.28   0.18      0.54
644  0.29296875 0.5492713 0.06108719         0    0.28   0.18      0.54
645  0.30859375 0.5492713 0.06108719         0    0.28   0.18      0.54
646  0.56640625 0.5492713 0.06108719         0    0.28   0.18      0.54
647  0.56640625 0.5492713 0.06108719         0    0.28   0.18      0.54
648  0.56640625 0.5492713 0.06108719         0    0.28   0.18      0.54
649  0.23046875 0.5492713 0.06108719         0    0.28   0.18      0.54
650  0.37500000 0.5492713 0.06108719         0    0.28   0.18      0.54
651  0.44921875 0.5492713 0.06108719         0    0.28   0.18      0.54
652  0.26562500 0.5492713 0.06108719         0    0.28   0.18      0.54
653  0.18359375 0.5492713 0.06108719         0    0.28   0.18      0.54
654  1.00000000 0.5492713 0.06108719         0    0.28   0.18      0.54
655  0.23437500 0.5492713 0.06108719         0    0.28   0.18      0.54
656  1.00000000 0.5492713 0.06108719         0    0.28   0.18      0.54
657  1.00000000 0.5492713 0.06108719         0    0.28   0.18      0.54
658  1.00000000 0.5492713 0.06108719         0    0.28   0.18      0.54
659  0.46875000 0.5492713 0.06108719         0    0.28   0.18      0.54
660  1.00000000 0.5492713 0.06108719         0    0.28   0.18      0.54
661  1.00000000 0.5492713 0.06108719         0    0.28   0.18      0.54
662  0.28515625 0.5492713 0.06108719         0    0.28   0.18      0.54
663  1.00000000 0.5492713 0.06108719         0    0.28   0.18      0.54
664  0.45703125 0.5492713 0.06108719         0    0.28   0.18      0.54
665  1.00000000 0.5492713 0.06108719         0    0.28   0.18      0.54
666  1.00000000 0.5492713 0.06108719         0    0.28   0.18      0.54
667  0.29296875 0.5492713 0.06108719         0    0.28   0.18      0.54
668  0.69531250 0.5492713 0.06108719         0    0.28   0.18      0.54
669  1.00000000 0.5492713 0.06108719         0    0.28   0.18      0.54
670  1.00000000 0.5492713 0.06108719         0    0.28   0.18      0.54
671  1.00000000 0.5492713 0.06108719         0    0.28   0.18      0.54
672  1.00000000 0.5492713 0.06108719         0    0.28   0.18      0.54
673  0.46484375 0.5492713 0.06108719         0    0.28   0.18      0.54
674  1.00000000 0.5492713 0.06108719         0    0.28   0.18      0.54
675  0.61328125 0.5492713 0.06108719         0    0.28   0.18      0.54
676  1.00000000 0.5492713 0.06108719         0    0.28   0.18      0.54
677  0.59765625 0.5492713 0.06108719         0    0.28   0.18      0.54
678  0.60546875 0.5492713 0.06108719         0    0.28   0.18      0.54
679  0.60546875 0.5492713 0.06108719         0    0.28   0.18      0.54
680  0.26562500 0.5492713 0.06108719         0    0.28   0.18      0.54
681  1.00000000 0.5492713 0.06108719         0    0.28   0.18      0.54
682  0.33203125 0.5492713 0.06108719         0    0.28   0.18      0.54
683  0.32031250 0.5492713 0.06108719         0    0.28   0.18      0.54
684  1.00000000 0.5492713 0.06108719         0    0.28   0.18      0.54
685  1.00000000 0.5492713 0.06108719         0    0.28   0.18      0.54
686  1.00000000 0.5492713 0.06108719         0    0.28   0.18      0.54
687  1.00000000 0.5492713 0.06108719         0    0.28   0.18      0.54
688  1.00000000 0.5492713 0.06108719         0    0.28   0.18      0.54
689  1.00000000 0.5492713 0.06108719         0    0.28   0.18      0.54
690  1.00000000 0.5492713 0.06108719         0    0.28   0.18      0.54
691  0.42187500 0.5492713 0.06108719         0    0.28   0.18      0.54
692  1.00000000 0.5492713 0.06108719         0    0.28   0.18      0.54
693  0.25390625 0.5492713 0.06108719         0    0.28   0.18      0.54
694  0.19921875 0.5492713 0.06108719         0    0.28   0.18      0.54
695  0.28515625 0.5492713 0.06108719         0    0.28   0.18      0.54
696  0.44140625 0.5492713 0.06108719         0    0.28   0.18      0.54
697  1.00000000 0.5492713 0.06108719         0    0.28   0.18      0.54
698  0.19921875 0.5492713 0.06108719         0    0.28   0.18      0.54
699  0.32031250 0.5492713 0.06108719         0    0.28   0.18      0.54
700  1.00000000 0.5492713 0.06108719         0    0.28   0.18      0.54
701  1.00000000 0.5679926 0.07871750         0    0.17   0.23      0.60
702  1.00000000 0.5679926 0.07871750         0    0.17   0.23      0.60
703  0.87890625 0.5679926 0.07871750         0    0.17   0.23      0.60
704  1.00000000 0.5679926 0.07871750         0    0.17   0.23      0.60
705  0.32812500 0.5679926 0.07871750         0    0.17   0.23      0.60
706  0.62500000 0.5679926 0.07871750         0    0.17   0.23      0.60
707  0.38671875 0.5679926 0.07871750         0    0.17   0.23      0.60
708  0.42578125 0.5679926 0.07871750         0    0.17   0.23      0.60
709  0.86328125 0.5679926 0.07871750         0    0.17   0.23      0.60
710  1.00000000 0.5679926 0.07871750         0    0.17   0.23      0.60
711  1.00000000 0.5679926 0.07871750         0    0.17   0.23      0.60
712  0.65625000 0.5679926 0.07871750         0    0.17   0.23      0.60
713  1.00000000 0.5679926 0.07871750         0    0.17   0.23      0.60
714  0.24218750 0.5679926 0.07871750         0    0.17   0.23      0.60
715  1.00000000 0.5679926 0.07871750         0    0.17   0.23      0.60
716  1.00000000 0.5679926 0.07871750         0    0.17   0.23      0.60
717  0.35937500 0.5679926 0.07871750         0    0.17   0.23      0.60
718  1.00000000 0.5679926 0.07871750         0    0.17   0.23      0.60
719  0.33984375 0.5679926 0.07871750         0    0.17   0.23      0.60
720  1.00000000 0.5679926 0.07871750         0    0.17   0.23      0.60
721  1.00000000 0.5679926 0.07871750         0    0.17   0.23      0.60
722  1.00000000 0.5679926 0.07871750         0    0.17   0.23      0.60
723  1.00000000 0.5679926 0.07871750         0    0.17   0.23      0.60
724  0.41796875 0.5679926 0.07871750         0    0.17   0.23      0.60
725  0.32031250 0.5679926 0.07871750         0    0.17   0.23      0.60
726  0.44140625 0.5679926 0.07871750         0    0.17   0.23      0.60
727  1.00000000 0.5679926 0.07871750         0    0.17   0.23      0.60
728  0.42578125 0.5679926 0.07871750         0    0.17   0.23      0.60
729  1.00000000 0.5679926 0.07871750         0    0.17   0.23      0.60
730  1.00000000 0.5679926 0.07871750         0    0.17   0.23      0.60
731  1.00000000 0.5679926 0.07871750         0    0.17   0.23      0.60
732  0.31250000 0.5679926 0.07871750         0    0.17   0.23      0.60
733  1.00000000 0.5679926 0.07871750         0    0.17   0.23      0.60
734  0.35156250 0.5679926 0.07871750         0    0.17   0.23      0.60
735  0.71875000 0.5679926 0.07871750         0    0.17   0.23      0.60
736  0.32421875 0.5679926 0.07871750         0    0.17   0.23      0.60
737  1.00000000 0.5679926 0.07871750         0    0.17   0.23      0.60
738  1.00000000 0.5679926 0.07871750         0    0.17   0.23      0.60
739  1.00000000 0.5679926 0.07871750         0    0.17   0.23      0.60
740  1.00000000 0.5679926 0.07871750         0    0.17   0.23      0.60
741  1.00000000 0.5679926 0.07871750         0    0.17   0.23      0.60
742  0.32812500 0.5679926 0.07871750         0    0.17   0.23      0.60
743  1.00000000 0.5679926 0.07871750         0    0.17   0.23      0.60
744  0.44531250 0.5679926 0.07871750         0    0.17   0.23      0.60
745  1.00000000 0.5679926 0.07871750         0    0.17   0.23      0.60
746  0.57812500 0.5679926 0.07871750         0    0.17   0.23      0.60
747  1.00000000 0.5679926 0.07871750         0    0.17   0.23      0.60
748  0.42578125 0.5679926 0.07871750         0    0.17   0.23      0.60
749  1.00000000 0.5679926 0.07871750         0    0.17   0.23      0.60
750  0.49218750 0.5679926 0.07871750         0    0.17   0.23      0.60
751  1.00000000 0.5679926 0.07871750         0    0.17   0.23      0.60
752  0.37109375 0.5679926 0.07871750         0    0.17   0.23      0.60
753  1.00000000 0.5679926 0.07871750         0    0.17   0.23      0.60
754  1.00000000 0.5679926 0.07871750         0    0.17   0.23      0.60
755  1.00000000 0.5679926 0.07871750         0    0.17   0.23      0.60
756  0.47656250 0.5679926 0.07871750         0    0.17   0.23      0.60
757  0.30078125 0.5679926 0.07871750         0    0.17   0.23      0.60
758  1.00000000 0.5679926 0.07871750         0    0.17   0.23      0.60
759  0.44140625 0.5679926 0.07871750         0    0.17   0.23      0.60
760  1.00000000 0.5679926 0.07871750         0    0.17   0.23      0.60
761  0.62500000 0.5679926 0.07871750         0    0.17   0.23      0.60
762  1.00000000 0.5679926 0.07871750         0    0.17   0.23      0.60
763  0.50000000 0.5679926 0.07871750         0    0.17   0.23      0.60
764  0.33593750 0.5679926 0.07871750         0    0.17   0.23      0.60
765  0.49218750 0.5679926 0.07871750         0    0.17   0.23      0.60
766  1.00000000 0.5679926 0.07871750         0    0.17   0.23      0.60
767  1.00000000 0.5679926 0.07871750         0    0.17   0.23      0.60
768  1.00000000 0.5679926 0.07871750         0    0.17   0.23      0.60
769  1.00000000 0.5679926 0.07871750         0    0.17   0.23      0.60
770  1.00000000 0.5679926 0.07871750         0    0.17   0.23      0.60
771  1.00000000 0.5679926 0.07871750         0    0.17   0.23      0.60
772  1.00000000 0.5679926 0.07871750         0    0.17   0.23      0.60
773  0.57031250 0.5679926 0.07871750         0    0.17   0.23      0.60
774  0.38671875 0.5679926 0.07871750         0    0.17   0.23      0.60
775  1.00000000 0.5679926 0.07871750         0    0.17   0.23      0.60
776  1.00000000 0.5679926 0.07871750         0    0.17   0.23      0.60
777  1.00000000 0.5679926 0.07871750         0    0.17   0.23      0.60
778  0.48437500 0.5679926 0.07871750         0    0.17   0.23      0.60
779  0.70703125 0.5679926 0.07871750         0    0.17   0.23      0.60
780  1.00000000 0.5679926 0.07871750         0    0.17   0.23      0.60
781  0.48437500 0.5679926 0.07871750         0    0.17   0.23      0.60
782  0.50781250 0.5679926 0.07871750         0    0.17   0.23      0.60
783  0.34375000 0.5679926 0.07871750         0    0.17   0.23      0.60
784  0.30078125 0.5679926 0.07871750         0    0.17   0.23      0.60
785  1.00000000 0.5679926 0.07871750         0    0.17   0.23      0.60
786  1.00000000 0.5679926 0.07871750         0    0.17   0.23      0.60
787  0.62109375 0.5679926 0.07871750         0    0.17   0.23      0.60
788  1.00000000 0.5679926 0.07871750         0    0.17   0.23      0.60
789  0.38671875 0.5679926 0.07871750         0    0.17   0.23      0.60
790  1.00000000 0.5679926 0.07871750         0    0.17   0.23      0.60
791  1.00000000 0.5679926 0.07871750         0    0.17   0.23      0.60
792  1.00000000 0.5679926 0.07871750         0    0.17   0.23      0.60
793  0.46093750 0.5679926 0.07871750         0    0.17   0.23      0.60
794  1.00000000 0.5679926 0.07871750         0    0.17   0.23      0.60
795  1.00000000 0.5679926 0.07871750         0    0.17   0.23      0.60
796  0.41796875 0.5679926 0.07871750         0    0.17   0.23      0.60
797  0.64062500 0.5679926 0.07871750         0    0.17   0.23      0.60
798  0.69531250 0.5679926 0.07871750         0    0.17   0.23      0.60
799  0.51953125 0.5679926 0.07871750         0    0.17   0.23      0.60
800  0.72656250 0.5679926 0.07871750         0    0.17   0.23      0.60
801  1.00000000 0.6545029 0.04515294         0    0.24   0.14      0.62
802  0.31250000 0.6545029 0.04515294         0    0.24   0.14      0.62
803  1.00000000 0.6545029 0.04515294         0    0.24   0.14      0.62
804  0.16406250 0.6545029 0.04515294         0    0.24   0.14      0.62
805  0.18750000 0.6545029 0.04515294         0    0.24   0.14      0.62
806  1.00000000 0.6545029 0.04515294         0    0.24   0.14      0.62
807  1.00000000 0.6545029 0.04515294         0    0.24   0.14      0.62
808  0.37500000 0.6545029 0.04515294         0    0.24   0.14      0.62
809  0.19531250 0.6545029 0.04515294         0    0.24   0.14      0.62
810  1.00000000 0.6545029 0.04515294         0    0.24   0.14      0.62
811  0.50390625 0.6545029 0.04515294         0    0.24   0.14      0.62
812  1.00000000 0.6545029 0.04515294         0    0.24   0.14      0.62
813  0.26562500 0.6545029 0.04515294         0    0.24   0.14      0.62
814  0.23046875 0.6545029 0.04515294         0    0.24   0.14      0.62
815  0.19921875 0.6545029 0.04515294         0    0.24   0.14      0.62
816  0.40625000 0.6545029 0.04515294         0    0.24   0.14      0.62
817  0.19531250 0.6545029 0.04515294         0    0.24   0.14      0.62
818  1.00000000 0.6545029 0.04515294         0    0.24   0.14      0.62
819  1.00000000 0.6545029 0.04515294         0    0.24   0.14      0.62
820  1.00000000 0.6545029 0.04515294         0    0.24   0.14      0.62
821  1.00000000 0.6545029 0.04515294         0    0.24   0.14      0.62
822  1.00000000 0.6545029 0.04515294         0    0.24   0.14      0.62
823  0.24609375 0.6545029 0.04515294         0    0.24   0.14      0.62
824  0.21484375 0.6545029 0.04515294         0    0.24   0.14      0.62
825  0.32421875 0.6545029 0.04515294         0    0.24   0.14      0.62
826  1.00000000 0.6545029 0.04515294         0    0.24   0.14      0.62
827  1.00000000 0.6545029 0.04515294         0    0.24   0.14      0.62
828  1.00000000 0.6545029 0.04515294         0    0.24   0.14      0.62
829  1.00000000 0.6545029 0.04515294         0    0.24   0.14      0.62
830  1.00000000 0.6545029 0.04515294         0    0.24   0.14      0.62
831  1.00000000 0.6545029 0.04515294         0    0.24   0.14      0.62
832  1.00000000 0.6545029 0.04515294         0    0.24   0.14      0.62
833  0.21093750 0.6545029 0.04515294         0    0.24   0.14      0.62
834  0.10156250 0.6545029 0.04515294         0    0.24   0.14      0.62
835  1.00000000 0.6545029 0.04515294         0    0.24   0.14      0.62
836  0.19921875 0.6545029 0.04515294         0    0.24   0.14      0.62
837  1.00000000 0.6545029 0.04515294         0    0.24   0.14      0.62
838  1.00000000 0.6545029 0.04515294         0    0.24   0.14      0.62
839  1.00000000 0.6545029 0.04515294         0    0.24   0.14      0.62
840  1.00000000 0.6545029 0.04515294         0    0.24   0.14      0.62
841  0.24609375 0.6545029 0.04515294         0    0.24   0.14      0.62
842  0.38281250 0.6545029 0.04515294         0    0.24   0.14      0.62
843  0.37890625 0.6545029 0.04515294         0    0.24   0.14      0.62
844  1.00000000 0.6545029 0.04515294         0    0.24   0.14      0.62
845  1.00000000 0.6545029 0.04515294         0    0.24   0.14      0.62
846  1.00000000 0.6545029 0.04515294         0    0.24   0.14      0.62
847  1.00000000 0.6545029 0.04515294         0    0.24   0.14      0.62
848  1.00000000 0.6545029 0.04515294         0    0.24   0.14      0.62
849  0.37500000 0.6545029 0.04515294         0    0.24   0.14      0.62
850  1.00000000 0.6545029 0.04515294         0    0.24   0.14      0.62
851  0.18359375 0.6545029 0.04515294         0    0.24   0.14      0.62
852  0.32421875 0.6545029 0.04515294         0    0.24   0.14      0.62
853  1.00000000 0.6545029 0.04515294         0    0.24   0.14      0.62
854  0.57031250 0.6545029 0.04515294         0    0.24   0.14      0.62
855  0.21093750 0.6545029 0.04515294         0    0.24   0.14      0.62
856  1.00000000 0.6545029 0.04515294         0    0.24   0.14      0.62
857  0.26953125 0.6545029 0.04515294         0    0.24   0.14      0.62
858  1.00000000 0.6545029 0.04515294         0    0.24   0.14      0.62
859  1.00000000 0.6545029 0.04515294         0    0.24   0.14      0.62
860  1.00000000 0.6545029 0.04515294         0    0.24   0.14      0.62
861  0.31250000 0.6545029 0.04515294         0    0.24   0.14      0.62
862  0.14062500 0.6545029 0.04515294         0    0.24   0.14      0.62
863  1.00000000 0.6545029 0.04515294         0    0.24   0.14      0.62
864  1.00000000 0.6545029 0.04515294         0    0.24   0.14      0.62
865  0.76953125 0.6545029 0.04515294         0    0.24   0.14      0.62
866  1.00000000 0.6545029 0.04515294         0    0.24   0.14      0.62
867  0.21093750 0.6545029 0.04515294         0    0.24   0.14      0.62
868  0.21875000 0.6545029 0.04515294         0    0.24   0.14      0.62
869  0.25390625 0.6545029 0.04515294         0    0.24   0.14      0.62
870  1.00000000 0.6545029 0.04515294         0    0.24   0.14      0.62
871  0.18359375 0.6545029 0.04515294         0    0.24   0.14      0.62
872  1.00000000 0.6545029 0.04515294         0    0.24   0.14      0.62
873  0.72656250 0.6545029 0.04515294         0    0.24   0.14      0.62
874  1.00000000 0.6545029 0.04515294         0    0.24   0.14      0.62
875  1.00000000 0.6545029 0.04515294         0    0.24   0.14      0.62
876  1.00000000 0.6545029 0.04515294         0    0.24   0.14      0.62
877  0.40234375 0.6545029 0.04515294         0    0.24   0.14      0.62
878  1.00000000 0.6545029 0.04515294         0    0.24   0.14      0.62
879  0.40234375 0.6545029 0.04515294         0    0.24   0.14      0.62
880  0.50000000 0.6545029 0.04515294         0    0.24   0.14      0.62
881  0.37890625 0.6545029 0.04515294         0    0.24   0.14      0.62
882  1.00000000 0.6545029 0.04515294         0    0.24   0.14      0.62
883  0.37109375 0.6545029 0.04515294         0    0.24   0.14      0.62
884  1.00000000 0.6545029 0.04515294         0    0.24   0.14      0.62
885  0.26562500 0.6545029 0.04515294         0    0.24   0.14      0.62
886  0.17968750 0.6545029 0.04515294         0    0.24   0.14      0.62
887  1.00000000 0.6545029 0.04515294         0    0.24   0.14      0.62
888  0.35156250 0.6545029 0.04515294         0    0.24   0.14      0.62
889  1.00000000 0.6545029 0.04515294         0    0.24   0.14      0.62
890  1.00000000 0.6545029 0.04515294         0    0.24   0.14      0.62
891  1.00000000 0.6545029 0.04515294         0    0.24   0.14      0.62
892  1.00000000 0.6545029 0.04515294         0    0.24   0.14      0.62
893  1.00000000 0.6545029 0.04515294         0    0.24   0.14      0.62
894  1.00000000 0.6545029 0.04515294         0    0.24   0.14      0.62
895  0.36328125 0.6545029 0.04515294         0    0.24   0.14      0.62
896  0.26562500 0.6545029 0.04515294         0    0.24   0.14      0.62
897  1.00000000 0.6545029 0.04515294         0    0.24   0.14      0.62
898  0.51562500 0.6545029 0.04515294         0    0.24   0.14      0.62
899  1.00000000 0.6545029 0.04515294         0    0.24   0.14      0.62
900  1.00000000 0.6545029 0.04515294         0    0.24   0.14      0.62
901  0.10546875 0.5588609 0.02341375         0    0.28   0.13      0.59
902  1.00000000 0.5588609 0.02341375         0    0.28   0.13      0.59
903  1.00000000 0.5588609 0.02341375         0    0.28   0.13      0.59
904  0.16015625 0.5588609 0.02341375         0    0.28   0.13      0.59
905  0.03906250 0.5588609 0.02341375         0    0.28   0.13      0.59
906  0.25390625 0.5588609 0.02341375         0    0.28   0.13      0.59
907  0.11718750 0.5588609 0.02341375         0    0.28   0.13      0.59
908  1.00000000 0.5588609 0.02341375         0    0.28   0.13      0.59
909  1.00000000 0.5588609 0.02341375         0    0.28   0.13      0.59
910  0.26171875 0.5588609 0.02341375         0    0.28   0.13      0.59
911  1.00000000 0.5588609 0.02341375         0    0.28   0.13      0.59
912  1.00000000 0.5588609 0.02341375         0    0.28   0.13      0.59
913  1.00000000 0.5588609 0.02341375         0    0.28   0.13      0.59
914  1.00000000 0.5588609 0.02341375         0    0.28   0.13      0.59
915  0.06640625 0.5588609 0.02341375         0    0.28   0.13      0.59
916  0.13671875 0.5588609 0.02341375         0    0.28   0.13      0.59
917  0.09375000 0.5588609 0.02341375         0    0.28   0.13      0.59
918  1.00000000 0.5588609 0.02341375         0    0.28   0.13      0.59
919  0.14843750 0.5588609 0.02341375         0    0.28   0.13      0.59
920  0.19140625 0.5588609 0.02341375         0    0.28   0.13      0.59
921  1.00000000 0.5588609 0.02341375         0    0.28   0.13      0.59
922  1.00000000 0.5588609 0.02341375         0    0.28   0.13      0.59
923  0.04296875 0.5588609 0.02341375         0    0.28   0.13      0.59
924  1.00000000 0.5588609 0.02341375         0    0.28   0.13      0.59
925  0.09765625 0.5588609 0.02341375         0    0.28   0.13      0.59
926  0.38671875 0.5588609 0.02341375         0    0.28   0.13      0.59
927  1.00000000 0.5588609 0.02341375         0    0.28   0.13      0.59
928  1.00000000 0.5588609 0.02341375         0    0.28   0.13      0.59
929  1.00000000 0.5588609 0.02341375         0    0.28   0.13      0.59
930  1.00000000 0.5588609 0.02341375         0    0.28   0.13      0.59
931  1.00000000 0.5588609 0.02341375         0    0.28   0.13      0.59
932  1.00000000 0.5588609 0.02341375         0    0.28   0.13      0.59
933  1.00000000 0.5588609 0.02341375         0    0.28   0.13      0.59
934  1.00000000 0.5588609 0.02341375         0    0.28   0.13      0.59
935  0.10546875 0.5588609 0.02341375         0    0.28   0.13      0.59
936  0.08984375 0.5588609 0.02341375         0    0.28   0.13      0.59
937  0.57812500 0.5588609 0.02341375         0    0.28   0.13      0.59
938  0.13281250 0.5588609 0.02341375         0    0.28   0.13      0.59
939  0.08984375 0.5588609 0.02341375         0    0.28   0.13      0.59
940  1.00000000 0.5588609 0.02341375         0    0.28   0.13      0.59
941  1.00000000 0.5588609 0.02341375         0    0.28   0.13      0.59
942  1.00000000 0.5588609 0.02341375         0    0.28   0.13      0.59
943  1.00000000 0.5588609 0.02341375         0    0.28   0.13      0.59
944  0.21093750 0.5588609 0.02341375         0    0.28   0.13      0.59
945  1.00000000 0.5588609 0.02341375         0    0.28   0.13      0.59
946  1.00000000 0.5588609 0.02341375         0    0.28   0.13      0.59
947  1.00000000 0.5588609 0.02341375         0    0.28   0.13      0.59
948  0.37890625 0.5588609 0.02341375         0    0.28   0.13      0.59
949  1.00000000 0.5588609 0.02341375         0    0.28   0.13      0.59
950  1.00000000 0.5588609 0.02341375         0    0.28   0.13      0.59
951  1.00000000 0.5588609 0.02341375         0    0.28   0.13      0.59
952  1.00000000 0.5588609 0.02341375         0    0.28   0.13      0.59
953  1.00000000 0.5588609 0.02341375         0    0.28   0.13      0.59
954  0.21484375 0.5588609 0.02341375         0    0.28   0.13      0.59
955  1.00000000 0.5588609 0.02341375         0    0.28   0.13      0.59
956  1.00000000 0.5588609 0.02341375         0    0.28   0.13      0.59
957  0.16406250 0.5588609 0.02341375         0    0.28   0.13      0.59
958  0.14843750 0.5588609 0.02341375         0    0.28   0.13      0.59
959  0.07421875 0.5588609 0.02341375         0    0.28   0.13      0.59
960  0.35156250 0.5588609 0.02341375         0    0.28   0.13      0.59
961  1.00000000 0.5588609 0.02341375         0    0.28   0.13      0.59
962  0.13281250 0.5588609 0.02341375         0    0.28   0.13      0.59
963  1.00000000 0.5588609 0.02341375         0    0.28   0.13      0.59
964  1.00000000 0.5588609 0.02341375         0    0.28   0.13      0.59
965  1.00000000 0.5588609 0.02341375         0    0.28   0.13      0.59
966  1.00000000 0.5588609 0.02341375         0    0.28   0.13      0.59
967  0.26562500 0.5588609 0.02341375         0    0.28   0.13      0.59
968  0.11718750 0.5588609 0.02341375         0    0.28   0.13      0.59
969  1.00000000 0.5588609 0.02341375         0    0.28   0.13      0.59
970  0.22656250 0.5588609 0.02341375         0    0.28   0.13      0.59
971  0.57421875 0.5588609 0.02341375         0    0.28   0.13      0.59
972  0.58984375 0.5588609 0.02341375         0    0.28   0.13      0.59
973  1.00000000 0.5588609 0.02341375         0    0.28   0.13      0.59
974  0.16796875 0.5588609 0.02341375         0    0.28   0.13      0.59
975  0.10937500 0.5588609 0.02341375         0    0.28   0.13      0.59
976  1.00000000 0.5588609 0.02341375         0    0.28   0.13      0.59
977  0.21093750 0.5588609 0.02341375         0    0.28   0.13      0.59
978  1.00000000 0.5588609 0.02341375         0    0.28   0.13      0.59
979  0.28515625 0.5588609 0.02341375         0    0.28   0.13      0.59
980  0.23046875 0.5588609 0.02341375         0    0.28   0.13      0.59
981  1.00000000 0.5588609 0.02341375         0    0.28   0.13      0.59
982  1.00000000 0.5588609 0.02341375         0    0.28   0.13      0.59
983  0.31250000 0.5588609 0.02341375         0    0.28   0.13      0.59
984  1.00000000 0.5588609 0.02341375         0    0.28   0.13      0.59
985  0.22265625 0.5588609 0.02341375         0    0.28   0.13      0.59
986  1.00000000 0.5588609 0.02341375         0    0.28   0.13      0.59
987  1.00000000 0.5588609 0.02341375         0    0.28   0.13      0.59
988  1.00000000 0.5588609 0.02341375         0    0.28   0.13      0.59
989  1.00000000 0.5588609 0.02341375         0    0.28   0.13      0.59
990  1.00000000 0.5588609 0.02341375         0    0.28   0.13      0.59
991  0.04687500 0.5588609 0.02341375         0    0.28   0.13      0.59
992  1.00000000 0.5588609 0.02341375         0    0.28   0.13      0.59
993  1.00000000 0.5588609 0.02341375         0    0.28   0.13      0.59
994  1.00000000 0.5588609 0.02341375         0    0.28   0.13      0.59
995  0.18750000 0.5588609 0.02341375         0    0.28   0.13      0.59
996  1.00000000 0.5588609 0.02341375         0    0.28   0.13      0.59
997  1.00000000 0.5588609 0.02341375         0    0.28   0.13      0.59
998  0.07031250 0.5588609 0.02341375         0    0.28   0.13      0.59
999  1.00000000 0.5588609 0.02341375         0    0.28   0.13      0.59
1000 1.00000000 0.5588609 0.02341375         0    0.28   0.13      0.59
