      prop.aneu prob.meio  prob.mito dispersal euploid mosaic aneuploid
1    0.35546875 0.6059717 0.07173730         0    0.13   0.21      0.66
2    1.00000000 0.6059717 0.07173730         0    0.13   0.21      0.66
3    1.00000000 0.6059717 0.07173730         0    0.13   0.21      0.66
4    0.48046875 0.6059717 0.07173730         0    0.13   0.21      0.66
5    1.00000000 0.6059717 0.07173730         0    0.13   0.21      0.66
6    0.26562500 0.6059717 0.07173730         0    0.13   0.21      0.66
7    0.35546875 0.6059717 0.07173730         0    0.13   0.21      0.66
8    1.00000000 0.6059717 0.07173730         0    0.13   0.21      0.66
9    0.31250000 0.6059717 0.07173730         0    0.13   0.21      0.66
10   1.00000000 0.6059717 0.07173730         0    0.13   0.21      0.66
11   1.00000000 0.6059717 0.07173730         0    0.13   0.21      0.66
12   1.00000000 0.6059717 0.07173730         0    0.13   0.21      0.66
13   0.28125000 0.6059717 0.07173730         0    0.13   0.21      0.66
14   0.55468750 0.6059717 0.07173730         0    0.13   0.21      0.66
15   0.17187500 0.6059717 0.07173730         0    0.13   0.21      0.66
16   1.00000000 0.6059717 0.07173730         0    0.13   0.21      0.66
17   1.00000000 0.6059717 0.07173730         0    0.13   0.21      0.66
18   0.43359375 0.6059717 0.07173730         0    0.13   0.21      0.66
19   1.00000000 0.6059717 0.07173730         0    0.13   0.21      0.66
20   0.38671875 0.6059717 0.07173730         0    0.13   0.21      0.66
21   1.00000000 0.6059717 0.07173730         0    0.13   0.21      0.66
22   1.00000000 0.6059717 0.07173730         0    0.13   0.21      0.66
23   1.00000000 0.6059717 0.07173730         0    0.13   0.21      0.66
24   1.00000000 0.6059717 0.07173730         0    0.13   0.21      0.66
25   0.60156250 0.6059717 0.07173730         0    0.13   0.21      0.66
26   0.56640625 0.6059717 0.07173730         0    0.13   0.21      0.66
27   1.00000000 0.6059717 0.07173730         0    0.13   0.21      0.66
28   0.32812500 0.6059717 0.07173730         0    0.13   0.21      0.66
29   1.00000000 0.6059717 0.07173730         0    0.13   0.21      0.66
30   1.00000000 0.6059717 0.07173730         0    0.13   0.21      0.66
31   1.00000000 0.6059717 0.07173730         0    0.13   0.21      0.66
32   0.30859375 0.6059717 0.07173730         0    0.13   0.21      0.66
33   1.00000000 0.6059717 0.07173730         0    0.13   0.21      0.66
34   1.00000000 0.6059717 0.07173730         0    0.13   0.21      0.66
35   0.85937500 0.6059717 0.07173730         0    0.13   0.21      0.66
36   1.00000000 0.6059717 0.07173730         0    0.13   0.21      0.66
37   0.25781250 0.6059717 0.07173730         0    0.13   0.21      0.66
38   1.00000000 0.6059717 0.07173730         0    0.13   0.21      0.66
39   1.00000000 0.6059717 0.07173730         0    0.13   0.21      0.66
40   1.00000000 0.6059717 0.07173730         0    0.13   0.21      0.66
41   0.50000000 0.6059717 0.07173730         0    0.13   0.21      0.66
42   1.00000000 0.6059717 0.07173730         0    0.13   0.21      0.66
43   0.62500000 0.6059717 0.07173730         0    0.13   0.21      0.66
44   0.32812500 0.6059717 0.07173730         0    0.13   0.21      0.66
45   1.00000000 0.6059717 0.07173730         0    0.13   0.21      0.66
46   1.00000000 0.6059717 0.07173730         0    0.13   0.21      0.66
47   1.00000000 0.6059717 0.07173730         0    0.13   0.21      0.66
48   1.00000000 0.6059717 0.07173730         0    0.13   0.21      0.66
49   0.85156250 0.6059717 0.07173730         0    0.13   0.21      0.66
50   1.00000000 0.6059717 0.07173730         0    0.13   0.21      0.66
51   0.62890625 0.6059717 0.07173730         0    0.13   0.21      0.66
52   1.00000000 0.6059717 0.07173730         0    0.13   0.21      0.66
53   1.00000000 0.6059717 0.07173730         0    0.13   0.21      0.66
54   1.00000000 0.6059717 0.07173730         0    0.13   0.21      0.66
55   1.00000000 0.6059717 0.07173730         0    0.13   0.21      0.66
56   0.21484375 0.6059717 0.07173730         0    0.13   0.21      0.66
57   0.63671875 0.6059717 0.07173730         0    0.13   0.21      0.66
58   0.19921875 0.6059717 0.07173730         0    0.13   0.21      0.66
59   1.00000000 0.6059717 0.07173730         0    0.13   0.21      0.66
60   1.00000000 0.6059717 0.07173730         0    0.13   0.21      0.66
61   0.24609375 0.6059717 0.07173730         0    0.13   0.21      0.66
62   1.00000000 0.6059717 0.07173730         0    0.13   0.21      0.66
63   0.49609375 0.6059717 0.07173730         0    0.13   0.21      0.66
64   1.00000000 0.6059717 0.07173730         0    0.13   0.21      0.66
65   1.00000000 0.6059717 0.07173730         0    0.13   0.21      0.66
66   1.00000000 0.6059717 0.07173730         0    0.13   0.21      0.66
67   0.21484375 0.6059717 0.07173730         0    0.13   0.21      0.66
68   1.00000000 0.6059717 0.07173730         0    0.13   0.21      0.66
69   1.00000000 0.6059717 0.07173730         0    0.13   0.21      0.66
70   1.00000000 0.6059717 0.07173730         0    0.13   0.21      0.66
71   1.00000000 0.6059717 0.07173730         0    0.13   0.21      0.66
72   1.00000000 0.6059717 0.07173730         0    0.13   0.21      0.66
73   1.00000000 0.6059717 0.07173730         0    0.13   0.21      0.66
74   1.00000000 0.6059717 0.07173730         0    0.13   0.21      0.66
75   0.44921875 0.6059717 0.07173730         0    0.13   0.21      0.66
76   1.00000000 0.6059717 0.07173730         0    0.13   0.21      0.66
77   0.31640625 0.6059717 0.07173730         0    0.13   0.21      0.66
78   1.00000000 0.6059717 0.07173730         0    0.13   0.21      0.66
79   0.57421875 0.6059717 0.07173730         0    0.13   0.21      0.66
80   0.46093750 0.6059717 0.07173730         0    0.13   0.21      0.66
81   1.00000000 0.6059717 0.07173730         0    0.13   0.21      0.66
82   1.00000000 0.6059717 0.07173730         0    0.13   0.21      0.66
83   1.00000000 0.6059717 0.07173730         0    0.13   0.21      0.66
84   1.00000000 0.6059717 0.07173730         0    0.13   0.21      0.66
85   0.66015625 0.6059717 0.07173730         0    0.13   0.21      0.66
86   0.48046875 0.6059717 0.07173730         0    0.13   0.21      0.66
87   0.61328125 0.6059717 0.07173730         0    0.13   0.21      0.66
88   0.32421875 0.6059717 0.07173730         0    0.13   0.21      0.66
89   1.00000000 0.6059717 0.07173730         0    0.13   0.21      0.66
90   0.59375000 0.6059717 0.07173730         0    0.13   0.21      0.66
91   1.00000000 0.6059717 0.07173730         0    0.13   0.21      0.66
92   0.22265625 0.6059717 0.07173730         0    0.13   0.21      0.66
93   1.00000000 0.6059717 0.07173730         0    0.13   0.21      0.66
94   1.00000000 0.6059717 0.07173730         0    0.13   0.21      0.66
95   1.00000000 0.6059717 0.07173730         0    0.13   0.21      0.66
96   0.42578125 0.6059717 0.07173730         0    0.13   0.21      0.66
97   1.00000000 0.6059717 0.07173730         0    0.13   0.21      0.66
98   1.00000000 0.6059717 0.07173730         0    0.13   0.21      0.66
99   0.50781250 0.6059717 0.07173730         0    0.13   0.21      0.66
100  1.00000000 0.6059717 0.07173730         0    0.13   0.21      0.66
101  1.00000000 0.4301297 0.08901031         0    0.16   0.23      0.61
102  1.00000000 0.4301297 0.08901031         0    0.16   0.23      0.61
103  0.64843750 0.4301297 0.08901031         0    0.16   0.23      0.61
104  0.42187500 0.4301297 0.08901031         0    0.16   0.23      0.61
105  0.40625000 0.4301297 0.08901031         0    0.16   0.23      0.61
106  0.41406250 0.4301297 0.08901031         0    0.16   0.23      0.61
107  0.62109375 0.4301297 0.08901031         0    0.16   0.23      0.61
108  1.00000000 0.4301297 0.08901031         0    0.16   0.23      0.61
109  0.67187500 0.4301297 0.08901031         0    0.16   0.23      0.61
110  1.00000000 0.4301297 0.08901031         0    0.16   0.23      0.61
111  1.00000000 0.4301297 0.08901031         0    0.16   0.23      0.61
112  0.47265625 0.4301297 0.08901031         0    0.16   0.23      0.61
113  0.35156250 0.4301297 0.08901031         0    0.16   0.23      0.61
114  0.43359375 0.4301297 0.08901031         0    0.16   0.23      0.61
115  1.00000000 0.4301297 0.08901031         0    0.16   0.23      0.61
116  1.00000000 0.4301297 0.08901031         0    0.16   0.23      0.61
117  0.50390625 0.4301297 0.08901031         0    0.16   0.23      0.61
118  0.76562500 0.4301297 0.08901031         0    0.16   0.23      0.61
119  0.69531250 0.4301297 0.08901031         0    0.16   0.23      0.61
120  1.00000000 0.4301297 0.08901031         0    0.16   0.23      0.61
121  0.26953125 0.4301297 0.08901031         0    0.16   0.23      0.61
122  1.00000000 0.4301297 0.08901031         0    0.16   0.23      0.61
123  0.47265625 0.4301297 0.08901031         0    0.16   0.23      0.61
124  0.41406250 0.4301297 0.08901031         0    0.16   0.23      0.61
125  0.36328125 0.4301297 0.08901031         0    0.16   0.23      0.61
126  0.18359375 0.4301297 0.08901031         0    0.16   0.23      0.61
127  0.31250000 0.4301297 0.08901031         0    0.16   0.23      0.61
128  1.00000000 0.4301297 0.08901031         0    0.16   0.23      0.61
129  0.73046875 0.4301297 0.08901031         0    0.16   0.23      0.61
130  1.00000000 0.4301297 0.08901031         0    0.16   0.23      0.61
131  1.00000000 0.4301297 0.08901031         0    0.16   0.23      0.61
132  1.00000000 0.4301297 0.08901031         0    0.16   0.23      0.61
133  1.00000000 0.4301297 0.08901031         0    0.16   0.23      0.61
134  1.00000000 0.4301297 0.08901031         0    0.16   0.23      0.61
135  1.00000000 0.4301297 0.08901031         0    0.16   0.23      0.61
136  1.00000000 0.4301297 0.08901031         0    0.16   0.23      0.61
137  1.00000000 0.4301297 0.08901031         0    0.16   0.23      0.61
138  0.44140625 0.4301297 0.08901031         0    0.16   0.23      0.61
139  0.37890625 0.4301297 0.08901031         0    0.16   0.23      0.61
140  1.00000000 0.4301297 0.08901031         0    0.16   0.23      0.61
141  1.00000000 0.4301297 0.08901031         0    0.16   0.23      0.61
142  0.54687500 0.4301297 0.08901031         0    0.16   0.23      0.61
143  0.76953125 0.4301297 0.08901031         0    0.16   0.23      0.61
144  0.58984375 0.4301297 0.08901031         0    0.16   0.23      0.61
145  1.00000000 0.4301297 0.08901031         0    0.16   0.23      0.61
146  0.49609375 0.4301297 0.08901031         0    0.16   0.23      0.61
147  0.64843750 0.4301297 0.08901031         0    0.16   0.23      0.61
148  0.71484375 0.4301297 0.08901031         0    0.16   0.23      0.61
149  1.00000000 0.4301297 0.08901031         0    0.16   0.23      0.61
150  1.00000000 0.4301297 0.08901031         0    0.16   0.23      0.61
151  0.27734375 0.4301297 0.08901031         0    0.16   0.23      0.61
152  1.00000000 0.4301297 0.08901031         0    0.16   0.23      0.61
153  1.00000000 0.4301297 0.08901031         0    0.16   0.23      0.61
154  1.00000000 0.4301297 0.08901031         0    0.16   0.23      0.61
155  0.45703125 0.4301297 0.08901031         0    0.16   0.23      0.61
156  0.62890625 0.4301297 0.08901031         0    0.16   0.23      0.61
157  1.00000000 0.4301297 0.08901031         0    0.16   0.23      0.61
158  0.37890625 0.4301297 0.08901031         0    0.16   0.23      0.61
159  0.37500000 0.4301297 0.08901031         0    0.16   0.23      0.61
160  0.33203125 0.4301297 0.08901031         0    0.16   0.23      0.61
161  0.39062500 0.4301297 0.08901031         0    0.16   0.23      0.61
162  1.00000000 0.4301297 0.08901031         0    0.16   0.23      0.61
163  1.00000000 0.4301297 0.08901031         0    0.16   0.23      0.61
164  0.47656250 0.4301297 0.08901031         0    0.16   0.23      0.61
165  1.00000000 0.4301297 0.08901031         0    0.16   0.23      0.61
166  1.00000000 0.4301297 0.08901031         0    0.16   0.23      0.61
167  0.57812500 0.4301297 0.08901031         0    0.16   0.23      0.61
168  0.67578125 0.4301297 0.08901031         0    0.16   0.23      0.61
169  1.00000000 0.4301297 0.08901031         0    0.16   0.23      0.61
170  1.00000000 0.4301297 0.08901031         0    0.16   0.23      0.61
171  1.00000000 0.4301297 0.08901031         0    0.16   0.23      0.61
172  1.00000000 0.4301297 0.08901031         0    0.16   0.23      0.61
173  1.00000000 0.4301297 0.08901031         0    0.16   0.23      0.61
174  1.00000000 0.4301297 0.08901031         0    0.16   0.23      0.61
175  1.00000000 0.4301297 0.08901031         0    0.16   0.23      0.61
176  1.00000000 0.4301297 0.08901031         0    0.16   0.23      0.61
177  1.00000000 0.4301297 0.08901031         0    0.16   0.23      0.61
178  0.77734375 0.4301297 0.08901031         0    0.16   0.23      0.61
179  0.35156250 0.4301297 0.08901031         0    0.16   0.23      0.61
180  0.78125000 0.4301297 0.08901031         0    0.16   0.23      0.61
181  1.00000000 0.4301297 0.08901031         0    0.16   0.23      0.61
182  0.38281250 0.4301297 0.08901031         0    0.16   0.23      0.61
183  1.00000000 0.4301297 0.08901031         0    0.16   0.23      0.61
184  0.28515625 0.4301297 0.08901031         0    0.16   0.23      0.61
185  1.00000000 0.4301297 0.08901031         0    0.16   0.23      0.61
186  0.63671875 0.4301297 0.08901031         0    0.16   0.23      0.61
187  1.00000000 0.4301297 0.08901031         0    0.16   0.23      0.61
188  1.00000000 0.4301297 0.08901031         0    0.16   0.23      0.61
189  1.00000000 0.4301297 0.08901031         0    0.16   0.23      0.61
190  1.00000000 0.4301297 0.08901031         0    0.16   0.23      0.61
191  0.44921875 0.4301297 0.08901031         0    0.16   0.23      0.61
192  1.00000000 0.4301297 0.08901031         0    0.16   0.23      0.61
193  1.00000000 0.4301297 0.08901031         0    0.16   0.23      0.61
194  1.00000000 0.4301297 0.08901031         0    0.16   0.23      0.61
195  1.00000000 0.4301297 0.08901031         0    0.16   0.23      0.61
196  1.00000000 0.4301297 0.08901031         0    0.16   0.23      0.61
197  0.79296875 0.4301297 0.08901031         0    0.16   0.23      0.61
198  1.00000000 0.4301297 0.08901031         0    0.16   0.23      0.61
199  0.64062500 0.4301297 0.08901031         0    0.16   0.23      0.61
200  0.67187500 0.4301297 0.08901031         0    0.16   0.23      0.61
201  1.00000000 0.4913644 0.08770398         0    0.10   0.26      0.64
202  0.36328125 0.4913644 0.08770398         0    0.10   0.26      0.64
203  1.00000000 0.4913644 0.08770398         0    0.10   0.26      0.64
204  1.00000000 0.4913644 0.08770398         0    0.10   0.26      0.64
205  0.28125000 0.4913644 0.08770398         0    0.10   0.26      0.64
206  1.00000000 0.4913644 0.08770398         0    0.10   0.26      0.64
207  1.00000000 0.4913644 0.08770398         0    0.10   0.26      0.64
208  0.53906250 0.4913644 0.08770398         0    0.10   0.26      0.64
209  0.46093750 0.4913644 0.08770398         0    0.10   0.26      0.64
210  0.41015625 0.4913644 0.08770398         0    0.10   0.26      0.64
211  1.00000000 0.4913644 0.08770398         0    0.10   0.26      0.64
212  1.00000000 0.4913644 0.08770398         0    0.10   0.26      0.64
213  0.42187500 0.4913644 0.08770398         0    0.10   0.26      0.64
214  1.00000000 0.4913644 0.08770398         0    0.10   0.26      0.64
215  1.00000000 0.4913644 0.08770398         0    0.10   0.26      0.64
216  1.00000000 0.4913644 0.08770398         0    0.10   0.26      0.64
217  0.41015625 0.4913644 0.08770398         0    0.10   0.26      0.64
218  1.00000000 0.4913644 0.08770398         0    0.10   0.26      0.64
219  1.00000000 0.4913644 0.08770398         0    0.10   0.26      0.64
220  0.30468750 0.4913644 0.08770398         0    0.10   0.26      0.64
221  1.00000000 0.4913644 0.08770398         0    0.10   0.26      0.64
222  0.41015625 0.4913644 0.08770398         0    0.10   0.26      0.64
223  1.00000000 0.4913644 0.08770398         0    0.10   0.26      0.64
224  1.00000000 0.4913644 0.08770398         0    0.10   0.26      0.64
225  0.70703125 0.4913644 0.08770398         0    0.10   0.26      0.64
226  0.39453125 0.4913644 0.08770398         0    0.10   0.26      0.64
227  0.50781250 0.4913644 0.08770398         0    0.10   0.26      0.64
228  1.00000000 0.4913644 0.08770398         0    0.10   0.26      0.64
229  1.00000000 0.4913644 0.08770398         0    0.10   0.26      0.64
230  1.00000000 0.4913644 0.08770398         0    0.10   0.26      0.64
231  1.00000000 0.4913644 0.08770398         0    0.10   0.26      0.64
232  1.00000000 0.4913644 0.08770398         0    0.10   0.26      0.64
233  1.00000000 0.4913644 0.08770398         0    0.10   0.26      0.64
234  0.69140625 0.4913644 0.08770398         0    0.10   0.26      0.64
235  1.00000000 0.4913644 0.08770398         0    0.10   0.26      0.64
236  1.00000000 0.4913644 0.08770398         0    0.10   0.26      0.64
237  1.00000000 0.4913644 0.08770398         0    0.10   0.26      0.64
238  0.62109375 0.4913644 0.08770398         0    0.10   0.26      0.64
239  1.00000000 0.4913644 0.08770398         0    0.10   0.26      0.64
240  0.32812500 0.4913644 0.08770398         0    0.10   0.26      0.64
241  0.64843750 0.4913644 0.08770398         0    0.10   0.26      0.64
242  0.42187500 0.4913644 0.08770398         0    0.10   0.26      0.64
243  0.46093750 0.4913644 0.08770398         0    0.10   0.26      0.64
244  0.47265625 0.4913644 0.08770398         0    0.10   0.26      0.64
245  1.00000000 0.4913644 0.08770398         0    0.10   0.26      0.64
246  1.00000000 0.4913644 0.08770398         0    0.10   0.26      0.64
247  0.42968750 0.4913644 0.08770398         0    0.10   0.26      0.64
248  0.60937500 0.4913644 0.08770398         0    0.10   0.26      0.64
249  1.00000000 0.4913644 0.08770398         0    0.10   0.26      0.64
250  1.00000000 0.4913644 0.08770398         0    0.10   0.26      0.64
251  1.00000000 0.4913644 0.08770398         0    0.10   0.26      0.64
252  1.00000000 0.4913644 0.08770398         0    0.10   0.26      0.64
253  0.52343750 0.4913644 0.08770398         0    0.10   0.26      0.64
254  1.00000000 0.4913644 0.08770398         0    0.10   0.26      0.64
255  1.00000000 0.4913644 0.08770398         0    0.10   0.26      0.64
256  1.00000000 0.4913644 0.08770398         0    0.10   0.26      0.64
257  1.00000000 0.4913644 0.08770398         0    0.10   0.26      0.64
258  1.00000000 0.4913644 0.08770398         0    0.10   0.26      0.64
259  1.00000000 0.4913644 0.08770398         0    0.10   0.26      0.64
260  0.55468750 0.4913644 0.08770398         0    0.10   0.26      0.64
261  1.00000000 0.4913644 0.08770398         0    0.10   0.26      0.64
262  1.00000000 0.4913644 0.08770398         0    0.10   0.26      0.64
263  0.27343750 0.4913644 0.08770398         0    0.10   0.26      0.64
264  1.00000000 0.4913644 0.08770398         0    0.10   0.26      0.64
265  0.65625000 0.4913644 0.08770398         0    0.10   0.26      0.64
266  1.00000000 0.4913644 0.08770398         0    0.10   0.26      0.64
267  0.71484375 0.4913644 0.08770398         0    0.10   0.26      0.64
268  1.00000000 0.4913644 0.08770398         0    0.10   0.26      0.64
269  0.52734375 0.4913644 0.08770398         0    0.10   0.26      0.64
270  1.00000000 0.4913644 0.08770398         0    0.10   0.26      0.64
271  1.00000000 0.4913644 0.08770398         0    0.10   0.26      0.64
272  1.00000000 0.4913644 0.08770398         0    0.10   0.26      0.64
273  0.69140625 0.4913644 0.08770398         0    0.10   0.26      0.64
274  0.55859375 0.4913644 0.08770398         0    0.10   0.26      0.64
275  0.60937500 0.4913644 0.08770398         0    0.10   0.26      0.64
276  1.00000000 0.4913644 0.08770398         0    0.10   0.26      0.64
277  1.00000000 0.4913644 0.08770398         0    0.10   0.26      0.64
278  0.38281250 0.4913644 0.08770398         0    0.10   0.26      0.64
279  0.48437500 0.4913644 0.08770398         0    0.10   0.26      0.64
280  0.37500000 0.4913644 0.08770398         0    0.10   0.26      0.64
281  1.00000000 0.4913644 0.08770398         0    0.10   0.26      0.64
282  1.00000000 0.4913644 0.08770398         0    0.10   0.26      0.64
283  0.69140625 0.4913644 0.08770398         0    0.10   0.26      0.64
284  0.72265625 0.4913644 0.08770398         0    0.10   0.26      0.64
285  0.75781250 0.4913644 0.08770398         0    0.10   0.26      0.64
286  0.88671875 0.4913644 0.08770398         0    0.10   0.26      0.64
287  1.00000000 0.4913644 0.08770398         0    0.10   0.26      0.64
288  0.67187500 0.4913644 0.08770398         0    0.10   0.26      0.64
289  1.00000000 0.4913644 0.08770398         0    0.10   0.26      0.64
290  1.00000000 0.4913644 0.08770398         0    0.10   0.26      0.64
291  0.33593750 0.4913644 0.08770398         0    0.10   0.26      0.64
292  0.61718750 0.4913644 0.08770398         0    0.10   0.26      0.64
293  0.67578125 0.4913644 0.08770398         0    0.10   0.26      0.64
294  0.48828125 0.4913644 0.08770398         0    0.10   0.26      0.64
295  1.00000000 0.4913644 0.08770398         0    0.10   0.26      0.64
296  1.00000000 0.4913644 0.08770398         0    0.10   0.26      0.64
297  0.68750000 0.4913644 0.08770398         0    0.10   0.26      0.64
298  1.00000000 0.4913644 0.08770398         0    0.10   0.26      0.64
299  0.57812500 0.4913644 0.08770398         0    0.10   0.26      0.64
300  0.35937500 0.4913644 0.08770398         0    0.10   0.26      0.64
301  1.00000000 0.5679891 0.06065666         0    0.14   0.21      0.65
302  0.42187500 0.5679891 0.06065666         0    0.14   0.21      0.65
303  0.51953125 0.5679891 0.06065666         0    0.14   0.21      0.65
304  0.25000000 0.5679891 0.06065666         0    0.14   0.21      0.65
305  1.00000000 0.5679891 0.06065666         0    0.14   0.21      0.65
306  1.00000000 0.5679891 0.06065666         0    0.14   0.21      0.65
307  0.31640625 0.5679891 0.06065666         0    0.14   0.21      0.65
308  0.38671875 0.5679891 0.06065666         0    0.14   0.21      0.65
309  1.00000000 0.5679891 0.06065666         0    0.14   0.21      0.65
310  1.00000000 0.5679891 0.06065666         0    0.14   0.21      0.65
311  1.00000000 0.5679891 0.06065666         0    0.14   0.21      0.65
312  1.00000000 0.5679891 0.06065666         0    0.14   0.21      0.65
313  0.44140625 0.5679891 0.06065666         0    0.14   0.21      0.65
314  0.28906250 0.5679891 0.06065666         0    0.14   0.21      0.65
315  0.64453125 0.5679891 0.06065666         0    0.14   0.21      0.65
316  0.43359375 0.5679891 0.06065666         0    0.14   0.21      0.65
317  1.00000000 0.5679891 0.06065666         0    0.14   0.21      0.65
318  1.00000000 0.5679891 0.06065666         0    0.14   0.21      0.65
319  0.33593750 0.5679891 0.06065666         0    0.14   0.21      0.65
320  1.00000000 0.5679891 0.06065666         0    0.14   0.21      0.65
321  1.00000000 0.5679891 0.06065666         0    0.14   0.21      0.65
322  1.00000000 0.5679891 0.06065666         0    0.14   0.21      0.65
323  1.00000000 0.5679891 0.06065666         0    0.14   0.21      0.65
324  0.32031250 0.5679891 0.06065666         0    0.14   0.21      0.65
325  0.68750000 0.5679891 0.06065666         0    0.14   0.21      0.65
326  0.50390625 0.5679891 0.06065666         0    0.14   0.21      0.65
327  1.00000000 0.5679891 0.06065666         0    0.14   0.21      0.65
328  1.00000000 0.5679891 0.06065666         0    0.14   0.21      0.65
329  0.80859375 0.5679891 0.06065666         0    0.14   0.21      0.65
330  1.00000000 0.5679891 0.06065666         0    0.14   0.21      0.65
331  1.00000000 0.5679891 0.06065666         0    0.14   0.21      0.65
332  1.00000000 0.5679891 0.06065666         0    0.14   0.21      0.65
333  1.00000000 0.5679891 0.06065666         0    0.14   0.21      0.65
334  1.00000000 0.5679891 0.06065666         0    0.14   0.21      0.65
335  1.00000000 0.5679891 0.06065666         0    0.14   0.21      0.65
336  1.00000000 0.5679891 0.06065666         0    0.14   0.21      0.65
337  1.00000000 0.5679891 0.06065666         0    0.14   0.21      0.65
338  1.00000000 0.5679891 0.06065666         0    0.14   0.21      0.65
339  1.00000000 0.5679891 0.06065666         0    0.14   0.21      0.65
340  1.00000000 0.5679891 0.06065666         0    0.14   0.21      0.65
341  1.00000000 0.5679891 0.06065666         0    0.14   0.21      0.65
342  0.25000000 0.5679891 0.06065666         0    0.14   0.21      0.65
343  1.00000000 0.5679891 0.06065666         0    0.14   0.21      0.65
344  0.31640625 0.5679891 0.06065666         0    0.14   0.21      0.65
345  1.00000000 0.5679891 0.06065666         0    0.14   0.21      0.65
346  0.17578125 0.5679891 0.06065666         0    0.14   0.21      0.65
347  0.26562500 0.5679891 0.06065666         0    0.14   0.21      0.65
348  1.00000000 0.5679891 0.06065666         0    0.14   0.21      0.65
349  1.00000000 0.5679891 0.06065666         0    0.14   0.21      0.65
350  1.00000000 0.5679891 0.06065666         0    0.14   0.21      0.65
351  1.00000000 0.5679891 0.06065666         0    0.14   0.21      0.65
352  1.00000000 0.5679891 0.06065666         0    0.14   0.21      0.65
353  1.00000000 0.5679891 0.06065666         0    0.14   0.21      0.65
354  1.00000000 0.5679891 0.06065666         0    0.14   0.21      0.65
355  0.41015625 0.5679891 0.06065666         0    0.14   0.21      0.65
356  0.71093750 0.5679891 0.06065666         0    0.14   0.21      0.65
357  1.00000000 0.5679891 0.06065666         0    0.14   0.21      0.65
358  0.33593750 0.5679891 0.06065666         0    0.14   0.21      0.65
359  1.00000000 0.5679891 0.06065666         0    0.14   0.21      0.65
360  0.35937500 0.5679891 0.06065666         0    0.14   0.21      0.65
361  1.00000000 0.5679891 0.06065666         0    0.14   0.21      0.65
362  1.00000000 0.5679891 0.06065666         0    0.14   0.21      0.65
363  1.00000000 0.5679891 0.06065666         0    0.14   0.21      0.65
364  1.00000000 0.5679891 0.06065666         0    0.14   0.21      0.65
365  1.00000000 0.5679891 0.06065666         0    0.14   0.21      0.65
366  0.28515625 0.5679891 0.06065666         0    0.14   0.21      0.65
367  0.36328125 0.5679891 0.06065666         0    0.14   0.21      0.65
368  0.38281250 0.5679891 0.06065666         0    0.14   0.21      0.65
369  1.00000000 0.5679891 0.06065666         0    0.14   0.21      0.65
370  1.00000000 0.5679891 0.06065666         0    0.14   0.21      0.65
371  1.00000000 0.5679891 0.06065666         0    0.14   0.21      0.65
372  0.24609375 0.5679891 0.06065666         0    0.14   0.21      0.65
373  0.63281250 0.5679891 0.06065666         0    0.14   0.21      0.65
374  0.21484375 0.5679891 0.06065666         0    0.14   0.21      0.65
375  0.34375000 0.5679891 0.06065666         0    0.14   0.21      0.65
376  1.00000000 0.5679891 0.06065666         0    0.14   0.21      0.65
377  1.00000000 0.5679891 0.06065666         0    0.14   0.21      0.65
378  1.00000000 0.5679891 0.06065666         0    0.14   0.21      0.65
379  1.00000000 0.5679891 0.06065666         0    0.14   0.21      0.65
380  1.00000000 0.5679891 0.06065666         0    0.14   0.21      0.65
381  1.00000000 0.5679891 0.06065666         0    0.14   0.21      0.65
382  1.00000000 0.5679891 0.06065666         0    0.14   0.21      0.65
383  0.42187500 0.5679891 0.06065666         0    0.14   0.21      0.65
384  1.00000000 0.5679891 0.06065666         0    0.14   0.21      0.65
385  0.22656250 0.5679891 0.06065666         0    0.14   0.21      0.65
386  1.00000000 0.5679891 0.06065666         0    0.14   0.21      0.65
387  0.33984375 0.5679891 0.06065666         0    0.14   0.21      0.65
388  1.00000000 0.5679891 0.06065666         0    0.14   0.21      0.65
389  0.23046875 0.5679891 0.06065666         0    0.14   0.21      0.65
390  0.31640625 0.5679891 0.06065666         0    0.14   0.21      0.65
391  1.00000000 0.5679891 0.06065666         0    0.14   0.21      0.65
392  1.00000000 0.5679891 0.06065666         0    0.14   0.21      0.65
393  0.30078125 0.5679891 0.06065666         0    0.14   0.21      0.65
394  0.26171875 0.5679891 0.06065666         0    0.14   0.21      0.65
395  1.00000000 0.5679891 0.06065666         0    0.14   0.21      0.65
396  1.00000000 0.5679891 0.06065666         0    0.14   0.21      0.65
397  0.49609375 0.5679891 0.06065666         0    0.14   0.21      0.65
398  1.00000000 0.5679891 0.06065666         0    0.14   0.21      0.65
399  1.00000000 0.5679891 0.06065666         0    0.14   0.21      0.65
400  1.00000000 0.5679891 0.06065666         0    0.14   0.21      0.65
401  1.00000000 0.4805387 0.03370103         0    0.22   0.18      0.60
402  1.00000000 0.4805387 0.03370103         0    0.22   0.18      0.60
403  0.14453125 0.4805387 0.03370103         0    0.22   0.18      0.60
404  0.12890625 0.4805387 0.03370103         0    0.22   0.18      0.60
405  0.21484375 0.4805387 0.03370103         0    0.22   0.18      0.60
406  1.00000000 0.4805387 0.03370103         0    0.22   0.18      0.60
407  1.00000000 0.4805387 0.03370103         0    0.22   0.18      0.60
408  1.00000000 0.4805387 0.03370103         0    0.22   0.18      0.60
409  1.00000000 0.4805387 0.03370103         0    0.22   0.18      0.60
410  0.22265625 0.4805387 0.03370103         0    0.22   0.18      0.60
411  0.12890625 0.4805387 0.03370103         0    0.22   0.18      0.60
412  1.00000000 0.4805387 0.03370103         0    0.22   0.18      0.60
413  0.19531250 0.4805387 0.03370103         0    0.22   0.18      0.60
414  1.00000000 0.4805387 0.03370103         0    0.22   0.18      0.60
415  1.00000000 0.4805387 0.03370103         0    0.22   0.18      0.60
416  1.00000000 0.4805387 0.03370103         0    0.22   0.18      0.60
417  1.00000000 0.4805387 0.03370103         0    0.22   0.18      0.60
418  1.00000000 0.4805387 0.03370103         0    0.22   0.18      0.60
419  1.00000000 0.4805387 0.03370103         0    0.22   0.18      0.60
420  1.00000000 0.4805387 0.03370103         0    0.22   0.18      0.60
421  0.29296875 0.4805387 0.03370103         0    0.22   0.18      0.60
422  1.00000000 0.4805387 0.03370103         0    0.22   0.18      0.60
423  1.00000000 0.4805387 0.03370103         0    0.22   0.18      0.60
424  1.00000000 0.4805387 0.03370103         0    0.22   0.18      0.60
425  1.00000000 0.4805387 0.03370103         0    0.22   0.18      0.60
426  0.18359375 0.4805387 0.03370103         0    0.22   0.18      0.60
427  0.14453125 0.4805387 0.03370103         0    0.22   0.18      0.60
428  0.47265625 0.4805387 0.03370103         0    0.22   0.18      0.60
429  1.00000000 0.4805387 0.03370103         0    0.22   0.18      0.60
430  0.15234375 0.4805387 0.03370103         0    0.22   0.18      0.60
431  1.00000000 0.4805387 0.03370103         0    0.22   0.18      0.60
432  1.00000000 0.4805387 0.03370103         0    0.22   0.18      0.60
433  0.11328125 0.4805387 0.03370103         0    0.22   0.18      0.60
434  0.44140625 0.4805387 0.03370103         0    0.22   0.18      0.60
435  1.00000000 0.4805387 0.03370103         0    0.22   0.18      0.60
436  1.00000000 0.4805387 0.03370103         0    0.22   0.18      0.60
437  1.00000000 0.4805387 0.03370103         0    0.22   0.18      0.60
438  0.30468750 0.4805387 0.03370103         0    0.22   0.18      0.60
439  0.19140625 0.4805387 0.03370103         0    0.22   0.18      0.60
440  1.00000000 0.4805387 0.03370103         0    0.22   0.18      0.60
441  0.17578125 0.4805387 0.03370103         0    0.22   0.18      0.60
442  0.58984375 0.4805387 0.03370103         0    0.22   0.18      0.60
443  0.07421875 0.4805387 0.03370103         0    0.22   0.18      0.60
444  0.27343750 0.4805387 0.03370103         0    0.22   0.18      0.60
445  0.14843750 0.4805387 0.03370103         0    0.22   0.18      0.60
446  1.00000000 0.4805387 0.03370103         0    0.22   0.18      0.60
447  0.21484375 0.4805387 0.03370103         0    0.22   0.18      0.60
448  1.00000000 0.4805387 0.03370103         0    0.22   0.18      0.60
449  1.00000000 0.4805387 0.03370103         0    0.22   0.18      0.60
450  0.13671875 0.4805387 0.03370103         0    0.22   0.18      0.60
451  1.00000000 0.4805387 0.03370103         0    0.22   0.18      0.60
452  1.00000000 0.4805387 0.03370103         0    0.22   0.18      0.60
453  0.05468750 0.4805387 0.03370103         0    0.22   0.18      0.60
454  0.37500000 0.4805387 0.03370103         0    0.22   0.18      0.60
455  1.00000000 0.4805387 0.03370103         0    0.22   0.18      0.60
456  1.00000000 0.4805387 0.03370103         0    0.22   0.18      0.60
457  0.22265625 0.4805387 0.03370103         0    0.22   0.18      0.60
458  0.13281250 0.4805387 0.03370103         0    0.22   0.18      0.60
459  1.00000000 0.4805387 0.03370103         0    0.22   0.18      0.60
460  1.00000000 0.4805387 0.03370103         0    0.22   0.18      0.60
461  0.10156250 0.4805387 0.03370103         0    0.22   0.18      0.60
462  0.29687500 0.4805387 0.03370103         0    0.22   0.18      0.60
463  1.00000000 0.4805387 0.03370103         0    0.22   0.18      0.60
464  1.00000000 0.4805387 0.03370103         0    0.22   0.18      0.60
465  1.00000000 0.4805387 0.03370103         0    0.22   0.18      0.60
466  0.06250000 0.4805387 0.03370103         0    0.22   0.18      0.60
467  1.00000000 0.4805387 0.03370103         0    0.22   0.18      0.60
468  0.24609375 0.4805387 0.03370103         0    0.22   0.18      0.60
469  0.23828125 0.4805387 0.03370103         0    0.22   0.18      0.60
470  1.00000000 0.4805387 0.03370103         0    0.22   0.18      0.60
471  1.00000000 0.4805387 0.03370103         0    0.22   0.18      0.60
472  0.25781250 0.4805387 0.03370103         0    0.22   0.18      0.60
473  0.26953125 0.4805387 0.03370103         0    0.22   0.18      0.60
474  0.19531250 0.4805387 0.03370103         0    0.22   0.18      0.60
475  1.00000000 0.4805387 0.03370103         0    0.22   0.18      0.60
476  1.00000000 0.4805387 0.03370103         0    0.22   0.18      0.60
477  0.08203125 0.4805387 0.03370103         0    0.22   0.18      0.60
478  1.00000000 0.4805387 0.03370103         0    0.22   0.18      0.60
479  0.08593750 0.4805387 0.03370103         0    0.22   0.18      0.60
480  1.00000000 0.4805387 0.03370103         0    0.22   0.18      0.60
481  1.00000000 0.4805387 0.03370103         0    0.22   0.18      0.60
482  1.00000000 0.4805387 0.03370103         0    0.22   0.18      0.60
483  0.16796875 0.4805387 0.03370103         0    0.22   0.18      0.60
484  1.00000000 0.4805387 0.03370103         0    0.22   0.18      0.60
485  1.00000000 0.4805387 0.03370103         0    0.22   0.18      0.60
486  1.00000000 0.4805387 0.03370103         0    0.22   0.18      0.60
487  1.00000000 0.4805387 0.03370103         0    0.22   0.18      0.60
488  0.23046875 0.4805387 0.03370103         0    0.22   0.18      0.60
489  1.00000000 0.4805387 0.03370103         0    0.22   0.18      0.60
490  1.00000000 0.4805387 0.03370103         0    0.22   0.18      0.60
491  1.00000000 0.4805387 0.03370103         0    0.22   0.18      0.60
492  1.00000000 0.4805387 0.03370103         0    0.22   0.18      0.60
493  1.00000000 0.4805387 0.03370103         0    0.22   0.18      0.60
494  1.00000000 0.4805387 0.03370103         0    0.22   0.18      0.60
495  0.25000000 0.4805387 0.03370103         0    0.22   0.18      0.60
496  0.13281250 0.4805387 0.03370103         0    0.22   0.18      0.60
497  0.22265625 0.4805387 0.03370103         0    0.22   0.18      0.60
498  1.00000000 0.4805387 0.03370103         0    0.22   0.18      0.60
499  0.23828125 0.4805387 0.03370103         0    0.22   0.18      0.60
500  1.00000000 0.4805387 0.03370103         0    0.22   0.18      0.60
501  0.12890625 0.5103911 0.02046813         0    0.35   0.13      0.52
502  0.15234375 0.5103911 0.02046813         0    0.35   0.13      0.52
503  1.00000000 0.5103911 0.02046813         0    0.35   0.13      0.52
504  1.00000000 0.5103911 0.02046813         0    0.35   0.13      0.52
505  0.09765625 0.5103911 0.02046813         0    0.35   0.13      0.52
506  1.00000000 0.5103911 0.02046813         0    0.35   0.13      0.52
507  0.21484375 0.5103911 0.02046813         0    0.35   0.13      0.52
508  1.00000000 0.5103911 0.02046813         0    0.35   0.13      0.52
509  1.00000000 0.5103911 0.02046813         0    0.35   0.13      0.52
510  1.00000000 0.5103911 0.02046813         0    0.35   0.13      0.52
511  0.09375000 0.5103911 0.02046813         0    0.35   0.13      0.52
512  1.00000000 0.5103911 0.02046813         0    0.35   0.13      0.52
513  0.10156250 0.5103911 0.02046813         0    0.35   0.13      0.52
514  0.07421875 0.5103911 0.02046813         0    0.35   0.13      0.52
515  0.17578125 0.5103911 0.02046813         0    0.35   0.13      0.52
516  0.07812500 0.5103911 0.02046813         0    0.35   0.13      0.52
517  0.15234375 0.5103911 0.02046813         0    0.35   0.13      0.52
518  1.00000000 0.5103911 0.02046813         0    0.35   0.13      0.52
519  1.00000000 0.5103911 0.02046813         0    0.35   0.13      0.52
520  0.08593750 0.5103911 0.02046813         0    0.35   0.13      0.52
521  0.25000000 0.5103911 0.02046813         0    0.35   0.13      0.52
522  1.00000000 0.5103911 0.02046813         0    0.35   0.13      0.52
523  1.00000000 0.5103911 0.02046813         0    0.35   0.13      0.52
524  0.05078125 0.5103911 0.02046813         0    0.35   0.13      0.52
525  1.00000000 0.5103911 0.02046813         0    0.35   0.13      0.52
526  0.10937500 0.5103911 0.02046813         0    0.35   0.13      0.52
527  1.00000000 0.5103911 0.02046813         0    0.35   0.13      0.52
528  1.00000000 0.5103911 0.02046813         0    0.35   0.13      0.52
529  1.00000000 0.5103911 0.02046813         0    0.35   0.13      0.52
530  1.00000000 0.5103911 0.02046813         0    0.35   0.13      0.52
531  0.32031250 0.5103911 0.02046813         0    0.35   0.13      0.52
532  1.00000000 0.5103911 0.02046813         0    0.35   0.13      0.52
533  1.00000000 0.5103911 0.02046813         0    0.35   0.13      0.52
534  1.00000000 0.5103911 0.02046813         0    0.35   0.13      0.52
535  0.11328125 0.5103911 0.02046813         0    0.35   0.13      0.52
536  1.00000000 0.5103911 0.02046813         0    0.35   0.13      0.52
537  0.13671875 0.5103911 0.02046813         0    0.35   0.13      0.52
538  0.05859375 0.5103911 0.02046813         0    0.35   0.13      0.52
539  0.08593750 0.5103911 0.02046813         0    0.35   0.13      0.52
540  0.39843750 0.5103911 0.02046813         0    0.35   0.13      0.52
541  0.05859375 0.5103911 0.02046813         0    0.35   0.13      0.52
542  1.00000000 0.5103911 0.02046813         0    0.35   0.13      0.52
543  1.00000000 0.5103911 0.02046813         0    0.35   0.13      0.52
544  0.06250000 0.5103911 0.02046813         0    0.35   0.13      0.52
545  1.00000000 0.5103911 0.02046813         0    0.35   0.13      0.52
546  1.00000000 0.5103911 0.02046813         0    0.35   0.13      0.52
547  1.00000000 0.5103911 0.02046813         0    0.35   0.13      0.52
548  0.12890625 0.5103911 0.02046813         0    0.35   0.13      0.52
549  1.00000000 0.5103911 0.02046813         0    0.35   0.13      0.52
550  0.14062500 0.5103911 0.02046813         0    0.35   0.13      0.52
551  0.05859375 0.5103911 0.02046813         0    0.35   0.13      0.52
552  1.00000000 0.5103911 0.02046813         0    0.35   0.13      0.52
553  0.05468750 0.5103911 0.02046813         0    0.35   0.13      0.52
554  1.00000000 0.5103911 0.02046813         0    0.35   0.13      0.52
555  1.00000000 0.5103911 0.02046813         0    0.35   0.13      0.52
556  1.00000000 0.5103911 0.02046813         0    0.35   0.13      0.52
557  0.04296875 0.5103911 0.02046813         0    0.35   0.13      0.52
558  1.00000000 0.5103911 0.02046813         0    0.35   0.13      0.52
559  1.00000000 0.5103911 0.02046813         0    0.35   0.13      0.52
560  0.17187500 0.5103911 0.02046813         0    0.35   0.13      0.52
561  0.07812500 0.5103911 0.02046813         0    0.35   0.13      0.52
562  0.10546875 0.5103911 0.02046813         0    0.35   0.13      0.52
563  1.00000000 0.5103911 0.02046813         0    0.35   0.13      0.52
564  1.00000000 0.5103911 0.02046813         0    0.35   0.13      0.52
565  1.00000000 0.5103911 0.02046813         0    0.35   0.13      0.52
566  0.19921875 0.5103911 0.02046813         0    0.35   0.13      0.52
567  1.00000000 0.5103911 0.02046813         0    0.35   0.13      0.52
568  1.00000000 0.5103911 0.02046813         0    0.35   0.13      0.52
569  1.00000000 0.5103911 0.02046813         0    0.35   0.13      0.52
570  0.08593750 0.5103911 0.02046813         0    0.35   0.13      0.52
571  1.00000000 0.5103911 0.02046813         0    0.35   0.13      0.52
572  1.00000000 0.5103911 0.02046813         0    0.35   0.13      0.52
573  0.04687500 0.5103911 0.02046813         0    0.35   0.13      0.52
574  0.15234375 0.5103911 0.02046813         0    0.35   0.13      0.52
575  1.00000000 0.5103911 0.02046813         0    0.35   0.13      0.52
576  1.00000000 0.5103911 0.02046813         0    0.35   0.13      0.52
577  0.21875000 0.5103911 0.02046813         0    0.35   0.13      0.52
578  0.17578125 0.5103911 0.02046813         0    0.35   0.13      0.52
579  0.08984375 0.5103911 0.02046813         0    0.35   0.13      0.52
580  0.10156250 0.5103911 0.02046813         0    0.35   0.13      0.52
581  1.00000000 0.5103911 0.02046813         0    0.35   0.13      0.52
582  1.00000000 0.5103911 0.02046813         0    0.35   0.13      0.52
583  1.00000000 0.5103911 0.02046813         0    0.35   0.13      0.52
584  0.14062500 0.5103911 0.02046813         0    0.35   0.13      0.52
585  1.00000000 0.5103911 0.02046813         0    0.35   0.13      0.52
586  1.00000000 0.5103911 0.02046813         0    0.35   0.13      0.52
587  0.05859375 0.5103911 0.02046813         0    0.35   0.13      0.52
588  0.01562500 0.5103911 0.02046813         0    0.35   0.13      0.52
589  0.09765625 0.5103911 0.02046813         0    0.35   0.13      0.52
590  0.20703125 0.5103911 0.02046813         0    0.35   0.13      0.52
591  1.00000000 0.5103911 0.02046813         0    0.35   0.13      0.52
592  1.00000000 0.5103911 0.02046813         0    0.35   0.13      0.52
593  1.00000000 0.5103911 0.02046813         0    0.35   0.13      0.52
594  0.08203125 0.5103911 0.02046813         0    0.35   0.13      0.52
595  0.05078125 0.5103911 0.02046813         0    0.35   0.13      0.52
596  1.00000000 0.5103911 0.02046813         0    0.35   0.13      0.52
597  0.10156250 0.5103911 0.02046813         0    0.35   0.13      0.52
598  0.27343750 0.5103911 0.02046813         0    0.35   0.13      0.52
599  1.00000000 0.5103911 0.02046813         0    0.35   0.13      0.52
600  0.05859375 0.5103911 0.02046813         0    0.35   0.13      0.52
601  1.00000000 0.5098386 0.04661886         0    0.21   0.20      0.59
602  1.00000000 0.5098386 0.04661886         0    0.21   0.20      0.59
603  0.18750000 0.5098386 0.04661886         0    0.21   0.20      0.59
604  0.30078125 0.5098386 0.04661886         0    0.21   0.20      0.59
605  0.32812500 0.5098386 0.04661886         0    0.21   0.20      0.59
606  1.00000000 0.5098386 0.04661886         0    0.21   0.20      0.59
607  1.00000000 0.5098386 0.04661886         0    0.21   0.20      0.59
608  0.21484375 0.5098386 0.04661886         0    0.21   0.20      0.59
609  1.00000000 0.5098386 0.04661886         0    0.21   0.20      0.59
610  0.30468750 0.5098386 0.04661886         0    0.21   0.20      0.59
611  0.25000000 0.5098386 0.04661886         0    0.21   0.20      0.59
612  0.35546875 0.5098386 0.04661886         0    0.21   0.20      0.59
613  0.10156250 0.5098386 0.04661886         0    0.21   0.20      0.59
614  1.00000000 0.5098386 0.04661886         0    0.21   0.20      0.59
615  1.00000000 0.5098386 0.04661886         0    0.21   0.20      0.59
616  1.00000000 0.5098386 0.04661886         0    0.21   0.20      0.59
617  1.00000000 0.5098386 0.04661886         0    0.21   0.20      0.59
618  1.00000000 0.5098386 0.04661886         0    0.21   0.20      0.59
619  1.00000000 0.5098386 0.04661886         0    0.21   0.20      0.59
620  1.00000000 0.5098386 0.04661886         0    0.21   0.20      0.59
621  1.00000000 0.5098386 0.04661886         0    0.21   0.20      0.59
622  1.00000000 0.5098386 0.04661886         0    0.21   0.20      0.59
623  0.07812500 0.5098386 0.04661886         0    0.21   0.20      0.59
624  0.19140625 0.5098386 0.04661886         0    0.21   0.20      0.59
625  1.00000000 0.5098386 0.04661886         0    0.21   0.20      0.59
626  1.00000000 0.5098386 0.04661886         0    0.21   0.20      0.59
627  1.00000000 0.5098386 0.04661886         0    0.21   0.20      0.59
628  1.00000000 0.5098386 0.04661886         0    0.21   0.20      0.59
629  0.58593750 0.5098386 0.04661886         0    0.21   0.20      0.59
630  1.00000000 0.5098386 0.04661886         0    0.21   0.20      0.59
631  0.24218750 0.5098386 0.04661886         0    0.21   0.20      0.59
632  0.32812500 0.5098386 0.04661886         0    0.21   0.20      0.59
633  0.35937500 0.5098386 0.04661886         0    0.21   0.20      0.59
634  1.00000000 0.5098386 0.04661886         0    0.21   0.20      0.59
635  0.39843750 0.5098386 0.04661886         0    0.21   0.20      0.59
636  0.33984375 0.5098386 0.04661886         0    0.21   0.20      0.59
637  1.00000000 0.5098386 0.04661886         0    0.21   0.20      0.59
638  1.00000000 0.5098386 0.04661886         0    0.21   0.20      0.59
639  0.42578125 0.5098386 0.04661886         0    0.21   0.20      0.59
640  1.00000000 0.5098386 0.04661886         0    0.21   0.20      0.59
641  0.16796875 0.5098386 0.04661886         0    0.21   0.20      0.59
642  1.00000000 0.5098386 0.04661886         0    0.21   0.20      0.59
643  0.32031250 0.5098386 0.04661886         0    0.21   0.20      0.59
644  1.00000000 0.5098386 0.04661886         0    0.21   0.20      0.59
645  0.26171875 0.5098386 0.04661886         0    0.21   0.20      0.59
646  1.00000000 0.5098386 0.04661886         0    0.21   0.20      0.59
647  1.00000000 0.5098386 0.04661886         0    0.21   0.20      0.59
648  0.12109375 0.5098386 0.04661886         0    0.21   0.20      0.59
649  1.00000000 0.5098386 0.04661886         0    0.21   0.20      0.59
650  1.00000000 0.5098386 0.04661886         0    0.21   0.20      0.59
651  1.00000000 0.5098386 0.04661886         0    0.21   0.20      0.59
652  1.00000000 0.5098386 0.04661886         0    0.21   0.20      0.59
653  0.24609375 0.5098386 0.04661886         0    0.21   0.20      0.59
654  1.00000000 0.5098386 0.04661886         0    0.21   0.20      0.59
655  0.25781250 0.5098386 0.04661886         0    0.21   0.20      0.59
656  0.20703125 0.5098386 0.04661886         0    0.21   0.20      0.59
657  1.00000000 0.5098386 0.04661886         0    0.21   0.20      0.59
658  0.21093750 0.5098386 0.04661886         0    0.21   0.20      0.59
659  1.00000000 0.5098386 0.04661886         0    0.21   0.20      0.59
660  1.00000000 0.5098386 0.04661886         0    0.21   0.20      0.59
661  1.00000000 0.5098386 0.04661886         0    0.21   0.20      0.59
662  0.16406250 0.5098386 0.04661886         0    0.21   0.20      0.59
663  1.00000000 0.5098386 0.04661886         0    0.21   0.20      0.59
664  1.00000000 0.5098386 0.04661886         0    0.21   0.20      0.59
665  0.55078125 0.5098386 0.04661886         0    0.21   0.20      0.59
666  1.00000000 0.5098386 0.04661886         0    0.21   0.20      0.59
667  0.46484375 0.5098386 0.04661886         0    0.21   0.20      0.59
668  0.19921875 0.5098386 0.04661886         0    0.21   0.20      0.59
669  1.00000000 0.5098386 0.04661886         0    0.21   0.20      0.59
670  1.00000000 0.5098386 0.04661886         0    0.21   0.20      0.59
671  1.00000000 0.5098386 0.04661886         0    0.21   0.20      0.59
672  0.42968750 0.5098386 0.04661886         0    0.21   0.20      0.59
673  1.00000000 0.5098386 0.04661886         0    0.21   0.20      0.59
674  0.36718750 0.5098386 0.04661886         0    0.21   0.20      0.59
675  0.21484375 0.5098386 0.04661886         0    0.21   0.20      0.59
676  0.36328125 0.5098386 0.04661886         0    0.21   0.20      0.59
677  0.17968750 0.5098386 0.04661886         0    0.21   0.20      0.59
678  1.00000000 0.5098386 0.04661886         0    0.21   0.20      0.59
679  0.16796875 0.5098386 0.04661886         0    0.21   0.20      0.59
680  1.00000000 0.5098386 0.04661886         0    0.21   0.20      0.59
681  0.15625000 0.5098386 0.04661886         0    0.21   0.20      0.59
682  0.36718750 0.5098386 0.04661886         0    0.21   0.20      0.59
683  0.23046875 0.5098386 0.04661886         0    0.21   0.20      0.59
684  1.00000000 0.5098386 0.04661886         0    0.21   0.20      0.59
685  0.10546875 0.5098386 0.04661886         0    0.21   0.20      0.59
686  0.35546875 0.5098386 0.04661886         0    0.21   0.20      0.59
687  1.00000000 0.5098386 0.04661886         0    0.21   0.20      0.59
688  0.66796875 0.5098386 0.04661886         0    0.21   0.20      0.59
689  1.00000000 0.5098386 0.04661886         0    0.21   0.20      0.59
690  1.00000000 0.5098386 0.04661886         0    0.21   0.20      0.59
691  0.14843750 0.5098386 0.04661886         0    0.21   0.20      0.59
692  0.56640625 0.5098386 0.04661886         0    0.21   0.20      0.59
693  1.00000000 0.5098386 0.04661886         0    0.21   0.20      0.59
694  1.00000000 0.5098386 0.04661886         0    0.21   0.20      0.59
695  0.23828125 0.5098386 0.04661886         0    0.21   0.20      0.59
696  0.44531250 0.5098386 0.04661886         0    0.21   0.20      0.59
697  0.23828125 0.5098386 0.04661886         0    0.21   0.20      0.59
698  0.43359375 0.5098386 0.04661886         0    0.21   0.20      0.59
699  0.63671875 0.5098386 0.04661886         0    0.21   0.20      0.59
700  1.00000000 0.5098386 0.04661886         0    0.21   0.20      0.59
701  0.39843750 0.3510018 0.07779983         0    0.22   0.26      0.52
702  0.41796875 0.3510018 0.07779983         0    0.22   0.26      0.52
703  0.32031250 0.3510018 0.07779983         0    0.22   0.26      0.52
704  0.43750000 0.3510018 0.07779983         0    0.22   0.26      0.52
705  0.28906250 0.3510018 0.07779983         0    0.22   0.26      0.52
706  0.39062500 0.3510018 0.07779983         0    0.22   0.26      0.52
707  0.43750000 0.3510018 0.07779983         0    0.22   0.26      0.52
708  0.38281250 0.3510018 0.07779983         0    0.22   0.26      0.52
709  0.64843750 0.3510018 0.07779983         0    0.22   0.26      0.52
710  0.41406250 0.3510018 0.07779983         0    0.22   0.26      0.52
711  1.00000000 0.3510018 0.07779983         0    0.22   0.26      0.52
712  0.51562500 0.3510018 0.07779983         0    0.22   0.26      0.52
713  1.00000000 0.3510018 0.07779983         0    0.22   0.26      0.52
714  1.00000000 0.3510018 0.07779983         0    0.22   0.26      0.52
715  0.52343750 0.3510018 0.07779983         0    0.22   0.26      0.52
716  0.76953125 0.3510018 0.07779983         0    0.22   0.26      0.52
717  1.00000000 0.3510018 0.07779983         0    0.22   0.26      0.52
718  1.00000000 0.3510018 0.07779983         0    0.22   0.26      0.52
719  1.00000000 0.3510018 0.07779983         0    0.22   0.26      0.52
720  0.46875000 0.3510018 0.07779983         0    0.22   0.26      0.52
721  0.35546875 0.3510018 0.07779983         0    0.22   0.26      0.52
722  1.00000000 0.3510018 0.07779983         0    0.22   0.26      0.52
723  1.00000000 0.3510018 0.07779983         0    0.22   0.26      0.52
724  1.00000000 0.3510018 0.07779983         0    0.22   0.26      0.52
725  1.00000000 0.3510018 0.07779983         0    0.22   0.26      0.52
726  1.00000000 0.3510018 0.07779983         0    0.22   0.26      0.52
727  0.55078125 0.3510018 0.07779983         0    0.22   0.26      0.52
728  0.31640625 0.3510018 0.07779983         0    0.22   0.26      0.52
729  0.65625000 0.3510018 0.07779983         0    0.22   0.26      0.52
730  1.00000000 0.3510018 0.07779983         0    0.22   0.26      0.52
731  0.37500000 0.3510018 0.07779983         0    0.22   0.26      0.52
732  0.56250000 0.3510018 0.07779983         0    0.22   0.26      0.52
733  1.00000000 0.3510018 0.07779983         0    0.22   0.26      0.52
734  0.59765625 0.3510018 0.07779983         0    0.22   0.26      0.52
735  0.37500000 0.3510018 0.07779983         0    0.22   0.26      0.52
736  0.31640625 0.3510018 0.07779983         0    0.22   0.26      0.52
737  1.00000000 0.3510018 0.07779983         0    0.22   0.26      0.52
738  0.35937500 0.3510018 0.07779983         0    0.22   0.26      0.52
739  1.00000000 0.3510018 0.07779983         0    0.22   0.26      0.52
740  0.48437500 0.3510018 0.07779983         0    0.22   0.26      0.52
741  1.00000000 0.3510018 0.07779983         0    0.22   0.26      0.52
742  0.44921875 0.3510018 0.07779983         0    0.22   0.26      0.52
743  0.67968750 0.3510018 0.07779983         0    0.22   0.26      0.52
744  1.00000000 0.3510018 0.07779983         0    0.22   0.26      0.52
745  0.45703125 0.3510018 0.07779983         0    0.22   0.26      0.52
746  0.66015625 0.3510018 0.07779983         0    0.22   0.26      0.52
747  1.00000000 0.3510018 0.07779983         0    0.22   0.26      0.52
748  0.51953125 0.3510018 0.07779983         0    0.22   0.26      0.52
749  0.80468750 0.3510018 0.07779983         0    0.22   0.26      0.52
750  1.00000000 0.3510018 0.07779983         0    0.22   0.26      0.52
751  0.56640625 0.3510018 0.07779983         0    0.22   0.26      0.52
752  1.00000000 0.3510018 0.07779983         0    0.22   0.26      0.52
753  0.38671875 0.3510018 0.07779983         0    0.22   0.26      0.52
754  1.00000000 0.3510018 0.07779983         0    0.22   0.26      0.52
755  0.31250000 0.3510018 0.07779983         0    0.22   0.26      0.52
756  1.00000000 0.3510018 0.07779983         0    0.22   0.26      0.52
757  1.00000000 0.3510018 0.07779983         0    0.22   0.26      0.52
758  1.00000000 0.3510018 0.07779983         0    0.22   0.26      0.52
759  0.33984375 0.3510018 0.07779983         0    0.22   0.26      0.52
760  0.43750000 0.3510018 0.07779983         0    0.22   0.26      0.52
761  0.48046875 0.3510018 0.07779983         0    0.22   0.26      0.52
762  0.67187500 0.3510018 0.07779983         0    0.22   0.26      0.52
763  1.00000000 0.3510018 0.07779983         0    0.22   0.26      0.52
764  0.25000000 0.3510018 0.07779983         0    0.22   0.26      0.52
765  1.00000000 0.3510018 0.07779983         0    0.22   0.26      0.52
766  0.28906250 0.3510018 0.07779983         0    0.22   0.26      0.52
767  1.00000000 0.3510018 0.07779983         0    0.22   0.26      0.52
768  1.00000000 0.3510018 0.07779983         0    0.22   0.26      0.52
769  0.33203125 0.3510018 0.07779983         0    0.22   0.26      0.52
770  0.51953125 0.3510018 0.07779983         0    0.22   0.26      0.52
771  1.00000000 0.3510018 0.07779983         0    0.22   0.26      0.52
772  0.75000000 0.3510018 0.07779983         0    0.22   0.26      0.52
773  0.37500000 0.3510018 0.07779983         0    0.22   0.26      0.52
774  1.00000000 0.3510018 0.07779983         0    0.22   0.26      0.52
775  0.34765625 0.3510018 0.07779983         0    0.22   0.26      0.52
776  0.78906250 0.3510018 0.07779983         0    0.22   0.26      0.52
777  0.30468750 0.3510018 0.07779983         0    0.22   0.26      0.52
778  1.00000000 0.3510018 0.07779983         0    0.22   0.26      0.52
779  0.44531250 0.3510018 0.07779983         0    0.22   0.26      0.52
780  0.71093750 0.3510018 0.07779983         0    0.22   0.26      0.52
781  0.69531250 0.3510018 0.07779983         0    0.22   0.26      0.52
782  0.44531250 0.3510018 0.07779983         0    0.22   0.26      0.52
783  1.00000000 0.3510018 0.07779983         0    0.22   0.26      0.52
784  1.00000000 0.3510018 0.07779983         0    0.22   0.26      0.52
785  0.58593750 0.3510018 0.07779983         0    0.22   0.26      0.52
786  0.43359375 0.3510018 0.07779983         0    0.22   0.26      0.52
787  0.43750000 0.3510018 0.07779983         0    0.22   0.26      0.52
788  1.00000000 0.3510018 0.07779983         0    0.22   0.26      0.52
789  1.00000000 0.3510018 0.07779983         0    0.22   0.26      0.52
790  0.91796875 0.3510018 0.07779983         0    0.22   0.26      0.52
791  0.66015625 0.3510018 0.07779983         0    0.22   0.26      0.52
792  0.41015625 0.3510018 0.07779983         0    0.22   0.26      0.52
793  0.60156250 0.3510018 0.07779983         0    0.22   0.26      0.52
794  0.30078125 0.3510018 0.07779983         0    0.22   0.26      0.52
795  0.33984375 0.3510018 0.07779983         0    0.22   0.26      0.52
796  0.58203125 0.3510018 0.07779983         0    0.22   0.26      0.52
797  1.00000000 0.3510018 0.07779983         0    0.22   0.26      0.52
798  0.61328125 0.3510018 0.07779983         0    0.22   0.26      0.52
799  0.64062500 0.3510018 0.07779983         0    0.22   0.26      0.52
800  0.65234375 0.3510018 0.07779983         0    0.22   0.26      0.52
801  1.00000000 0.3850436 0.11214068         0    0.19   0.26      0.55
802  0.52734375 0.3850436 0.11214068         0    0.19   0.26      0.55
803  0.45312500 0.3850436 0.11214068         0    0.19   0.26      0.55
804  1.00000000 0.3850436 0.11214068         0    0.19   0.26      0.55
805  0.81250000 0.3850436 0.11214068         0    0.19   0.26      0.55
806  1.00000000 0.3850436 0.11214068         0    0.19   0.26      0.55
807  0.51953125 0.3850436 0.11214068         0    0.19   0.26      0.55
808  0.76953125 0.3850436 0.11214068         0    0.19   0.26      0.55
809  0.51171875 0.3850436 0.11214068         0    0.19   0.26      0.55
810  0.60937500 0.3850436 0.11214068         0    0.19   0.26      0.55
811  1.00000000 0.3850436 0.11214068         0    0.19   0.26      0.55
812  1.00000000 0.3850436 0.11214068         0    0.19   0.26      0.55
813  0.56640625 0.3850436 0.11214068         0    0.19   0.26      0.55
814  0.53515625 0.3850436 0.11214068         0    0.19   0.26      0.55
815  0.68359375 0.3850436 0.11214068         0    0.19   0.26      0.55
816  0.51171875 0.3850436 0.11214068         0    0.19   0.26      0.55
817  1.00000000 0.3850436 0.11214068         0    0.19   0.26      0.55
818  1.00000000 0.3850436 0.11214068         0    0.19   0.26      0.55
819  0.54296875 0.3850436 0.11214068         0    0.19   0.26      0.55
820  0.55468750 0.3850436 0.11214068         0    0.19   0.26      0.55
821  0.61328125 0.3850436 0.11214068         0    0.19   0.26      0.55
822  0.55468750 0.3850436 0.11214068         0    0.19   0.26      0.55
823  0.75781250 0.3850436 0.11214068         0    0.19   0.26      0.55
824  1.00000000 0.3850436 0.11214068         0    0.19   0.26      0.55
825  1.00000000 0.3850436 0.11214068         0    0.19   0.26      0.55
826  1.00000000 0.3850436 0.11214068         0    0.19   0.26      0.55
827  1.00000000 0.3850436 0.11214068         0    0.19   0.26      0.55
828  1.00000000 0.3850436 0.11214068         0    0.19   0.26      0.55
829  0.48046875 0.3850436 0.11214068         0    0.19   0.26      0.55
830  0.49609375 0.3850436 0.11214068         0    0.19   0.26      0.55
831  0.81640625 0.3850436 0.11214068         0    0.19   0.26      0.55
832  1.00000000 0.3850436 0.11214068         0    0.19   0.26      0.55
833  1.00000000 0.3850436 0.11214068         0    0.19   0.26      0.55
834  0.60156250 0.3850436 0.11214068         0    0.19   0.26      0.55
835  1.00000000 0.3850436 0.11214068         0    0.19   0.26      0.55
836  0.76953125 0.3850436 0.11214068         0    0.19   0.26      0.55
837  0.47656250 0.3850436 0.11214068         0    0.19   0.26      0.55
838  1.00000000 0.3850436 0.11214068         0    0.19   0.26      0.55
839  0.62109375 0.3850436 0.11214068         0    0.19   0.26      0.55
840  1.00000000 0.3850436 0.11214068         0    0.19   0.26      0.55
841  1.00000000 0.3850436 0.11214068         0    0.19   0.26      0.55
842  0.55078125 0.3850436 0.11214068         0    0.19   0.26      0.55
843  0.44531250 0.3850436 0.11214068         0    0.19   0.26      0.55
844  1.00000000 0.3850436 0.11214068         0    0.19   0.26      0.55
845  0.59765625 0.3850436 0.11214068         0    0.19   0.26      0.55
846  0.44531250 0.3850436 0.11214068         0    0.19   0.26      0.55
847  1.00000000 0.3850436 0.11214068         0    0.19   0.26      0.55
848  0.72656250 0.3850436 0.11214068         0    0.19   0.26      0.55
849  1.00000000 0.3850436 0.11214068         0    0.19   0.26      0.55
850  1.00000000 0.3850436 0.11214068         0    0.19   0.26      0.55
851  0.50781250 0.3850436 0.11214068         0    0.19   0.26      0.55
852  1.00000000 0.3850436 0.11214068         0    0.19   0.26      0.55
853  0.62890625 0.3850436 0.11214068         0    0.19   0.26      0.55
854  0.71093750 0.3850436 0.11214068         0    0.19   0.26      0.55
855  1.00000000 0.3850436 0.11214068         0    0.19   0.26      0.55
856  1.00000000 0.3850436 0.11214068         0    0.19   0.26      0.55
857  0.62109375 0.3850436 0.11214068         0    0.19   0.26      0.55
858  0.52343750 0.3850436 0.11214068         0    0.19   0.26      0.55
859  1.00000000 0.3850436 0.11214068         0    0.19   0.26      0.55
860  1.00000000 0.3850436 0.11214068         0    0.19   0.26      0.55
861  1.00000000 0.3850436 0.11214068         0    0.19   0.26      0.55
862  0.73828125 0.3850436 0.11214068         0    0.19   0.26      0.55
863  0.50000000 0.3850436 0.11214068         0    0.19   0.26      0.55
864  1.00000000 0.3850436 0.11214068         0    0.19   0.26      0.55
865  0.66406250 0.3850436 0.11214068         0    0.19   0.26      0.55
866  0.65625000 0.3850436 0.11214068         0    0.19   0.26      0.55
867  1.00000000 0.3850436 0.11214068         0    0.19   0.26      0.55
868  1.00000000 0.3850436 0.11214068         0    0.19   0.26      0.55
869  1.00000000 0.3850436 0.11214068         0    0.19   0.26      0.55
870  1.00000000 0.3850436 0.11214068         0    0.19   0.26      0.55
871  0.51171875 0.3850436 0.11214068         0    0.19   0.26      0.55
872  0.60546875 0.3850436 0.11214068         0    0.19   0.26      0.55
873  0.48046875 0.3850436 0.11214068         0    0.19   0.26      0.55
874  1.00000000 0.3850436 0.11214068         0    0.19   0.26      0.55
875  0.83203125 0.3850436 0.11214068         0    0.19   0.26      0.55
876  0.52343750 0.3850436 0.11214068         0    0.19   0.26      0.55
877  1.00000000 0.3850436 0.11214068         0    0.19   0.26      0.55
878  0.40234375 0.3850436 0.11214068         0    0.19   0.26      0.55
879  0.75781250 0.3850436 0.11214068         0    0.19   0.26      0.55
880  0.60156250 0.3850436 0.11214068         0    0.19   0.26      0.55
881  0.79687500 0.3850436 0.11214068         0    0.19   0.26      0.55
882  1.00000000 0.3850436 0.11214068         0    0.19   0.26      0.55
883  1.00000000 0.3850436 0.11214068         0    0.19   0.26      0.55
884  1.00000000 0.3850436 0.11214068         0    0.19   0.26      0.55
885  0.30859375 0.3850436 0.11214068         0    0.19   0.26      0.55
886  1.00000000 0.3850436 0.11214068         0    0.19   0.26      0.55
887  1.00000000 0.3850436 0.11214068         0    0.19   0.26      0.55
888  0.48046875 0.3850436 0.11214068         0    0.19   0.26      0.55
889  0.57031250 0.3850436 0.11214068         0    0.19   0.26      0.55
890  0.75781250 0.3850436 0.11214068         0    0.19   0.26      0.55
891  0.61328125 0.3850436 0.11214068         0    0.19   0.26      0.55
892  0.57812500 0.3850436 0.11214068         0    0.19   0.26      0.55
893  0.58593750 0.3850436 0.11214068         0    0.19   0.26      0.55
894  0.41796875 0.3850436 0.11214068         0    0.19   0.26      0.55
895  0.63281250 0.3850436 0.11214068         0    0.19   0.26      0.55
896  0.64062500 0.3850436 0.11214068         0    0.19   0.26      0.55
897  1.00000000 0.3850436 0.11214068         0    0.19   0.26      0.55
898  1.00000000 0.3850436 0.11214068         0    0.19   0.26      0.55
899  0.78515625 0.3850436 0.11214068         0    0.19   0.26      0.55
900  1.00000000 0.3850436 0.11214068         0    0.19   0.26      0.55
901  1.00000000 0.5233434 0.05234658         0    0.26   0.19      0.55
902  1.00000000 0.5233434 0.05234658         0    0.26   0.19      0.55
903  1.00000000 0.5233434 0.05234658         0    0.26   0.19      0.55
904  0.24609375 0.5233434 0.05234658         0    0.26   0.19      0.55
905  0.30468750 0.5233434 0.05234658         0    0.26   0.19      0.55
906  1.00000000 0.5233434 0.05234658         0    0.26   0.19      0.55
907  1.00000000 0.5233434 0.05234658         0    0.26   0.19      0.55
908  1.00000000 0.5233434 0.05234658         0    0.26   0.19      0.55
909  0.31640625 0.5233434 0.05234658         0    0.26   0.19      0.55
910  0.30078125 0.5233434 0.05234658         0    0.26   0.19      0.55
911  1.00000000 0.5233434 0.05234658         0    0.26   0.19      0.55
912  0.24218750 0.5233434 0.05234658         0    0.26   0.19      0.55
913  1.00000000 0.5233434 0.05234658         0    0.26   0.19      0.55
914  0.58593750 0.5233434 0.05234658         0    0.26   0.19      0.55
915  1.00000000 0.5233434 0.05234658         0    0.26   0.19      0.55
916  0.53125000 0.5233434 0.05234658         0    0.26   0.19      0.55
917  1.00000000 0.5233434 0.05234658         0    0.26   0.19      0.55
918  0.19531250 0.5233434 0.05234658         0    0.26   0.19      0.55
919  1.00000000 0.5233434 0.05234658         0    0.26   0.19      0.55
920  1.00000000 0.5233434 0.05234658         0    0.26   0.19      0.55
921  1.00000000 0.5233434 0.05234658         0    0.26   0.19      0.55
922  0.19140625 0.5233434 0.05234658         0    0.26   0.19      0.55
923  0.38281250 0.5233434 0.05234658         0    0.26   0.19      0.55
924  0.19531250 0.5233434 0.05234658         0    0.26   0.19      0.55
925  0.49218750 0.5233434 0.05234658         0    0.26   0.19      0.55
926  1.00000000 0.5233434 0.05234658         0    0.26   0.19      0.55
927  1.00000000 0.5233434 0.05234658         0    0.26   0.19      0.55
928  0.78125000 0.5233434 0.05234658         0    0.26   0.19      0.55
929  1.00000000 0.5233434 0.05234658         0    0.26   0.19      0.55
930  1.00000000 0.5233434 0.05234658         0    0.26   0.19      0.55
931  1.00000000 0.5233434 0.05234658         0    0.26   0.19      0.55
932  1.00000000 0.5233434 0.05234658         0    0.26   0.19      0.55
933  0.27734375 0.5233434 0.05234658         0    0.26   0.19      0.55
934  0.30078125 0.5233434 0.05234658         0    0.26   0.19      0.55
935  1.00000000 0.5233434 0.05234658         0    0.26   0.19      0.55
936  0.73437500 0.5233434 0.05234658         0    0.26   0.19      0.55
937  1.00000000 0.5233434 0.05234658         0    0.26   0.19      0.55
938  1.00000000 0.5233434 0.05234658         0    0.26   0.19      0.55
939  1.00000000 0.5233434 0.05234658         0    0.26   0.19      0.55
940  0.29687500 0.5233434 0.05234658         0    0.26   0.19      0.55
941  1.00000000 0.5233434 0.05234658         0    0.26   0.19      0.55
942  1.00000000 0.5233434 0.05234658         0    0.26   0.19      0.55
943  0.41796875 0.5233434 0.05234658         0    0.26   0.19      0.55
944  0.24609375 0.5233434 0.05234658         0    0.26   0.19      0.55
945  0.35937500 0.5233434 0.05234658         0    0.26   0.19      0.55
946  0.19921875 0.5233434 0.05234658         0    0.26   0.19      0.55
947  0.28125000 0.5233434 0.05234658         0    0.26   0.19      0.55
948  1.00000000 0.5233434 0.05234658         0    0.26   0.19      0.55
949  1.00000000 0.5233434 0.05234658         0    0.26   0.19      0.55
950  0.24218750 0.5233434 0.05234658         0    0.26   0.19      0.55
951  0.37500000 0.5233434 0.05234658         0    0.26   0.19      0.55
952  0.37500000 0.5233434 0.05234658         0    0.26   0.19      0.55
953  0.17968750 0.5233434 0.05234658         0    0.26   0.19      0.55
954  0.23828125 0.5233434 0.05234658         0    0.26   0.19      0.55
955  1.00000000 0.5233434 0.05234658         0    0.26   0.19      0.55
956  0.47656250 0.5233434 0.05234658         0    0.26   0.19      0.55
957  0.46484375 0.5233434 0.05234658         0    0.26   0.19      0.55
958  0.41406250 0.5233434 0.05234658         0    0.26   0.19      0.55
959  0.21484375 0.5233434 0.05234658         0    0.26   0.19      0.55
960  0.14062500 0.5233434 0.05234658         0    0.26   0.19      0.55
961  0.30859375 0.5233434 0.05234658         0    0.26   0.19      0.55
962  1.00000000 0.5233434 0.05234658         0    0.26   0.19      0.55
963  0.46875000 0.5233434 0.05234658         0    0.26   0.19      0.55
964  1.00000000 0.5233434 0.05234658         0    0.26   0.19      0.55
965  1.00000000 0.5233434 0.05234658         0    0.26   0.19      0.55
966  1.00000000 0.5233434 0.05234658         0    0.26   0.19      0.55
967  0.26171875 0.5233434 0.05234658         0    0.26   0.19      0.55
968  0.29296875 0.5233434 0.05234658         0    0.26   0.19      0.55
969  1.00000000 0.5233434 0.05234658         0    0.26   0.19      0.55
970  0.28906250 0.5233434 0.05234658         0    0.26   0.19      0.55
971  0.47265625 0.5233434 0.05234658         0    0.26   0.19      0.55
972  0.29296875 0.5233434 0.05234658         0    0.26   0.19      0.55
973  0.42187500 0.5233434 0.05234658         0    0.26   0.19      0.55
974  0.35546875 0.5233434 0.05234658         0    0.26   0.19      0.55
975  0.12500000 0.5233434 0.05234658         0    0.26   0.19      0.55
976  1.00000000 0.5233434 0.05234658         0    0.26   0.19      0.55
977  0.39843750 0.5233434 0.05234658         0    0.26   0.19      0.55
978  1.00000000 0.5233434 0.05234658         0    0.26   0.19      0.55
979  1.00000000 0.5233434 0.05234658         0    0.26   0.19      0.55
980  1.00000000 0.5233434 0.05234658         0    0.26   0.19      0.55
981  1.00000000 0.5233434 0.05234658         0    0.26   0.19      0.55
982  0.41406250 0.5233434 0.05234658         0    0.26   0.19      0.55
983  0.31640625 0.5233434 0.05234658         0    0.26   0.19      0.55
984  0.09765625 0.5233434 0.05234658         0    0.26   0.19      0.55
985  1.00000000 0.5233434 0.05234658         0    0.26   0.19      0.55
986  1.00000000 0.5233434 0.05234658         0    0.26   0.19      0.55
987  0.26953125 0.5233434 0.05234658         0    0.26   0.19      0.55
988  0.65625000 0.5233434 0.05234658         0    0.26   0.19      0.55
989  1.00000000 0.5233434 0.05234658         0    0.26   0.19      0.55
990  1.00000000 0.5233434 0.05234658         0    0.26   0.19      0.55
991  1.00000000 0.5233434 0.05234658         0    0.26   0.19      0.55
992  1.00000000 0.5233434 0.05234658         0    0.26   0.19      0.55
993  1.00000000 0.5233434 0.05234658         0    0.26   0.19      0.55
994  0.60546875 0.5233434 0.05234658         0    0.26   0.19      0.55
995  0.41406250 0.5233434 0.05234658         0    0.26   0.19      0.55
996  0.17578125 0.5233434 0.05234658         0    0.26   0.19      0.55
997  1.00000000 0.5233434 0.05234658         0    0.26   0.19      0.55
998  1.00000000 0.5233434 0.05234658         0    0.26   0.19      0.55
999  1.00000000 0.5233434 0.05234658         0    0.26   0.19      0.55
1000 1.00000000 0.5233434 0.05234658         0    0.26   0.19      0.55
.60
974  0.08203125 0.55376877 0.021454472         0    0.29   0.11      0.60
975  1.00000000 0.55376877 0.021454472         0    0.29   0.11      0.60
976  1.00000000 0.55376877 0.021454472         0    0.29   0.11      0.60
977  1.00000000 0.55376877 0.021454472         0    0.29   0.11      0.60
978  0.10546875 0.55376877 0.021454472         0    0.29   0.11      0.60
979  0.25781250 0.55376877 0.021454472         0    0.29   0.11      0.60
980  0.09375000 0.55376877 0.021454472         0    0.29   0.11      0.60
981  1.00000000 0.55376877 0.021454472         0    0.29   0.11      0.60
982  0.12500000 0.55376877 0.021454472         0    0.29   0.11      0.60
983  1.00000000 0.55376877 0.021454472         0    0.29   0.11      0.60
984  0.40234375 0.55376877 0.021454472         0    0.29   0.11      0.60
985  1.00000000 0.55376877 0.021454472         0    0.29   0.11      0.60
986  0.30859375 0.55376877 0.021454472         0    0.29   0.11      0.60
987  1.00000000 0.55376877 0.021454472         0    0.29   0.11      0.60
988  1.00000000 0.55376877 0.021454472         0    0.29   0.11      0.60
989  1.00000000 0.55376877 0.021454472         0    0.29   0.11      0.60
990  0.18750000 0.55376877 0.021454472         0    0.29   0.11      0.60
991  0.14062500 0.55376877 0.021454472         0    0.29   0.11      0.60
992  1.00000000 0.55376877 0.021454472         0    0.29   0.11      0.60
993  1.00000000 0.55376877 0.021454472         0    0.29   0.11      0.60
994  1.00000000 0.55376877 0.021454472         0    0.29   0.11      0.60
995  1.00000000 0.55376877 0.021454472         0    0.29   0.11      0.60
996  0.07031250 0.55376877 0.021454472         0    0.29   0.11      0.60
997  0.12890625 0.55376877 0.021454472         0    0.29   0.11      0.60
998  1.00000000 0.55376877 0.021454472         0    0.29   0.11      0.60
999  0.11718750 0.55376877 0.021454472         0    0.29   0.11      0.60
1000 1.00000000 0.55376877 0.021454472         0    0.29   0.11      0.60
