     prop.aneu prob.meio  prob.mito dispersal euploid mosaic aneuploid
1    0.4140625 0.4681014 0.05465694         0    0.28   0.20      0.52
2    0.6328125 0.4681014 0.05465694         0    0.28   0.20      0.52
3    1.0000000 0.4681014 0.05465694         0    0.28   0.20      0.52
4    0.1640625 0.4681014 0.05465694         0    0.28   0.20      0.52
5    0.1601562 0.4681014 0.05465694         0    0.28   0.20      0.52
6    1.0000000 0.4681014 0.05465694         0    0.28   0.20      0.52
7    1.0000000 0.4681014 0.05465694         0    0.28   0.20      0.52
8    1.0000000 0.4681014 0.05465694         0    0.28   0.20      0.52
9    1.0000000 0.4681014 0.05465694         0    0.28   0.20      0.52
10   0.2578125 0.4681014 0.05465694         0    0.28   0.20      0.52
11   1.0000000 0.4681014 0.05465694         0    0.28   0.20      0.52
12   1.0000000 0.4681014 0.05465694         0    0.28   0.20      0.52
13   1.0000000 0.4681014 0.05465694         0    0.28   0.20      0.52
14   0.1210938 0.4681014 0.05465694         0    0.28   0.20      0.52
15   0.3007812 0.4681014 0.05465694         0    0.28   0.20      0.52
16   0.2656250 0.4681014 0.05465694         0    0.28   0.20      0.52
17   0.1640625 0.4681014 0.05465694         0    0.28   0.20      0.52
18   1.0000000 0.4681014 0.05465694         0    0.28   0.20      0.52
19   1.0000000 0.4681014 0.05465694         0    0.28   0.20      0.52
20   1.0000000 0.4681014 0.05465694         0    0.28   0.20      0.52
21   0.3085938 0.4681014 0.05465694         0    0.28   0.20      0.52
22   1.0000000 0.4681014 0.05465694         0    0.28   0.20      0.52
23   1.0000000 0.4681014 0.05465694         0    0.28   0.20      0.52
24   1.0000000 0.4681014 0.05465694         0    0.28   0.20      0.52
25   0.4726562 0.4681014 0.05465694         0    0.28   0.20      0.52
26   0.2148438 0.4681014 0.05465694         0    0.28   0.20      0.52
27   1.0000000 0.4681014 0.05465694         0    0.28   0.20      0.52
28   0.3437500 0.4681014 0.05465694         0    0.28   0.20      0.52
29   0.2226562 0.4681014 0.05465694         0    0.28   0.20      0.52
30   1.0000000 0.4681014 0.05465694         0    0.28   0.20      0.52
31   1.0000000 0.4681014 0.05465694         0    0.28   0.20      0.52
32   0.2851562 0.4681014 0.05465694         0    0.28   0.20      0.52
33   0.2578125 0.4681014 0.05465694         0    0.28   0.20      0.52
34   0.2460938 0.4681014 0.05465694         0    0.28   0.20      0.52
35   0.3437500 0.4681014 0.05465694         0    0.28   0.20      0.52
36   0.1835938 0.4681014 0.05465694         0    0.28   0.20      0.52
37   1.0000000 0.4681014 0.05465694         0    0.28   0.20      0.52
38   0.6562500 0.4681014 0.05465694         0    0.28   0.20      0.52
39   1.0000000 0.4681014 0.05465694         0    0.28   0.20      0.52
40   0.2578125 0.4681014 0.05465694         0    0.28   0.20      0.52
41   0.4960938 0.4681014 0.05465694         0    0.28   0.20      0.52
42   0.3242188 0.4681014 0.05465694         0    0.28   0.20      0.52
43   1.0000000 0.4681014 0.05465694         0    0.28   0.20      0.52
44   0.4726562 0.4681014 0.05465694         0    0.28   0.20      0.52
45   0.3750000 0.4681014 0.05465694         0    0.28   0.20      0.52
46   0.5117188 0.4681014 0.05465694         0    0.28   0.20      0.52
47   1.0000000 0.4681014 0.05465694         0    0.28   0.20      0.52
48   1.0000000 0.4681014 0.05465694         0    0.28   0.20      0.52
49   1.0000000 0.4681014 0.05465694         0    0.28   0.20      0.52
50   0.5000000 0.4681014 0.05465694         0    0.28   0.20      0.52
51   0.2148438 0.4681014 0.05465694         0    0.28   0.20      0.52
52   1.0000000 0.4681014 0.05465694         0    0.28   0.20      0.52
53   0.3164062 0.4681014 0.05465694         0    0.28   0.20      0.52
54   1.0000000 0.4681014 0.05465694         0    0.28   0.20      0.52
55   0.3320312 0.4681014 0.05465694         0    0.28   0.20      0.52
56   0.4843750 0.4681014 0.05465694         0    0.28   0.20      0.52
57   0.3789062 0.4681014 0.05465694         0    0.28   0.20      0.52
58   0.3867188 0.4681014 0.05465694         0    0.28   0.20      0.52
59   0.2148438 0.4681014 0.05465694         0    0.28   0.20      0.52
60   0.3945312 0.4681014 0.05465694         0    0.28   0.20      0.52
61   1.0000000 0.4681014 0.05465694         0    0.28   0.20      0.52
62   0.1328125 0.4681014 0.05465694         0    0.28   0.20      0.52
63   1.0000000 0.4681014 0.05465694         0    0.28   0.20      0.52
64   1.0000000 0.4681014 0.05465694         0    0.28   0.20      0.52
65   0.3710938 0.4681014 0.05465694         0    0.28   0.20      0.52
66   0.3203125 0.4681014 0.05465694         0    0.28   0.20      0.52
67   1.0000000 0.4681014 0.05465694         0    0.28   0.20      0.52
68   0.2695312 0.4681014 0.05465694         0    0.28   0.20      0.52
69   0.7968750 0.4681014 0.05465694         0    0.28   0.20      0.52
70   1.0000000 0.4681014 0.05465694         0    0.28   0.20      0.52
71   0.5000000 0.4681014 0.05465694         0    0.28   0.20      0.52
72   0.2539062 0.4681014 0.05465694         0    0.28   0.20      0.52
73   1.0000000 0.4681014 0.05465694         0    0.28   0.20      0.52
74   0.3515625 0.4681014 0.05465694         0    0.28   0.20      0.52
75   0.4140625 0.4681014 0.05465694         0    0.28   0.20      0.52
76   0.1914062 0.4681014 0.05465694         0    0.28   0.20      0.52
77   0.2304688 0.4681014 0.05465694         0    0.28   0.20      0.52
78   0.2968750 0.4681014 0.05465694         0    0.28   0.20      0.52
79   1.0000000 0.4681014 0.05465694         0    0.28   0.20      0.52
80   1.0000000 0.4681014 0.05465694         0    0.28   0.20      0.52
81   0.3828125 0.4681014 0.05465694         0    0.28   0.20      0.52
82   1.0000000 0.4681014 0.05465694         0    0.28   0.20      0.52
83   1.0000000 0.4681014 0.05465694         0    0.28   0.20      0.52
84   1.0000000 0.4681014 0.05465694         0    0.28   0.20      0.52
85   1.0000000 0.4681014 0.05465694         0    0.28   0.20      0.52
86   0.4687500 0.4681014 0.05465694         0    0.28   0.20      0.52
87   0.6562500 0.4681014 0.05465694         0    0.28   0.20      0.52
88   0.5039062 0.4681014 0.05465694         0    0.28   0.20      0.52
89   1.0000000 0.4681014 0.05465694         0    0.28   0.20      0.52
90   1.0000000 0.4681014 0.05465694         0    0.28   0.20      0.52
91   0.2187500 0.4681014 0.05465694         0    0.28   0.20      0.52
92   1.0000000 0.4681014 0.05465694         0    0.28   0.20      0.52
93   0.2812500 0.4681014 0.05465694         0    0.28   0.20      0.52
94   0.2031250 0.4681014 0.05465694         0    0.28   0.20      0.52
95   0.2968750 0.4681014 0.05465694         0    0.28   0.20      0.52
96   0.2304688 0.4681014 0.05465694         0    0.28   0.20      0.52
97   1.0000000 0.4681014 0.05465694         0    0.28   0.20      0.52
98   1.0000000 0.4681014 0.05465694         0    0.28   0.20      0.52
99   1.0000000 0.4681014 0.05465694         0    0.28   0.20      0.52
100  1.0000000 0.4681014 0.05465694         0    0.28   0.20      0.52
101  1.0000000 0.5426925 0.06102616         0    0.25   0.18      0.57
102  0.2343750 0.5426925 0.06102616         0    0.25   0.18      0.57
103  1.0000000 0.5426925 0.06102616         0    0.25   0.18      0.57
104  0.5664062 0.5426925 0.06102616         0    0.25   0.18      0.57
105  1.0000000 0.5426925 0.06102616         0    0.25   0.18      0.57
106  1.0000000 0.5426925 0.06102616         0    0.25   0.18      0.57
107  1.0000000 0.5426925 0.06102616         0    0.25   0.18      0.57
108  0.3085938 0.5426925 0.06102616         0    0.25   0.18      0.57
109  1.0000000 0.5426925 0.06102616         0    0.25   0.18      0.57
110  1.0000000 0.5426925 0.06102616         0    0.25   0.18      0.57
111  1.0000000 0.5426925 0.06102616         0    0.25   0.18      0.57
112  1.0000000 0.5426925 0.06102616         0    0.25   0.18      0.57
113  1.0000000 0.5426925 0.06102616         0    0.25   0.18      0.57
114  0.4570312 0.5426925 0.06102616         0    0.25   0.18      0.57
115  1.0000000 0.5426925 0.06102616         0    0.25   0.18      0.57
116  0.4921875 0.5426925 0.06102616         0    0.25   0.18      0.57
117  1.0000000 0.5426925 0.06102616         0    0.25   0.18      0.57
118  0.3750000 0.5426925 0.06102616         0    0.25   0.18      0.57
119  1.0000000 0.5426925 0.06102616         0    0.25   0.18      0.57
120  1.0000000 0.5426925 0.06102616         0    0.25   0.18      0.57
121  0.2031250 0.5426925 0.06102616         0    0.25   0.18      0.57
122  1.0000000 0.5426925 0.06102616         0    0.25   0.18      0.57
123  1.0000000 0.5426925 0.06102616         0    0.25   0.18      0.57
124  1.0000000 0.5426925 0.06102616         0    0.25   0.18      0.57
125  0.3164062 0.5426925 0.06102616         0    0.25   0.18      0.57
126  0.3984375 0.5426925 0.06102616         0    0.25   0.18      0.57
127  0.3320312 0.5426925 0.06102616         0    0.25   0.18      0.57
128  1.0000000 0.5426925 0.06102616         0    0.25   0.18      0.57
129  0.1718750 0.5426925 0.06102616         0    0.25   0.18      0.57
130  0.3671875 0.5426925 0.06102616         0    0.25   0.18      0.57
131  1.0000000 0.5426925 0.06102616         0    0.25   0.18      0.57
132  1.0000000 0.5426925 0.06102616         0    0.25   0.18      0.57
133  1.0000000 0.5426925 0.06102616         0    0.25   0.18      0.57
134  1.0000000 0.5426925 0.06102616         0    0.25   0.18      0.57
135  0.2734375 0.5426925 0.06102616         0    0.25   0.18      0.57
136  0.4570312 0.5426925 0.06102616         0    0.25   0.18      0.57
137  1.0000000 0.5426925 0.06102616         0    0.25   0.18      0.57
138  1.0000000 0.5426925 0.06102616         0    0.25   0.18      0.57
139  0.2460938 0.5426925 0.06102616         0    0.25   0.18      0.57
140  1.0000000 0.5426925 0.06102616         0    0.25   0.18      0.57
141  0.8750000 0.5426925 0.06102616         0    0.25   0.18      0.57
142  0.2226562 0.5426925 0.06102616         0    0.25   0.18      0.57
143  0.4257812 0.5426925 0.06102616         0    0.25   0.18      0.57
144  1.0000000 0.5426925 0.06102616         0    0.25   0.18      0.57
145  0.4531250 0.5426925 0.06102616         0    0.25   0.18      0.57
146  0.4023438 0.5426925 0.06102616         0    0.25   0.18      0.57
147  0.6328125 0.5426925 0.06102616         0    0.25   0.18      0.57
148  0.4843750 0.5426925 0.06102616         0    0.25   0.18      0.57
149  0.3750000 0.5426925 0.06102616         0    0.25   0.18      0.57
150  0.3945312 0.5426925 0.06102616         0    0.25   0.18      0.57
151  1.0000000 0.5426925 0.06102616         0    0.25   0.18      0.57
152  0.2382812 0.5426925 0.06102616         0    0.25   0.18      0.57
153  0.3554688 0.5426925 0.06102616         0    0.25   0.18      0.57
154  1.0000000 0.5426925 0.06102616         0    0.25   0.18      0.57
155  1.0000000 0.5426925 0.06102616         0    0.25   0.18      0.57
156  1.0000000 0.5426925 0.06102616         0    0.25   0.18      0.57
157  1.0000000 0.5426925 0.06102616         0    0.25   0.18      0.57
158  0.8203125 0.5426925 0.06102616         0    0.25   0.18      0.57
159  0.2187500 0.5426925 0.06102616         0    0.25   0.18      0.57
160  1.0000000 0.5426925 0.06102616         0    0.25   0.18      0.57
161  1.0000000 0.5426925 0.06102616         0    0.25   0.18      0.57
162  1.0000000 0.5426925 0.06102616         0    0.25   0.18      0.57
163  0.7226562 0.5426925 0.06102616         0    0.25   0.18      0.57
164  1.0000000 0.5426925 0.06102616         0    0.25   0.18      0.57
165  0.3164062 0.5426925 0.06102616         0    0.25   0.18      0.57
166  1.0000000 0.5426925 0.06102616         0    0.25   0.18      0.57
167  1.0000000 0.5426925 0.06102616         0    0.25   0.18      0.57
168  0.3242188 0.5426925 0.06102616         0    0.25   0.18      0.57
169  0.5390625 0.5426925 0.06102616         0    0.25   0.18      0.57
170  1.0000000 0.5426925 0.06102616         0    0.25   0.18      0.57
171  1.0000000 0.5426925 0.06102616         0    0.25   0.18      0.57
172  1.0000000 0.5426925 0.06102616         0    0.25   0.18      0.57
173  1.0000000 0.5426925 0.06102616         0    0.25   0.18      0.57
174  0.2265625 0.5426925 0.06102616         0    0.25   0.18      0.57
175  1.0000000 0.5426925 0.06102616         0    0.25   0.18      0.57
176  1.0000000 0.5426925 0.06102616         0    0.25   0.18      0.57
177  1.0000000 0.5426925 0.06102616         0    0.25   0.18      0.57
178  0.5859375 0.5426925 0.06102616         0    0.25   0.18      0.57
179  1.0000000 0.5426925 0.06102616         0    0.25   0.18      0.57
180  0.3476562 0.5426925 0.06102616         0    0.25   0.18      0.57
181  1.0000000 0.5426925 0.06102616         0    0.25   0.18      0.57
182  0.4062500 0.5426925 0.06102616         0    0.25   0.18      0.57
183  0.2070312 0.5426925 0.06102616         0    0.25   0.18      0.57
184  1.0000000 0.5426925 0.06102616         0    0.25   0.18      0.57
185  0.5507812 0.5426925 0.06102616         0    0.25   0.18      0.57
186  1.0000000 0.5426925 0.06102616         0    0.25   0.18      0.57
187  1.0000000 0.5426925 0.06102616         0    0.25   0.18      0.57
188  0.2890625 0.5426925 0.06102616         0    0.25   0.18      0.57
189  0.6679688 0.5426925 0.06102616         0    0.25   0.18      0.57
190  0.3007812 0.5426925 0.06102616         0    0.25   0.18      0.57
191  0.2031250 0.5426925 0.06102616         0    0.25   0.18      0.57
192  1.0000000 0.5426925 0.06102616         0    0.25   0.18      0.57
193  0.1953125 0.5426925 0.06102616         0    0.25   0.18      0.57
194  0.4804688 0.5426925 0.06102616         0    0.25   0.18      0.57
195  0.2695312 0.5426925 0.06102616         0    0.25   0.18      0.57
196  1.0000000 0.5426925 0.06102616         0    0.25   0.18      0.57
197  1.0000000 0.5426925 0.06102616         0    0.25   0.18      0.57
198  0.3789062 0.5426925 0.06102616         0    0.25   0.18      0.57
199  1.0000000 0.5426925 0.06102616         0    0.25   0.18      0.57
200  1.0000000 0.5426925 0.06102616         0    0.25   0.18      0.57
201  0.2421875 0.5694373 0.03715995         0    0.26   0.13      0.61
202  1.0000000 0.5694373 0.03715995         0    0.26   0.13      0.61
203  0.1562500 0.5694373 0.03715995         0    0.26   0.13      0.61
204  0.1015625 0.5694373 0.03715995         0    0.26   0.13      0.61
205  0.2343750 0.5694373 0.03715995         0    0.26   0.13      0.61
206  1.0000000 0.5694373 0.03715995         0    0.26   0.13      0.61
207  1.0000000 0.5694373 0.03715995         0    0.26   0.13      0.61
208  0.0859375 0.5694373 0.03715995         0    0.26   0.13      0.61
209  1.0000000 0.5694373 0.03715995         0    0.26   0.13      0.61
210  0.2578125 0.5694373 0.03715995         0    0.26   0.13      0.61
211  1.0000000 0.5694373 0.03715995         0    0.26   0.13      0.61
212  1.0000000 0.5694373 0.03715995         0    0.26   0.13      0.61
213  1.0000000 0.5694373 0.03715995         0    0.26   0.13      0.61
214  1.0000000 0.5694373 0.03715995         0    0.26   0.13      0.61
215  1.0000000 0.5694373 0.03715995         0    0.26   0.13      0.61
216  1.0000000 0.5694373 0.03715995         0    0.26   0.13      0.61
217  0.2578125 0.5694373 0.03715995         0    0.26   0.13      0.61
218  1.0000000 0.5694373 0.03715995         0    0.26   0.13      0.61
219  1.0000000 0.5694373 0.03715995         0    0.26   0.13      0.61
220  1.0000000 0.5694373 0.03715995         0    0.26   0.13      0.61
221  1.0000000 0.5694373 0.03715995         0    0.26   0.13      0.61
222  0.7070312 0.5694373 0.03715995         0    0.26   0.13      0.61
223  0.1484375 0.5694373 0.03715995         0    0.26   0.13      0.61
224  1.0000000 0.5694373 0.03715995         0    0.26   0.13      0.61
225  1.0000000 0.5694373 0.03715995         0    0.26   0.13      0.61
226  0.5664062 0.5694373 0.03715995         0    0.26   0.13      0.61
227  1.0000000 0.5694373 0.03715995         0    0.26   0.13      0.61
228  0.1523438 0.5694373 0.03715995         0    0.26   0.13      0.61
229  1.0000000 0.5694373 0.03715995         0    0.26   0.13      0.61
230  0.2265625 0.5694373 0.03715995         0    0.26   0.13      0.61
231  1.0000000 0.5694373 0.03715995         0    0.26   0.13      0.61
232  1.0000000 0.5694373 0.03715995         0    0.26   0.13      0.61
233  0.2304688 0.5694373 0.03715995         0    0.26   0.13      0.61
234  1.0000000 0.5694373 0.03715995         0    0.26   0.13      0.61
235  1.0000000 0.5694373 0.03715995         0    0.26   0.13      0.61
236  0.4257812 0.5694373 0.03715995         0    0.26   0.13      0.61
237  0.1640625 0.5694373 0.03715995         0    0.26   0.13      0.61
238  1.0000000 0.5694373 0.03715995         0    0.26   0.13      0.61
239  1.0000000 0.5694373 0.03715995         0    0.26   0.13      0.61
240  1.0000000 0.5694373 0.03715995         0    0.26   0.13      0.61
241  1.0000000 0.5694373 0.03715995         0    0.26   0.13      0.61
242  1.0000000 0.5694373 0.03715995         0    0.26   0.13      0.61
243  0.3398438 0.5694373 0.03715995         0    0.26   0.13      0.61
244  1.0000000 0.5694373 0.03715995         0    0.26   0.13      0.61
245  1.0000000 0.5694373 0.03715995         0    0.26   0.13      0.61
246  0.6132812 0.5694373 0.03715995         0    0.26   0.13      0.61
247  0.2031250 0.5694373 0.03715995         0    0.26   0.13      0.61
248  1.0000000 0.5694373 0.03715995         0    0.26   0.13      0.61
249  1.0000000 0.5694373 0.03715995         0    0.26   0.13      0.61
250  1.0000000 0.5694373 0.03715995         0    0.26   0.13      0.61
251  0.1679688 0.5694373 0.03715995         0    0.26   0.13      0.61
252  0.1953125 0.5694373 0.03715995         0    0.26   0.13      0.61
253  1.0000000 0.5694373 0.03715995         0    0.26   0.13      0.61
254  0.2265625 0.5694373 0.03715995         0    0.26   0.13      0.61
255  1.0000000 0.5694373 0.03715995         0    0.26   0.13      0.61
256  0.1132812 0.5694373 0.03715995         0    0.26   0.13      0.61
257  0.2578125 0.5694373 0.03715995         0    0.26   0.13      0.61
258  0.3632812 0.5694373 0.03715995         0    0.26   0.13      0.61
259  1.0000000 0.5694373 0.03715995         0    0.26   0.13      0.61
260  1.0000000 0.5694373 0.03715995         0    0.26   0.13      0.61
261  1.0000000 0.5694373 0.03715995         0    0.26   0.13      0.61
262  0.2734375 0.5694373 0.03715995         0    0.26   0.13      0.61
263  1.0000000 0.5694373 0.03715995         0    0.26   0.13      0.61
264  1.0000000 0.5694373 0.03715995         0    0.26   0.13      0.61
265  1.0000000 0.5694373 0.03715995         0    0.26   0.13      0.61
266  1.0000000 0.5694373 0.03715995         0    0.26   0.13      0.61
267  1.0000000 0.5694373 0.03715995         0    0.26   0.13      0.61
268  0.1484375 0.5694373 0.03715995         0    0.26   0.13      0.61
269  0.3476562 0.5694373 0.03715995         0    0.26   0.13      0.61
270  0.1250000 0.5694373 0.03715995         0    0.26   0.13      0.61
271  0.1953125 0.5694373 0.03715995         0    0.26   0.13      0.61
272  1.0000000 0.5694373 0.03715995         0    0.26   0.13      0.61
273  1.0000000 0.5694373 0.03715995         0    0.26   0.13      0.61
274  1.0000000 0.5694373 0.03715995         0    0.26   0.13      0.61
275  0.1875000 0.5694373 0.03715995         0    0.26   0.13      0.61
276  1.0000000 0.5694373 0.03715995         0    0.26   0.13      0.61
277  0.2382812 0.5694373 0.03715995         0    0.26   0.13      0.61
278  0.3359375 0.5694373 0.03715995         0    0.26   0.13      0.61
279  0.8320312 0.5694373 0.03715995         0    0.26   0.13      0.61
280  1.0000000 0.5694373 0.03715995         0    0.26   0.13      0.61
281  0.2734375 0.5694373 0.03715995         0    0.26   0.13      0.61
282  1.0000000 0.5694373 0.03715995         0    0.26   0.13      0.61
283  0.3125000 0.5694373 0.03715995         0    0.26   0.13      0.61
284  1.0000000 0.5694373 0.03715995         0    0.26   0.13      0.61
285  1.0000000 0.5694373 0.03715995         0    0.26   0.13      0.61
286  0.1328125 0.5694373 0.03715995         0    0.26   0.13      0.61
287  1.0000000 0.5694373 0.03715995         0    0.26   0.13      0.61
288  0.6406250 0.5694373 0.03715995         0    0.26   0.13      0.61
289  0.1445312 0.5694373 0.03715995         0    0.26   0.13      0.61
290  0.1054688 0.5694373 0.03715995         0    0.26   0.13      0.61
291  1.0000000 0.5694373 0.03715995         0    0.26   0.13      0.61
292  1.0000000 0.5694373 0.03715995         0    0.26   0.13      0.61
293  1.0000000 0.5694373 0.03715995         0    0.26   0.13      0.61
294  0.2421875 0.5694373 0.03715995         0    0.26   0.13      0.61
295  1.0000000 0.5694373 0.03715995         0    0.26   0.13      0.61
296  1.0000000 0.5694373 0.03715995         0    0.26   0.13      0.61
297  1.0000000 0.5694373 0.03715995         0    0.26   0.13      0.61
298  1.0000000 0.5694373 0.03715995         0    0.26   0.13      0.61
299  0.1015625 0.5694373 0.03715995         0    0.26   0.13      0.61
300  0.1640625 0.5694373 0.03715995         0    0.26   0.13      0.61
301  0.4726562 0.4154233 0.04857783         0    0.25   0.23      0.52
302  0.6210938 0.4154233 0.04857783         0    0.25   0.23      0.52
303  1.0000000 0.4154233 0.04857783         0    0.25   0.23      0.52
304  0.2148438 0.4154233 0.04857783         0    0.25   0.23      0.52
305  1.0000000 0.4154233 0.04857783         0    0.25   0.23      0.52
306  1.0000000 0.4154233 0.04857783         0    0.25   0.23      0.52
307  1.0000000 0.4154233 0.04857783         0    0.25   0.23      0.52
308  0.2617188 0.4154233 0.04857783         0    0.25   0.23      0.52
309  0.4492188 0.4154233 0.04857783         0    0.25   0.23      0.52
310  0.2773438 0.4154233 0.04857783         0    0.25   0.23      0.52
311  0.3320312 0.4154233 0.04857783         0    0.25   0.23      0.52
312  0.6093750 0.4154233 0.04857783         0    0.25   0.23      0.52
313  0.1796875 0.4154233 0.04857783         0    0.25   0.23      0.52
314  1.0000000 0.4154233 0.04857783         0    0.25   0.23      0.52
315  0.3085938 0.4154233 0.04857783         0    0.25   0.23      0.52
316  1.0000000 0.4154233 0.04857783         0    0.25   0.23      0.52
317  0.3007812 0.4154233 0.04857783         0    0.25   0.23      0.52
318  0.1875000 0.4154233 0.04857783         0    0.25   0.23      0.52
319  0.1445312 0.4154233 0.04857783         0    0.25   0.23      0.52
320  0.4335938 0.4154233 0.04857783         0    0.25   0.23      0.52
321  0.2890625 0.4154233 0.04857783         0    0.25   0.23      0.52
322  1.0000000 0.4154233 0.04857783         0    0.25   0.23      0.52
323  1.0000000 0.4154233 0.04857783         0    0.25   0.23      0.52
324  0.2460938 0.4154233 0.04857783         0    0.25   0.23      0.52
325  0.8203125 0.4154233 0.04857783         0    0.25   0.23      0.52
326  0.1562500 0.4154233 0.04857783         0    0.25   0.23      0.52
327  1.0000000 0.4154233 0.04857783         0    0.25   0.23      0.52
328  0.3671875 0.4154233 0.04857783         0    0.25   0.23      0.52
329  0.2187500 0.4154233 0.04857783         0    0.25   0.23      0.52
330  0.3984375 0.4154233 0.04857783         0    0.25   0.23      0.52
331  1.0000000 0.4154233 0.04857783         0    0.25   0.23      0.52
332  0.3085938 0.4154233 0.04857783         0    0.25   0.23      0.52
333  1.0000000 0.4154233 0.04857783         0    0.25   0.23      0.52
334  0.1718750 0.4154233 0.04857783         0    0.25   0.23      0.52
335  1.0000000 0.4154233 0.04857783         0    0.25   0.23      0.52
336  1.0000000 0.4154233 0.04857783         0    0.25   0.23      0.52
337  0.1992188 0.4154233 0.04857783         0    0.25   0.23      0.52
338  0.2382812 0.4154233 0.04857783         0    0.25   0.23      0.52
339  1.0000000 0.4154233 0.04857783         0    0.25   0.23      0.52
340  0.3515625 0.4154233 0.04857783         0    0.25   0.23      0.52
341  0.3710938 0.4154233 0.04857783         0    0.25   0.23      0.52
342  1.0000000 0.4154233 0.04857783         0    0.25   0.23      0.52
343  1.0000000 0.4154233 0.04857783         0    0.25   0.23      0.52
344  0.2734375 0.4154233 0.04857783         0    0.25   0.23      0.52
345  0.2460938 0.4154233 0.04857783         0    0.25   0.23      0.52
346  0.3046875 0.4154233 0.04857783         0    0.25   0.23      0.52
347  1.0000000 0.4154233 0.04857783         0    0.25   0.23      0.52
348  1.0000000 0.4154233 0.04857783         0    0.25   0.23      0.52
349  1.0000000 0.4154233 0.04857783         0    0.25   0.23      0.52
350  1.0000000 0.4154233 0.04857783         0    0.25   0.23      0.52
351  1.0000000 0.4154233 0.04857783         0    0.25   0.23      0.52
352  1.0000000 0.4154233 0.04857783         0    0.25   0.23      0.52
353  0.3085938 0.4154233 0.04857783         0    0.25   0.23      0.52
354  0.3437500 0.4154233 0.04857783         0    0.25   0.23      0.52
355  1.0000000 0.4154233 0.04857783         0    0.25   0.23      0.52
356  0.2500000 0.4154233 0.04857783         0    0.25   0.23      0.52
357  1.0000000 0.4154233 0.04857783         0    0.25   0.23      0.52
358  1.0000000 0.4154233 0.04857783         0    0.25   0.23      0.52
359  1.0000000 0.4154233 0.04857783         0    0.25   0.23      0.52
360  0.2656250 0.4154233 0.04857783         0    0.25   0.23      0.52
361  0.5664062 0.4154233 0.04857783         0    0.25   0.23      0.52
362  1.0000000 0.4154233 0.04857783         0    0.25   0.23      0.52
363  1.0000000 0.4154233 0.04857783         0    0.25   0.23      0.52
364  0.3007812 0.4154233 0.04857783         0    0.25   0.23      0.52
365  0.2890625 0.4154233 0.04857783         0    0.25   0.23      0.52
366  0.2968750 0.4154233 0.04857783         0    0.25   0.23      0.52
367  0.3710938 0.4154233 0.04857783         0    0.25   0.23      0.52
368  0.3632812 0.4154233 0.04857783         0    0.25   0.23      0.52
369  1.0000000 0.4154233 0.04857783         0    0.25   0.23      0.52
370  1.0000000 0.4154233 0.04857783         0    0.25   0.23      0.52
371  0.1835938 0.4154233 0.04857783         0    0.25   0.23      0.52
372  1.0000000 0.4154233 0.04857783         0    0.25   0.23      0.52
373  0.2265625 0.4154233 0.04857783         0    0.25   0.23      0.52
374  1.0000000 0.4154233 0.04857783         0    0.25   0.23      0.52
375  0.1875000 0.4154233 0.04857783         0    0.25   0.23      0.52
376  0.2656250 0.4154233 0.04857783         0    0.25   0.23      0.52
377  1.0000000 0.4154233 0.04857783         0    0.25   0.23      0.52
378  0.3046875 0.4154233 0.04857783         0    0.25   0.23      0.52
379  1.0000000 0.4154233 0.04857783         0    0.25   0.23      0.52
380  0.1757812 0.4154233 0.04857783         0    0.25   0.23      0.52
381  0.2695312 0.4154233 0.04857783         0    0.25   0.23      0.52
382  1.0000000 0.4154233 0.04857783         0    0.25   0.23      0.52
383  0.2929688 0.4154233 0.04857783         0    0.25   0.23      0.52
384  1.0000000 0.4154233 0.04857783         0    0.25   0.23      0.52
385  0.3320312 0.4154233 0.04857783         0    0.25   0.23      0.52
386  1.0000000 0.4154233 0.04857783         0    0.25   0.23      0.52
387  1.0000000 0.4154233 0.04857783         0    0.25   0.23      0.52
388  0.1171875 0.4154233 0.04857783         0    0.25   0.23      0.52
389  0.2617188 0.4154233 0.04857783         0    0.25   0.23      0.52
390  1.0000000 0.4154233 0.04857783         0    0.25   0.23      0.52
391  0.3945312 0.4154233 0.04857783         0    0.25   0.23      0.52
392  0.3125000 0.4154233 0.04857783         0    0.25   0.23      0.52
393  0.2460938 0.4154233 0.04857783         0    0.25   0.23      0.52
394  0.2851562 0.4154233 0.04857783         0    0.25   0.23      0.52
395  1.0000000 0.4154233 0.04857783         0    0.25   0.23      0.52
396  1.0000000 0.4154233 0.04857783         0    0.25   0.23      0.52
397  1.0000000 0.4154233 0.04857783         0    0.25   0.23      0.52
398  1.0000000 0.4154233 0.04857783         0    0.25   0.23      0.52
399  1.0000000 0.4154233 0.04857783         0    0.25   0.23      0.52
400  1.0000000 0.4154233 0.04857783         0    0.25   0.23      0.52
401  0.2500000 0.4041345 0.03765113         0    0.27   0.18      0.55
402  1.0000000 0.4041345 0.03765113         0    0.27   0.18      0.55
403  0.2304688 0.4041345 0.03765113         0    0.27   0.18      0.55
404  1.0000000 0.4041345 0.03765113         0    0.27   0.18      0.55
405  1.0000000 0.4041345 0.03765113         0    0.27   0.18      0.55
406  1.0000000 0.4041345 0.03765113         0    0.27   0.18      0.55
407  1.0000000 0.4041345 0.03765113         0    0.27   0.18      0.55
408  1.0000000 0.4041345 0.03765113         0    0.27   0.18      0.55
409  1.0000000 0.4041345 0.03765113         0    0.27   0.18      0.55
410  1.0000000 0.4041345 0.03765113         0    0.27   0.18      0.55
411  1.0000000 0.4041345 0.03765113         0    0.27   0.18      0.55
412  1.0000000 0.4041345 0.03765113         0    0.27   0.18      0.55
413  0.2382812 0.4041345 0.03765113         0    0.27   0.18      0.55
414  1.0000000 0.4041345 0.03765113         0    0.27   0.18      0.55
415  1.0000000 0.4041345 0.03765113         0    0.27   0.18      0.55
416  1.0000000 0.4041345 0.03765113         0    0.27   0.18      0.55
417  0.2304688 0.4041345 0.03765113         0    0.27   0.18      0.55
418  0.4179688 0.4041345 0.03765113         0    0.27   0.18      0.55
419  0.4218750 0.4041345 0.03765113         0    0.27   0.18      0.55
420  1.0000000 0.4041345 0.03765113         0    0.27   0.18      0.55
421  0.3007812 0.4041345 0.03765113         0    0.27   0.18      0.55
422  1.0000000 0.4041345 0.03765113         0    0.27   0.18      0.55
423  0.1796875 0.4041345 0.03765113         0    0.27   0.18      0.55
424  0.2539062 0.4041345 0.03765113         0    0.27   0.18      0.55
425  1.0000000 0.4041345 0.03765113         0    0.27   0.18      0.55
426  0.2734375 0.4041345 0.03765113         0    0.27   0.18      0.55
427  0.1250000 0.4041345 0.03765113         0    0.27   0.18      0.55
428  0.3476562 0.4041345 0.03765113         0    0.27   0.18      0.55
429  1.0000000 0.4041345 0.03765113         0    0.27   0.18      0.55
430  1.0000000 0.4041345 0.03765113         0    0.27   0.18      0.55
431  0.2382812 0.4041345 0.03765113         0    0.27   0.18      0.55
432  0.1601562 0.4041345 0.03765113         0    0.27   0.18      0.55
433  1.0000000 0.4041345 0.03765113         0    0.27   0.18      0.55
434  1.0000000 0.4041345 0.03765113         0    0.27   0.18      0.55
435  1.0000000 0.4041345 0.03765113         0    0.27   0.18      0.55
436  0.2851562 0.4041345 0.03765113         0    0.27   0.18      0.55
437  0.2070312 0.4041345 0.03765113         0    0.27   0.18      0.55
438  1.0000000 0.4041345 0.03765113         0    0.27   0.18      0.55
439  0.5546875 0.4041345 0.03765113         0    0.27   0.18      0.55
440  0.2382812 0.4041345 0.03765113         0    0.27   0.18      0.55
441  0.1484375 0.4041345 0.03765113         0    0.27   0.18      0.55
442  1.0000000 0.4041345 0.03765113         0    0.27   0.18      0.55
443  1.0000000 0.4041345 0.03765113         0    0.27   0.18      0.55
444  1.0000000 0.4041345 0.03765113         0    0.27   0.18      0.55
445  1.0000000 0.4041345 0.03765113         0    0.27   0.18      0.55
446  0.3476562 0.4041345 0.03765113         0    0.27   0.18      0.55
447  0.2539062 0.4041345 0.03765113         0    0.27   0.18      0.55
448  1.0000000 0.4041345 0.03765113         0    0.27   0.18      0.55
449  1.0000000 0.4041345 0.03765113         0    0.27   0.18      0.55
450  1.0000000 0.4041345 0.03765113         0    0.27   0.18      0.55
451  1.0000000 0.4041345 0.03765113         0    0.27   0.18      0.55
452  1.0000000 0.4041345 0.03765113         0    0.27   0.18      0.55
453  1.0000000 0.4041345 0.03765113         0    0.27   0.18      0.55
454  1.0000000 0.4041345 0.03765113         0    0.27   0.18      0.55
455  1.0000000 0.4041345 0.03765113         0    0.27   0.18      0.55
456  0.5468750 0.4041345 0.03765113         0    0.27   0.18      0.55
457  0.3281250 0.4041345 0.03765113         0    0.27   0.18      0.55
458  1.0000000 0.4041345 0.03765113         0    0.27   0.18      0.55
459  0.3476562 0.4041345 0.03765113         0    0.27   0.18      0.55
460  1.0000000 0.4041345 0.03765113         0    0.27   0.18      0.55
461  0.3632812 0.4041345 0.03765113         0    0.27   0.18      0.55
462  0.1132812 0.4041345 0.03765113         0    0.27   0.18      0.55
463  1.0000000 0.4041345 0.03765113         0    0.27   0.18      0.55
464  0.2304688 0.4041345 0.03765113         0    0.27   0.18      0.55
465  0.2734375 0.4041345 0.03765113         0    0.27   0.18      0.55
466  1.0000000 0.4041345 0.03765113         0    0.27   0.18      0.55
467  1.0000000 0.4041345 0.03765113         0    0.27   0.18      0.55
468  0.2148438 0.4041345 0.03765113         0    0.27   0.18      0.55
469  0.3007812 0.4041345 0.03765113         0    0.27   0.18      0.55
470  1.0000000 0.4041345 0.03765113         0    0.27   0.18      0.55
471  0.2421875 0.4041345 0.03765113         0    0.27   0.18      0.55
472  0.2343750 0.4041345 0.03765113         0    0.27   0.18      0.55
473  0.1992188 0.4041345 0.03765113         0    0.27   0.18      0.55
474  1.0000000 0.4041345 0.03765113         0    0.27   0.18      0.55
475  1.0000000 0.4041345 0.03765113         0    0.27   0.18      0.55
476  1.0000000 0.4041345 0.03765113         0    0.27   0.18      0.55
477  0.0859375 0.4041345 0.03765113         0    0.27   0.18      0.55
478  0.2187500 0.4041345 0.03765113         0    0.27   0.18      0.55
479  0.3710938 0.4041345 0.03765113         0    0.27   0.18      0.55
480  0.1640625 0.4041345 0.03765113         0    0.27   0.18      0.55
481  0.1210938 0.4041345 0.03765113         0    0.27   0.18      0.55
482  0.3867188 0.4041345 0.03765113         0    0.27   0.18      0.55
483  0.2187500 0.4041345 0.03765113         0    0.27   0.18      0.55
484  1.0000000 0.4041345 0.03765113         0    0.27   0.18      0.55
485  1.0000000 0.4041345 0.03765113         0    0.27   0.18      0.55
486  1.0000000 0.4041345 0.03765113         0    0.27   0.18      0.55
487  0.1796875 0.4041345 0.03765113         0    0.27   0.18      0.55
488  0.1875000 0.4041345 0.03765113         0    0.27   0.18      0.55
489  0.1445312 0.4041345 0.03765113         0    0.27   0.18      0.55
490  0.1679688 0.4041345 0.03765113         0    0.27   0.18      0.55
491  1.0000000 0.4041345 0.03765113         0    0.27   0.18      0.55
492  0.2773438 0.4041345 0.03765113         0    0.27   0.18      0.55
493  0.1250000 0.4041345 0.03765113         0    0.27   0.18      0.55
494  0.2421875 0.4041345 0.03765113         0    0.27   0.18      0.55
495  1.0000000 0.4041345 0.03765113         0    0.27   0.18      0.55
496  1.0000000 0.4041345 0.03765113         0    0.27   0.18      0.55
497  0.2226562 0.4041345 0.03765113         0    0.27   0.18      0.55
498  1.0000000 0.4041345 0.03765113         0    0.27   0.18      0.55
499  1.0000000 0.4041345 0.03765113         0    0.27   0.18      0.55
500  0.2109375 0.4041345 0.03765113         0    0.27   0.18      0.55
501  1.0000000 0.5161234 0.07328563         0    0.17   0.24      0.59
502  1.0000000 0.5161234 0.07328563         0    0.17   0.24      0.59
503  0.3437500 0.5161234 0.07328563         0    0.17   0.24      0.59
504  0.4960938 0.5161234 0.07328563         0    0.17   0.24      0.59
505  1.0000000 0.5161234 0.07328563         0    0.17   0.24      0.59
506  0.4179688 0.5161234 0.07328563         0    0.17   0.24      0.59
507  0.6054688 0.5161234 0.07328563         0    0.17   0.24      0.59
508  1.0000000 0.5161234 0.07328563         0    0.17   0.24      0.59
509  1.0000000 0.5161234 0.07328563         0    0.17   0.24      0.59
510  1.0000000 0.5161234 0.07328563         0    0.17   0.24      0.59
511  0.2109375 0.5161234 0.07328563         0    0.17   0.24      0.59
512  1.0000000 0.5161234 0.07328563         0    0.17   0.24      0.59
513  0.3359375 0.5161234 0.07328563         0    0.17   0.24      0.59
514  0.3750000 0.5161234 0.07328563         0    0.17   0.24      0.59
515  0.6445312 0.5161234 0.07328563         0    0.17   0.24      0.59
516  0.4062500 0.5161234 0.07328563         0    0.17   0.24      0.59
517  0.5351562 0.5161234 0.07328563         0    0.17   0.24      0.59
518  0.4296875 0.5161234 0.07328563         0    0.17   0.24      0.59
519  0.3867188 0.5161234 0.07328563         0    0.17   0.24      0.59
520  0.5820312 0.5161234 0.07328563         0    0.17   0.24      0.59
521  0.3164062 0.5161234 0.07328563         0    0.17   0.24      0.59
522  0.9414062 0.5161234 0.07328563         0    0.17   0.24      0.59
523  1.0000000 0.5161234 0.07328563         0    0.17   0.24      0.59
524  0.7617188 0.5161234 0.07328563         0    0.17   0.24      0.59
525  0.2695312 0.5161234 0.07328563         0    0.17   0.24      0.59
526  1.0000000 0.5161234 0.07328563         0    0.17   0.24      0.59
527  1.0000000 0.5161234 0.07328563         0    0.17   0.24      0.59
528  1.0000000 0.5161234 0.07328563         0    0.17   0.24      0.59
529  0.3867188 0.5161234 0.07328563         0    0.17   0.24      0.59
530  0.3750000 0.5161234 0.07328563         0    0.17   0.24      0.59
531  0.2890625 0.5161234 0.07328563         0    0.17   0.24      0.59
532  1.0000000 0.5161234 0.07328563         0    0.17   0.24      0.59
533  1.0000000 0.5161234 0.07328563         0    0.17   0.24      0.59
534  1.0000000 0.5161234 0.07328563         0    0.17   0.24      0.59
535  0.3828125 0.5161234 0.07328563         0    0.17   0.24      0.59
536  1.0000000 0.5161234 0.07328563         0    0.17   0.24      0.59
537  1.0000000 0.5161234 0.07328563         0    0.17   0.24      0.59
538  1.0000000 0.5161234 0.07328563         0    0.17   0.24      0.59
539  0.2382812 0.5161234 0.07328563         0    0.17   0.24      0.59
540  1.0000000 0.5161234 0.07328563         0    0.17   0.24      0.59
541  0.3945312 0.5161234 0.07328563         0    0.17   0.24      0.59
542  0.4140625 0.5161234 0.07328563         0    0.17   0.24      0.59
543  1.0000000 0.5161234 0.07328563         0    0.17   0.24      0.59
544  0.3164062 0.5161234 0.07328563         0    0.17   0.24      0.59
545  0.5664062 0.5161234 0.07328563         0    0.17   0.24      0.59
546  0.3125000 0.5161234 0.07328563         0    0.17   0.24      0.59
547  0.5703125 0.5161234 0.07328563         0    0.17   0.24      0.59
548  1.0000000 0.5161234 0.07328563         0    0.17   0.24      0.59
549  1.0000000 0.5161234 0.07328563         0    0.17   0.24      0.59
550  1.0000000 0.5161234 0.07328563         0    0.17   0.24      0.59
551  1.0000000 0.5161234 0.07328563         0    0.17   0.24      0.59
552  0.3984375 0.5161234 0.07328563         0    0.17   0.24      0.59
553  0.6484375 0.5161234 0.07328563         0    0.17   0.24      0.59
554  1.0000000 0.5161234 0.07328563         0    0.17   0.24      0.59
555  1.0000000 0.5161234 0.07328563         0    0.17   0.24      0.59
556  1.0000000 0.5161234 0.07328563         0    0.17   0.24      0.59
557  0.2656250 0.5161234 0.07328563         0    0.17   0.24      0.59
558  0.3593750 0.5161234 0.07328563         0    0.17   0.24      0.59
559  1.0000000 0.5161234 0.07328563         0    0.17   0.24      0.59
560  1.0000000 0.5161234 0.07328563         0    0.17   0.24      0.59
561  0.5976562 0.5161234 0.07328563         0    0.17   0.24      0.59
562  1.0000000 0.5161234 0.07328563         0    0.17   0.24      0.59
563  1.0000000 0.5161234 0.07328563         0    0.17   0.24      0.59
564  1.0000000 0.5161234 0.07328563         0    0.17   0.24      0.59
565  1.0000000 0.5161234 0.07328563         0    0.17   0.24      0.59
566  0.3750000 0.5161234 0.07328563         0    0.17   0.24      0.59
567  0.4023438 0.5161234 0.07328563         0    0.17   0.24      0.59
568  1.0000000 0.5161234 0.07328563         0    0.17   0.24      0.59
569  1.0000000 0.5161234 0.07328563         0    0.17   0.24      0.59
570  1.0000000 0.5161234 0.07328563         0    0.17   0.24      0.59
571  1.0000000 0.5161234 0.07328563         0    0.17   0.24      0.59
572  1.0000000 0.5161234 0.07328563         0    0.17   0.24      0.59
573  0.6679688 0.5161234 0.07328563         0    0.17   0.24      0.59
574  0.5703125 0.5161234 0.07328563         0    0.17   0.24      0.59
575  0.3906250 0.5161234 0.07328563         0    0.17   0.24      0.59
576  1.0000000 0.5161234 0.07328563         0    0.17   0.24      0.59
577  1.0000000 0.5161234 0.07328563         0    0.17   0.24      0.59
578  1.0000000 0.5161234 0.07328563         0    0.17   0.24      0.59
579  0.2500000 0.5161234 0.07328563         0    0.17   0.24      0.59
580  1.0000000 0.5161234 0.07328563         0    0.17   0.24      0.59
581  1.0000000 0.5161234 0.07328563         0    0.17   0.24      0.59
582  1.0000000 0.5161234 0.07328563         0    0.17   0.24      0.59
583  1.0000000 0.5161234 0.07328563         0    0.17   0.24      0.59
584  0.4023438 0.5161234 0.07328563         0    0.17   0.24      0.59
585  0.3789062 0.5161234 0.07328563         0    0.17   0.24      0.59
586  0.3632812 0.5161234 0.07328563         0    0.17   0.24      0.59
587  1.0000000 0.5161234 0.07328563         0    0.17   0.24      0.59
588  1.0000000 0.5161234 0.07328563         0    0.17   0.24      0.59
589  1.0000000 0.5161234 0.07328563         0    0.17   0.24      0.59
590  1.0000000 0.5161234 0.07328563         0    0.17   0.24      0.59
591  1.0000000 0.5161234 0.07328563         0    0.17   0.24      0.59
592  1.0000000 0.5161234 0.07328563         0    0.17   0.24      0.59
593  1.0000000 0.5161234 0.07328563         0    0.17   0.24      0.59
594  1.0000000 0.5161234 0.07328563         0    0.17   0.24      0.59
595  0.3085938 0.5161234 0.07328563         0    0.17   0.24      0.59
596  0.5429688 0.5161234 0.07328563         0    0.17   0.24      0.59
597  1.0000000 0.5161234 0.07328563         0    0.17   0.24      0.59
598  0.4609375 0.5161234 0.07328563         0    0.17   0.24      0.59
599  0.2109375 0.5161234 0.07328563         0    0.17   0.24      0.59
600  1.0000000 0.5161234 0.07328563         0    0.17   0.24      0.59
601  0.3164062 0.4439274 0.05400040         0    0.24   0.21      0.55
602  0.6054688 0.4439274 0.05400040         0    0.24   0.21      0.55
603  0.2539062 0.4439274 0.05400040         0    0.24   0.21      0.55
604  1.0000000 0.4439274 0.05400040         0    0.24   0.21      0.55
605  1.0000000 0.4439274 0.05400040         0    0.24   0.21      0.55
606  0.2656250 0.4439274 0.05400040         0    0.24   0.21      0.55
607  1.0000000 0.4439274 0.05400040         0    0.24   0.21      0.55
608  0.3945312 0.4439274 0.05400040         0    0.24   0.21      0.55
609  1.0000000 0.4439274 0.05400040         0    0.24   0.21      0.55
610  1.0000000 0.4439274 0.05400040         0    0.24   0.21      0.55
611  0.2578125 0.4439274 0.05400040         0    0.24   0.21      0.55
612  1.0000000 0.4439274 0.05400040         0    0.24   0.21      0.55
613  1.0000000 0.4439274 0.05400040         0    0.24   0.21      0.55
614  1.0000000 0.4439274 0.05400040         0    0.24   0.21      0.55
615  0.2148438 0.4439274 0.05400040         0    0.24   0.21      0.55
616  1.0000000 0.4439274 0.05400040         0    0.24   0.21      0.55
617  1.0000000 0.4439274 0.05400040         0    0.24   0.21      0.55
618  0.3984375 0.4439274 0.05400040         0    0.24   0.21      0.55
619  0.2500000 0.4439274 0.05400040         0    0.24   0.21      0.55
620  0.2226562 0.4439274 0.05400040         0    0.24   0.21      0.55
621  1.0000000 0.4439274 0.05400040         0    0.24   0.21      0.55
622  1.0000000 0.4439274 0.05400040         0    0.24   0.21      0.55
623  1.0000000 0.4439274 0.05400040         0    0.24   0.21      0.55
624  1.0000000 0.4439274 0.05400040         0    0.24   0.21      0.55
625  1.0000000 0.4439274 0.05400040         0    0.24   0.21      0.55
626  1.0000000 0.4439274 0.05400040         0    0.24   0.21      0.55
627  1.0000000 0.4439274 0.05400040         0    0.24   0.21      0.55
628  0.4765625 0.4439274 0.05400040         0    0.24   0.21      0.55
629  1.0000000 0.4439274 0.05400040         0    0.24   0.21      0.55
630  1.0000000 0.4439274 0.05400040         0    0.24   0.21      0.55
631  1.0000000 0.4439274 0.05400040         0    0.24   0.21      0.55
632  1.0000000 0.4439274 0.05400040         0    0.24   0.21      0.55
633  0.2578125 0.4439274 0.05400040         0    0.24   0.21      0.55
634  0.6562500 0.4439274 0.05400040         0    0.24   0.21      0.55
635  1.0000000 0.4439274 0.05400040         0    0.24   0.21      0.55
636  1.0000000 0.4439274 0.05400040         0    0.24   0.21      0.55
637  0.2421875 0.4439274 0.05400040         0    0.24   0.21      0.55
638  1.0000000 0.4439274 0.05400040         0    0.24   0.21      0.55
639  1.0000000 0.4439274 0.05400040         0    0.24   0.21      0.55
640  1.0000000 0.4439274 0.05400040         0    0.24   0.21      0.55
641  0.4296875 0.4439274 0.05400040         0    0.24   0.21      0.55
642  1.0000000 0.4439274 0.05400040         0    0.24   0.21      0.55
643  0.2070312 0.4439274 0.05400040         0    0.24   0.21      0.55
644  0.6171875 0.4439274 0.05400040         0    0.24   0.21      0.55
645  1.0000000 0.4439274 0.05400040         0    0.24   0.21      0.55
646  0.3906250 0.4439274 0.05400040         0    0.24   0.21      0.55
647  0.1953125 0.4439274 0.05400040         0    0.24   0.21      0.55
648  1.0000000 0.4439274 0.05400040         0    0.24   0.21      0.55
649  1.0000000 0.4439274 0.05400040         0    0.24   0.21      0.55
650  0.2929688 0.4439274 0.05400040         0    0.24   0.21      0.55
651  0.3789062 0.4439274 0.05400040         0    0.24   0.21      0.55
652  0.3046875 0.4439274 0.05400040         0    0.24   0.21      0.55
653  1.0000000 0.4439274 0.05400040         0    0.24   0.21      0.55
654  0.4648438 0.4439274 0.05400040         0    0.24   0.21      0.55
655  0.3828125 0.4439274 0.05400040         0    0.24   0.21      0.55
656  0.3828125 0.4439274 0.05400040         0    0.24   0.21      0.55
657  0.2109375 0.4439274 0.05400040         0    0.24   0.21      0.55
658  1.0000000 0.4439274 0.05400040         0    0.24   0.21      0.55
659  0.3554688 0.4439274 0.05400040         0    0.24   0.21      0.55
660  0.2929688 0.4439274 0.05400040         0    0.24   0.21      0.55
661  0.2500000 0.4439274 0.05400040         0    0.24   0.21      0.55
662  1.0000000 0.4439274 0.05400040         0    0.24   0.21      0.55
663  0.4335938 0.4439274 0.05400040         0    0.24   0.21      0.55
664  0.2851562 0.4439274 0.05400040         0    0.24   0.21      0.55
665  1.0000000 0.4439274 0.05400040         0    0.24   0.21      0.55
666  0.2421875 0.4439274 0.05400040         0    0.24   0.21      0.55
667  1.0000000 0.4439274 0.05400040         0    0.24   0.21      0.55
668  0.3359375 0.4439274 0.05400040         0    0.24   0.21      0.55
669  1.0000000 0.4439274 0.05400040         0    0.24   0.21      0.55
670  0.6796875 0.4439274 0.05400040         0    0.24   0.21      0.55
671  1.0000000 0.4439274 0.05400040         0    0.24   0.21      0.55
672  0.3398438 0.4439274 0.05400040         0    0.24   0.21      0.55
673  0.3750000 0.4439274 0.05400040         0    0.24   0.21      0.55
674  0.6914062 0.4439274 0.05400040         0    0.24   0.21      0.55
675  0.4062500 0.4439274 0.05400040         0    0.24   0.21      0.55
676  0.2695312 0.4439274 0.05400040         0    0.24   0.21      0.55
677  1.0000000 0.4439274 0.05400040         0    0.24   0.21      0.55
678  0.1367188 0.4439274 0.05400040         0    0.24   0.21      0.55
679  0.3476562 0.4439274 0.05400040         0    0.24   0.21      0.55
680  1.0000000 0.4439274 0.05400040         0    0.24   0.21      0.55
681  1.0000000 0.4439274 0.05400040         0    0.24   0.21      0.55
682  0.1796875 0.4439274 0.05400040         0    0.24   0.21      0.55
683  0.1875000 0.4439274 0.05400040         0    0.24   0.21      0.55
684  0.2343750 0.4439274 0.05400040         0    0.24   0.21      0.55
685  0.3085938 0.4439274 0.05400040         0    0.24   0.21      0.55
686  1.0000000 0.4439274 0.05400040         0    0.24   0.21      0.55
687  1.0000000 0.4439274 0.05400040         0    0.24   0.21      0.55
688  1.0000000 0.4439274 0.05400040         0    0.24   0.21      0.55
689  0.3359375 0.4439274 0.05400040         0    0.24   0.21      0.55
690  1.0000000 0.4439274 0.05400040         0    0.24   0.21      0.55
691  0.1601562 0.4439274 0.05400040         0    0.24   0.21      0.55
692  1.0000000 0.4439274 0.05400040         0    0.24   0.21      0.55
693  1.0000000 0.4439274 0.05400040         0    0.24   0.21      0.55
694  1.0000000 0.4439274 0.05400040         0    0.24   0.21      0.55
695  0.5937500 0.4439274 0.05400040         0    0.24   0.21      0.55
696  0.4531250 0.4439274 0.05400040         0    0.24   0.21      0.55
697  1.0000000 0.4439274 0.05400040         0    0.24   0.21      0.55
698  0.2343750 0.4439274 0.05400040         0    0.24   0.21      0.55
699  1.0000000 0.4439274 0.05400040         0    0.24   0.21      0.55
700  1.0000000 0.4439274 0.05400040         0    0.24   0.21      0.55
701  0.4882812 0.3568998 0.08506525         0    0.14   0.24      0.62
702  1.0000000 0.3568998 0.08506525         0    0.14   0.24      0.62
703  0.3906250 0.3568998 0.08506525         0    0.14   0.24      0.62
704  0.4179688 0.3568998 0.08506525         0    0.14   0.24      0.62
705  0.5585938 0.3568998 0.08506525         0    0.14   0.24      0.62
706  0.4023438 0.3568998 0.08506525         0    0.14   0.24      0.62
707  1.0000000 0.3568998 0.08506525         0    0.14   0.24      0.62
708  1.0000000 0.3568998 0.08506525         0    0.14   0.24      0.62
709  1.0000000 0.3568998 0.08506525         0    0.14   0.24      0.62
710  1.0000000 0.3568998 0.08506525         0    0.14   0.24      0.62
711  0.5507812 0.3568998 0.08506525         0    0.14   0.24      0.62
712  1.0000000 0.3568998 0.08506525         0    0.14   0.24      0.62
713  0.5078125 0.3568998 0.08506525         0    0.14   0.24      0.62
714  0.6406250 0.3568998 0.08506525         0    0.14   0.24      0.62
715  0.5703125 0.3568998 0.08506525         0    0.14   0.24      0.62
716  1.0000000 0.3568998 0.08506525         0    0.14   0.24      0.62
717  0.4375000 0.3568998 0.08506525         0    0.14   0.24      0.62
718  1.0000000 0.3568998 0.08506525         0    0.14   0.24      0.62
719  1.0000000 0.3568998 0.08506525         0    0.14   0.24      0.62
720  0.5351562 0.3568998 0.08506525         0    0.14   0.24      0.62
721  0.7265625 0.3568998 0.08506525         0    0.14   0.24      0.62
722  0.3789062 0.3568998 0.08506525         0    0.14   0.24      0.62
723  0.6640625 0.3568998 0.08506525         0    0.14   0.24      0.62
724  1.0000000 0.3568998 0.08506525         0    0.14   0.24      0.62
725  0.5742188 0.3568998 0.08506525         0    0.14   0.24      0.62
726  1.0000000 0.3568998 0.08506525         0    0.14   0.24      0.62
727  0.2773438 0.3568998 0.08506525         0    0.14   0.24      0.62
728  1.0000000 0.3568998 0.08506525         0    0.14   0.24      0.62
729  1.0000000 0.3568998 0.08506525         0    0.14   0.24      0.62
730  0.2382812 0.3568998 0.08506525         0    0.14   0.24      0.62
731  0.7148438 0.3568998 0.08506525         0    0.14   0.24      0.62
732  0.6953125 0.3568998 0.08506525         0    0.14   0.24      0.62
733  1.0000000 0.3568998 0.08506525         0    0.14   0.24      0.62
734  0.4648438 0.3568998 0.08506525         0    0.14   0.24      0.62
735  0.5507812 0.3568998 0.08506525         0    0.14   0.24      0.62
736  1.0000000 0.3568998 0.08506525         0    0.14   0.24      0.62
737  1.0000000 0.3568998 0.08506525         0    0.14   0.24      0.62
738  0.4335938 0.3568998 0.08506525         0    0.14   0.24      0.62
739  1.0000000 0.3568998 0.08506525         0    0.14   0.24      0.62
740  1.0000000 0.3568998 0.08506525         0    0.14   0.24      0.62
741  0.6757812 0.3568998 0.08506525         0    0.14   0.24      0.62
742  1.0000000 0.3568998 0.08506525         0    0.14   0.24      0.62
743  1.0000000 0.3568998 0.08506525         0    0.14   0.24      0.62
744  1.0000000 0.3568998 0.08506525         0    0.14   0.24      0.62
745  0.4882812 0.3568998 0.08506525         0    0.14   0.24      0.62
746  1.0000000 0.3568998 0.08506525         0    0.14   0.24      0.62
747  0.4335938 0.3568998 0.08506525         0    0.14   0.24      0.62
748  1.0000000 0.3568998 0.08506525         0    0.14   0.24      0.62
749  0.4570312 0.3568998 0.08506525         0    0.14   0.24      0.62
750  0.6367188 0.3568998 0.08506525         0    0.14   0.24      0.62
751  1.0000000 0.3568998 0.08506525         0    0.14   0.24      0.62
752  1.0000000 0.3568998 0.08506525         0    0.14   0.24      0.62
753  1.0000000 0.3568998 0.08506525         0    0.14   0.24      0.62
754  1.0000000 0.3568998 0.08506525         0    0.14   0.24      0.62
755  1.0000000 0.3568998 0.08506525         0    0.14   0.24      0.62
756  1.0000000 0.3568998 0.08506525         0    0.14   0.24      0.62
757  0.5117188 0.3568998 0.08506525         0    0.14   0.24      0.62
758  0.3632812 0.3568998 0.08506525         0    0.14   0.24      0.62
759  0.3593750 0.3568998 0.08506525         0    0.14   0.24      0.62
760  0.5390625 0.3568998 0.08506525         0    0.14   0.24      0.62
761  1.0000000 0.3568998 0.08506525         0    0.14   0.24      0.62
762  1.0000000 0.3568998 0.08506525         0    0.14   0.24      0.62
763  0.3320312 0.3568998 0.08506525         0    0.14   0.24      0.62
764  0.6093750 0.3568998 0.08506525         0    0.14   0.24      0.62
765  0.5703125 0.3568998 0.08506525         0    0.14   0.24      0.62
766  0.7773438 0.3568998 0.08506525         0    0.14   0.24      0.62
767  1.0000000 0.3568998 0.08506525         0    0.14   0.24      0.62
768  0.6757812 0.3568998 0.08506525         0    0.14   0.24      0.62
769  0.6679688 0.3568998 0.08506525         0    0.14   0.24      0.62
770  0.3789062 0.3568998 0.08506525         0    0.14   0.24      0.62
771  1.0000000 0.3568998 0.08506525         0    0.14   0.24      0.62
772  1.0000000 0.3568998 0.08506525         0    0.14   0.24      0.62
773  0.6523438 0.3568998 0.08506525         0    0.14   0.24      0.62
774  1.0000000 0.3568998 0.08506525         0    0.14   0.24      0.62
775  0.6953125 0.3568998 0.08506525         0    0.14   0.24      0.62
776  1.0000000 0.3568998 0.08506525         0    0.14   0.24      0.62
777  1.0000000 0.3568998 0.08506525         0    0.14   0.24      0.62
778  1.0000000 0.3568998 0.08506525         0    0.14   0.24      0.62
779  0.4882812 0.3568998 0.08506525         0    0.14   0.24      0.62
780  1.0000000 0.3568998 0.08506525         0    0.14   0.24      0.62
781  0.3398438 0.3568998 0.08506525         0    0.14   0.24      0.62
782  1.0000000 0.3568998 0.08506525         0    0.14   0.24      0.62
783  1.0000000 0.3568998 0.08506525         0    0.14   0.24      0.62
784  0.3359375 0.3568998 0.08506525         0    0.14   0.24      0.62
785  0.6562500 0.3568998 0.08506525         0    0.14   0.24      0.62
786  1.0000000 0.3568998 0.08506525         0    0.14   0.24      0.62
787  0.2929688 0.3568998 0.08506525         0    0.14   0.24      0.62
788  1.0000000 0.3568998 0.08506525         0    0.14   0.24      0.62
789  1.0000000 0.3568998 0.08506525         0    0.14   0.24      0.62
790  1.0000000 0.3568998 0.08506525         0    0.14   0.24      0.62
791  0.5507812 0.3568998 0.08506525         0    0.14   0.24      0.62
792  1.0000000 0.3568998 0.08506525         0    0.14   0.24      0.62
793  0.6601562 0.3568998 0.08506525         0    0.14   0.24      0.62
794  0.2421875 0.3568998 0.08506525         0    0.14   0.24      0.62
795  0.4296875 0.3568998 0.08506525         0    0.14   0.24      0.62
796  0.6992188 0.3568998 0.08506525         0    0.14   0.24      0.62
797  0.7109375 0.3568998 0.08506525         0    0.14   0.24      0.62
798  0.6132812 0.3568998 0.08506525         0    0.14   0.24      0.62
799  1.0000000 0.3568998 0.08506525         0    0.14   0.24      0.62
800  0.3984375 0.3568998 0.08506525         0    0.14   0.24      0.62
801  0.4023438 0.6458892 0.07270451         0    0.20   0.20      0.60
802  0.4687500 0.6458892 0.07270451         0    0.20   0.20      0.60
803  1.0000000 0.6458892 0.07270451         0    0.20   0.20      0.60
804  1.0000000 0.6458892 0.07270451         0    0.20   0.20      0.60
805  0.4960938 0.6458892 0.07270451         0    0.20   0.20      0.60
806  0.4687500 0.6458892 0.07270451         0    0.20   0.20      0.60
807  0.4140625 0.6458892 0.07270451         0    0.20   0.20      0.60
808  0.3320312 0.6458892 0.07270451         0    0.20   0.20      0.60
809  1.0000000 0.6458892 0.07270451         0    0.20   0.20      0.60
810  1.0000000 0.6458892 0.07270451         0    0.20   0.20      0.60
811  1.0000000 0.6458892 0.07270451         0    0.20   0.20      0.60
812  1.0000000 0.6458892 0.07270451         0    0.20   0.20      0.60
813  1.0000000 0.6458892 0.07270451         0    0.20   0.20      0.60
814  1.0000000 0.6458892 0.07270451         0    0.20   0.20      0.60
815  1.0000000 0.6458892 0.07270451         0    0.20   0.20      0.60
816  1.0000000 0.6458892 0.07270451         0    0.20   0.20      0.60
817  0.3164062 0.6458892 0.07270451         0    0.20   0.20      0.60
818  0.5859375 0.6458892 0.07270451         0    0.20   0.20      0.60
819  1.0000000 0.6458892 0.07270451         0    0.20   0.20      0.60
820  1.0000000 0.6458892 0.07270451         0    0.20   0.20      0.60
821  1.0000000 0.6458892 0.07270451         0    0.20   0.20      0.60
822  1.0000000 0.6458892 0.07270451         0    0.20   0.20      0.60
823  0.7031250 0.6458892 0.07270451         0    0.20   0.20      0.60
824  1.0000000 0.6458892 0.07270451         0    0.20   0.20      0.60
825  1.0000000 0.6458892 0.07270451         0    0.20   0.20      0.60
826  0.7578125 0.6458892 0.07270451         0    0.20   0.20      0.60
827  1.0000000 0.6458892 0.07270451         0    0.20   0.20      0.60
828  1.0000000 0.6458892 0.07270451         0    0.20   0.20      0.60
829  0.3984375 0.6458892 0.07270451         0    0.20   0.20      0.60
830  0.3476562 0.6458892 0.07270451         0    0.20   0.20      0.60
831  1.0000000 0.6458892 0.07270451         0    0.20   0.20      0.60
832  0.5937500 0.6458892 0.07270451         0    0.20   0.20      0.60
833  1.0000000 0.6458892 0.07270451         0    0.20   0.20      0.60
834  1.0000000 0.6458892 0.07270451         0    0.20   0.20      0.60
835  0.4687500 0.6458892 0.07270451         0    0.20   0.20      0.60
836  0.4609375 0.6458892 0.07270451         0    0.20   0.20      0.60
837  1.0000000 0.6458892 0.07270451         0    0.20   0.20      0.60
838  1.0000000 0.6458892 0.07270451         0    0.20   0.20      0.60
839  0.6718750 0.6458892 0.07270451         0    0.20   0.20      0.60
840  1.0000000 0.6458892 0.07270451         0    0.20   0.20      0.60
841  0.5156250 0.6458892 0.07270451         0    0.20   0.20      0.60
842  1.0000000 0.6458892 0.07270451         0    0.20   0.20      0.60
843  1.0000000 0.6458892 0.07270451         0    0.20   0.20      0.60
844  0.2304688 0.6458892 0.07270451         0    0.20   0.20      0.60
845  1.0000000 0.6458892 0.07270451         0    0.20   0.20      0.60
846  1.0000000 0.6458892 0.07270451         0    0.20   0.20      0.60
847  1.0000000 0.6458892 0.07270451         0    0.20   0.20      0.60
848  1.0000000 0.6458892 0.07270451         0    0.20   0.20      0.60
849  0.4414062 0.6458892 0.07270451         0    0.20   0.20      0.60
850  1.0000000 0.6458892 0.07270451         0    0.20   0.20      0.60
851  0.3750000 0.6458892 0.07270451         0    0.20   0.20      0.60
852  0.4492188 0.6458892 0.07270451         0    0.20   0.20      0.60
853  0.2968750 0.6458892 0.07270451         0    0.20   0.20      0.60
854  0.6875000 0.6458892 0.07270451         0    0.20   0.20      0.60
855  1.0000000 0.6458892 0.07270451         0    0.20   0.20      0.60
856  1.0000000 0.6458892 0.07270451         0    0.20   0.20      0.60
857  0.3359375 0.6458892 0.07270451         0    0.20   0.20      0.60
858  0.4140625 0.6458892 0.07270451         0    0.20   0.20      0.60
859  1.0000000 0.6458892 0.07270451         0    0.20   0.20      0.60
860  1.0000000 0.6458892 0.07270451         0    0.20   0.20      0.60
861  1.0000000 0.6458892 0.07270451         0    0.20   0.20      0.60
862  0.2968750 0.6458892 0.07270451         0    0.20   0.20      0.60
863  0.4062500 0.6458892 0.07270451         0    0.20   0.20      0.60
864  1.0000000 0.6458892 0.07270451         0    0.20   0.20      0.60
865  1.0000000 0.6458892 0.07270451         0    0.20   0.20      0.60
866  1.0000000 0.6458892 0.07270451         0    0.20   0.20      0.60
867  0.4375000 0.6458892 0.07270451         0    0.20   0.20      0.60
868  0.3359375 0.6458892 0.07270451         0    0.20   0.20      0.60
869  1.0000000 0.6458892 0.07270451         0    0.20   0.20      0.60
870  1.0000000 0.6458892 0.07270451         0    0.20   0.20      0.60
871  1.0000000 0.6458892 0.07270451         0    0.20   0.20      0.60
872  1.0000000 0.6458892 0.07270451         0    0.20   0.20      0.60
873  0.4179688 0.6458892 0.07270451         0    0.20   0.20      0.60
874  1.0000000 0.6458892 0.07270451         0    0.20   0.20      0.60
875  1.0000000 0.6458892 0.07270451         0    0.20   0.20      0.60
876  1.0000000 0.6458892 0.07270451         0    0.20   0.20      0.60
877  0.4335938 0.6458892 0.07270451         0    0.20   0.20      0.60
878  0.2773438 0.6458892 0.07270451         0    0.20   0.20      0.60
879  1.0000000 0.6458892 0.07270451         0    0.20   0.20      0.60
880  0.3984375 0.6458892 0.07270451         0    0.20   0.20      0.60
881  1.0000000 0.6458892 0.07270451         0    0.20   0.20      0.60
882  1.0000000 0.6458892 0.07270451         0    0.20   0.20      0.60
883  0.3593750 0.6458892 0.07270451         0    0.20   0.20      0.60
884  1.0000000 0.6458892 0.07270451         0    0.20   0.20      0.60
885  1.0000000 0.6458892 0.07270451         0    0.20   0.20      0.60
886  0.7148438 0.6458892 0.07270451         0    0.20   0.20      0.60
887  0.8359375 0.6458892 0.07270451         0    0.20   0.20      0.60
888  0.2890625 0.6458892 0.07270451         0    0.20   0.20      0.60
889  1.0000000 0.6458892 0.07270451         0    0.20   0.20      0.60
890  0.4062500 0.6458892 0.07270451         0    0.20   0.20      0.60
891  0.5898438 0.6458892 0.07270451         0    0.20   0.20      0.60
892  0.5664062 0.6458892 0.07270451         0    0.20   0.20      0.60
893  1.0000000 0.6458892 0.07270451         0    0.20   0.20      0.60
894  1.0000000 0.6458892 0.07270451         0    0.20   0.20      0.60
895  0.6406250 0.6458892 0.07270451         0    0.20   0.20      0.60
896  1.0000000 0.6458892 0.07270451         0    0.20   0.20      0.60
897  0.2851562 0.6458892 0.07270451         0    0.20   0.20      0.60
898  1.0000000 0.6458892 0.07270451         0    0.20   0.20      0.60
899  1.0000000 0.6458892 0.07270451         0    0.20   0.20      0.60
900  1.0000000 0.6458892 0.07270451         0    0.20   0.20      0.60
901  1.0000000 0.4539894 0.09220926         0    0.13   0.21      0.66
902  1.0000000 0.4539894 0.09220926         0    0.13   0.21      0.66
903  1.0000000 0.4539894 0.09220926         0    0.13   0.21      0.66
904  0.9023438 0.4539894 0.09220926         0    0.13   0.21      0.66
905  1.0000000 0.4539894 0.09220926         0    0.13   0.21      0.66
906  1.0000000 0.4539894 0.09220926         0    0.13   0.21      0.66
907  0.3007812 0.4539894 0.09220926         0    0.13   0.21      0.66
908  1.0000000 0.4539894 0.09220926         0    0.13   0.21      0.66
909  0.4375000 0.4539894 0.09220926         0    0.13   0.21      0.66
910  0.2929688 0.4539894 0.09220926         0    0.13   0.21      0.66
911  0.4375000 0.4539894 0.09220926         0    0.13   0.21      0.66
912  0.4023438 0.4539894 0.09220926         0    0.13   0.21      0.66
913  0.3476562 0.4539894 0.09220926         0    0.13   0.21      0.66
914  1.0000000 0.4539894 0.09220926         0    0.13   0.21      0.66
915  0.9140625 0.4539894 0.09220926         0    0.13   0.21      0.66
916  0.6445312 0.4539894 0.09220926         0    0.13   0.21      0.66
917  0.5898438 0.4539894 0.09220926         0    0.13   0.21      0.66
918  1.0000000 0.4539894 0.09220926         0    0.13   0.21      0.66
919  1.0000000 0.4539894 0.09220926         0    0.13   0.21      0.66
920  0.2890625 0.4539894 0.09220926         0    0.13   0.21      0.66
921  0.6328125 0.4539894 0.09220926         0    0.13   0.21      0.66
922  1.0000000 0.4539894 0.09220926         0    0.13   0.21      0.66
923  1.0000000 0.4539894 0.09220926         0    0.13   0.21      0.66
924  1.0000000 0.4539894 0.09220926         0    0.13   0.21      0.66
925  0.4062500 0.4539894 0.09220926         0    0.13   0.21      0.66
926  1.0000000 0.4539894 0.09220926         0    0.13   0.21      0.66
927  1.0000000 0.4539894 0.09220926         0    0.13   0.21      0.66
928  1.0000000 0.4539894 0.09220926         0    0.13   0.21      0.66
929  0.3984375 0.4539894 0.09220926         0    0.13   0.21      0.66
930  1.0000000 0.4539894 0.09220926         0    0.13   0.21      0.66
931  1.0000000 0.4539894 0.09220926         0    0.13   0.21      0.66
932  0.6015625 0.4539894 0.09220926         0    0.13   0.21      0.66
933  0.6328125 0.4539894 0.09220926         0    0.13   0.21      0.66
934  0.5507812 0.4539894 0.09220926         0    0.13   0.21      0.66
935  0.4882812 0.4539894 0.09220926         0    0.13   0.21      0.66
936  0.5195312 0.4539894 0.09220926         0    0.13   0.21      0.66
937  1.0000000 0.4539894 0.09220926         0    0.13   0.21      0.66
938  0.5195312 0.4539894 0.09220926         0    0.13   0.21      0.66
939  0.6250000 0.4539894 0.09220926         0    0.13   0.21      0.66
940  1.0000000 0.4539894 0.09220926         0    0.13   0.21      0.66
941  1.0000000 0.4539894 0.09220926         0    0.13   0.21      0.66
942  1.0000000 0.4539894 0.09220926         0    0.13   0.21      0.66
943  1.0000000 0.4539894 0.09220926         0    0.13   0.21      0.66
944  1.0000000 0.4539894 0.09220926         0    0.13   0.21      0.66
945  1.0000000 0.4539894 0.09220926         0    0.13   0.21      0.66
946  1.0000000 0.4539894 0.09220926         0    0.13   0.21      0.66
947  0.4960938 0.4539894 0.09220926         0    0.13   0.21      0.66
948  1.0000000 0.4539894 0.09220926         0    0.13   0.21      0.66
949  0.6757812 0.4539894 0.09220926         0    0.13   0.21      0.66
950  0.3710938 0.4539894 0.09220926         0    0.13   0.21      0.66
951  1.0000000 0.4539894 0.09220926         0    0.13   0.21      0.66
952  0.5390625 0.4539894 0.09220926         0    0.13   0.21      0.66
953  1.0000000 0.4539894 0.09220926         0    0.13   0.21      0.66
954  0.7304688 0.4539894 0.09220926         0    0.13   0.21      0.66
955  1.0000000 0.4539894 0.09220926         0    0.13   0.21      0.66
956  1.0000000 0.4539894 0.09220926         0    0.13   0.21      0.66
957  1.0000000 0.4539894 0.09220926         0    0.13   0.21      0.66
958  0.4921875 0.4539894 0.09220926         0    0.13   0.21      0.66
959  1.0000000 0.4539894 0.09220926         0    0.13   0.21      0.66
960  0.6953125 0.4539894 0.09220926         0    0.13   0.21      0.66
961  0.3984375 0.4539894 0.09220926         0    0.13   0.21      0.66
962  0.6289062 0.4539894 0.09220926         0    0.13   0.21      0.66
963  1.0000000 0.4539894 0.09220926         0    0.13   0.21      0.66
964  1.0000000 0.4539894 0.09220926         0    0.13   0.21      0.66
965  1.0000000 0.4539894 0.09220926         0    0.13   0.21      0.66
966  1.0000000 0.4539894 0.09220926         0    0.13   0.21      0.66
967  1.0000000 0.4539894 0.09220926         0    0.13   0.21      0.66
968  1.0000000 0.4539894 0.09220926         0    0.13   0.21      0.66
969  0.6015625 0.4539894 0.09220926         0    0.13   0.21      0.66
970  0.5429688 0.4539894 0.09220926         0    0.13   0.21      0.66
971  1.0000000 0.4539894 0.09220926         0    0.13   0.21      0.66
972  1.0000000 0.4539894 0.09220926         0    0.13   0.21      0.66
973  0.4804688 0.4539894 0.09220926         0    0.13   0.21      0.66
974  1.0000000 0.4539894 0.09220926         0    0.13   0.21      0.66
975  0.4257812 0.4539894 0.09220926         0    0.13   0.21      0.66
976  1.0000000 0.4539894 0.09220926         0    0.13   0.21      0.66
977  0.5742188 0.4539894 0.09220926         0    0.13   0.21      0.66
978  0.5039062 0.4539894 0.09220926         0    0.13   0.21      0.66
979  0.5585938 0.4539894 0.09220926         0    0.13   0.21      0.66
980  1.0000000 0.4539894 0.09220926         0    0.13   0.21      0.66
981  0.2812500 0.4539894 0.09220926         0    0.13   0.21      0.66
982  1.0000000 0.4539894 0.09220926         0    0.13   0.21      0.66
983  1.0000000 0.4539894 0.09220926         0    0.13   0.21      0.66
984  1.0000000 0.4539894 0.09220926         0    0.13   0.21      0.66
985  1.0000000 0.4539894 0.09220926         0    0.13   0.21      0.66
986  1.0000000 0.4539894 0.09220926         0    0.13   0.21      0.66
987  1.0000000 0.4539894 0.09220926         0    0.13   0.21      0.66
988  0.3632812 0.4539894 0.09220926         0    0.13   0.21      0.66
989  1.0000000 0.4539894 0.09220926         0    0.13   0.21      0.66
990  0.4570312 0.4539894 0.09220926         0    0.13   0.21      0.66
991  1.0000000 0.4539894 0.09220926         0    0.13   0.21      0.66
992  1.0000000 0.4539894 0.09220926         0    0.13   0.21      0.66
993  1.0000000 0.4539894 0.09220926         0    0.13   0.21      0.66
994  1.0000000 0.4539894 0.09220926         0    0.13   0.21      0.66
995  0.4101562 0.4539894 0.09220926         0    0.13   0.21      0.66
996  0.5390625 0.4539894 0.09220926         0    0.13   0.21      0.66
997  0.2851562 0.4539894 0.09220926         0    0.13   0.21      0.66
998  1.0000000 0.4539894 0.09220926         0    0.13   0.21      0.66
999  0.3320312 0.4539894 0.09220926         0    0.13   0.21      0.66
1000 1.0000000 0.4539894 0.09220926         0    0.13   0.21      0.66
70312500 0.4615253 0.03393024         0    0.28   0.17      0.55
988  0.24609375 0.4615253 0.03393024         0    0.28   0.17      0.55
989  0.30468750 0.4615253 0.03393024         0    0.28   0.17      0.55
990  0.23437500 0.4615253 0.03393024         0    0.28   0.17      0.55
991  0.37890625 0.4615253 0.03393024         0    0.28   0.17      0.55
992  0.12890625 0.4615253 0.03393024         0    0.28   0.17      0.55
993  1.00000000 0.4615253 0.03393024         0    0.28   0.17      0.55
994  0.13671875 0.4615253 0.03393024         0    0.28   0.17      0.55
995  0.64062500 0.4615253 0.03393024         0    0.28   0.17      0.55
996  1.00000000 0.4615253 0.03393024         0    0.28   0.17      0.55
997  0.08203125 0.4615253 0.03393024         0    0.28   0.17      0.55
998  0.27734375 0.4615253 0.03393024         0    0.28   0.17      0.55
999  0.36328125 0.4615253 0.03393024         0    0.28   0.17      0.55
1000 1.00000000 0.4615253 0.03393024         0    0.28   0.17      0.55
