      prop.aneu prob.meio  prob.mito dispersal euploid mosaic aneuploid
1    0.15234375 0.5634814 0.03402532         0    0.28   0.15      0.57
2    1.00000000 0.5634814 0.03402532         0    0.28   0.15      0.57
3    1.00000000 0.5634814 0.03402532         0    0.28   0.15      0.57
4    0.15625000 0.5634814 0.03402532         0    0.28   0.15      0.57
5    1.00000000 0.5634814 0.03402532         0    0.28   0.15      0.57
6    1.00000000 0.5634814 0.03402532         0    0.28   0.15      0.57
7    0.13281250 0.5634814 0.03402532         0    0.28   0.15      0.57
8    0.07812500 0.5634814 0.03402532         0    0.28   0.15      0.57
9    1.00000000 0.5634814 0.03402532         0    0.28   0.15      0.57
10   1.00000000 0.5634814 0.03402532         0    0.28   0.15      0.57
11   1.00000000 0.5634814 0.03402532         0    0.28   0.15      0.57
12   1.00000000 0.5634814 0.03402532         0    0.28   0.15      0.57
13   0.22656250 0.5634814 0.03402532         0    0.28   0.15      0.57
14   1.00000000 0.5634814 0.03402532         0    0.28   0.15      0.57
15   1.00000000 0.5634814 0.03402532         0    0.28   0.15      0.57
16   1.00000000 0.5634814 0.03402532         0    0.28   0.15      0.57
17   1.00000000 0.5634814 0.03402532         0    0.28   0.15      0.57
18   0.32812500 0.5634814 0.03402532         0    0.28   0.15      0.57
19   1.00000000 0.5634814 0.03402532         0    0.28   0.15      0.57
20   1.00000000 0.5634814 0.03402532         0    0.28   0.15      0.57
21   0.21484375 0.5634814 0.03402532         0    0.28   0.15      0.57
22   1.00000000 0.5634814 0.03402532         0    0.28   0.15      0.57
23   1.00000000 0.5634814 0.03402532         0    0.28   0.15      0.57
24   1.00000000 0.5634814 0.03402532         0    0.28   0.15      0.57
25   1.00000000 0.5634814 0.03402532         0    0.28   0.15      0.57
26   1.00000000 0.5634814 0.03402532         0    0.28   0.15      0.57
27   0.25781250 0.5634814 0.03402532         0    0.28   0.15      0.57
28   1.00000000 0.5634814 0.03402532         0    0.28   0.15      0.57
29   0.13671875 0.5634814 0.03402532         0    0.28   0.15      0.57
30   0.19531250 0.5634814 0.03402532         0    0.28   0.15      0.57
31   1.00000000 0.5634814 0.03402532         0    0.28   0.15      0.57
32   1.00000000 0.5634814 0.03402532         0    0.28   0.15      0.57
33   0.17968750 0.5634814 0.03402532         0    0.28   0.15      0.57
34   1.00000000 0.5634814 0.03402532         0    0.28   0.15      0.57
35   0.17578125 0.5634814 0.03402532         0    0.28   0.15      0.57
36   0.21484375 0.5634814 0.03402532         0    0.28   0.15      0.57
37   0.34375000 0.5634814 0.03402532         0    0.28   0.15      0.57
38   0.11718750 0.5634814 0.03402532         0    0.28   0.15      0.57
39   1.00000000 0.5634814 0.03402532         0    0.28   0.15      0.57
40   0.06250000 0.5634814 0.03402532         0    0.28   0.15      0.57
41   1.00000000 0.5634814 0.03402532         0    0.28   0.15      0.57
42   0.35156250 0.5634814 0.03402532         0    0.28   0.15      0.57
43   0.14453125 0.5634814 0.03402532         0    0.28   0.15      0.57
44   0.28125000 0.5634814 0.03402532         0    0.28   0.15      0.57
45   1.00000000 0.5634814 0.03402532         0    0.28   0.15      0.57
46   0.15234375 0.5634814 0.03402532         0    0.28   0.15      0.57
47   1.00000000 0.5634814 0.03402532         0    0.28   0.15      0.57
48   0.23046875 0.5634814 0.03402532         0    0.28   0.15      0.57
49   0.23046875 0.5634814 0.03402532         0    0.28   0.15      0.57
50   0.14062500 0.5634814 0.03402532         0    0.28   0.15      0.57
51   1.00000000 0.5634814 0.03402532         0    0.28   0.15      0.57
52   1.00000000 0.5634814 0.03402532         0    0.28   0.15      0.57
53   1.00000000 0.5634814 0.03402532         0    0.28   0.15      0.57
54   1.00000000 0.5634814 0.03402532         0    0.28   0.15      0.57
55   0.56250000 0.5634814 0.03402532         0    0.28   0.15      0.57
56   1.00000000 0.5634814 0.03402532         0    0.28   0.15      0.57
57   1.00000000 0.5634814 0.03402532         0    0.28   0.15      0.57
58   0.29296875 0.5634814 0.03402532         0    0.28   0.15      0.57
59   0.53515625 0.5634814 0.03402532         0    0.28   0.15      0.57
60   1.00000000 0.5634814 0.03402532         0    0.28   0.15      0.57
61   0.30078125 0.5634814 0.03402532         0    0.28   0.15      0.57
62   0.47265625 0.5634814 0.03402532         0    0.28   0.15      0.57
63   1.00000000 0.5634814 0.03402532         0    0.28   0.15      0.57
64   1.00000000 0.5634814 0.03402532         0    0.28   0.15      0.57
65   1.00000000 0.5634814 0.03402532         0    0.28   0.15      0.57
66   1.00000000 0.5634814 0.03402532         0    0.28   0.15      0.57
67   0.15625000 0.5634814 0.03402532         0    0.28   0.15      0.57
68   1.00000000 0.5634814 0.03402532         0    0.28   0.15      0.57
69   1.00000000 0.5634814 0.03402532         0    0.28   0.15      0.57
70   0.23046875 0.5634814 0.03402532         0    0.28   0.15      0.57
71   0.55078125 0.5634814 0.03402532         0    0.28   0.15      0.57
72   1.00000000 0.5634814 0.03402532         0    0.28   0.15      0.57
73   1.00000000 0.5634814 0.03402532         0    0.28   0.15      0.57
74   0.17187500 0.5634814 0.03402532         0    0.28   0.15      0.57
75   0.12500000 0.5634814 0.03402532         0    0.28   0.15      0.57
76   0.37500000 0.5634814 0.03402532         0    0.28   0.15      0.57
77   0.10156250 0.5634814 0.03402532         0    0.28   0.15      0.57
78   1.00000000 0.5634814 0.03402532         0    0.28   0.15      0.57
79   0.21484375 0.5634814 0.03402532         0    0.28   0.15      0.57
80   0.21093750 0.5634814 0.03402532         0    0.28   0.15      0.57
81   0.20703125 0.5634814 0.03402532         0    0.28   0.15      0.57
82   1.00000000 0.5634814 0.03402532         0    0.28   0.15      0.57
83   1.00000000 0.5634814 0.03402532         0    0.28   0.15      0.57
84   1.00000000 0.5634814 0.03402532         0    0.28   0.15      0.57
85   1.00000000 0.5634814 0.03402532         0    0.28   0.15      0.57
86   1.00000000 0.5634814 0.03402532         0    0.28   0.15      0.57
87   0.13671875 0.5634814 0.03402532         0    0.28   0.15      0.57
88   0.44140625 0.5634814 0.03402532         0    0.28   0.15      0.57
89   1.00000000 0.5634814 0.03402532         0    0.28   0.15      0.57
90   0.25390625 0.5634814 0.03402532         0    0.28   0.15      0.57
91   0.18750000 0.5634814 0.03402532         0    0.28   0.15      0.57
92   1.00000000 0.5634814 0.03402532         0    0.28   0.15      0.57
93   0.19921875 0.5634814 0.03402532         0    0.28   0.15      0.57
94   1.00000000 0.5634814 0.03402532         0    0.28   0.15      0.57
95   0.40234375 0.5634814 0.03402532         0    0.28   0.15      0.57
96   0.18359375 0.5634814 0.03402532         0    0.28   0.15      0.57
97   0.12109375 0.5634814 0.03402532         0    0.28   0.15      0.57
98   1.00000000 0.5634814 0.03402532         0    0.28   0.15      0.57
99   1.00000000 0.5634814 0.03402532         0    0.28   0.15      0.57
100  0.34765625 0.5634814 0.03402532         0    0.28   0.15      0.57
101  0.20312500 0.5301647 0.04286697         0    0.20   0.16      0.64
102  1.00000000 0.5301647 0.04286697         0    0.20   0.16      0.64
103  1.00000000 0.5301647 0.04286697         0    0.20   0.16      0.64
104  1.00000000 0.5301647 0.04286697         0    0.20   0.16      0.64
105  0.20703125 0.5301647 0.04286697         0    0.20   0.16      0.64
106  1.00000000 0.5301647 0.04286697         0    0.20   0.16      0.64
107  1.00000000 0.5301647 0.04286697         0    0.20   0.16      0.64
108  1.00000000 0.5301647 0.04286697         0    0.20   0.16      0.64
109  1.00000000 0.5301647 0.04286697         0    0.20   0.16      0.64
110  1.00000000 0.5301647 0.04286697         0    0.20   0.16      0.64
111  0.26953125 0.5301647 0.04286697         0    0.20   0.16      0.64
112  1.00000000 0.5301647 0.04286697         0    0.20   0.16      0.64
113  0.17187500 0.5301647 0.04286697         0    0.20   0.16      0.64
114  0.61328125 0.5301647 0.04286697         0    0.20   0.16      0.64
115  0.22265625 0.5301647 0.04286697         0    0.20   0.16      0.64
116  0.22265625 0.5301647 0.04286697         0    0.20   0.16      0.64
117  1.00000000 0.5301647 0.04286697         0    0.20   0.16      0.64
118  0.40625000 0.5301647 0.04286697         0    0.20   0.16      0.64
119  1.00000000 0.5301647 0.04286697         0    0.20   0.16      0.64
120  1.00000000 0.5301647 0.04286697         0    0.20   0.16      0.64
121  1.00000000 0.5301647 0.04286697         0    0.20   0.16      0.64
122  1.00000000 0.5301647 0.04286697         0    0.20   0.16      0.64
123  1.00000000 0.5301647 0.04286697         0    0.20   0.16      0.64
124  1.00000000 0.5301647 0.04286697         0    0.20   0.16      0.64
125  0.48046875 0.5301647 0.04286697         0    0.20   0.16      0.64
126  1.00000000 0.5301647 0.04286697         0    0.20   0.16      0.64
127  0.38281250 0.5301647 0.04286697         0    0.20   0.16      0.64
128  1.00000000 0.5301647 0.04286697         0    0.20   0.16      0.64
129  1.00000000 0.5301647 0.04286697         0    0.20   0.16      0.64
130  1.00000000 0.5301647 0.04286697         0    0.20   0.16      0.64
131  1.00000000 0.5301647 0.04286697         0    0.20   0.16      0.64
132  0.11328125 0.5301647 0.04286697         0    0.20   0.16      0.64
133  1.00000000 0.5301647 0.04286697         0    0.20   0.16      0.64
134  1.00000000 0.5301647 0.04286697         0    0.20   0.16      0.64
135  0.17187500 0.5301647 0.04286697         0    0.20   0.16      0.64
136  1.00000000 0.5301647 0.04286697         0    0.20   0.16      0.64
137  0.32812500 0.5301647 0.04286697         0    0.20   0.16      0.64
138  0.21093750 0.5301647 0.04286697         0    0.20   0.16      0.64
139  1.00000000 0.5301647 0.04286697         0    0.20   0.16      0.64
140  0.18750000 0.5301647 0.04286697         0    0.20   0.16      0.64
141  1.00000000 0.5301647 0.04286697         0    0.20   0.16      0.64
142  1.00000000 0.5301647 0.04286697         0    0.20   0.16      0.64
143  1.00000000 0.5301647 0.04286697         0    0.20   0.16      0.64
144  1.00000000 0.5301647 0.04286697         0    0.20   0.16      0.64
145  0.41796875 0.5301647 0.04286697         0    0.20   0.16      0.64
146  1.00000000 0.5301647 0.04286697         0    0.20   0.16      0.64
147  0.39843750 0.5301647 0.04286697         0    0.20   0.16      0.64
148  1.00000000 0.5301647 0.04286697         0    0.20   0.16      0.64
149  1.00000000 0.5301647 0.04286697         0    0.20   0.16      0.64
150  0.22265625 0.5301647 0.04286697         0    0.20   0.16      0.64
151  1.00000000 0.5301647 0.04286697         0    0.20   0.16      0.64
152  1.00000000 0.5301647 0.04286697         0    0.20   0.16      0.64
153  1.00000000 0.5301647 0.04286697         0    0.20   0.16      0.64
154  1.00000000 0.5301647 0.04286697         0    0.20   0.16      0.64
155  1.00000000 0.5301647 0.04286697         0    0.20   0.16      0.64
156  1.00000000 0.5301647 0.04286697         0    0.20   0.16      0.64
157  1.00000000 0.5301647 0.04286697         0    0.20   0.16      0.64
158  0.25390625 0.5301647 0.04286697         0    0.20   0.16      0.64
159  0.20703125 0.5301647 0.04286697         0    0.20   0.16      0.64
160  0.30468750 0.5301647 0.04286697         0    0.20   0.16      0.64
161  1.00000000 0.5301647 0.04286697         0    0.20   0.16      0.64
162  0.15625000 0.5301647 0.04286697         0    0.20   0.16      0.64
163  1.00000000 0.5301647 0.04286697         0    0.20   0.16      0.64
164  1.00000000 0.5301647 0.04286697         0    0.20   0.16      0.64
165  0.56640625 0.5301647 0.04286697         0    0.20   0.16      0.64
166  1.00000000 0.5301647 0.04286697         0    0.20   0.16      0.64
167  0.39453125 0.5301647 0.04286697         0    0.20   0.16      0.64
168  1.00000000 0.5301647 0.04286697         0    0.20   0.16      0.64
169  0.18359375 0.5301647 0.04286697         0    0.20   0.16      0.64
170  0.55078125 0.5301647 0.04286697         0    0.20   0.16      0.64
171  1.00000000 0.5301647 0.04286697         0    0.20   0.16      0.64
172  1.00000000 0.5301647 0.04286697         0    0.20   0.16      0.64
173  1.00000000 0.5301647 0.04286697         0    0.20   0.16      0.64
174  0.42187500 0.5301647 0.04286697         0    0.20   0.16      0.64
175  0.28906250 0.5301647 0.04286697         0    0.20   0.16      0.64
176  0.09375000 0.5301647 0.04286697         0    0.20   0.16      0.64
177  0.16015625 0.5301647 0.04286697         0    0.20   0.16      0.64
178  0.31250000 0.5301647 0.04286697         0    0.20   0.16      0.64
179  0.17187500 0.5301647 0.04286697         0    0.20   0.16      0.64
180  0.33984375 0.5301647 0.04286697         0    0.20   0.16      0.64
181  1.00000000 0.5301647 0.04286697         0    0.20   0.16      0.64
182  1.00000000 0.5301647 0.04286697         0    0.20   0.16      0.64
183  0.37890625 0.5301647 0.04286697         0    0.20   0.16      0.64
184  0.21875000 0.5301647 0.04286697         0    0.20   0.16      0.64
185  1.00000000 0.5301647 0.04286697         0    0.20   0.16      0.64
186  1.00000000 0.5301647 0.04286697         0    0.20   0.16      0.64
187  1.00000000 0.5301647 0.04286697         0    0.20   0.16      0.64
188  0.23437500 0.5301647 0.04286697         0    0.20   0.16      0.64
189  0.27734375 0.5301647 0.04286697         0    0.20   0.16      0.64
190  0.19140625 0.5301647 0.04286697         0    0.20   0.16      0.64
191  0.21484375 0.5301647 0.04286697         0    0.20   0.16      0.64
192  0.16015625 0.5301647 0.04286697         0    0.20   0.16      0.64
193  1.00000000 0.5301647 0.04286697         0    0.20   0.16      0.64
194  1.00000000 0.5301647 0.04286697         0    0.20   0.16      0.64
195  0.34375000 0.5301647 0.04286697         0    0.20   0.16      0.64
196  1.00000000 0.5301647 0.04286697         0    0.20   0.16      0.64
197  1.00000000 0.5301647 0.04286697         0    0.20   0.16      0.64
198  1.00000000 0.5301647 0.04286697         0    0.20   0.16      0.64
199  1.00000000 0.5301647 0.04286697         0    0.20   0.16      0.64
200  1.00000000 0.5301647 0.04286697         0    0.20   0.16      0.64
201  0.16406250 0.4721463 0.05211917         0    0.22   0.22      0.56
202  1.00000000 0.4721463 0.05211917         0    0.22   0.22      0.56
203  1.00000000 0.4721463 0.05211917         0    0.22   0.22      0.56
204  1.00000000 0.4721463 0.05211917         0    0.22   0.22      0.56
205  0.06250000 0.4721463 0.05211917         0    0.22   0.22      0.56
206  1.00000000 0.4721463 0.05211917         0    0.22   0.22      0.56
207  0.39062500 0.4721463 0.05211917         0    0.22   0.22      0.56
208  1.00000000 0.4721463 0.05211917         0    0.22   0.22      0.56
209  0.13671875 0.4721463 0.05211917         0    0.22   0.22      0.56
210  0.67968750 0.4721463 0.05211917         0    0.22   0.22      0.56
211  1.00000000 0.4721463 0.05211917         0    0.22   0.22      0.56
212  0.17968750 0.4721463 0.05211917         0    0.22   0.22      0.56
213  0.34375000 0.4721463 0.05211917         0    0.22   0.22      0.56
214  1.00000000 0.4721463 0.05211917         0    0.22   0.22      0.56
215  1.00000000 0.4721463 0.05211917         0    0.22   0.22      0.56
216  0.19921875 0.4721463 0.05211917         0    0.22   0.22      0.56
217  1.00000000 0.4721463 0.05211917         0    0.22   0.22      0.56
218  0.30078125 0.4721463 0.05211917         0    0.22   0.22      0.56
219  0.13281250 0.4721463 0.05211917         0    0.22   0.22      0.56
220  1.00000000 0.4721463 0.05211917         0    0.22   0.22      0.56
221  1.00000000 0.4721463 0.05211917         0    0.22   0.22      0.56
222  0.26562500 0.4721463 0.05211917         0    0.22   0.22      0.56
223  0.22656250 0.4721463 0.05211917         0    0.22   0.22      0.56
224  1.00000000 0.4721463 0.05211917         0    0.22   0.22      0.56
225  0.17187500 0.4721463 0.05211917         0    0.22   0.22      0.56
226  0.41406250 0.4721463 0.05211917         0    0.22   0.22      0.56
227  1.00000000 0.4721463 0.05211917         0    0.22   0.22      0.56
228  0.44140625 0.4721463 0.05211917         0    0.22   0.22      0.56
229  1.00000000 0.4721463 0.05211917         0    0.22   0.22      0.56
230  1.00000000 0.4721463 0.05211917         0    0.22   0.22      0.56
231  0.36718750 0.4721463 0.05211917         0    0.22   0.22      0.56
232  0.15625000 0.4721463 0.05211917         0    0.22   0.22      0.56
233  0.22265625 0.4721463 0.05211917         0    0.22   0.22      0.56
234  1.00000000 0.4721463 0.05211917         0    0.22   0.22      0.56
235  0.32421875 0.4721463 0.05211917         0    0.22   0.22      0.56
236  0.20312500 0.4721463 0.05211917         0    0.22   0.22      0.56
237  0.23437500 0.4721463 0.05211917         0    0.22   0.22      0.56
238  1.00000000 0.4721463 0.05211917         0    0.22   0.22      0.56
239  1.00000000 0.4721463 0.05211917         0    0.22   0.22      0.56
240  0.78125000 0.4721463 0.05211917         0    0.22   0.22      0.56
241  0.20703125 0.4721463 0.05211917         0    0.22   0.22      0.56
242  0.22265625 0.4721463 0.05211917         0    0.22   0.22      0.56
243  1.00000000 0.4721463 0.05211917         0    0.22   0.22      0.56
244  0.32812500 0.4721463 0.05211917         0    0.22   0.22      0.56
245  1.00000000 0.4721463 0.05211917         0    0.22   0.22      0.56
246  1.00000000 0.4721463 0.05211917         0    0.22   0.22      0.56
247  1.00000000 0.4721463 0.05211917         0    0.22   0.22      0.56
248  1.00000000 0.4721463 0.05211917         0    0.22   0.22      0.56
249  1.00000000 0.4721463 0.05211917         0    0.22   0.22      0.56
250  0.45312500 0.4721463 0.05211917         0    0.22   0.22      0.56
251  1.00000000 0.4721463 0.05211917         0    0.22   0.22      0.56
252  0.58203125 0.4721463 0.05211917         0    0.22   0.22      0.56
253  1.00000000 0.4721463 0.05211917         0    0.22   0.22      0.56
254  0.23046875 0.4721463 0.05211917         0    0.22   0.22      0.56
255  0.48046875 0.4721463 0.05211917         0    0.22   0.22      0.56
256  0.32812500 0.4721463 0.05211917         0    0.22   0.22      0.56
257  0.45312500 0.4721463 0.05211917         0    0.22   0.22      0.56
258  1.00000000 0.4721463 0.05211917         0    0.22   0.22      0.56
259  1.00000000 0.4721463 0.05211917         0    0.22   0.22      0.56
260  1.00000000 0.4721463 0.05211917         0    0.22   0.22      0.56
261  0.28515625 0.4721463 0.05211917         0    0.22   0.22      0.56
262  0.41015625 0.4721463 0.05211917         0    0.22   0.22      0.56
263  1.00000000 0.4721463 0.05211917         0    0.22   0.22      0.56
264  0.33984375 0.4721463 0.05211917         0    0.22   0.22      0.56
265  0.28515625 0.4721463 0.05211917         0    0.22   0.22      0.56
266  0.22656250 0.4721463 0.05211917         0    0.22   0.22      0.56
267  0.12890625 0.4721463 0.05211917         0    0.22   0.22      0.56
268  0.19140625 0.4721463 0.05211917         0    0.22   0.22      0.56
269  0.39062500 0.4721463 0.05211917         0    0.22   0.22      0.56
270  1.00000000 0.4721463 0.05211917         0    0.22   0.22      0.56
271  1.00000000 0.4721463 0.05211917         0    0.22   0.22      0.56
272  1.00000000 0.4721463 0.05211917         0    0.22   0.22      0.56
273  1.00000000 0.4721463 0.05211917         0    0.22   0.22      0.56
274  1.00000000 0.4721463 0.05211917         0    0.22   0.22      0.56
275  1.00000000 0.4721463 0.05211917         0    0.22   0.22      0.56
276  1.00000000 0.4721463 0.05211917         0    0.22   0.22      0.56
277  0.60546875 0.4721463 0.05211917         0    0.22   0.22      0.56
278  1.00000000 0.4721463 0.05211917         0    0.22   0.22      0.56
279  0.43750000 0.4721463 0.05211917         0    0.22   0.22      0.56
280  0.48046875 0.4721463 0.05211917         0    0.22   0.22      0.56
281  1.00000000 0.4721463 0.05211917         0    0.22   0.22      0.56
282  1.00000000 0.4721463 0.05211917         0    0.22   0.22      0.56
283  1.00000000 0.4721463 0.05211917         0    0.22   0.22      0.56
284  1.00000000 0.4721463 0.05211917         0    0.22   0.22      0.56
285  0.22265625 0.4721463 0.05211917         0    0.22   0.22      0.56
286  0.23437500 0.4721463 0.05211917         0    0.22   0.22      0.56
287  0.56640625 0.4721463 0.05211917         0    0.22   0.22      0.56
288  1.00000000 0.4721463 0.05211917         0    0.22   0.22      0.56
289  1.00000000 0.4721463 0.05211917         0    0.22   0.22      0.56
290  0.76171875 0.4721463 0.05211917         0    0.22   0.22      0.56
291  0.69531250 0.4721463 0.05211917         0    0.22   0.22      0.56
292  0.21093750 0.4721463 0.05211917         0    0.22   0.22      0.56
293  1.00000000 0.4721463 0.05211917         0    0.22   0.22      0.56
294  0.37109375 0.4721463 0.05211917         0    0.22   0.22      0.56
295  1.00000000 0.4721463 0.05211917         0    0.22   0.22      0.56
296  0.62890625 0.4721463 0.05211917         0    0.22   0.22      0.56
297  1.00000000 0.4721463 0.05211917         0    0.22   0.22      0.56
298  0.49218750 0.4721463 0.05211917         0    0.22   0.22      0.56
299  1.00000000 0.4721463 0.05211917         0    0.22   0.22      0.56
300  1.00000000 0.4721463 0.05211917         0    0.22   0.22      0.56
301  0.86328125 0.4277935 0.08321174         0    0.15   0.20      0.65
302  1.00000000 0.4277935 0.08321174         0    0.15   0.20      0.65
303  1.00000000 0.4277935 0.08321174         0    0.15   0.20      0.65
304  1.00000000 0.4277935 0.08321174         0    0.15   0.20      0.65
305  1.00000000 0.4277935 0.08321174         0    0.15   0.20      0.65
306  1.00000000 0.4277935 0.08321174         0    0.15   0.20      0.65
307  0.41796875 0.4277935 0.08321174         0    0.15   0.20      0.65
308  1.00000000 0.4277935 0.08321174         0    0.15   0.20      0.65
309  0.43359375 0.4277935 0.08321174         0    0.15   0.20      0.65
310  1.00000000 0.4277935 0.08321174         0    0.15   0.20      0.65
311  1.00000000 0.4277935 0.08321174         0    0.15   0.20      0.65
312  1.00000000 0.4277935 0.08321174         0    0.15   0.20      0.65
313  0.54687500 0.4277935 0.08321174         0    0.15   0.20      0.65
314  0.46093750 0.4277935 0.08321174         0    0.15   0.20      0.65
315  1.00000000 0.4277935 0.08321174         0    0.15   0.20      0.65
316  1.00000000 0.4277935 0.08321174         0    0.15   0.20      0.65
317  1.00000000 0.4277935 0.08321174         0    0.15   0.20      0.65
318  0.59765625 0.4277935 0.08321174         0    0.15   0.20      0.65
319  1.00000000 0.4277935 0.08321174         0    0.15   0.20      0.65
320  0.74609375 0.4277935 0.08321174         0    0.15   0.20      0.65
321  1.00000000 0.4277935 0.08321174         0    0.15   0.20      0.65
322  0.72265625 0.4277935 0.08321174         0    0.15   0.20      0.65
323  0.40234375 0.4277935 0.08321174         0    0.15   0.20      0.65
324  0.72265625 0.4277935 0.08321174         0    0.15   0.20      0.65
325  1.00000000 0.4277935 0.08321174         0    0.15   0.20      0.65
326  0.51171875 0.4277935 0.08321174         0    0.15   0.20      0.65
327  1.00000000 0.4277935 0.08321174         0    0.15   0.20      0.65
328  0.56250000 0.4277935 0.08321174         0    0.15   0.20      0.65
329  0.48828125 0.4277935 0.08321174         0    0.15   0.20      0.65
330  0.55859375 0.4277935 0.08321174         0    0.15   0.20      0.65
331  0.58203125 0.4277935 0.08321174         0    0.15   0.20      0.65
332  0.57031250 0.4277935 0.08321174         0    0.15   0.20      0.65
333  0.42968750 0.4277935 0.08321174         0    0.15   0.20      0.65
334  1.00000000 0.4277935 0.08321174         0    0.15   0.20      0.65
335  1.00000000 0.4277935 0.08321174         0    0.15   0.20      0.65
336  1.00000000 0.4277935 0.08321174         0    0.15   0.20      0.65
337  1.00000000 0.4277935 0.08321174         0    0.15   0.20      0.65
338  1.00000000 0.4277935 0.08321174         0    0.15   0.20      0.65
339  0.32421875 0.4277935 0.08321174         0    0.15   0.20      0.65
340  1.00000000 0.4277935 0.08321174         0    0.15   0.20      0.65
341  0.64453125 0.4277935 0.08321174         0    0.15   0.20      0.65
342  0.63281250 0.4277935 0.08321174         0    0.15   0.20      0.65
343  0.66015625 0.4277935 0.08321174         0    0.15   0.20      0.65
344  0.65625000 0.4277935 0.08321174         0    0.15   0.20      0.65
345  1.00000000 0.4277935 0.08321174         0    0.15   0.20      0.65
346  1.00000000 0.4277935 0.08321174         0    0.15   0.20      0.65
347  1.00000000 0.4277935 0.08321174         0    0.15   0.20      0.65
348  1.00000000 0.4277935 0.08321174         0    0.15   0.20      0.65
349  1.00000000 0.4277935 0.08321174         0    0.15   0.20      0.65
350  1.00000000 0.4277935 0.08321174         0    0.15   0.20      0.65
351  0.42968750 0.4277935 0.08321174         0    0.15   0.20      0.65
352  0.76953125 0.4277935 0.08321174         0    0.15   0.20      0.65
353  0.35156250 0.4277935 0.08321174         0    0.15   0.20      0.65
354  0.48046875 0.4277935 0.08321174         0    0.15   0.20      0.65
355  1.00000000 0.4277935 0.08321174         0    0.15   0.20      0.65
356  0.48437500 0.4277935 0.08321174         0    0.15   0.20      0.65
357  1.00000000 0.4277935 0.08321174         0    0.15   0.20      0.65
358  0.57421875 0.4277935 0.08321174         0    0.15   0.20      0.65
359  0.47656250 0.4277935 0.08321174         0    0.15   0.20      0.65
360  0.41406250 0.4277935 0.08321174         0    0.15   0.20      0.65
361  0.57031250 0.4277935 0.08321174         0    0.15   0.20      0.65
362  1.00000000 0.4277935 0.08321174         0    0.15   0.20      0.65
363  1.00000000 0.4277935 0.08321174         0    0.15   0.20      0.65
364  1.00000000 0.4277935 0.08321174         0    0.15   0.20      0.65
365  1.00000000 0.4277935 0.08321174         0    0.15   0.20      0.65
366  0.29296875 0.4277935 0.08321174         0    0.15   0.20      0.65
367  0.38671875 0.4277935 0.08321174         0    0.15   0.20      0.65
368  0.57421875 0.4277935 0.08321174         0    0.15   0.20      0.65
369  1.00000000 0.4277935 0.08321174         0    0.15   0.20      0.65
370  1.00000000 0.4277935 0.08321174         0    0.15   0.20      0.65
371  1.00000000 0.4277935 0.08321174         0    0.15   0.20      0.65
372  1.00000000 0.4277935 0.08321174         0    0.15   0.20      0.65
373  1.00000000 0.4277935 0.08321174         0    0.15   0.20      0.65
374  1.00000000 0.4277935 0.08321174         0    0.15   0.20      0.65
375  1.00000000 0.4277935 0.08321174         0    0.15   0.20      0.65
376  1.00000000 0.4277935 0.08321174         0    0.15   0.20      0.65
377  1.00000000 0.4277935 0.08321174         0    0.15   0.20      0.65
378  1.00000000 0.4277935 0.08321174         0    0.15   0.20      0.65
379  1.00000000 0.4277935 0.08321174         0    0.15   0.20      0.65
380  0.62500000 0.4277935 0.08321174         0    0.15   0.20      0.65
381  0.38281250 0.4277935 0.08321174         0    0.15   0.20      0.65
382  0.41406250 0.4277935 0.08321174         0    0.15   0.20      0.65
383  1.00000000 0.4277935 0.08321174         0    0.15   0.20      0.65
384  0.66796875 0.4277935 0.08321174         0    0.15   0.20      0.65
385  0.35546875 0.4277935 0.08321174         0    0.15   0.20      0.65
386  0.43359375 0.4277935 0.08321174         0    0.15   0.20      0.65
387  0.42578125 0.4277935 0.08321174         0    0.15   0.20      0.65
388  0.48437500 0.4277935 0.08321174         0    0.15   0.20      0.65
389  1.00000000 0.4277935 0.08321174         0    0.15   0.20      0.65
390  0.35156250 0.4277935 0.08321174         0    0.15   0.20      0.65
391  0.43750000 0.4277935 0.08321174         0    0.15   0.20      0.65
392  1.00000000 0.4277935 0.08321174         0    0.15   0.20      0.65
393  0.37500000 0.4277935 0.08321174         0    0.15   0.20      0.65
394  1.00000000 0.4277935 0.08321174         0    0.15   0.20      0.65
395  1.00000000 0.4277935 0.08321174         0    0.15   0.20      0.65
396  1.00000000 0.4277935 0.08321174         0    0.15   0.20      0.65
397  1.00000000 0.4277935 0.08321174         0    0.15   0.20      0.65
398  0.66015625 0.4277935 0.08321174         0    0.15   0.20      0.65
399  0.65234375 0.4277935 0.08321174         0    0.15   0.20      0.65
400  1.00000000 0.4277935 0.08321174         0    0.15   0.20      0.65
401  0.12500000 0.4341802 0.02500008         0    0.32   0.14      0.54
402  0.06250000 0.4341802 0.02500008         0    0.32   0.14      0.54
403  1.00000000 0.4341802 0.02500008         0    0.32   0.14      0.54
404  1.00000000 0.4341802 0.02500008         0    0.32   0.14      0.54
405  1.00000000 0.4341802 0.02500008         0    0.32   0.14      0.54
406  0.10546875 0.4341802 0.02500008         0    0.32   0.14      0.54
407  1.00000000 0.4341802 0.02500008         0    0.32   0.14      0.54
408  0.10546875 0.4341802 0.02500008         0    0.32   0.14      0.54
409  1.00000000 0.4341802 0.02500008         0    0.32   0.14      0.54
410  1.00000000 0.4341802 0.02500008         0    0.32   0.14      0.54
411  1.00000000 0.4341802 0.02500008         0    0.32   0.14      0.54
412  0.14843750 0.4341802 0.02500008         0    0.32   0.14      0.54
413  0.16796875 0.4341802 0.02500008         0    0.32   0.14      0.54
414  1.00000000 0.4341802 0.02500008         0    0.32   0.14      0.54
415  1.00000000 0.4341802 0.02500008         0    0.32   0.14      0.54
416  0.11718750 0.4341802 0.02500008         0    0.32   0.14      0.54
417  0.16406250 0.4341802 0.02500008         0    0.32   0.14      0.54
418  0.54687500 0.4341802 0.02500008         0    0.32   0.14      0.54
419  1.00000000 0.4341802 0.02500008         0    0.32   0.14      0.54
420  0.08203125 0.4341802 0.02500008         0    0.32   0.14      0.54
421  0.22656250 0.4341802 0.02500008         0    0.32   0.14      0.54
422  1.00000000 0.4341802 0.02500008         0    0.32   0.14      0.54
423  1.00000000 0.4341802 0.02500008         0    0.32   0.14      0.54
424  1.00000000 0.4341802 0.02500008         0    0.32   0.14      0.54
425  1.00000000 0.4341802 0.02500008         0    0.32   0.14      0.54
426  1.00000000 0.4341802 0.02500008         0    0.32   0.14      0.54
427  1.00000000 0.4341802 0.02500008         0    0.32   0.14      0.54
428  1.00000000 0.4341802 0.02500008         0    0.32   0.14      0.54
429  0.21484375 0.4341802 0.02500008         0    0.32   0.14      0.54
430  0.11328125 0.4341802 0.02500008         0    0.32   0.14      0.54
431  0.08593750 0.4341802 0.02500008         0    0.32   0.14      0.54
432  1.00000000 0.4341802 0.02500008         0    0.32   0.14      0.54
433  1.00000000 0.4341802 0.02500008         0    0.32   0.14      0.54
434  0.23437500 0.4341802 0.02500008         0    0.32   0.14      0.54
435  0.08593750 0.4341802 0.02500008         0    0.32   0.14      0.54
436  1.00000000 0.4341802 0.02500008         0    0.32   0.14      0.54
437  1.00000000 0.4341802 0.02500008         0    0.32   0.14      0.54
438  0.31250000 0.4341802 0.02500008         0    0.32   0.14      0.54
439  0.06640625 0.4341802 0.02500008         0    0.32   0.14      0.54
440  1.00000000 0.4341802 0.02500008         0    0.32   0.14      0.54
441  0.17187500 0.4341802 0.02500008         0    0.32   0.14      0.54
442  1.00000000 0.4341802 0.02500008         0    0.32   0.14      0.54
443  1.00000000 0.4341802 0.02500008         0    0.32   0.14      0.54
444  0.33203125 0.4341802 0.02500008         0    0.32   0.14      0.54
445  0.14843750 0.4341802 0.02500008         0    0.32   0.14      0.54
446  1.00000000 0.4341802 0.02500008         0    0.32   0.14      0.54
447  1.00000000 0.4341802 0.02500008         0    0.32   0.14      0.54
448  0.07031250 0.4341802 0.02500008         0    0.32   0.14      0.54
449  1.00000000 0.4341802 0.02500008         0    0.32   0.14      0.54
450  0.06250000 0.4341802 0.02500008         0    0.32   0.14      0.54
451  1.00000000 0.4341802 0.02500008         0    0.32   0.14      0.54
452  0.14843750 0.4341802 0.02500008         0    0.32   0.14      0.54
453  1.00000000 0.4341802 0.02500008         0    0.32   0.14      0.54
454  1.00000000 0.4341802 0.02500008         0    0.32   0.14      0.54
455  0.17187500 0.4341802 0.02500008         0    0.32   0.14      0.54
456  1.00000000 0.4341802 0.02500008         0    0.32   0.14      0.54
457  1.00000000 0.4341802 0.02500008         0    0.32   0.14      0.54
458  1.00000000 0.4341802 0.02500008         0    0.32   0.14      0.54
459  0.58984375 0.4341802 0.02500008         0    0.32   0.14      0.54
460  1.00000000 0.4341802 0.02500008         0    0.32   0.14      0.54
461  1.00000000 0.4341802 0.02500008         0    0.32   0.14      0.54
462  0.16406250 0.4341802 0.02500008         0    0.32   0.14      0.54
463  0.27343750 0.4341802 0.02500008         0    0.32   0.14      0.54
464  0.26953125 0.4341802 0.02500008         0    0.32   0.14      0.54
465  1.00000000 0.4341802 0.02500008         0    0.32   0.14      0.54
466  1.00000000 0.4341802 0.02500008         0    0.32   0.14      0.54
467  0.63281250 0.4341802 0.02500008         0    0.32   0.14      0.54
468  0.14843750 0.4341802 0.02500008         0    0.32   0.14      0.54
469  0.52734375 0.4341802 0.02500008         0    0.32   0.14      0.54
470  0.09375000 0.4341802 0.02500008         0    0.32   0.14      0.54
471  0.12890625 0.4341802 0.02500008         0    0.32   0.14      0.54
472  1.00000000 0.4341802 0.02500008         0    0.32   0.14      0.54
473  1.00000000 0.4341802 0.02500008         0    0.32   0.14      0.54
474  1.00000000 0.4341802 0.02500008         0    0.32   0.14      0.54
475  1.00000000 0.4341802 0.02500008         0    0.32   0.14      0.54
476  0.28906250 0.4341802 0.02500008         0    0.32   0.14      0.54
477  1.00000000 0.4341802 0.02500008         0    0.32   0.14      0.54
478  1.00000000 0.4341802 0.02500008         0    0.32   0.14      0.54
479  0.21093750 0.4341802 0.02500008         0    0.32   0.14      0.54
480  0.11328125 0.4341802 0.02500008         0    0.32   0.14      0.54
481  0.16796875 0.4341802 0.02500008         0    0.32   0.14      0.54
482  0.25781250 0.4341802 0.02500008         0    0.32   0.14      0.54
483  0.12890625 0.4341802 0.02500008         0    0.32   0.14      0.54
484  1.00000000 0.4341802 0.02500008         0    0.32   0.14      0.54
485  1.00000000 0.4341802 0.02500008         0    0.32   0.14      0.54
486  0.10156250 0.4341802 0.02500008         0    0.32   0.14      0.54
487  0.35937500 0.4341802 0.02500008         0    0.32   0.14      0.54
488  0.19921875 0.4341802 0.02500008         0    0.32   0.14      0.54
489  1.00000000 0.4341802 0.02500008         0    0.32   0.14      0.54
490  0.09765625 0.4341802 0.02500008         0    0.32   0.14      0.54
491  0.08203125 0.4341802 0.02500008         0    0.32   0.14      0.54
492  0.10156250 0.4341802 0.02500008         0    0.32   0.14      0.54
493  1.00000000 0.4341802 0.02500008         0    0.32   0.14      0.54
494  1.00000000 0.4341802 0.02500008         0    0.32   0.14      0.54
495  0.07812500 0.4341802 0.02500008         0    0.32   0.14      0.54
496  1.00000000 0.4341802 0.02500008         0    0.32   0.14      0.54
497  1.00000000 0.4341802 0.02500008         0    0.32   0.14      0.54
498  1.00000000 0.4341802 0.02500008         0    0.32   0.14      0.54
499  0.20703125 0.4341802 0.02500008         0    0.32   0.14      0.54
500  1.00000000 0.4341802 0.02500008         0    0.32   0.14      0.54
501  0.30859375 0.6751130 0.04549205         0    0.21   0.18      0.61
502  1.00000000 0.6751130 0.04549205         0    0.21   0.18      0.61
503  0.20703125 0.6751130 0.04549205         0    0.21   0.18      0.61
504  1.00000000 0.6751130 0.04549205         0    0.21   0.18      0.61
505  0.55468750 0.6751130 0.04549205         0    0.21   0.18      0.61
506  0.23437500 0.6751130 0.04549205         0    0.21   0.18      0.61
507  1.00000000 0.6751130 0.04549205         0    0.21   0.18      0.61
508  0.65625000 0.6751130 0.04549205         0    0.21   0.18      0.61
509  1.00000000 0.6751130 0.04549205         0    0.21   0.18      0.61
510  1.00000000 0.6751130 0.04549205         0    0.21   0.18      0.61
511  1.00000000 0.6751130 0.04549205         0    0.21   0.18      0.61
512  1.00000000 0.6751130 0.04549205         0    0.21   0.18      0.61
513  1.00000000 0.6751130 0.04549205         0    0.21   0.18      0.61
514  1.00000000 0.6751130 0.04549205         0    0.21   0.18      0.61
515  0.19140625 0.6751130 0.04549205         0    0.21   0.18      0.61
516  0.29687500 0.6751130 0.04549205         0    0.21   0.18      0.61
517  1.00000000 0.6751130 0.04549205         0    0.21   0.18      0.61
518  1.00000000 0.6751130 0.04549205         0    0.21   0.18      0.61
519  1.00000000 0.6751130 0.04549205         0    0.21   0.18      0.61
520  0.39062500 0.6751130 0.04549205         0    0.21   0.18      0.61
521  0.26171875 0.6751130 0.04549205         0    0.21   0.18      0.61
522  1.00000000 0.6751130 0.04549205         0    0.21   0.18      0.61
523  0.42187500 0.6751130 0.04549205         0    0.21   0.18      0.61
524  0.36718750 0.6751130 0.04549205         0    0.21   0.18      0.61
525  0.28125000 0.6751130 0.04549205         0    0.21   0.18      0.61
526  1.00000000 0.6751130 0.04549205         0    0.21   0.18      0.61
527  0.26953125 0.6751130 0.04549205         0    0.21   0.18      0.61
528  0.76171875 0.6751130 0.04549205         0    0.21   0.18      0.61
529  1.00000000 0.6751130 0.04549205         0    0.21   0.18      0.61
530  1.00000000 0.6751130 0.04549205         0    0.21   0.18      0.61
531  0.52734375 0.6751130 0.04549205         0    0.21   0.18      0.61
532  0.43359375 0.6751130 0.04549205         0    0.21   0.18      0.61
533  1.00000000 0.6751130 0.04549205         0    0.21   0.18      0.61
534  1.00000000 0.6751130 0.04549205         0    0.21   0.18      0.61
535  0.25000000 0.6751130 0.04549205         0    0.21   0.18      0.61
536  1.00000000 0.6751130 0.04549205         0    0.21   0.18      0.61
537  0.14453125 0.6751130 0.04549205         0    0.21   0.18      0.61
538  1.00000000 0.6751130 0.04549205         0    0.21   0.18      0.61
539  1.00000000 0.6751130 0.04549205         0    0.21   0.18      0.61
540  1.00000000 0.6751130 0.04549205         0    0.21   0.18      0.61
541  0.22265625 0.6751130 0.04549205         0    0.21   0.18      0.61
542  1.00000000 0.6751130 0.04549205         0    0.21   0.18      0.61
543  1.00000000 0.6751130 0.04549205         0    0.21   0.18      0.61
544  1.00000000 0.6751130 0.04549205         0    0.21   0.18      0.61
545  0.22656250 0.6751130 0.04549205         0    0.21   0.18      0.61
546  0.17968750 0.6751130 0.04549205         0    0.21   0.18      0.61
547  1.00000000 0.6751130 0.04549205         0    0.21   0.18      0.61
548  0.42968750 0.6751130 0.04549205         0    0.21   0.18      0.61
549  1.00000000 0.6751130 0.04549205         0    0.21   0.18      0.61
550  1.00000000 0.6751130 0.04549205         0    0.21   0.18      0.61
551  1.00000000 0.6751130 0.04549205         0    0.21   0.18      0.61
552  1.00000000 0.6751130 0.04549205         0    0.21   0.18      0.61
553  1.00000000 0.6751130 0.04549205         0    0.21   0.18      0.61
554  1.00000000 0.6751130 0.04549205         0    0.21   0.18      0.61
555  0.28515625 0.6751130 0.04549205         0    0.21   0.18      0.61
556  0.10546875 0.6751130 0.04549205         0    0.21   0.18      0.61
557  0.33593750 0.6751130 0.04549205         0    0.21   0.18      0.61
558  1.00000000 0.6751130 0.04549205         0    0.21   0.18      0.61
559  0.42968750 0.6751130 0.04549205         0    0.21   0.18      0.61
560  0.29296875 0.6751130 0.04549205         0    0.21   0.18      0.61
561  0.27343750 0.6751130 0.04549205         0    0.21   0.18      0.61
562  1.00000000 0.6751130 0.04549205         0    0.21   0.18      0.61
563  0.71875000 0.6751130 0.04549205         0    0.21   0.18      0.61
564  0.33593750 0.6751130 0.04549205         0    0.21   0.18      0.61
565  1.00000000 0.6751130 0.04549205         0    0.21   0.18      0.61
566  0.25781250 0.6751130 0.04549205         0    0.21   0.18      0.61
567  1.00000000 0.6751130 0.04549205         0    0.21   0.18      0.61
568  0.21484375 0.6751130 0.04549205         0    0.21   0.18      0.61
569  1.00000000 0.6751130 0.04549205         0    0.21   0.18      0.61
570  1.00000000 0.6751130 0.04549205         0    0.21   0.18      0.61
571  0.23828125 0.6751130 0.04549205         0    0.21   0.18      0.61
572  1.00000000 0.6751130 0.04549205         0    0.21   0.18      0.61
573  1.00000000 0.6751130 0.04549205         0    0.21   0.18      0.61
574  0.11328125 0.6751130 0.04549205         0    0.21   0.18      0.61
575  1.00000000 0.6751130 0.04549205         0    0.21   0.18      0.61
576  1.00000000 0.6751130 0.04549205         0    0.21   0.18      0.61
577  1.00000000 0.6751130 0.04549205         0    0.21   0.18      0.61
578  1.00000000 0.6751130 0.04549205         0    0.21   0.18      0.61
579  1.00000000 0.6751130 0.04549205         0    0.21   0.18      0.61
580  1.00000000 0.6751130 0.04549205         0    0.21   0.18      0.61
581  1.00000000 0.6751130 0.04549205         0    0.21   0.18      0.61
582  1.00000000 0.6751130 0.04549205         0    0.21   0.18      0.61
583  1.00000000 0.6751130 0.04549205         0    0.21   0.18      0.61
584  1.00000000 0.6751130 0.04549205         0    0.21   0.18      0.61
585  1.00000000 0.6751130 0.04549205         0    0.21   0.18      0.61
586  1.00000000 0.6751130 0.04549205         0    0.21   0.18      0.61
587  0.22265625 0.6751130 0.04549205         0    0.21   0.18      0.61
588  0.78515625 0.6751130 0.04549205         0    0.21   0.18      0.61
589  0.75781250 0.6751130 0.04549205         0    0.21   0.18      0.61
590  1.00000000 0.6751130 0.04549205         0    0.21   0.18      0.61
591  1.00000000 0.6751130 0.04549205         0    0.21   0.18      0.61
592  1.00000000 0.6751130 0.04549205         0    0.21   0.18      0.61
593  0.23046875 0.6751130 0.04549205         0    0.21   0.18      0.61
594  0.27343750 0.6751130 0.04549205         0    0.21   0.18      0.61
595  0.87890625 0.6751130 0.04549205         0    0.21   0.18      0.61
596  0.21093750 0.6751130 0.04549205         0    0.21   0.18      0.61
597  0.28125000 0.6751130 0.04549205         0    0.21   0.18      0.61
598  1.00000000 0.6751130 0.04549205         0    0.21   0.18      0.61
599  0.56250000 0.6751130 0.04549205         0    0.21   0.18      0.61
600  1.00000000 0.6751130 0.04549205         0    0.21   0.18      0.61
601  1.00000000 0.4572746 0.03102681         0    0.32   0.16      0.52
602  1.00000000 0.4572746 0.03102681         0    0.32   0.16      0.52
603  0.16015625 0.4572746 0.03102681         0    0.32   0.16      0.52
604  0.10156250 0.4572746 0.03102681         0    0.32   0.16      0.52
605  1.00000000 0.4572746 0.03102681         0    0.32   0.16      0.52
606  1.00000000 0.4572746 0.03102681         0    0.32   0.16      0.52
607  0.08593750 0.4572746 0.03102681         0    0.32   0.16      0.52
608  0.18750000 0.4572746 0.03102681         0    0.32   0.16      0.52
609  0.28906250 0.4572746 0.03102681         0    0.32   0.16      0.52
610  0.12500000 0.4572746 0.03102681         0    0.32   0.16      0.52
611  1.00000000 0.4572746 0.03102681         0    0.32   0.16      0.52
612  0.14843750 0.4572746 0.03102681         0    0.32   0.16      0.52
613  0.56640625 0.4572746 0.03102681         0    0.32   0.16      0.52
614  1.00000000 0.4572746 0.03102681         0    0.32   0.16      0.52
615  0.19140625 0.4572746 0.03102681         0    0.32   0.16      0.52
616  0.12109375 0.4572746 0.03102681         0    0.32   0.16      0.52
617  1.00000000 0.4572746 0.03102681         0    0.32   0.16      0.52
618  0.18359375 0.4572746 0.03102681         0    0.32   0.16      0.52
619  0.59765625 0.4572746 0.03102681         0    0.32   0.16      0.52
620  0.19921875 0.4572746 0.03102681         0    0.32   0.16      0.52
621  0.34765625 0.4572746 0.03102681         0    0.32   0.16      0.52
622  0.41015625 0.4572746 0.03102681         0    0.32   0.16      0.52
623  1.00000000 0.4572746 0.03102681         0    0.32   0.16      0.52
624  1.00000000 0.4572746 0.03102681         0    0.32   0.16      0.52
625  1.00000000 0.4572746 0.03102681         0    0.32   0.16      0.52
626  0.17187500 0.4572746 0.03102681         0    0.32   0.16      0.52
627  1.00000000 0.4572746 0.03102681         0    0.32   0.16      0.52
628  0.38281250 0.4572746 0.03102681         0    0.32   0.16      0.52
629  0.32031250 0.4572746 0.03102681         0    0.32   0.16      0.52
630  1.00000000 0.4572746 0.03102681         0    0.32   0.16      0.52
631  1.00000000 0.4572746 0.03102681         0    0.32   0.16      0.52
632  1.00000000 0.4572746 0.03102681         0    0.32   0.16      0.52
633  0.08984375 0.4572746 0.03102681         0    0.32   0.16      0.52
634  0.30468750 0.4572746 0.03102681         0    0.32   0.16      0.52
635  0.19921875 0.4572746 0.03102681         0    0.32   0.16      0.52
636  1.00000000 0.4572746 0.03102681         0    0.32   0.16      0.52
637  1.00000000 0.4572746 0.03102681         0    0.32   0.16      0.52
638  1.00000000 0.4572746 0.03102681         0    0.32   0.16      0.52
639  0.22265625 0.4572746 0.03102681         0    0.32   0.16      0.52
640  0.22265625 0.4572746 0.03102681         0    0.32   0.16      0.52
641  0.12109375 0.4572746 0.03102681         0    0.32   0.16      0.52
642  1.00000000 0.4572746 0.03102681         0    0.32   0.16      0.52
643  0.07031250 0.4572746 0.03102681         0    0.32   0.16      0.52
644  1.00000000 0.4572746 0.03102681         0    0.32   0.16      0.52
645  0.17187500 0.4572746 0.03102681         0    0.32   0.16      0.52
646  0.23437500 0.4572746 0.03102681         0    0.32   0.16      0.52
647  0.21875000 0.4572746 0.03102681         0    0.32   0.16      0.52
648  0.14453125 0.4572746 0.03102681         0    0.32   0.16      0.52
649  1.00000000 0.4572746 0.03102681         0    0.32   0.16      0.52
650  1.00000000 0.4572746 0.03102681         0    0.32   0.16      0.52
651  1.00000000 0.4572746 0.03102681         0    0.32   0.16      0.52
652  1.00000000 0.4572746 0.03102681         0    0.32   0.16      0.52
653  0.11718750 0.4572746 0.03102681         0    0.32   0.16      0.52
654  0.10546875 0.4572746 0.03102681         0    0.32   0.16      0.52
655  0.15625000 0.4572746 0.03102681         0    0.32   0.16      0.52
656  0.16796875 0.4572746 0.03102681         0    0.32   0.16      0.52
657  1.00000000 0.4572746 0.03102681         0    0.32   0.16      0.52
658  1.00000000 0.4572746 0.03102681         0    0.32   0.16      0.52
659  0.20703125 0.4572746 0.03102681         0    0.32   0.16      0.52
660  1.00000000 0.4572746 0.03102681         0    0.32   0.16      0.52
661  0.15234375 0.4572746 0.03102681         0    0.32   0.16      0.52
662  1.00000000 0.4572746 0.03102681         0    0.32   0.16      0.52
663  0.53125000 0.4572746 0.03102681         0    0.32   0.16      0.52
664  0.17578125 0.4572746 0.03102681         0    0.32   0.16      0.52
665  1.00000000 0.4572746 0.03102681         0    0.32   0.16      0.52
666  0.08203125 0.4572746 0.03102681         0    0.32   0.16      0.52
667  1.00000000 0.4572746 0.03102681         0    0.32   0.16      0.52
668  1.00000000 0.4572746 0.03102681         0    0.32   0.16      0.52
669  0.11328125 0.4572746 0.03102681         0    0.32   0.16      0.52
670  1.00000000 0.4572746 0.03102681         0    0.32   0.16      0.52
671  0.62109375 0.4572746 0.03102681         0    0.32   0.16      0.52
672  1.00000000 0.4572746 0.03102681         0    0.32   0.16      0.52
673  1.00000000 0.4572746 0.03102681         0    0.32   0.16      0.52
674  1.00000000 0.4572746 0.03102681         0    0.32   0.16      0.52
675  1.00000000 0.4572746 0.03102681         0    0.32   0.16      0.52
676  1.00000000 0.4572746 0.03102681         0    0.32   0.16      0.52
677  0.13281250 0.4572746 0.03102681         0    0.32   0.16      0.52
678  0.28125000 0.4572746 0.03102681         0    0.32   0.16      0.52
679  0.10156250 0.4572746 0.03102681         0    0.32   0.16      0.52
680  0.34765625 0.4572746 0.03102681         0    0.32   0.16      0.52
681  1.00000000 0.4572746 0.03102681         0    0.32   0.16      0.52
682  0.13281250 0.4572746 0.03102681         0    0.32   0.16      0.52
683  0.24609375 0.4572746 0.03102681         0    0.32   0.16      0.52
684  1.00000000 0.4572746 0.03102681         0    0.32   0.16      0.52
685  0.23828125 0.4572746 0.03102681         0    0.32   0.16      0.52
686  1.00000000 0.4572746 0.03102681         0    0.32   0.16      0.52
687  0.08593750 0.4572746 0.03102681         0    0.32   0.16      0.52
688  1.00000000 0.4572746 0.03102681         0    0.32   0.16      0.52
689  0.08984375 0.4572746 0.03102681         0    0.32   0.16      0.52
690  1.00000000 0.4572746 0.03102681         0    0.32   0.16      0.52
691  1.00000000 0.4572746 0.03102681         0    0.32   0.16      0.52
692  0.39453125 0.4572746 0.03102681         0    0.32   0.16      0.52
693  0.40234375 0.4572746 0.03102681         0    0.32   0.16      0.52
694  1.00000000 0.4572746 0.03102681         0    0.32   0.16      0.52
695  1.00000000 0.4572746 0.03102681         0    0.32   0.16      0.52
696  1.00000000 0.4572746 0.03102681         0    0.32   0.16      0.52
697  1.00000000 0.4572746 0.03102681         0    0.32   0.16      0.52
698  0.28125000 0.4572746 0.03102681         0    0.32   0.16      0.52
699  1.00000000 0.4572746 0.03102681         0    0.32   0.16      0.52
700  1.00000000 0.4572746 0.03102681         0    0.32   0.16      0.52
701  0.14062500 0.4121791 0.04665659         0    0.28   0.15      0.57
702  1.00000000 0.4121791 0.04665659         0    0.28   0.15      0.57
703  1.00000000 0.4121791 0.04665659         0    0.28   0.15      0.57
704  1.00000000 0.4121791 0.04665659         0    0.28   0.15      0.57
705  1.00000000 0.4121791 0.04665659         0    0.28   0.15      0.57
706  0.36328125 0.4121791 0.04665659         0    0.28   0.15      0.57
707  1.00000000 0.4121791 0.04665659         0    0.28   0.15      0.57
708  1.00000000 0.4121791 0.04665659         0    0.28   0.15      0.57
709  0.32421875 0.4121791 0.04665659         0    0.28   0.15      0.57
710  1.00000000 0.4121791 0.04665659         0    0.28   0.15      0.57
711  1.00000000 0.4121791 0.04665659         0    0.28   0.15      0.57
712  1.00000000 0.4121791 0.04665659         0    0.28   0.15      0.57
713  0.13671875 0.4121791 0.04665659         0    0.28   0.15      0.57
714  1.00000000 0.4121791 0.04665659         0    0.28   0.15      0.57
715  1.00000000 0.4121791 0.04665659         0    0.28   0.15      0.57
716  0.28125000 0.4121791 0.04665659         0    0.28   0.15      0.57
717  1.00000000 0.4121791 0.04665659         0    0.28   0.15      0.57
718  0.24218750 0.4121791 0.04665659         0    0.28   0.15      0.57
719  1.00000000 0.4121791 0.04665659         0    0.28   0.15      0.57
720  0.37500000 0.4121791 0.04665659         0    0.28   0.15      0.57
721  1.00000000 0.4121791 0.04665659         0    0.28   0.15      0.57
722  0.28125000 0.4121791 0.04665659         0    0.28   0.15      0.57
723  0.15234375 0.4121791 0.04665659         0    0.28   0.15      0.57
724  1.00000000 0.4121791 0.04665659         0    0.28   0.15      0.57
725  1.00000000 0.4121791 0.04665659         0    0.28   0.15      0.57
726  1.00000000 0.4121791 0.04665659         0    0.28   0.15      0.57
727  0.24218750 0.4121791 0.04665659         0    0.28   0.15      0.57
728  1.00000000 0.4121791 0.04665659         0    0.28   0.15      0.57
729  1.00000000 0.4121791 0.04665659         0    0.28   0.15      0.57
730  0.21484375 0.4121791 0.04665659         0    0.28   0.15      0.57
731  0.57031250 0.4121791 0.04665659         0    0.28   0.15      0.57
732  0.35937500 0.4121791 0.04665659         0    0.28   0.15      0.57
733  0.23437500 0.4121791 0.04665659         0    0.28   0.15      0.57
734  0.42578125 0.4121791 0.04665659         0    0.28   0.15      0.57
735  0.30078125 0.4121791 0.04665659         0    0.28   0.15      0.57
736  1.00000000 0.4121791 0.04665659         0    0.28   0.15      0.57
737  0.18750000 0.4121791 0.04665659         0    0.28   0.15      0.57
738  1.00000000 0.4121791 0.04665659         0    0.28   0.15      0.57
739  1.00000000 0.4121791 0.04665659         0    0.28   0.15      0.57
740  0.24218750 0.4121791 0.04665659         0    0.28   0.15      0.57
741  0.53125000 0.4121791 0.04665659         0    0.28   0.15      0.57
742  0.30078125 0.4121791 0.04665659         0    0.28   0.15      0.57
743  1.00000000 0.4121791 0.04665659         0    0.28   0.15      0.57
744  0.16015625 0.4121791 0.04665659         0    0.28   0.15      0.57
745  0.15625000 0.4121791 0.04665659         0    0.28   0.15      0.57
746  1.00000000 0.4121791 0.04665659         0    0.28   0.15      0.57
747  0.29296875 0.4121791 0.04665659         0    0.28   0.15      0.57
748  1.00000000 0.4121791 0.04665659         0    0.28   0.15      0.57
749  1.00000000 0.4121791 0.04665659         0    0.28   0.15      0.57
750  1.00000000 0.4121791 0.04665659         0    0.28   0.15      0.57
751  1.00000000 0.4121791 0.04665659         0    0.28   0.15      0.57
752  1.00000000 0.4121791 0.04665659         0    0.28   0.15      0.57
753  0.39453125 0.4121791 0.04665659         0    0.28   0.15      0.57
754  0.17578125 0.4121791 0.04665659         0    0.28   0.15      0.57
755  1.00000000 0.4121791 0.04665659         0    0.28   0.15      0.57
756  1.00000000 0.4121791 0.04665659         0    0.28   0.15      0.57
757  0.79687500 0.4121791 0.04665659         0    0.28   0.15      0.57
758  0.33593750 0.4121791 0.04665659         0    0.28   0.15      0.57
759  1.00000000 0.4121791 0.04665659         0    0.28   0.15      0.57
760  1.00000000 0.4121791 0.04665659         0    0.28   0.15      0.57
761  1.00000000 0.4121791 0.04665659         0    0.28   0.15      0.57
762  1.00000000 0.4121791 0.04665659         0    0.28   0.15      0.57
763  1.00000000 0.4121791 0.04665659         0    0.28   0.15      0.57
764  0.28125000 0.4121791 0.04665659         0    0.28   0.15      0.57
765  0.41015625 0.4121791 0.04665659         0    0.28   0.15      0.57
766  0.25000000 0.4121791 0.04665659         0    0.28   0.15      0.57
767  0.37890625 0.4121791 0.04665659         0    0.28   0.15      0.57
768  0.22656250 0.4121791 0.04665659         0    0.28   0.15      0.57
769  1.00000000 0.4121791 0.04665659         0    0.28   0.15      0.57
770  0.60156250 0.4121791 0.04665659         0    0.28   0.15      0.57
771  0.14843750 0.4121791 0.04665659         0    0.28   0.15      0.57
772  1.00000000 0.4121791 0.04665659         0    0.28   0.15      0.57
773  1.00000000 0.4121791 0.04665659         0    0.28   0.15      0.57
774  1.00000000 0.4121791 0.04665659         0    0.28   0.15      0.57
775  0.22656250 0.4121791 0.04665659         0    0.28   0.15      0.57
776  1.00000000 0.4121791 0.04665659         0    0.28   0.15      0.57
777  1.00000000 0.4121791 0.04665659         0    0.28   0.15      0.57
778  0.15234375 0.4121791 0.04665659         0    0.28   0.15      0.57
779  1.00000000 0.4121791 0.04665659         0    0.28   0.15      0.57
780  0.16406250 0.4121791 0.04665659         0    0.28   0.15      0.57
781  0.24218750 0.4121791 0.04665659         0    0.28   0.15      0.57
782  1.00000000 0.4121791 0.04665659         0    0.28   0.15      0.57
783  1.00000000 0.4121791 0.04665659         0    0.28   0.15      0.57
784  1.00000000 0.4121791 0.04665659         0    0.28   0.15      0.57
785  1.00000000 0.4121791 0.04665659         0    0.28   0.15      0.57
786  0.72656250 0.4121791 0.04665659         0    0.28   0.15      0.57
787  0.34375000 0.4121791 0.04665659         0    0.28   0.15      0.57
788  1.00000000 0.4121791 0.04665659         0    0.28   0.15      0.57
789  1.00000000 0.4121791 0.04665659         0    0.28   0.15      0.57
790  1.00000000 0.4121791 0.04665659         0    0.28   0.15      0.57
791  0.47265625 0.4121791 0.04665659         0    0.28   0.15      0.57
792  1.00000000 0.4121791 0.04665659         0    0.28   0.15      0.57
793  1.00000000 0.4121791 0.04665659         0    0.28   0.15      0.57
794  0.62890625 0.4121791 0.04665659         0    0.28   0.15      0.57
795  0.28515625 0.4121791 0.04665659         0    0.28   0.15      0.57
796  1.00000000 0.4121791 0.04665659         0    0.28   0.15      0.57
797  0.14843750 0.4121791 0.04665659         0    0.28   0.15      0.57
798  1.00000000 0.4121791 0.04665659         0    0.28   0.15      0.57
799  0.60937500 0.4121791 0.04665659         0    0.28   0.15      0.57
800  0.16015625 0.4121791 0.04665659         0    0.28   0.15      0.57
801  1.00000000 0.4940766 0.05178594         0    0.20   0.24      0.56
802  0.32031250 0.4940766 0.05178594         0    0.20   0.24      0.56
803  1.00000000 0.4940766 0.05178594         0    0.20   0.24      0.56
804  1.00000000 0.4940766 0.05178594         0    0.20   0.24      0.56
805  0.61328125 0.4940766 0.05178594         0    0.20   0.24      0.56
806  0.30859375 0.4940766 0.05178594         0    0.20   0.24      0.56
807  0.19921875 0.4940766 0.05178594         0    0.20   0.24      0.56
808  0.12109375 0.4940766 0.05178594         0    0.20   0.24      0.56
809  0.23046875 0.4940766 0.05178594         0    0.20   0.24      0.56
810  0.38671875 0.4940766 0.05178594         0    0.20   0.24      0.56
811  0.34375000 0.4940766 0.05178594         0    0.20   0.24      0.56
812  1.00000000 0.4940766 0.05178594         0    0.20   0.24      0.56
813  0.45312500 0.4940766 0.05178594         0    0.20   0.24      0.56
814  1.00000000 0.4940766 0.05178594         0    0.20   0.24      0.56
815  1.00000000 0.4940766 0.05178594         0    0.20   0.24      0.56
816  1.00000000 0.4940766 0.05178594         0    0.20   0.24      0.56
817  1.00000000 0.4940766 0.05178594         0    0.20   0.24      0.56
818  1.00000000 0.4940766 0.05178594         0    0.20   0.24      0.56
819  0.19921875 0.4940766 0.05178594         0    0.20   0.24      0.56
820  0.28515625 0.4940766 0.05178594         0    0.20   0.24      0.56
821  0.53515625 0.4940766 0.05178594         0    0.20   0.24      0.56
822  0.23437500 0.4940766 0.05178594         0    0.20   0.24      0.56
823  0.23437500 0.4940766 0.05178594         0    0.20   0.24      0.56
824  1.00000000 0.4940766 0.05178594         0    0.20   0.24      0.56
825  0.41796875 0.4940766 0.05178594         0    0.20   0.24      0.56
826  1.00000000 0.4940766 0.05178594         0    0.20   0.24      0.56
827  0.50000000 0.4940766 0.05178594         0    0.20   0.24      0.56
828  0.31640625 0.4940766 0.05178594         0    0.20   0.24      0.56
829  0.37890625 0.4940766 0.05178594         0    0.20   0.24      0.56
830  1.00000000 0.4940766 0.05178594         0    0.20   0.24      0.56
831  0.39062500 0.4940766 0.05178594         0    0.20   0.24      0.56
832  1.00000000 0.4940766 0.05178594         0    0.20   0.24      0.56
833  0.80859375 0.4940766 0.05178594         0    0.20   0.24      0.56
834  1.00000000 0.4940766 0.05178594         0    0.20   0.24      0.56
835  0.29687500 0.4940766 0.05178594         0    0.20   0.24      0.56
836  0.26562500 0.4940766 0.05178594         0    0.20   0.24      0.56
837  0.13281250 0.4940766 0.05178594         0    0.20   0.24      0.56
838  0.76953125 0.4940766 0.05178594         0    0.20   0.24      0.56
839  1.00000000 0.4940766 0.05178594         0    0.20   0.24      0.56
840  0.24218750 0.4940766 0.05178594         0    0.20   0.24      0.56
841  0.71484375 0.4940766 0.05178594         0    0.20   0.24      0.56
842  1.00000000 0.4940766 0.05178594         0    0.20   0.24      0.56
843  1.00000000 0.4940766 0.05178594         0    0.20   0.24      0.56
844  1.00000000 0.4940766 0.05178594         0    0.20   0.24      0.56
845  0.38671875 0.4940766 0.05178594         0    0.20   0.24      0.56
846  1.00000000 0.4940766 0.05178594         0    0.20   0.24      0.56
847  0.31640625 0.4940766 0.05178594         0    0.20   0.24      0.56
848  0.18359375 0.4940766 0.05178594         0    0.20   0.24      0.56
849  0.61328125 0.4940766 0.05178594         0    0.20   0.24      0.56
850  1.00000000 0.4940766 0.05178594         0    0.20   0.24      0.56
851  0.21093750 0.4940766 0.05178594         0    0.20   0.24      0.56
852  1.00000000 0.4940766 0.05178594         0    0.20   0.24      0.56
853  1.00000000 0.4940766 0.05178594         0    0.20   0.24      0.56
854  1.00000000 0.4940766 0.05178594         0    0.20   0.24      0.56
855  1.00000000 0.4940766 0.05178594         0    0.20   0.24      0.56
856  1.00000000 0.4940766 0.05178594         0    0.20   0.24      0.56
857  0.59765625 0.4940766 0.05178594         0    0.20   0.24      0.56
858  1.00000000 0.4940766 0.05178594         0    0.20   0.24      0.56
859  0.20312500 0.4940766 0.05178594         0    0.20   0.24      0.56
860  1.00000000 0.4940766 0.05178594         0    0.20   0.24      0.56
861  0.42578125 0.4940766 0.05178594         0    0.20   0.24      0.56
862  1.00000000 0.4940766 0.05178594         0    0.20   0.24      0.56
863  0.32812500 0.4940766 0.05178594         0    0.20   0.24      0.56
864  0.63281250 0.4940766 0.05178594         0    0.20   0.24      0.56
865  1.00000000 0.4940766 0.05178594         0    0.20   0.24      0.56
866  0.56250000 0.4940766 0.05178594         0    0.20   0.24      0.56
867  0.14843750 0.4940766 0.05178594         0    0.20   0.24      0.56
868  0.45703125 0.4940766 0.05178594         0    0.20   0.24      0.56
869  1.00000000 0.4940766 0.05178594         0    0.20   0.24      0.56
870  0.73046875 0.4940766 0.05178594         0    0.20   0.24      0.56
871  1.00000000 0.4940766 0.05178594         0    0.20   0.24      0.56
872  1.00000000 0.4940766 0.05178594         0    0.20   0.24      0.56
873  1.00000000 0.4940766 0.05178594         0    0.20   0.24      0.56
874  1.00000000 0.4940766 0.05178594         0    0.20   0.24      0.56
875  1.00000000 0.4940766 0.05178594         0    0.20   0.24      0.56
876  1.00000000 0.4940766 0.05178594         0    0.20   0.24      0.56
877  0.53906250 0.4940766 0.05178594         0    0.20   0.24      0.56
878  1.00000000 0.4940766 0.05178594         0    0.20   0.24      0.56
879  1.00000000 0.4940766 0.05178594         0    0.20   0.24      0.56
880  0.09765625 0.4940766 0.05178594         0    0.20   0.24      0.56
881  0.32421875 0.4940766 0.05178594         0    0.20   0.24      0.56
882  1.00000000 0.4940766 0.05178594         0    0.20   0.24      0.56
883  0.59765625 0.4940766 0.05178594         0    0.20   0.24      0.56
884  1.00000000 0.4940766 0.05178594         0    0.20   0.24      0.56
885  1.00000000 0.4940766 0.05178594         0    0.20   0.24      0.56
886  0.11718750 0.4940766 0.05178594         0    0.20   0.24      0.56
887  1.00000000 0.4940766 0.05178594         0    0.20   0.24      0.56
888  1.00000000 0.4940766 0.05178594         0    0.20   0.24      0.56
889  0.72656250 0.4940766 0.05178594         0    0.20   0.24      0.56
890  1.00000000 0.4940766 0.05178594         0    0.20   0.24      0.56
891  1.00000000 0.4940766 0.05178594         0    0.20   0.24      0.56
892  0.16406250 0.4940766 0.05178594         0    0.20   0.24      0.56
893  0.23046875 0.4940766 0.05178594         0    0.20   0.24      0.56
894  0.70703125 0.4940766 0.05178594         0    0.20   0.24      0.56
895  1.00000000 0.4940766 0.05178594         0    0.20   0.24      0.56
896  0.32812500 0.4940766 0.05178594         0    0.20   0.24      0.56
897  0.54296875 0.4940766 0.05178594         0    0.20   0.24      0.56
898  1.00000000 0.4940766 0.05178594         0    0.20   0.24      0.56
899  1.00000000 0.4940766 0.05178594         0    0.20   0.24      0.56
900  1.00000000 0.4940766 0.05178594         0    0.20   0.24      0.56
901  1.00000000 0.4951936 0.10439216         0    0.14   0.25      0.61
902  1.00000000 0.4951936 0.10439216         0    0.14   0.25      0.61
903  0.60937500 0.4951936 0.10439216         0    0.14   0.25      0.61
904  0.54687500 0.4951936 0.10439216         0    0.14   0.25      0.61
905  1.00000000 0.4951936 0.10439216         0    0.14   0.25      0.61
906  1.00000000 0.4951936 0.10439216         0    0.14   0.25      0.61
907  1.00000000 0.4951936 0.10439216         0    0.14   0.25      0.61
908  1.00000000 0.4951936 0.10439216         0    0.14   0.25      0.61
909  1.00000000 0.4951936 0.10439216         0    0.14   0.25      0.61
910  1.00000000 0.4951936 0.10439216         0    0.14   0.25      0.61
911  0.73437500 0.4951936 0.10439216         0    0.14   0.25      0.61
912  1.00000000 0.4951936 0.10439216         0    0.14   0.25      0.61
913  0.61328125 0.4951936 0.10439216         0    0.14   0.25      0.61
914  1.00000000 0.4951936 0.10439216         0    0.14   0.25      0.61
915  1.00000000 0.4951936 0.10439216         0    0.14   0.25      0.61
916  0.68750000 0.4951936 0.10439216         0    0.14   0.25      0.61
917  0.48046875 0.4951936 0.10439216         0    0.14   0.25      0.61
918  0.37109375 0.4951936 0.10439216         0    0.14   0.25      0.61
919  1.00000000 0.4951936 0.10439216         0    0.14   0.25      0.61
920  0.41796875 0.4951936 0.10439216         0    0.14   0.25      0.61
921  1.00000000 0.4951936 0.10439216         0    0.14   0.25      0.61
922  0.65234375 0.4951936 0.10439216         0    0.14   0.25      0.61
923  1.00000000 0.4951936 0.10439216         0    0.14   0.25      0.61
924  1.00000000 0.4951936 0.10439216         0    0.14   0.25      0.61
925  0.56250000 0.4951936 0.10439216         0    0.14   0.25      0.61
926  1.00000000 0.4951936 0.10439216         0    0.14   0.25      0.61
927  0.75390625 0.4951936 0.10439216         0    0.14   0.25      0.61
928  1.00000000 0.4951936 0.10439216         0    0.14   0.25      0.61
929  0.79296875 0.4951936 0.10439216         0    0.14   0.25      0.61
930  1.00000000 0.4951936 0.10439216         0    0.14   0.25      0.61
931  1.00000000 0.4951936 0.10439216         0    0.14   0.25      0.61
932  1.00000000 0.4951936 0.10439216         0    0.14   0.25      0.61
933  1.00000000 0.4951936 0.10439216         0    0.14   0.25      0.61
934  1.00000000 0.4951936 0.10439216         0    0.14   0.25      0.61
935  1.00000000 0.4951936 0.10439216         0    0.14   0.25      0.61
936  0.70312500 0.4951936 0.10439216         0    0.14   0.25      0.61
937  0.48828125 0.4951936 0.10439216         0    0.14   0.25      0.61
938  1.00000000 0.4951936 0.10439216         0    0.14   0.25      0.61
939  0.71875000 0.4951936 0.10439216         0    0.14   0.25      0.61
940  1.00000000 0.4951936 0.10439216         0    0.14   0.25      0.61
941  1.00000000 0.4951936 0.10439216         0    0.14   0.25      0.61
942  0.63281250 0.4951936 0.10439216         0    0.14   0.25      0.61
943  0.69140625 0.4951936 0.10439216         0    0.14   0.25      0.61
944  1.00000000 0.4951936 0.10439216         0    0.14   0.25      0.61
945  1.00000000 0.4951936 0.10439216         0    0.14   0.25      0.61
946  0.83203125 0.4951936 0.10439216         0    0.14   0.25      0.61
947  0.27734375 0.4951936 0.10439216         0    0.14   0.25      0.61
948  0.77343750 0.4951936 0.10439216         0    0.14   0.25      0.61
949  0.73437500 0.4951936 0.10439216         0    0.14   0.25      0.61
950  1.00000000 0.4951936 0.10439216         0    0.14   0.25      0.61
951  0.56250000 0.4951936 0.10439216         0    0.14   0.25      0.61
952  1.00000000 0.4951936 0.10439216         0    0.14   0.25      0.61
953  0.64843750 0.4951936 0.10439216         0    0.14   0.25      0.61
954  1.00000000 0.4951936 0.10439216         0    0.14   0.25      0.61
955  1.00000000 0.4951936 0.10439216         0    0.14   0.25      0.61
956  0.30078125 0.4951936 0.10439216         0    0.14   0.25      0.61
957  1.00000000 0.4951936 0.10439216         0    0.14   0.25      0.61
958  0.64062500 0.4951936 0.10439216         0    0.14   0.25      0.61
959  0.80468750 0.4951936 0.10439216         0    0.14   0.25      0.61
960  0.42968750 0.4951936 0.10439216         0    0.14   0.25      0.61
961  1.00000000 0.4951936 0.10439216         0    0.14   0.25      0.61
962  1.00000000 0.4951936 0.10439216         0    0.14   0.25      0.61
963  0.83984375 0.4951936 0.10439216         0    0.14   0.25      0.61
964  0.55078125 0.4951936 0.10439216         0    0.14   0.25      0.61
965  1.00000000 0.4951936 0.10439216         0    0.14   0.25      0.61
966  1.00000000 0.4951936 0.10439216         0    0.14   0.25      0.61
967  1.00000000 0.4951936 0.10439216         0    0.14   0.25      0.61
968  0.70703125 0.4951936 0.10439216         0    0.14   0.25      0.61
969  1.00000000 0.4951936 0.10439216         0    0.14   0.25      0.61
970  1.00000000 0.4951936 0.10439216         0    0.14   0.25      0.61
971  1.00000000 0.4951936 0.10439216         0    0.14   0.25      0.61
972  0.43750000 0.4951936 0.10439216         0    0.14   0.25      0.61
973  0.39843750 0.4951936 0.10439216         0    0.14   0.25      0.61
974  1.00000000 0.4951936 0.10439216         0    0.14   0.25      0.61
975  0.77343750 0.4951936 0.10439216         0    0.14   0.25      0.61
976  1.00000000 0.4951936 0.10439216         0    0.14   0.25      0.61
977  0.39843750 0.4951936 0.10439216         0    0.14   0.25      0.61
978  1.00000000 0.4951936 0.10439216         0    0.14   0.25      0.61
979  1.00000000 0.4951936 0.10439216         0    0.14   0.25      0.61
980  1.00000000 0.4951936 0.10439216         0    0.14   0.25      0.61
981  1.00000000 0.4951936 0.10439216         0    0.14   0.25      0.61
982  0.41015625 0.4951936 0.10439216         0    0.14   0.25      0.61
983  1.00000000 0.4951936 0.10439216         0    0.14   0.25      0.61
984  0.81250000 0.4951936 0.10439216         0    0.14   0.25      0.61
985  1.00000000 0.4951936 0.10439216         0    0.14   0.25      0.61
986  1.00000000 0.4951936 0.10439216         0    0.14   0.25      0.61
987  0.61328125 0.4951936 0.10439216         0    0.14   0.25      0.61
988  1.00000000 0.4951936 0.10439216         0    0.14   0.25      0.61
989  1.00000000 0.4951936 0.10439216         0    0.14   0.25      0.61
990  1.00000000 0.4951936 0.10439216         0    0.14   0.25      0.61
991  0.69531250 0.4951936 0.10439216         0    0.14   0.25      0.61
992  0.44140625 0.4951936 0.10439216         0    0.14   0.25      0.61
993  1.00000000 0.4951936 0.10439216         0    0.14   0.25      0.61
994  1.00000000 0.4951936 0.10439216         0    0.14   0.25      0.61
995  0.56250000 0.4951936 0.10439216         0    0.14   0.25      0.61
996  1.00000000 0.4951936 0.10439216         0    0.14   0.25      0.61
997  1.00000000 0.4951936 0.10439216         0    0.14   0.25      0.61
998  0.62500000 0.4951936 0.10439216         0    0.14   0.25      0.61
999  0.70703125 0.4951936 0.10439216         0    0.14   0.25      0.61
1000 1.00000000 0.4951936 0.10439216         0    0.14   0.25      0.61
68144 0.21295254         0    0.02   0.40      0.58
988  0.90234375 0.01668144 0.21295254         0    0.02   0.40      0.58
989  0.97656250 0.01668144 0.21295254         0    0.02   0.40      0.58
990  0.93359375 0.01668144 0.21295254         0    0.02   0.40      0.58
991  0.99609375 0.01668144 0.21295254         0    0.02   0.40      0.58
992  0.92578125 0.01668144 0.21295254         0    0.02   0.40      0.58
993  0.93750000 0.01668144 0.21295254         0    0.02   0.40      0.58
994  0.91015625 0.01668144 0.21295254         0    0.02   0.40      0.58
995  0.90625000 0.01668144 0.21295254         0    0.02   0.40      0.58
996  0.81250000 0.01668144 0.21295254         0    0.02   0.40      0.58
997  0.95312500 0.01668144 0.21295254         0    0.02   0.40      0.58
998  0.81640625 0.01668144 0.21295254         0    0.02   0.40      0.58
999  0.80078125 0.01668144 0.21295254         0    0.02   0.40      0.58
1000 0.82812500 0.01668144 0.21295254         0    0.02   0.40      0.58
