      prop.aneu prob.meio  prob.mito dispersal euploid mosaic aneuploid
1    0.10546875 0.6035106 0.03587353         0    0.21   0.15      0.64
2    1.00000000 0.6035106 0.03587353         0    0.21   0.15      0.64
3    1.00000000 0.6035106 0.03587353         0    0.21   0.15      0.64
4    1.00000000 0.6035106 0.03587353         0    0.21   0.15      0.64
5    0.60156250 0.6035106 0.03587353         0    0.21   0.15      0.64
6    0.26953125 0.6035106 0.03587353         0    0.21   0.15      0.64
7    1.00000000 0.6035106 0.03587353         0    0.21   0.15      0.64
8    0.33203125 0.6035106 0.03587353         0    0.21   0.15      0.64
9    0.20312500 0.6035106 0.03587353         0    0.21   0.15      0.64
10   0.14453125 0.6035106 0.03587353         0    0.21   0.15      0.64
11   1.00000000 0.6035106 0.03587353         0    0.21   0.15      0.64
12   1.00000000 0.6035106 0.03587353         0    0.21   0.15      0.64
13   0.14062500 0.6035106 0.03587353         0    0.21   0.15      0.64
14   1.00000000 0.6035106 0.03587353         0    0.21   0.15      0.64
15   0.18359375 0.6035106 0.03587353         0    0.21   0.15      0.64
16   1.00000000 0.6035106 0.03587353         0    0.21   0.15      0.64
17   0.12109375 0.6035106 0.03587353         0    0.21   0.15      0.64
18   0.23046875 0.6035106 0.03587353         0    0.21   0.15      0.64
19   1.00000000 0.6035106 0.03587353         0    0.21   0.15      0.64
20   0.17968750 0.6035106 0.03587353         0    0.21   0.15      0.64
21   0.15625000 0.6035106 0.03587353         0    0.21   0.15      0.64
22   0.21484375 0.6035106 0.03587353         0    0.21   0.15      0.64
23   1.00000000 0.6035106 0.03587353         0    0.21   0.15      0.64
24   0.13671875 0.6035106 0.03587353         0    0.21   0.15      0.64
25   1.00000000 0.6035106 0.03587353         0    0.21   0.15      0.64
26   0.37500000 0.6035106 0.03587353         0    0.21   0.15      0.64
27   0.16015625 0.6035106 0.03587353         0    0.21   0.15      0.64
28   1.00000000 0.6035106 0.03587353         0    0.21   0.15      0.64
29   1.00000000 0.6035106 0.03587353         0    0.21   0.15      0.64
30   0.50390625 0.6035106 0.03587353         0    0.21   0.15      0.64
31   1.00000000 0.6035106 0.03587353         0    0.21   0.15      0.64
32   1.00000000 0.6035106 0.03587353         0    0.21   0.15      0.64
33   1.00000000 0.6035106 0.03587353         0    0.21   0.15      0.64
34   0.21093750 0.6035106 0.03587353         0    0.21   0.15      0.64
35   0.12500000 0.6035106 0.03587353         0    0.21   0.15      0.64
36   1.00000000 0.6035106 0.03587353         0    0.21   0.15      0.64
37   1.00000000 0.6035106 0.03587353         0    0.21   0.15      0.64
38   1.00000000 0.6035106 0.03587353         0    0.21   0.15      0.64
39   1.00000000 0.6035106 0.03587353         0    0.21   0.15      0.64
40   1.00000000 0.6035106 0.03587353         0    0.21   0.15      0.64
41   1.00000000 0.6035106 0.03587353         0    0.21   0.15      0.64
42   0.15234375 0.6035106 0.03587353         0    0.21   0.15      0.64
43   0.18750000 0.6035106 0.03587353         0    0.21   0.15      0.64
44   0.29687500 0.6035106 0.03587353         0    0.21   0.15      0.64
45   0.19140625 0.6035106 0.03587353         0    0.21   0.15      0.64
46   1.00000000 0.6035106 0.03587353         0    0.21   0.15      0.64
47   1.00000000 0.6035106 0.03587353         0    0.21   0.15      0.64
48   1.00000000 0.6035106 0.03587353         0    0.21   0.15      0.64
49   0.15234375 0.6035106 0.03587353         0    0.21   0.15      0.64
50   1.00000000 0.6035106 0.03587353         0    0.21   0.15      0.64
51   1.00000000 0.6035106 0.03587353         0    0.21   0.15      0.64
52   1.00000000 0.6035106 0.03587353         0    0.21   0.15      0.64
53   0.21484375 0.6035106 0.03587353         0    0.21   0.15      0.64
54   0.38281250 0.6035106 0.03587353         0    0.21   0.15      0.64
55   1.00000000 0.6035106 0.03587353         0    0.21   0.15      0.64
56   1.00000000 0.6035106 0.03587353         0    0.21   0.15      0.64
57   1.00000000 0.6035106 0.03587353         0    0.21   0.15      0.64
58   0.26171875 0.6035106 0.03587353         0    0.21   0.15      0.64
59   1.00000000 0.6035106 0.03587353         0    0.21   0.15      0.64
60   1.00000000 0.6035106 0.03587353         0    0.21   0.15      0.64
61   0.16406250 0.6035106 0.03587353         0    0.21   0.15      0.64
62   1.00000000 0.6035106 0.03587353         0    0.21   0.15      0.64
63   1.00000000 0.6035106 0.03587353         0    0.21   0.15      0.64
64   1.00000000 0.6035106 0.03587353         0    0.21   0.15      0.64
65   0.39453125 0.6035106 0.03587353         0    0.21   0.15      0.64
66   1.00000000 0.6035106 0.03587353         0    0.21   0.15      0.64
67   0.26171875 0.6035106 0.03587353         0    0.21   0.15      0.64
68   1.00000000 0.6035106 0.03587353         0    0.21   0.15      0.64
69   0.37109375 0.6035106 0.03587353         0    0.21   0.15      0.64
70   1.00000000 0.6035106 0.03587353         0    0.21   0.15      0.64
71   1.00000000 0.6035106 0.03587353         0    0.21   0.15      0.64
72   0.30468750 0.6035106 0.03587353         0    0.21   0.15      0.64
73   1.00000000 0.6035106 0.03587353         0    0.21   0.15      0.64
74   1.00000000 0.6035106 0.03587353         0    0.21   0.15      0.64
75   0.10937500 0.6035106 0.03587353         0    0.21   0.15      0.64
76   1.00000000 0.6035106 0.03587353         0    0.21   0.15      0.64
77   1.00000000 0.6035106 0.03587353         0    0.21   0.15      0.64
78   1.00000000 0.6035106 0.03587353         0    0.21   0.15      0.64
79   1.00000000 0.6035106 0.03587353         0    0.21   0.15      0.64
80   0.09375000 0.6035106 0.03587353         0    0.21   0.15      0.64
81   1.00000000 0.6035106 0.03587353         0    0.21   0.15      0.64
82   1.00000000 0.6035106 0.03587353         0    0.21   0.15      0.64
83   0.22656250 0.6035106 0.03587353         0    0.21   0.15      0.64
84   1.00000000 0.6035106 0.03587353         0    0.21   0.15      0.64
85   1.00000000 0.6035106 0.03587353         0    0.21   0.15      0.64
86   1.00000000 0.6035106 0.03587353         0    0.21   0.15      0.64
87   0.25000000 0.6035106 0.03587353         0    0.21   0.15      0.64
88   1.00000000 0.6035106 0.03587353         0    0.21   0.15      0.64
89   1.00000000 0.6035106 0.03587353         0    0.21   0.15      0.64
90   1.00000000 0.6035106 0.03587353         0    0.21   0.15      0.64
91   1.00000000 0.6035106 0.03587353         0    0.21   0.15      0.64
92   1.00000000 0.6035106 0.03587353         0    0.21   0.15      0.64
93   1.00000000 0.6035106 0.03587353         0    0.21   0.15      0.64
94   1.00000000 0.6035106 0.03587353         0    0.21   0.15      0.64
95   1.00000000 0.6035106 0.03587353         0    0.21   0.15      0.64
96   1.00000000 0.6035106 0.03587353         0    0.21   0.15      0.64
97   1.00000000 0.6035106 0.03587353         0    0.21   0.15      0.64
98   1.00000000 0.6035106 0.03587353         0    0.21   0.15      0.64
99   1.00000000 0.6035106 0.03587353         0    0.21   0.15      0.64
100  1.00000000 0.6035106 0.03587353         0    0.21   0.15      0.64
101  0.42578125 0.5117181 0.04311105         0    0.24   0.15      0.61
102  0.23437500 0.5117181 0.04311105         0    0.24   0.15      0.61
103  0.23046875 0.5117181 0.04311105         0    0.24   0.15      0.61
104  0.25390625 0.5117181 0.04311105         0    0.24   0.15      0.61
105  1.00000000 0.5117181 0.04311105         0    0.24   0.15      0.61
106  1.00000000 0.5117181 0.04311105         0    0.24   0.15      0.61
107  1.00000000 0.5117181 0.04311105         0    0.24   0.15      0.61
108  0.23437500 0.5117181 0.04311105         0    0.24   0.15      0.61
109  0.14453125 0.5117181 0.04311105         0    0.24   0.15      0.61
110  1.00000000 0.5117181 0.04311105         0    0.24   0.15      0.61
111  0.28515625 0.5117181 0.04311105         0    0.24   0.15      0.61
112  1.00000000 0.5117181 0.04311105         0    0.24   0.15      0.61
113  0.16406250 0.5117181 0.04311105         0    0.24   0.15      0.61
114  0.28906250 0.5117181 0.04311105         0    0.24   0.15      0.61
115  1.00000000 0.5117181 0.04311105         0    0.24   0.15      0.61
116  1.00000000 0.5117181 0.04311105         0    0.24   0.15      0.61
117  1.00000000 0.5117181 0.04311105         0    0.24   0.15      0.61
118  0.20703125 0.5117181 0.04311105         0    0.24   0.15      0.61
119  0.26953125 0.5117181 0.04311105         0    0.24   0.15      0.61
120  1.00000000 0.5117181 0.04311105         0    0.24   0.15      0.61
121  0.51562500 0.5117181 0.04311105         0    0.24   0.15      0.61
122  1.00000000 0.5117181 0.04311105         0    0.24   0.15      0.61
123  0.31250000 0.5117181 0.04311105         0    0.24   0.15      0.61
124  0.09375000 0.5117181 0.04311105         0    0.24   0.15      0.61
125  1.00000000 0.5117181 0.04311105         0    0.24   0.15      0.61
126  0.18359375 0.5117181 0.04311105         0    0.24   0.15      0.61
127  1.00000000 0.5117181 0.04311105         0    0.24   0.15      0.61
128  0.25781250 0.5117181 0.04311105         0    0.24   0.15      0.61
129  1.00000000 0.5117181 0.04311105         0    0.24   0.15      0.61
130  1.00000000 0.5117181 0.04311105         0    0.24   0.15      0.61
131  0.23046875 0.5117181 0.04311105         0    0.24   0.15      0.61
132  0.12109375 0.5117181 0.04311105         0    0.24   0.15      0.61
133  1.00000000 0.5117181 0.04311105         0    0.24   0.15      0.61
134  1.00000000 0.5117181 0.04311105         0    0.24   0.15      0.61
135  1.00000000 0.5117181 0.04311105         0    0.24   0.15      0.61
136  0.21484375 0.5117181 0.04311105         0    0.24   0.15      0.61
137  1.00000000 0.5117181 0.04311105         0    0.24   0.15      0.61
138  0.16796875 0.5117181 0.04311105         0    0.24   0.15      0.61
139  1.00000000 0.5117181 0.04311105         0    0.24   0.15      0.61
140  1.00000000 0.5117181 0.04311105         0    0.24   0.15      0.61
141  1.00000000 0.5117181 0.04311105         0    0.24   0.15      0.61
142  1.00000000 0.5117181 0.04311105         0    0.24   0.15      0.61
143  1.00000000 0.5117181 0.04311105         0    0.24   0.15      0.61
144  0.29687500 0.5117181 0.04311105         0    0.24   0.15      0.61
145  0.17968750 0.5117181 0.04311105         0    0.24   0.15      0.61
146  0.39062500 0.5117181 0.04311105         0    0.24   0.15      0.61
147  1.00000000 0.5117181 0.04311105         0    0.24   0.15      0.61
148  1.00000000 0.5117181 0.04311105         0    0.24   0.15      0.61
149  0.34375000 0.5117181 0.04311105         0    0.24   0.15      0.61
150  0.08203125 0.5117181 0.04311105         0    0.24   0.15      0.61
151  1.00000000 0.5117181 0.04311105         0    0.24   0.15      0.61
152  1.00000000 0.5117181 0.04311105         0    0.24   0.15      0.61
153  1.00000000 0.5117181 0.04311105         0    0.24   0.15      0.61
154  1.00000000 0.5117181 0.04311105         0    0.24   0.15      0.61
155  1.00000000 0.5117181 0.04311105         0    0.24   0.15      0.61
156  1.00000000 0.5117181 0.04311105         0    0.24   0.15      0.61
157  1.00000000 0.5117181 0.04311105         0    0.24   0.15      0.61
158  1.00000000 0.5117181 0.04311105         0    0.24   0.15      0.61
159  1.00000000 0.5117181 0.04311105         0    0.24   0.15      0.61
160  1.00000000 0.5117181 0.04311105         0    0.24   0.15      0.61
161  0.33593750 0.5117181 0.04311105         0    0.24   0.15      0.61
162  0.22265625 0.5117181 0.04311105         0    0.24   0.15      0.61
163  0.33203125 0.5117181 0.04311105         0    0.24   0.15      0.61
164  1.00000000 0.5117181 0.04311105         0    0.24   0.15      0.61
165  0.22656250 0.5117181 0.04311105         0    0.24   0.15      0.61
166  1.00000000 0.5117181 0.04311105         0    0.24   0.15      0.61
167  1.00000000 0.5117181 0.04311105         0    0.24   0.15      0.61
168  1.00000000 0.5117181 0.04311105         0    0.24   0.15      0.61
169  1.00000000 0.5117181 0.04311105         0    0.24   0.15      0.61
170  1.00000000 0.5117181 0.04311105         0    0.24   0.15      0.61
171  0.09765625 0.5117181 0.04311105         0    0.24   0.15      0.61
172  0.16796875 0.5117181 0.04311105         0    0.24   0.15      0.61
173  0.52343750 0.5117181 0.04311105         0    0.24   0.15      0.61
174  1.00000000 0.5117181 0.04311105         0    0.24   0.15      0.61
175  0.28125000 0.5117181 0.04311105         0    0.24   0.15      0.61
176  0.25781250 0.5117181 0.04311105         0    0.24   0.15      0.61
177  0.18359375 0.5117181 0.04311105         0    0.24   0.15      0.61
178  0.27734375 0.5117181 0.04311105         0    0.24   0.15      0.61
179  1.00000000 0.5117181 0.04311105         0    0.24   0.15      0.61
180  0.31250000 0.5117181 0.04311105         0    0.24   0.15      0.61
181  1.00000000 0.5117181 0.04311105         0    0.24   0.15      0.61
182  0.28906250 0.5117181 0.04311105         0    0.24   0.15      0.61
183  1.00000000 0.5117181 0.04311105         0    0.24   0.15      0.61
184  1.00000000 0.5117181 0.04311105         0    0.24   0.15      0.61
185  1.00000000 0.5117181 0.04311105         0    0.24   0.15      0.61
186  0.28125000 0.5117181 0.04311105         0    0.24   0.15      0.61
187  0.14843750 0.5117181 0.04311105         0    0.24   0.15      0.61
188  0.18359375 0.5117181 0.04311105         0    0.24   0.15      0.61
189  1.00000000 0.5117181 0.04311105         0    0.24   0.15      0.61
190  1.00000000 0.5117181 0.04311105         0    0.24   0.15      0.61
191  0.29296875 0.5117181 0.04311105         0    0.24   0.15      0.61
192  1.00000000 0.5117181 0.04311105         0    0.24   0.15      0.61
193  1.00000000 0.5117181 0.04311105         0    0.24   0.15      0.61
194  1.00000000 0.5117181 0.04311105         0    0.24   0.15      0.61
195  1.00000000 0.5117181 0.04311105         0    0.24   0.15      0.61
196  1.00000000 0.5117181 0.04311105         0    0.24   0.15      0.61
197  0.24609375 0.5117181 0.04311105         0    0.24   0.15      0.61
198  0.23828125 0.5117181 0.04311105         0    0.24   0.15      0.61
199  1.00000000 0.5117181 0.04311105         0    0.24   0.15      0.61
200  1.00000000 0.5117181 0.04311105         0    0.24   0.15      0.61
201  0.42968750 0.4461258 0.11663383         0    0.13   0.26      0.61
202  1.00000000 0.4461258 0.11663383         0    0.13   0.26      0.61
203  0.66796875 0.4461258 0.11663383         0    0.13   0.26      0.61
204  0.67968750 0.4461258 0.11663383         0    0.13   0.26      0.61
205  0.57031250 0.4461258 0.11663383         0    0.13   0.26      0.61
206  0.68359375 0.4461258 0.11663383         0    0.13   0.26      0.61
207  1.00000000 0.4461258 0.11663383         0    0.13   0.26      0.61
208  1.00000000 0.4461258 0.11663383         0    0.13   0.26      0.61
209  1.00000000 0.4461258 0.11663383         0    0.13   0.26      0.61
210  1.00000000 0.4461258 0.11663383         0    0.13   0.26      0.61
211  1.00000000 0.4461258 0.11663383         0    0.13   0.26      0.61
212  1.00000000 0.4461258 0.11663383         0    0.13   0.26      0.61
213  0.46093750 0.4461258 0.11663383         0    0.13   0.26      0.61
214  1.00000000 0.4461258 0.11663383         0    0.13   0.26      0.61
215  0.66406250 0.4461258 0.11663383         0    0.13   0.26      0.61
216  1.00000000 0.4461258 0.11663383         0    0.13   0.26      0.61
217  1.00000000 0.4461258 0.11663383         0    0.13   0.26      0.61
218  1.00000000 0.4461258 0.11663383         0    0.13   0.26      0.61
219  0.87890625 0.4461258 0.11663383         0    0.13   0.26      0.61
220  1.00000000 0.4461258 0.11663383         0    0.13   0.26      0.61
221  0.57421875 0.4461258 0.11663383         0    0.13   0.26      0.61
222  0.53515625 0.4461258 0.11663383         0    0.13   0.26      0.61
223  0.83593750 0.4461258 0.11663383         0    0.13   0.26      0.61
224  1.00000000 0.4461258 0.11663383         0    0.13   0.26      0.61
225  0.64453125 0.4461258 0.11663383         0    0.13   0.26      0.61
226  0.83984375 0.4461258 0.11663383         0    0.13   0.26      0.61
227  1.00000000 0.4461258 0.11663383         0    0.13   0.26      0.61
228  1.00000000 0.4461258 0.11663383         0    0.13   0.26      0.61
229  1.00000000 0.4461258 0.11663383         0    0.13   0.26      0.61
230  1.00000000 0.4461258 0.11663383         0    0.13   0.26      0.61
231  0.49218750 0.4461258 0.11663383         0    0.13   0.26      0.61
232  1.00000000 0.4461258 0.11663383         0    0.13   0.26      0.61
233  1.00000000 0.4461258 0.11663383         0    0.13   0.26      0.61
234  1.00000000 0.4461258 0.11663383         0    0.13   0.26      0.61
235  1.00000000 0.4461258 0.11663383         0    0.13   0.26      0.61
236  0.45703125 0.4461258 0.11663383         0    0.13   0.26      0.61
237  0.51562500 0.4461258 0.11663383         0    0.13   0.26      0.61
238  0.49609375 0.4461258 0.11663383         0    0.13   0.26      0.61
239  0.65234375 0.4461258 0.11663383         0    0.13   0.26      0.61
240  0.50000000 0.4461258 0.11663383         0    0.13   0.26      0.61
241  1.00000000 0.4461258 0.11663383         0    0.13   0.26      0.61
242  0.64062500 0.4461258 0.11663383         0    0.13   0.26      0.61
243  1.00000000 0.4461258 0.11663383         0    0.13   0.26      0.61
244  1.00000000 0.4461258 0.11663383         0    0.13   0.26      0.61
245  1.00000000 0.4461258 0.11663383         0    0.13   0.26      0.61
246  1.00000000 0.4461258 0.11663383         0    0.13   0.26      0.61
247  1.00000000 0.4461258 0.11663383         0    0.13   0.26      0.61
248  1.00000000 0.4461258 0.11663383         0    0.13   0.26      0.61
249  0.96875000 0.4461258 0.11663383         0    0.13   0.26      0.61
250  1.00000000 0.4461258 0.11663383         0    0.13   0.26      0.61
251  0.81250000 0.4461258 0.11663383         0    0.13   0.26      0.61
252  0.56640625 0.4461258 0.11663383         0    0.13   0.26      0.61
253  0.62109375 0.4461258 0.11663383         0    0.13   0.26      0.61
254  1.00000000 0.4461258 0.11663383         0    0.13   0.26      0.61
255  1.00000000 0.4461258 0.11663383         0    0.13   0.26      0.61
256  0.71484375 0.4461258 0.11663383         0    0.13   0.26      0.61
257  0.49218750 0.4461258 0.11663383         0    0.13   0.26      0.61
258  0.48046875 0.4461258 0.11663383         0    0.13   0.26      0.61
259  0.64843750 0.4461258 0.11663383         0    0.13   0.26      0.61
260  1.00000000 0.4461258 0.11663383         0    0.13   0.26      0.61
261  0.46875000 0.4461258 0.11663383         0    0.13   0.26      0.61
262  0.56640625 0.4461258 0.11663383         0    0.13   0.26      0.61
263  0.85937500 0.4461258 0.11663383         0    0.13   0.26      0.61
264  0.54687500 0.4461258 0.11663383         0    0.13   0.26      0.61
265  1.00000000 0.4461258 0.11663383         0    0.13   0.26      0.61
266  0.63281250 0.4461258 0.11663383         0    0.13   0.26      0.61
267  0.48828125 0.4461258 0.11663383         0    0.13   0.26      0.61
268  1.00000000 0.4461258 0.11663383         0    0.13   0.26      0.61
269  0.76953125 0.4461258 0.11663383         0    0.13   0.26      0.61
270  1.00000000 0.4461258 0.11663383         0    0.13   0.26      0.61
271  0.45312500 0.4461258 0.11663383         0    0.13   0.26      0.61
272  0.79296875 0.4461258 0.11663383         0    0.13   0.26      0.61
273  0.74609375 0.4461258 0.11663383         0    0.13   0.26      0.61
274  0.63281250 0.4461258 0.11663383         0    0.13   0.26      0.61
275  0.75000000 0.4461258 0.11663383         0    0.13   0.26      0.61
276  0.89453125 0.4461258 0.11663383         0    0.13   0.26      0.61
277  1.00000000 0.4461258 0.11663383         0    0.13   0.26      0.61
278  0.58984375 0.4461258 0.11663383         0    0.13   0.26      0.61
279  0.86718750 0.4461258 0.11663383         0    0.13   0.26      0.61
280  0.80468750 0.4461258 0.11663383         0    0.13   0.26      0.61
281  1.00000000 0.4461258 0.11663383         0    0.13   0.26      0.61
282  1.00000000 0.4461258 0.11663383         0    0.13   0.26      0.61
283  0.55468750 0.4461258 0.11663383         0    0.13   0.26      0.61
284  1.00000000 0.4461258 0.11663383         0    0.13   0.26      0.61
285  1.00000000 0.4461258 0.11663383         0    0.13   0.26      0.61
286  0.76953125 0.4461258 0.11663383         0    0.13   0.26      0.61
287  0.72656250 0.4461258 0.11663383         0    0.13   0.26      0.61
288  1.00000000 0.4461258 0.11663383         0    0.13   0.26      0.61
289  1.00000000 0.4461258 0.11663383         0    0.13   0.26      0.61
290  1.00000000 0.4461258 0.11663383         0    0.13   0.26      0.61
291  0.62109375 0.4461258 0.11663383         0    0.13   0.26      0.61
292  1.00000000 0.4461258 0.11663383         0    0.13   0.26      0.61
293  1.00000000 0.4461258 0.11663383         0    0.13   0.26      0.61
294  0.56250000 0.4461258 0.11663383         0    0.13   0.26      0.61
295  0.54687500 0.4461258 0.11663383         0    0.13   0.26      0.61
296  0.42578125 0.4461258 0.11663383         0    0.13   0.26      0.61
297  0.76953125 0.4461258 0.11663383         0    0.13   0.26      0.61
298  0.57812500 0.4461258 0.11663383         0    0.13   0.26      0.61
299  1.00000000 0.4461258 0.11663383         0    0.13   0.26      0.61
300  0.51171875 0.4461258 0.11663383         0    0.13   0.26      0.61
301  1.00000000 0.5335406 0.07130295         0    0.15   0.27      0.58
302  0.60937500 0.5335406 0.07130295         0    0.15   0.27      0.58
303  1.00000000 0.5335406 0.07130295         0    0.15   0.27      0.58
304  1.00000000 0.5335406 0.07130295         0    0.15   0.27      0.58
305  1.00000000 0.5335406 0.07130295         0    0.15   0.27      0.58
306  0.30468750 0.5335406 0.07130295         0    0.15   0.27      0.58
307  1.00000000 0.5335406 0.07130295         0    0.15   0.27      0.58
308  1.00000000 0.5335406 0.07130295         0    0.15   0.27      0.58
309  0.31640625 0.5335406 0.07130295         0    0.15   0.27      0.58
310  0.66406250 0.5335406 0.07130295         0    0.15   0.27      0.58
311  0.39062500 0.5335406 0.07130295         0    0.15   0.27      0.58
312  1.00000000 0.5335406 0.07130295         0    0.15   0.27      0.58
313  1.00000000 0.5335406 0.07130295         0    0.15   0.27      0.58
314  1.00000000 0.5335406 0.07130295         0    0.15   0.27      0.58
315  0.35546875 0.5335406 0.07130295         0    0.15   0.27      0.58
316  1.00000000 0.5335406 0.07130295         0    0.15   0.27      0.58
317  0.41406250 0.5335406 0.07130295         0    0.15   0.27      0.58
318  0.32031250 0.5335406 0.07130295         0    0.15   0.27      0.58
319  0.42187500 0.5335406 0.07130295         0    0.15   0.27      0.58
320  0.82812500 0.5335406 0.07130295         0    0.15   0.27      0.58
321  0.32812500 0.5335406 0.07130295         0    0.15   0.27      0.58
322  1.00000000 0.5335406 0.07130295         0    0.15   0.27      0.58
323  1.00000000 0.5335406 0.07130295         0    0.15   0.27      0.58
324  0.33203125 0.5335406 0.07130295         0    0.15   0.27      0.58
325  0.57031250 0.5335406 0.07130295         0    0.15   0.27      0.58
326  1.00000000 0.5335406 0.07130295         0    0.15   0.27      0.58
327  1.00000000 0.5335406 0.07130295         0    0.15   0.27      0.58
328  1.00000000 0.5335406 0.07130295         0    0.15   0.27      0.58
329  1.00000000 0.5335406 0.07130295         0    0.15   0.27      0.58
330  1.00000000 0.5335406 0.07130295         0    0.15   0.27      0.58
331  0.27343750 0.5335406 0.07130295         0    0.15   0.27      0.58
332  0.37109375 0.5335406 0.07130295         0    0.15   0.27      0.58
333  1.00000000 0.5335406 0.07130295         0    0.15   0.27      0.58
334  0.26562500 0.5335406 0.07130295         0    0.15   0.27      0.58
335  0.51171875 0.5335406 0.07130295         0    0.15   0.27      0.58
336  0.49609375 0.5335406 0.07130295         0    0.15   0.27      0.58
337  0.40625000 0.5335406 0.07130295         0    0.15   0.27      0.58
338  1.00000000 0.5335406 0.07130295         0    0.15   0.27      0.58
339  0.45703125 0.5335406 0.07130295         0    0.15   0.27      0.58
340  1.00000000 0.5335406 0.07130295         0    0.15   0.27      0.58
341  0.55468750 0.5335406 0.07130295         0    0.15   0.27      0.58
342  0.41015625 0.5335406 0.07130295         0    0.15   0.27      0.58
343  1.00000000 0.5335406 0.07130295         0    0.15   0.27      0.58
344  1.00000000 0.5335406 0.07130295         0    0.15   0.27      0.58
345  0.62500000 0.5335406 0.07130295         0    0.15   0.27      0.58
346  0.66796875 0.5335406 0.07130295         0    0.15   0.27      0.58
347  1.00000000 0.5335406 0.07130295         0    0.15   0.27      0.58
348  1.00000000 0.5335406 0.07130295         0    0.15   0.27      0.58
349  1.00000000 0.5335406 0.07130295         0    0.15   0.27      0.58
350  1.00000000 0.5335406 0.07130295         0    0.15   0.27      0.58
351  1.00000000 0.5335406 0.07130295         0    0.15   0.27      0.58
352  0.32812500 0.5335406 0.07130295         0    0.15   0.27      0.58
353  0.60546875 0.5335406 0.07130295         0    0.15   0.27      0.58
354  1.00000000 0.5335406 0.07130295         0    0.15   0.27      0.58
355  1.00000000 0.5335406 0.07130295         0    0.15   0.27      0.58
356  1.00000000 0.5335406 0.07130295         0    0.15   0.27      0.58
357  1.00000000 0.5335406 0.07130295         0    0.15   0.27      0.58
358  1.00000000 0.5335406 0.07130295         0    0.15   0.27      0.58
359  0.66406250 0.5335406 0.07130295         0    0.15   0.27      0.58
360  1.00000000 0.5335406 0.07130295         0    0.15   0.27      0.58
361  1.00000000 0.5335406 0.07130295         0    0.15   0.27      0.58
362  1.00000000 0.5335406 0.07130295         0    0.15   0.27      0.58
363  1.00000000 0.5335406 0.07130295         0    0.15   0.27      0.58
364  1.00000000 0.5335406 0.07130295         0    0.15   0.27      0.58
365  0.44531250 0.5335406 0.07130295         0    0.15   0.27      0.58
366  1.00000000 0.5335406 0.07130295         0    0.15   0.27      0.58
367  0.46093750 0.5335406 0.07130295         0    0.15   0.27      0.58
368  0.29296875 0.5335406 0.07130295         0    0.15   0.27      0.58
369  0.42968750 0.5335406 0.07130295         0    0.15   0.27      0.58
370  0.49609375 0.5335406 0.07130295         0    0.15   0.27      0.58
371  1.00000000 0.5335406 0.07130295         0    0.15   0.27      0.58
372  1.00000000 0.5335406 0.07130295         0    0.15   0.27      0.58
373  0.60156250 0.5335406 0.07130295         0    0.15   0.27      0.58
374  1.00000000 0.5335406 0.07130295         0    0.15   0.27      0.58
375  0.64062500 0.5335406 0.07130295         0    0.15   0.27      0.58
376  0.61718750 0.5335406 0.07130295         0    0.15   0.27      0.58
377  1.00000000 0.5335406 0.07130295         0    0.15   0.27      0.58
378  1.00000000 0.5335406 0.07130295         0    0.15   0.27      0.58
379  0.44140625 0.5335406 0.07130295         0    0.15   0.27      0.58
380  1.00000000 0.5335406 0.07130295         0    0.15   0.27      0.58
381  0.29296875 0.5335406 0.07130295         0    0.15   0.27      0.58
382  1.00000000 0.5335406 0.07130295         0    0.15   0.27      0.58
383  0.43359375 0.5335406 0.07130295         0    0.15   0.27      0.58
384  0.70703125 0.5335406 0.07130295         0    0.15   0.27      0.58
385  0.58203125 0.5335406 0.07130295         0    0.15   0.27      0.58
386  1.00000000 0.5335406 0.07130295         0    0.15   0.27      0.58
387  1.00000000 0.5335406 0.07130295         0    0.15   0.27      0.58
388  1.00000000 0.5335406 0.07130295         0    0.15   0.27      0.58
389  0.39062500 0.5335406 0.07130295         0    0.15   0.27      0.58
390  1.00000000 0.5335406 0.07130295         0    0.15   0.27      0.58
391  0.29296875 0.5335406 0.07130295         0    0.15   0.27      0.58
392  0.29687500 0.5335406 0.07130295         0    0.15   0.27      0.58
393  0.43359375 0.5335406 0.07130295         0    0.15   0.27      0.58
394  1.00000000 0.5335406 0.07130295         0    0.15   0.27      0.58
395  0.20703125 0.5335406 0.07130295         0    0.15   0.27      0.58
396  1.00000000 0.5335406 0.07130295         0    0.15   0.27      0.58
397  1.00000000 0.5335406 0.07130295         0    0.15   0.27      0.58
398  0.44921875 0.5335406 0.07130295         0    0.15   0.27      0.58
399  0.34375000 0.5335406 0.07130295         0    0.15   0.27      0.58
400  1.00000000 0.5335406 0.07130295         0    0.15   0.27      0.58
401  0.33203125 0.5806451 0.07696982         0    0.13   0.20      0.67
402  0.42578125 0.5806451 0.07696982         0    0.13   0.20      0.67
403  1.00000000 0.5806451 0.07696982         0    0.13   0.20      0.67
404  1.00000000 0.5806451 0.07696982         0    0.13   0.20      0.67
405  1.00000000 0.5806451 0.07696982         0    0.13   0.20      0.67
406  1.00000000 0.5806451 0.07696982         0    0.13   0.20      0.67
407  1.00000000 0.5806451 0.07696982         0    0.13   0.20      0.67
408  1.00000000 0.5806451 0.07696982         0    0.13   0.20      0.67
409  1.00000000 0.5806451 0.07696982         0    0.13   0.20      0.67
410  0.32031250 0.5806451 0.07696982         0    0.13   0.20      0.67
411  1.00000000 0.5806451 0.07696982         0    0.13   0.20      0.67
412  0.27734375 0.5806451 0.07696982         0    0.13   0.20      0.67
413  0.29687500 0.5806451 0.07696982         0    0.13   0.20      0.67
414  0.29687500 0.5806451 0.07696982         0    0.13   0.20      0.67
415  0.42578125 0.5806451 0.07696982         0    0.13   0.20      0.67
416  1.00000000 0.5806451 0.07696982         0    0.13   0.20      0.67
417  1.00000000 0.5806451 0.07696982         0    0.13   0.20      0.67
418  1.00000000 0.5806451 0.07696982         0    0.13   0.20      0.67
419  1.00000000 0.5806451 0.07696982         0    0.13   0.20      0.67
420  1.00000000 0.5806451 0.07696982         0    0.13   0.20      0.67
421  0.41406250 0.5806451 0.07696982         0    0.13   0.20      0.67
422  0.49218750 0.5806451 0.07696982         0    0.13   0.20      0.67
423  1.00000000 0.5806451 0.07696982         0    0.13   0.20      0.67
424  0.37109375 0.5806451 0.07696982         0    0.13   0.20      0.67
425  0.48437500 0.5806451 0.07696982         0    0.13   0.20      0.67
426  1.00000000 0.5806451 0.07696982         0    0.13   0.20      0.67
427  0.23828125 0.5806451 0.07696982         0    0.13   0.20      0.67
428  1.00000000 0.5806451 0.07696982         0    0.13   0.20      0.67
429  1.00000000 0.5806451 0.07696982         0    0.13   0.20      0.67
430  0.52343750 0.5806451 0.07696982         0    0.13   0.20      0.67
431  1.00000000 0.5806451 0.07696982         0    0.13   0.20      0.67
432  1.00000000 0.5806451 0.07696982         0    0.13   0.20      0.67
433  0.75000000 0.5806451 0.07696982         0    0.13   0.20      0.67
434  1.00000000 0.5806451 0.07696982         0    0.13   0.20      0.67
435  0.51953125 0.5806451 0.07696982         0    0.13   0.20      0.67
436  1.00000000 0.5806451 0.07696982         0    0.13   0.20      0.67
437  1.00000000 0.5806451 0.07696982         0    0.13   0.20      0.67
438  0.69921875 0.5806451 0.07696982         0    0.13   0.20      0.67
439  1.00000000 0.5806451 0.07696982         0    0.13   0.20      0.67
440  0.56640625 0.5806451 0.07696982         0    0.13   0.20      0.67
441  1.00000000 0.5806451 0.07696982         0    0.13   0.20      0.67
442  1.00000000 0.5806451 0.07696982         0    0.13   0.20      0.67
443  1.00000000 0.5806451 0.07696982         0    0.13   0.20      0.67
444  1.00000000 0.5806451 0.07696982         0    0.13   0.20      0.67
445  0.27343750 0.5806451 0.07696982         0    0.13   0.20      0.67
446  1.00000000 0.5806451 0.07696982         0    0.13   0.20      0.67
447  0.43750000 0.5806451 0.07696982         0    0.13   0.20      0.67
448  0.67578125 0.5806451 0.07696982         0    0.13   0.20      0.67
449  1.00000000 0.5806451 0.07696982         0    0.13   0.20      0.67
450  0.46484375 0.5806451 0.07696982         0    0.13   0.20      0.67
451  1.00000000 0.5806451 0.07696982         0    0.13   0.20      0.67
452  0.51953125 0.5806451 0.07696982         0    0.13   0.20      0.67
453  1.00000000 0.5806451 0.07696982         0    0.13   0.20      0.67
454  1.00000000 0.5806451 0.07696982         0    0.13   0.20      0.67
455  1.00000000 0.5806451 0.07696982         0    0.13   0.20      0.67
456  0.43359375 0.5806451 0.07696982         0    0.13   0.20      0.67
457  1.00000000 0.5806451 0.07696982         0    0.13   0.20      0.67
458  0.41796875 0.5806451 0.07696982         0    0.13   0.20      0.67
459  0.34765625 0.5806451 0.07696982         0    0.13   0.20      0.67
460  1.00000000 0.5806451 0.07696982         0    0.13   0.20      0.67
461  0.19921875 0.5806451 0.07696982         0    0.13   0.20      0.67
462  0.37890625 0.5806451 0.07696982         0    0.13   0.20      0.67
463  1.00000000 0.5806451 0.07696982         0    0.13   0.20      0.67
464  1.00000000 0.5806451 0.07696982         0    0.13   0.20      0.67
465  0.40625000 0.5806451 0.07696982         0    0.13   0.20      0.67
466  0.35937500 0.5806451 0.07696982         0    0.13   0.20      0.67
467  0.41796875 0.5806451 0.07696982         0    0.13   0.20      0.67
468  1.00000000 0.5806451 0.07696982         0    0.13   0.20      0.67
469  0.24218750 0.5806451 0.07696982         0    0.13   0.20      0.67
470  1.00000000 0.5806451 0.07696982         0    0.13   0.20      0.67
471  0.47265625 0.5806451 0.07696982         0    0.13   0.20      0.67
472  1.00000000 0.5806451 0.07696982         0    0.13   0.20      0.67
473  1.00000000 0.5806451 0.07696982         0    0.13   0.20      0.67
474  1.00000000 0.5806451 0.07696982         0    0.13   0.20      0.67
475  1.00000000 0.5806451 0.07696982         0    0.13   0.20      0.67
476  1.00000000 0.5806451 0.07696982         0    0.13   0.20      0.67
477  1.00000000 0.5806451 0.07696982         0    0.13   0.20      0.67
478  1.00000000 0.5806451 0.07696982         0    0.13   0.20      0.67
479  1.00000000 0.5806451 0.07696982         0    0.13   0.20      0.67
480  0.50000000 0.5806451 0.07696982         0    0.13   0.20      0.67
481  1.00000000 0.5806451 0.07696982         0    0.13   0.20      0.67
482  1.00000000 0.5806451 0.07696982         0    0.13   0.20      0.67
483  0.30078125 0.5806451 0.07696982         0    0.13   0.20      0.67
484  0.35546875 0.5806451 0.07696982         0    0.13   0.20      0.67
485  0.35937500 0.5806451 0.07696982         0    0.13   0.20      0.67
486  1.00000000 0.5806451 0.07696982         0    0.13   0.20      0.67
487  0.60546875 0.5806451 0.07696982         0    0.13   0.20      0.67
488  0.62109375 0.5806451 0.07696982         0    0.13   0.20      0.67
489  1.00000000 0.5806451 0.07696982         0    0.13   0.20      0.67
490  1.00000000 0.5806451 0.07696982         0    0.13   0.20      0.67
491  0.32421875 0.5806451 0.07696982         0    0.13   0.20      0.67
492  1.00000000 0.5806451 0.07696982         0    0.13   0.20      0.67
493  1.00000000 0.5806451 0.07696982         0    0.13   0.20      0.67
494  1.00000000 0.5806451 0.07696982         0    0.13   0.20      0.67
495  0.83203125 0.5806451 0.07696982         0    0.13   0.20      0.67
496  1.00000000 0.5806451 0.07696982         0    0.13   0.20      0.67
497  1.00000000 0.5806451 0.07696982         0    0.13   0.20      0.67
498  0.33203125 0.5806451 0.07696982         0    0.13   0.20      0.67
499  1.00000000 0.5806451 0.07696982         0    0.13   0.20      0.67
500  1.00000000 0.5806451 0.07696982         0    0.13   0.20      0.67
501  0.25390625 0.4502016 0.04111594         0    0.30   0.21      0.49
502  1.00000000 0.4502016 0.04111594         0    0.30   0.21      0.49
503  1.00000000 0.4502016 0.04111594         0    0.30   0.21      0.49
504  1.00000000 0.4502016 0.04111594         0    0.30   0.21      0.49
505  0.12109375 0.4502016 0.04111594         0    0.30   0.21      0.49
506  1.00000000 0.4502016 0.04111594         0    0.30   0.21      0.49
507  1.00000000 0.4502016 0.04111594         0    0.30   0.21      0.49
508  1.00000000 0.4502016 0.04111594         0    0.30   0.21      0.49
509  0.20312500 0.4502016 0.04111594         0    0.30   0.21      0.49
510  0.14453125 0.4502016 0.04111594         0    0.30   0.21      0.49
511  1.00000000 0.4502016 0.04111594         0    0.30   0.21      0.49
512  0.71484375 0.4502016 0.04111594         0    0.30   0.21      0.49
513  0.23046875 0.4502016 0.04111594         0    0.30   0.21      0.49
514  1.00000000 0.4502016 0.04111594         0    0.30   0.21      0.49
515  0.35546875 0.4502016 0.04111594         0    0.30   0.21      0.49
516  1.00000000 0.4502016 0.04111594         0    0.30   0.21      0.49
517  1.00000000 0.4502016 0.04111594         0    0.30   0.21      0.49
518  1.00000000 0.4502016 0.04111594         0    0.30   0.21      0.49
519  0.23437500 0.4502016 0.04111594         0    0.30   0.21      0.49
520  0.30078125 0.4502016 0.04111594         0    0.30   0.21      0.49
521  0.81250000 0.4502016 0.04111594         0    0.30   0.21      0.49
522  0.16796875 0.4502016 0.04111594         0    0.30   0.21      0.49
523  1.00000000 0.4502016 0.04111594         0    0.30   0.21      0.49
524  0.33593750 0.4502016 0.04111594         0    0.30   0.21      0.49
525  0.21484375 0.4502016 0.04111594         0    0.30   0.21      0.49
526  0.21484375 0.4502016 0.04111594         0    0.30   0.21      0.49
527  0.54687500 0.4502016 0.04111594         0    0.30   0.21      0.49
528  1.00000000 0.4502016 0.04111594         0    0.30   0.21      0.49
529  1.00000000 0.4502016 0.04111594         0    0.30   0.21      0.49
530  0.23046875 0.4502016 0.04111594         0    0.30   0.21      0.49
531  0.17187500 0.4502016 0.04111594         0    0.30   0.21      0.49
532  1.00000000 0.4502016 0.04111594         0    0.30   0.21      0.49
533  1.00000000 0.4502016 0.04111594         0    0.30   0.21      0.49
534  0.17187500 0.4502016 0.04111594         0    0.30   0.21      0.49
535  0.21875000 0.4502016 0.04111594         0    0.30   0.21      0.49
536  0.32031250 0.4502016 0.04111594         0    0.30   0.21      0.49
537  1.00000000 0.4502016 0.04111594         0    0.30   0.21      0.49
538  0.20703125 0.4502016 0.04111594         0    0.30   0.21      0.49
539  0.27734375 0.4502016 0.04111594         0    0.30   0.21      0.49
540  0.29296875 0.4502016 0.04111594         0    0.30   0.21      0.49
541  0.08984375 0.4502016 0.04111594         0    0.30   0.21      0.49
542  0.73828125 0.4502016 0.04111594         0    0.30   0.21      0.49
543  0.37500000 0.4502016 0.04111594         0    0.30   0.21      0.49
544  1.00000000 0.4502016 0.04111594         0    0.30   0.21      0.49
545  0.46484375 0.4502016 0.04111594         0    0.30   0.21      0.49
546  1.00000000 0.4502016 0.04111594         0    0.30   0.21      0.49
547  0.15234375 0.4502016 0.04111594         0    0.30   0.21      0.49
548  0.26171875 0.4502016 0.04111594         0    0.30   0.21      0.49
549  1.00000000 0.4502016 0.04111594         0    0.30   0.21      0.49
550  0.41015625 0.4502016 0.04111594         0    0.30   0.21      0.49
551  1.00000000 0.4502016 0.04111594         0    0.30   0.21      0.49
552  1.00000000 0.4502016 0.04111594         0    0.30   0.21      0.49
553  1.00000000 0.4502016 0.04111594         0    0.30   0.21      0.49
554  1.00000000 0.4502016 0.04111594         0    0.30   0.21      0.49
555  0.09765625 0.4502016 0.04111594         0    0.30   0.21      0.49
556  0.33593750 0.4502016 0.04111594         0    0.30   0.21      0.49
557  1.00000000 0.4502016 0.04111594         0    0.30   0.21      0.49
558  0.24609375 0.4502016 0.04111594         0    0.30   0.21      0.49
559  1.00000000 0.4502016 0.04111594         0    0.30   0.21      0.49
560  1.00000000 0.4502016 0.04111594         0    0.30   0.21      0.49
561  1.00000000 0.4502016 0.04111594         0    0.30   0.21      0.49
562  0.17187500 0.4502016 0.04111594         0    0.30   0.21      0.49
563  0.20312500 0.4502016 0.04111594         0    0.30   0.21      0.49
564  0.31640625 0.4502016 0.04111594         0    0.30   0.21      0.49
565  0.24218750 0.4502016 0.04111594         0    0.30   0.21      0.49
566  0.19140625 0.4502016 0.04111594         0    0.30   0.21      0.49
567  1.00000000 0.4502016 0.04111594         0    0.30   0.21      0.49
568  0.13671875 0.4502016 0.04111594         0    0.30   0.21      0.49
569  1.00000000 0.4502016 0.04111594         0    0.30   0.21      0.49
570  0.21484375 0.4502016 0.04111594         0    0.30   0.21      0.49
571  0.30859375 0.4502016 0.04111594         0    0.30   0.21      0.49
572  1.00000000 0.4502016 0.04111594         0    0.30   0.21      0.49
573  1.00000000 0.4502016 0.04111594         0    0.30   0.21      0.49
574  0.08984375 0.4502016 0.04111594         0    0.30   0.21      0.49
575  0.32031250 0.4502016 0.04111594         0    0.30   0.21      0.49
576  0.21484375 0.4502016 0.04111594         0    0.30   0.21      0.49
577  1.00000000 0.4502016 0.04111594         0    0.30   0.21      0.49
578  0.30078125 0.4502016 0.04111594         0    0.30   0.21      0.49
579  0.33984375 0.4502016 0.04111594         0    0.30   0.21      0.49
580  0.26171875 0.4502016 0.04111594         0    0.30   0.21      0.49
581  0.30078125 0.4502016 0.04111594         0    0.30   0.21      0.49
582  0.23437500 0.4502016 0.04111594         0    0.30   0.21      0.49
583  1.00000000 0.4502016 0.04111594         0    0.30   0.21      0.49
584  1.00000000 0.4502016 0.04111594         0    0.30   0.21      0.49
585  0.18750000 0.4502016 0.04111594         0    0.30   0.21      0.49
586  0.44921875 0.4502016 0.04111594         0    0.30   0.21      0.49
587  1.00000000 0.4502016 0.04111594         0    0.30   0.21      0.49
588  1.00000000 0.4502016 0.04111594         0    0.30   0.21      0.49
589  0.26953125 0.4502016 0.04111594         0    0.30   0.21      0.49
590  0.34765625 0.4502016 0.04111594         0    0.30   0.21      0.49
591  0.18359375 0.4502016 0.04111594         0    0.30   0.21      0.49
592  0.11328125 0.4502016 0.04111594         0    0.30   0.21      0.49
593  1.00000000 0.4502016 0.04111594         0    0.30   0.21      0.49
594  0.21875000 0.4502016 0.04111594         0    0.30   0.21      0.49
595  1.00000000 0.4502016 0.04111594         0    0.30   0.21      0.49
596  1.00000000 0.4502016 0.04111594         0    0.30   0.21      0.49
597  0.34375000 0.4502016 0.04111594         0    0.30   0.21      0.49
598  1.00000000 0.4502016 0.04111594         0    0.30   0.21      0.49
599  0.16796875 0.4502016 0.04111594         0    0.30   0.21      0.49
600  1.00000000 0.4502016 0.04111594         0    0.30   0.21      0.49
601  1.00000000 0.6042625 0.03366725         0    0.23   0.14      0.63
602  1.00000000 0.6042625 0.03366725         0    0.23   0.14      0.63
603  1.00000000 0.6042625 0.03366725         0    0.23   0.14      0.63
604  1.00000000 0.6042625 0.03366725         0    0.23   0.14      0.63
605  1.00000000 0.6042625 0.03366725         0    0.23   0.14      0.63
606  1.00000000 0.6042625 0.03366725         0    0.23   0.14      0.63
607  0.27734375 0.6042625 0.03366725         0    0.23   0.14      0.63
608  0.08203125 0.6042625 0.03366725         0    0.23   0.14      0.63
609  1.00000000 0.6042625 0.03366725         0    0.23   0.14      0.63
610  1.00000000 0.6042625 0.03366725         0    0.23   0.14      0.63
611  1.00000000 0.6042625 0.03366725         0    0.23   0.14      0.63
612  1.00000000 0.6042625 0.03366725         0    0.23   0.14      0.63
613  1.00000000 0.6042625 0.03366725         0    0.23   0.14      0.63
614  1.00000000 0.6042625 0.03366725         0    0.23   0.14      0.63
615  0.19140625 0.6042625 0.03366725         0    0.23   0.14      0.63
616  1.00000000 0.6042625 0.03366725         0    0.23   0.14      0.63
617  1.00000000 0.6042625 0.03366725         0    0.23   0.14      0.63
618  1.00000000 0.6042625 0.03366725         0    0.23   0.14      0.63
619  0.29296875 0.6042625 0.03366725         0    0.23   0.14      0.63
620  0.12890625 0.6042625 0.03366725         0    0.23   0.14      0.63
621  1.00000000 0.6042625 0.03366725         0    0.23   0.14      0.63
622  1.00000000 0.6042625 0.03366725         0    0.23   0.14      0.63
623  1.00000000 0.6042625 0.03366725         0    0.23   0.14      0.63
624  1.00000000 0.6042625 0.03366725         0    0.23   0.14      0.63
625  0.21484375 0.6042625 0.03366725         0    0.23   0.14      0.63
626  1.00000000 0.6042625 0.03366725         0    0.23   0.14      0.63
627  0.10937500 0.6042625 0.03366725         0    0.23   0.14      0.63
628  1.00000000 0.6042625 0.03366725         0    0.23   0.14      0.63
629  0.26953125 0.6042625 0.03366725         0    0.23   0.14      0.63
630  0.24218750 0.6042625 0.03366725         0    0.23   0.14      0.63
631  1.00000000 0.6042625 0.03366725         0    0.23   0.14      0.63
632  1.00000000 0.6042625 0.03366725         0    0.23   0.14      0.63
633  1.00000000 0.6042625 0.03366725         0    0.23   0.14      0.63
634  0.17968750 0.6042625 0.03366725         0    0.23   0.14      0.63
635  1.00000000 0.6042625 0.03366725         0    0.23   0.14      0.63
636  1.00000000 0.6042625 0.03366725         0    0.23   0.14      0.63
637  0.32031250 0.6042625 0.03366725         0    0.23   0.14      0.63
638  1.00000000 0.6042625 0.03366725         0    0.23   0.14      0.63
639  0.35156250 0.6042625 0.03366725         0    0.23   0.14      0.63
640  0.57031250 0.6042625 0.03366725         0    0.23   0.14      0.63
641  0.23828125 0.6042625 0.03366725         0    0.23   0.14      0.63
642  1.00000000 0.6042625 0.03366725         0    0.23   0.14      0.63
643  1.00000000 0.6042625 0.03366725         0    0.23   0.14      0.63
644  0.07812500 0.6042625 0.03366725         0    0.23   0.14      0.63
645  0.30468750 0.6042625 0.03366725         0    0.23   0.14      0.63
646  1.00000000 0.6042625 0.03366725         0    0.23   0.14      0.63
647  1.00000000 0.6042625 0.03366725         0    0.23   0.14      0.63
648  0.21875000 0.6042625 0.03366725         0    0.23   0.14      0.63
649  1.00000000 0.6042625 0.03366725         0    0.23   0.14      0.63
650  0.21093750 0.6042625 0.03366725         0    0.23   0.14      0.63
651  0.21484375 0.6042625 0.03366725         0    0.23   0.14      0.63
652  1.00000000 0.6042625 0.03366725         0    0.23   0.14      0.63
653  0.30859375 0.6042625 0.03366725         0    0.23   0.14      0.63
654  1.00000000 0.6042625 0.03366725         0    0.23   0.14      0.63
655  1.00000000 0.6042625 0.03366725         0    0.23   0.14      0.63
656  0.08203125 0.6042625 0.03366725         0    0.23   0.14      0.63
657  1.00000000 0.6042625 0.03366725         0    0.23   0.14      0.63
658  1.00000000 0.6042625 0.03366725         0    0.23   0.14      0.63
659  0.40625000 0.6042625 0.03366725         0    0.23   0.14      0.63
660  0.47656250 0.6042625 0.03366725         0    0.23   0.14      0.63
661  0.16796875 0.6042625 0.03366725         0    0.23   0.14      0.63
662  1.00000000 0.6042625 0.03366725         0    0.23   0.14      0.63
663  1.00000000 0.6042625 0.03366725         0    0.23   0.14      0.63
664  1.00000000 0.6042625 0.03366725         0    0.23   0.14      0.63
665  1.00000000 0.6042625 0.03366725         0    0.23   0.14      0.63
666  1.00000000 0.6042625 0.03366725         0    0.23   0.14      0.63
667  1.00000000 0.6042625 0.03366725         0    0.23   0.14      0.63
668  1.00000000 0.6042625 0.03366725         0    0.23   0.14      0.63
669  1.00000000 0.6042625 0.03366725         0    0.23   0.14      0.63
670  0.36328125 0.6042625 0.03366725         0    0.23   0.14      0.63
671  1.00000000 0.6042625 0.03366725         0    0.23   0.14      0.63
672  1.00000000 0.6042625 0.03366725         0    0.23   0.14      0.63
673  0.21875000 0.6042625 0.03366725         0    0.23   0.14      0.63
674  0.14062500 0.6042625 0.03366725         0    0.23   0.14      0.63
675  1.00000000 0.6042625 0.03366725         0    0.23   0.14      0.63
676  1.00000000 0.6042625 0.03366725         0    0.23   0.14      0.63
677  1.00000000 0.6042625 0.03366725         0    0.23   0.14      0.63
678  0.29687500 0.6042625 0.03366725         0    0.23   0.14      0.63
679  1.00000000 0.6042625 0.03366725         0    0.23   0.14      0.63
680  1.00000000 0.6042625 0.03366725         0    0.23   0.14      0.63
681  0.12890625 0.6042625 0.03366725         0    0.23   0.14      0.63
682  1.00000000 0.6042625 0.03366725         0    0.23   0.14      0.63
683  0.08203125 0.6042625 0.03366725         0    0.23   0.14      0.63
684  0.20703125 0.6042625 0.03366725         0    0.23   0.14      0.63
685  0.17968750 0.6042625 0.03366725         0    0.23   0.14      0.63
686  1.00000000 0.6042625 0.03366725         0    0.23   0.14      0.63
687  0.20312500 0.6042625 0.03366725         0    0.23   0.14      0.63
688  0.26171875 0.6042625 0.03366725         0    0.23   0.14      0.63
689  1.00000000 0.6042625 0.03366725         0    0.23   0.14      0.63
690  1.00000000 0.6042625 0.03366725         0    0.23   0.14      0.63
691  1.00000000 0.6042625 0.03366725         0    0.23   0.14      0.63
692  1.00000000 0.6042625 0.03366725         0    0.23   0.14      0.63
693  0.13671875 0.6042625 0.03366725         0    0.23   0.14      0.63
694  1.00000000 0.6042625 0.03366725         0    0.23   0.14      0.63
695  1.00000000 0.6042625 0.03366725         0    0.23   0.14      0.63
696  0.33203125 0.6042625 0.03366725         0    0.23   0.14      0.63
697  0.15625000 0.6042625 0.03366725         0    0.23   0.14      0.63
698  0.17578125 0.6042625 0.03366725         0    0.23   0.14      0.63
699  1.00000000 0.6042625 0.03366725         0    0.23   0.14      0.63
700  0.16796875 0.6042625 0.03366725         0    0.23   0.14      0.63
701  0.87500000 0.3624895 0.12614602         0    0.11   0.26      0.63
702  1.00000000 0.3624895 0.12614602         0    0.11   0.26      0.63
703  1.00000000 0.3624895 0.12614602         0    0.11   0.26      0.63
704  0.63281250 0.3624895 0.12614602         0    0.11   0.26      0.63
705  0.88671875 0.3624895 0.12614602         0    0.11   0.26      0.63
706  0.82421875 0.3624895 0.12614602         0    0.11   0.26      0.63
707  0.78906250 0.3624895 0.12614602         0    0.11   0.26      0.63
708  0.66015625 0.3624895 0.12614602         0    0.11   0.26      0.63
709  1.00000000 0.3624895 0.12614602         0    0.11   0.26      0.63
710  0.74218750 0.3624895 0.12614602         0    0.11   0.26      0.63
711  1.00000000 0.3624895 0.12614602         0    0.11   0.26      0.63
712  0.64062500 0.3624895 0.12614602         0    0.11   0.26      0.63
713  0.67578125 0.3624895 0.12614602         0    0.11   0.26      0.63
714  1.00000000 0.3624895 0.12614602         0    0.11   0.26      0.63
715  1.00000000 0.3624895 0.12614602         0    0.11   0.26      0.63
716  1.00000000 0.3624895 0.12614602         0    0.11   0.26      0.63
717  0.81250000 0.3624895 0.12614602         0    0.11   0.26      0.63
718  1.00000000 0.3624895 0.12614602         0    0.11   0.26      0.63
719  1.00000000 0.3624895 0.12614602         0    0.11   0.26      0.63
720  0.71093750 0.3624895 0.12614602         0    0.11   0.26      0.63
721  0.72265625 0.3624895 0.12614602         0    0.11   0.26      0.63
722  0.71093750 0.3624895 0.12614602         0    0.11   0.26      0.63
723  0.62109375 0.3624895 0.12614602         0    0.11   0.26      0.63
724  1.00000000 0.3624895 0.12614602         0    0.11   0.26      0.63
725  0.87109375 0.3624895 0.12614602         0    0.11   0.26      0.63
726  0.70703125 0.3624895 0.12614602         0    0.11   0.26      0.63
727  1.00000000 0.3624895 0.12614602         0    0.11   0.26      0.63
728  0.42968750 0.3624895 0.12614602         0    0.11   0.26      0.63
729  1.00000000 0.3624895 0.12614602         0    0.11   0.26      0.63
730  1.00000000 0.3624895 0.12614602         0    0.11   0.26      0.63
731  1.00000000 0.3624895 0.12614602         0    0.11   0.26      0.63
732  0.67968750 0.3624895 0.12614602         0    0.11   0.26      0.63
733  0.60156250 0.3624895 0.12614602         0    0.11   0.26      0.63
734  1.00000000 0.3624895 0.12614602         0    0.11   0.26      0.63
735  0.53906250 0.3624895 0.12614602         0    0.11   0.26      0.63
736  0.42968750 0.3624895 0.12614602         0    0.11   0.26      0.63
737  0.60156250 0.3624895 0.12614602         0    0.11   0.26      0.63
738  0.56640625 0.3624895 0.12614602         0    0.11   0.26      0.63
739  0.68359375 0.3624895 0.12614602         0    0.11   0.26      0.63
740  0.83593750 0.3624895 0.12614602         0    0.11   0.26      0.63
741  1.00000000 0.3624895 0.12614602         0    0.11   0.26      0.63
742  0.45703125 0.3624895 0.12614602         0    0.11   0.26      0.63
743  1.00000000 0.3624895 0.12614602         0    0.11   0.26      0.63
744  0.60156250 0.3624895 0.12614602         0    0.11   0.26      0.63
745  1.00000000 0.3624895 0.12614602         0    0.11   0.26      0.63
746  1.00000000 0.3624895 0.12614602         0    0.11   0.26      0.63
747  0.80468750 0.3624895 0.12614602         0    0.11   0.26      0.63
748  1.00000000 0.3624895 0.12614602         0    0.11   0.26      0.63
749  0.69921875 0.3624895 0.12614602         0    0.11   0.26      0.63
750  1.00000000 0.3624895 0.12614602         0    0.11   0.26      0.63
751  1.00000000 0.3624895 0.12614602         0    0.11   0.26      0.63
752  1.00000000 0.3624895 0.12614602         0    0.11   0.26      0.63
753  1.00000000 0.3624895 0.12614602         0    0.11   0.26      0.63
754  0.51953125 0.3624895 0.12614602         0    0.11   0.26      0.63
755  1.00000000 0.3624895 0.12614602         0    0.11   0.26      0.63
756  1.00000000 0.3624895 0.12614602         0    0.11   0.26      0.63
757  0.67578125 0.3624895 0.12614602         0    0.11   0.26      0.63
758  0.62500000 0.3624895 0.12614602         0    0.11   0.26      0.63
759  0.71484375 0.3624895 0.12614602         0    0.11   0.26      0.63
760  0.60156250 0.3624895 0.12614602         0    0.11   0.26      0.63
761  0.76171875 0.3624895 0.12614602         0    0.11   0.26      0.63
762  1.00000000 0.3624895 0.12614602         0    0.11   0.26      0.63
763  0.58984375 0.3624895 0.12614602         0    0.11   0.26      0.63
764  0.72656250 0.3624895 0.12614602         0    0.11   0.26      0.63
765  1.00000000 0.3624895 0.12614602         0    0.11   0.26      0.63
766  0.62109375 0.3624895 0.12614602         0    0.11   0.26      0.63
767  0.57421875 0.3624895 0.12614602         0    0.11   0.26      0.63
768  1.00000000 0.3624895 0.12614602         0    0.11   0.26      0.63
769  0.68750000 0.3624895 0.12614602         0    0.11   0.26      0.63
770  0.69921875 0.3624895 0.12614602         0    0.11   0.26      0.63
771  0.48828125 0.3624895 0.12614602         0    0.11   0.26      0.63
772  1.00000000 0.3624895 0.12614602         0    0.11   0.26      0.63
773  1.00000000 0.3624895 0.12614602         0    0.11   0.26      0.63
774  0.70312500 0.3624895 0.12614602         0    0.11   0.26      0.63
775  0.75000000 0.3624895 0.12614602         0    0.11   0.26      0.63
776  0.52343750 0.3624895 0.12614602         0    0.11   0.26      0.63
777  1.00000000 0.3624895 0.12614602         0    0.11   0.26      0.63
778  1.00000000 0.3624895 0.12614602         0    0.11   0.26      0.63
779  0.70312500 0.3624895 0.12614602         0    0.11   0.26      0.63
780  0.73828125 0.3624895 0.12614602         0    0.11   0.26      0.63
781  0.71875000 0.3624895 0.12614602         0    0.11   0.26      0.63
782  0.70703125 0.3624895 0.12614602         0    0.11   0.26      0.63
783  0.49609375 0.3624895 0.12614602         0    0.11   0.26      0.63
784  0.46093750 0.3624895 0.12614602         0    0.11   0.26      0.63
785  1.00000000 0.3624895 0.12614602         0    0.11   0.26      0.63
786  0.45703125 0.3624895 0.12614602         0    0.11   0.26      0.63
787  0.46484375 0.3624895 0.12614602         0    0.11   0.26      0.63
788  1.00000000 0.3624895 0.12614602         0    0.11   0.26      0.63
789  0.76562500 0.3624895 0.12614602         0    0.11   0.26      0.63
790  0.74609375 0.3624895 0.12614602         0    0.11   0.26      0.63
791  1.00000000 0.3624895 0.12614602         0    0.11   0.26      0.63
792  0.86718750 0.3624895 0.12614602         0    0.11   0.26      0.63
793  1.00000000 0.3624895 0.12614602         0    0.11   0.26      0.63
794  0.52734375 0.3624895 0.12614602         0    0.11   0.26      0.63
795  1.00000000 0.3624895 0.12614602         0    0.11   0.26      0.63
796  1.00000000 0.3624895 0.12614602         0    0.11   0.26      0.63
797  1.00000000 0.3624895 0.12614602         0    0.11   0.26      0.63
798  0.36718750 0.3624895 0.12614602         0    0.11   0.26      0.63
799  0.69531250 0.3624895 0.12614602         0    0.11   0.26      0.63
800  1.00000000 0.3624895 0.12614602         0    0.11   0.26      0.63
801  1.00000000 0.6107656 0.07304601         0    0.12   0.21      0.67
802  1.00000000 0.6107656 0.07304601         0    0.12   0.21      0.67
803  0.51953125 0.6107656 0.07304601         0    0.12   0.21      0.67
804  0.31250000 0.6107656 0.07304601         0    0.12   0.21      0.67
805  1.00000000 0.6107656 0.07304601         0    0.12   0.21      0.67
806  1.00000000 0.6107656 0.07304601         0    0.12   0.21      0.67
807  0.48828125 0.6107656 0.07304601         0    0.12   0.21      0.67
808  1.00000000 0.6107656 0.07304601         0    0.12   0.21      0.67
809  0.44531250 0.6107656 0.07304601         0    0.12   0.21      0.67
810  1.00000000 0.6107656 0.07304601         0    0.12   0.21      0.67
811  1.00000000 0.6107656 0.07304601         0    0.12   0.21      0.67
812  1.00000000 0.6107656 0.07304601         0    0.12   0.21      0.67
813  0.62890625 0.6107656 0.07304601         0    0.12   0.21      0.67
814  1.00000000 0.6107656 0.07304601         0    0.12   0.21      0.67
815  0.71875000 0.6107656 0.07304601         0    0.12   0.21      0.67
816  0.65234375 0.6107656 0.07304601         0    0.12   0.21      0.67
817  1.00000000 0.6107656 0.07304601         0    0.12   0.21      0.67
818  0.64453125 0.6107656 0.07304601         0    0.12   0.21      0.67
819  1.00000000 0.6107656 0.07304601         0    0.12   0.21      0.67
820  1.00000000 0.6107656 0.07304601         0    0.12   0.21      0.67
821  0.25781250 0.6107656 0.07304601         0    0.12   0.21      0.67
822  1.00000000 0.6107656 0.07304601         0    0.12   0.21      0.67
823  0.26171875 0.6107656 0.07304601         0    0.12   0.21      0.67
824  0.40625000 0.6107656 0.07304601         0    0.12   0.21      0.67
825  1.00000000 0.6107656 0.07304601         0    0.12   0.21      0.67
826  1.00000000 0.6107656 0.07304601         0    0.12   0.21      0.67
827  1.00000000 0.6107656 0.07304601         0    0.12   0.21      0.67
828  1.00000000 0.6107656 0.07304601         0    0.12   0.21      0.67
829  0.59765625 0.6107656 0.07304601         0    0.12   0.21      0.67
830  0.65625000 0.6107656 0.07304601         0    0.12   0.21      0.67
831  1.00000000 0.6107656 0.07304601         0    0.12   0.21      0.67
832  1.00000000 0.6107656 0.07304601         0    0.12   0.21      0.67
833  0.65625000 0.6107656 0.07304601         0    0.12   0.21      0.67
834  0.45703125 0.6107656 0.07304601         0    0.12   0.21      0.67
835  0.26171875 0.6107656 0.07304601         0    0.12   0.21      0.67
836  1.00000000 0.6107656 0.07304601         0    0.12   0.21      0.67
837  0.38281250 0.6107656 0.07304601         0    0.12   0.21      0.67
838  1.00000000 0.6107656 0.07304601         0    0.12   0.21      0.67
839  1.00000000 0.6107656 0.07304601         0    0.12   0.21      0.67
840  1.00000000 0.6107656 0.07304601         0    0.12   0.21      0.67
841  1.00000000 0.6107656 0.07304601         0    0.12   0.21      0.67
842  1.00000000 0.6107656 0.07304601         0    0.12   0.21      0.67
843  0.28515625 0.6107656 0.07304601         0    0.12   0.21      0.67
844  0.73046875 0.6107656 0.07304601         0    0.12   0.21      0.67
845  1.00000000 0.6107656 0.07304601         0    0.12   0.21      0.67
846  1.00000000 0.6107656 0.07304601         0    0.12   0.21      0.67
847  1.00000000 0.6107656 0.07304601         0    0.12   0.21      0.67
848  0.64062500 0.6107656 0.07304601         0    0.12   0.21      0.67
849  1.00000000 0.6107656 0.07304601         0    0.12   0.21      0.67
850  1.00000000 0.6107656 0.07304601         0    0.12   0.21      0.67
851  0.44531250 0.6107656 0.07304601         0    0.12   0.21      0.67
852  1.00000000 0.6107656 0.07304601         0    0.12   0.21      0.67
853  0.69140625 0.6107656 0.07304601         0    0.12   0.21      0.67
854  1.00000000 0.6107656 0.07304601         0    0.12   0.21      0.67
855  1.00000000 0.6107656 0.07304601         0    0.12   0.21      0.67
856  0.66406250 0.6107656 0.07304601         0    0.12   0.21      0.67
857  1.00000000 0.6107656 0.07304601         0    0.12   0.21      0.67
858  1.00000000 0.6107656 0.07304601         0    0.12   0.21      0.67
859  0.35156250 0.6107656 0.07304601         0    0.12   0.21      0.67
860  1.00000000 0.6107656 0.07304601         0    0.12   0.21      0.67
861  1.00000000 0.6107656 0.07304601         0    0.12   0.21      0.67
862  1.00000000 0.6107656 0.07304601         0    0.12   0.21      0.67
863  1.00000000 0.6107656 0.07304601         0    0.12   0.21      0.67
864  1.00000000 0.6107656 0.07304601         0    0.12   0.21      0.67
865  1.00000000 0.6107656 0.07304601         0    0.12   0.21      0.67
866  1.00000000 0.6107656 0.07304601         0    0.12   0.21      0.67
867  0.53906250 0.6107656 0.07304601         0    0.12   0.21      0.67
868  1.00000000 0.6107656 0.07304601         0    0.12   0.21      0.67
869  0.39843750 0.6107656 0.07304601         0    0.12   0.21      0.67
870  0.66015625 0.6107656 0.07304601         0    0.12   0.21      0.67
871  1.00000000 0.6107656 0.07304601         0    0.12   0.21      0.67
872  1.00000000 0.6107656 0.07304601         0    0.12   0.21      0.67
873  0.64843750 0.6107656 0.07304601         0    0.12   0.21      0.67
874  1.00000000 0.6107656 0.07304601         0    0.12   0.21      0.67
875  1.00000000 0.6107656 0.07304601         0    0.12   0.21      0.67
876  1.00000000 0.6107656 0.07304601         0    0.12   0.21      0.67
877  1.00000000 0.6107656 0.07304601         0    0.12   0.21      0.67
878  1.00000000 0.6107656 0.07304601         0    0.12   0.21      0.67
879  0.34375000 0.6107656 0.07304601         0    0.12   0.21      0.67
880  1.00000000 0.6107656 0.07304601         0    0.12   0.21      0.67
881  1.00000000 0.6107656 0.07304601         0    0.12   0.21      0.67
882  0.33203125 0.6107656 0.07304601         0    0.12   0.21      0.67
883  1.00000000 0.6107656 0.07304601         0    0.12   0.21      0.67
884  1.00000000 0.6107656 0.07304601         0    0.12   0.21      0.67
885  0.41796875 0.6107656 0.07304601         0    0.12   0.21      0.67
886  1.00000000 0.6107656 0.07304601         0    0.12   0.21      0.67
887  0.61718750 0.6107656 0.07304601         0    0.12   0.21      0.67
888  1.00000000 0.6107656 0.07304601         0    0.12   0.21      0.67
889  1.00000000 0.6107656 0.07304601         0    0.12   0.21      0.67
890  1.00000000 0.6107656 0.07304601         0    0.12   0.21      0.67
891  1.00000000 0.6107656 0.07304601         0    0.12   0.21      0.67
892  0.27734375 0.6107656 0.07304601         0    0.12   0.21      0.67
893  0.40625000 0.6107656 0.07304601         0    0.12   0.21      0.67
894  0.57031250 0.6107656 0.07304601         0    0.12   0.21      0.67
895  1.00000000 0.6107656 0.07304601         0    0.12   0.21      0.67
896  1.00000000 0.6107656 0.07304601         0    0.12   0.21      0.67
897  1.00000000 0.6107656 0.07304601         0    0.12   0.21      0.67
898  0.25000000 0.6107656 0.07304601         0    0.12   0.21      0.67
899  1.00000000 0.6107656 0.07304601         0    0.12   0.21      0.67
900  1.00000000 0.6107656 0.07304601         0    0.12   0.21      0.67
901  0.65234375 0.4628687 0.10386445         0    0.16   0.26      0.58
902  0.34375000 0.4628687 0.10386445         0    0.16   0.26      0.58
903  0.44921875 0.4628687 0.10386445         0    0.16   0.26      0.58
904  0.42968750 0.4628687 0.10386445         0    0.16   0.26      0.58
905  0.85937500 0.4628687 0.10386445         0    0.16   0.26      0.58
906  1.00000000 0.4628687 0.10386445         0    0.16   0.26      0.58
907  0.56250000 0.4628687 0.10386445         0    0.16   0.26      0.58
908  0.44140625 0.4628687 0.10386445         0    0.16   0.26      0.58
909  1.00000000 0.4628687 0.10386445         0    0.16   0.26      0.58
910  0.71484375 0.4628687 0.10386445         0    0.16   0.26      0.58
911  0.41406250 0.4628687 0.10386445         0    0.16   0.26      0.58
912  1.00000000 0.4628687 0.10386445         0    0.16   0.26      0.58
913  0.45703125 0.4628687 0.10386445         0    0.16   0.26      0.58
914  0.55859375 0.4628687 0.10386445         0    0.16   0.26      0.58
915  1.00000000 0.4628687 0.10386445         0    0.16   0.26      0.58
916  1.00000000 0.4628687 0.10386445         0    0.16   0.26      0.58
917  0.64843750 0.4628687 0.10386445         0    0.16   0.26      0.58
918  1.00000000 0.4628687 0.10386445         0    0.16   0.26      0.58
919  1.00000000 0.4628687 0.10386445         0    0.16   0.26      0.58
920  1.00000000 0.4628687 0.10386445         0    0.16   0.26      0.58
921  1.00000000 0.4628687 0.10386445         0    0.16   0.26      0.58
922  0.49218750 0.4628687 0.10386445         0    0.16   0.26      0.58
923  1.00000000 0.4628687 0.10386445         0    0.16   0.26      0.58
924  0.60156250 0.4628687 0.10386445         0    0.16   0.26      0.58
925  0.48828125 0.4628687 0.10386445         0    0.16   0.26      0.58
926  1.00000000 0.4628687 0.10386445         0    0.16   0.26      0.58
927  1.00000000 0.4628687 0.10386445         0    0.16   0.26      0.58
928  0.49609375 0.4628687 0.10386445         0    0.16   0.26      0.58
929  1.00000000 0.4628687 0.10386445         0    0.16   0.26      0.58
930  0.49218750 0.4628687 0.10386445         0    0.16   0.26      0.58
931  0.76171875 0.4628687 0.10386445         0    0.16   0.26      0.58
932  1.00000000 0.4628687 0.10386445         0    0.16   0.26      0.58
933  0.71484375 0.4628687 0.10386445         0    0.16   0.26      0.58
934  0.35156250 0.4628687 0.10386445         0    0.16   0.26      0.58
935  0.41796875 0.4628687 0.10386445         0    0.16   0.26      0.58
936  1.00000000 0.4628687 0.10386445         0    0.16   0.26      0.58
937  1.00000000 0.4628687 0.10386445         0    0.16   0.26      0.58
938  0.49609375 0.4628687 0.10386445         0    0.16   0.26      0.58
939  1.00000000 0.4628687 0.10386445         0    0.16   0.26      0.58
940  0.55859375 0.4628687 0.10386445         0    0.16   0.26      0.58
941  1.00000000 0.4628687 0.10386445         0    0.16   0.26      0.58
942  0.52734375 0.4628687 0.10386445         0    0.16   0.26      0.58
943  0.63671875 0.4628687 0.10386445         0    0.16   0.26      0.58
944  0.91406250 0.4628687 0.10386445         0    0.16   0.26      0.58
945  1.00000000 0.4628687 0.10386445         0    0.16   0.26      0.58
946  1.00000000 0.4628687 0.10386445         0    0.16   0.26      0.58
947  0.56250000 0.4628687 0.10386445         0    0.16   0.26      0.58
948  0.89843750 0.4628687 0.10386445         0    0.16   0.26      0.58
949  0.34765625 0.4628687 0.10386445         0    0.16   0.26      0.58
950  1.00000000 0.4628687 0.10386445         0    0.16   0.26      0.58
951  1.00000000 0.4628687 0.10386445         0    0.16   0.26      0.58
952  0.88281250 0.4628687 0.10386445         0    0.16   0.26      0.58
953  0.61328125 0.4628687 0.10386445         0    0.16   0.26      0.58
954  0.44531250 0.4628687 0.10386445         0    0.16   0.26      0.58
955  1.00000000 0.4628687 0.10386445         0    0.16   0.26      0.58
956  1.00000000 0.4628687 0.10386445         0    0.16   0.26      0.58
957  1.00000000 0.4628687 0.10386445         0    0.16   0.26      0.58
958  0.38281250 0.4628687 0.10386445         0    0.16   0.26      0.58
959  0.41406250 0.4628687 0.10386445         0    0.16   0.26      0.58
960  1.00000000 0.4628687 0.10386445         0    0.16   0.26      0.58
961  1.00000000 0.4628687 0.10386445         0    0.16   0.26      0.58
962  0.68359375 0.4628687 0.10386445         0    0.16   0.26      0.58
963  0.42578125 0.4628687 0.10386445         0    0.16   0.26      0.58
964  1.00000000 0.4628687 0.10386445         0    0.16   0.26      0.58
965  0.45703125 0.4628687 0.10386445         0    0.16   0.26      0.58
966  1.00000000 0.4628687 0.10386445         0    0.16   0.26      0.58
967  0.62500000 0.4628687 0.10386445         0    0.16   0.26      0.58
968  1.00000000 0.4628687 0.10386445         0    0.16   0.26      0.58
969  0.69921875 0.4628687 0.10386445         0    0.16   0.26      0.58
970  0.70703125 0.4628687 0.10386445         0    0.16   0.26      0.58
971  0.55078125 0.4628687 0.10386445         0    0.16   0.26      0.58
972  0.75781250 0.4628687 0.10386445         0    0.16   0.26      0.58
973  1.00000000 0.4628687 0.10386445         0    0.16   0.26      0.58
974  1.00000000 0.4628687 0.10386445         0    0.16   0.26      0.58
975  1.00000000 0.4628687 0.10386445         0    0.16   0.26      0.58
976  1.00000000 0.4628687 0.10386445         0    0.16   0.26      0.58
977  1.00000000 0.4628687 0.10386445         0    0.16   0.26      0.58
978  0.49609375 0.4628687 0.10386445         0    0.16   0.26      0.58
979  1.00000000 0.4628687 0.10386445         0    0.16   0.26      0.58
980  1.00000000 0.4628687 0.10386445         0    0.16   0.26      0.58
981  0.69140625 0.4628687 0.10386445         0    0.16   0.26      0.58
982  0.43359375 0.4628687 0.10386445         0    0.16   0.26      0.58
983  1.00000000 0.4628687 0.10386445         0    0.16   0.26      0.58
984  0.79687500 0.4628687 0.10386445         0    0.16   0.26      0.58
985  1.00000000 0.4628687 0.10386445         0    0.16   0.26      0.58
986  1.00000000 0.4628687 0.10386445         0    0.16   0.26      0.58
987  0.39453125 0.4628687 0.10386445         0    0.16   0.26      0.58
988  0.68359375 0.4628687 0.10386445         0    0.16   0.26      0.58
989  0.30078125 0.4628687 0.10386445         0    0.16   0.26      0.58
990  0.85156250 0.4628687 0.10386445         0    0.16   0.26      0.58
991  1.00000000 0.4628687 0.10386445         0    0.16   0.26      0.58
992  0.62109375 0.4628687 0.10386445         0    0.16   0.26      0.58
993  1.00000000 0.4628687 0.10386445         0    0.16   0.26      0.58
994  0.43359375 0.4628687 0.10386445         0    0.16   0.26      0.58
995  0.69531250 0.4628687 0.10386445         0    0.16   0.26      0.58
996  1.00000000 0.4628687 0.10386445         0    0.16   0.26      0.58
997  1.00000000 0.4628687 0.10386445         0    0.16   0.26      0.58
998  0.66406250 0.4628687 0.10386445         0    0.16   0.26      0.58
999  0.57421875 0.4628687 0.10386445         0    0.16   0.26      0.58
1000 1.00000000 0.4628687 0.10386445         0    0.16   0.26      0.58
