      prop.aneu prob.meio  prob.mito dispersal euploid mosaic aneuploid
1    1.00000000 0.4473072 0.06981383         0    0.14   0.27      0.59
2    1.00000000 0.4473072 0.06981383         0    0.14   0.27      0.59
3    0.53125000 0.4473072 0.06981383         0    0.14   0.27      0.59
4    0.69140625 0.4473072 0.06981383         0    0.14   0.27      0.59
5    1.00000000 0.4473072 0.06981383         0    0.14   0.27      0.59
6    1.00000000 0.4473072 0.06981383         0    0.14   0.27      0.59
7    0.30078125 0.4473072 0.06981383         0    0.14   0.27      0.59
8    0.23437500 0.4473072 0.06981383         0    0.14   0.27      0.59
9    0.41015625 0.4473072 0.06981383         0    0.14   0.27      0.59
10   0.42968750 0.4473072 0.06981383         0    0.14   0.27      0.59
11   1.00000000 0.4473072 0.06981383         0    0.14   0.27      0.59
12   1.00000000 0.4473072 0.06981383         0    0.14   0.27      0.59
13   1.00000000 0.4473072 0.06981383         0    0.14   0.27      0.59
14   0.50000000 0.4473072 0.06981383         0    0.14   0.27      0.59
15   1.00000000 0.4473072 0.06981383         0    0.14   0.27      0.59
16   1.00000000 0.4473072 0.06981383         0    0.14   0.27      0.59
17   0.27734375 0.4473072 0.06981383         0    0.14   0.27      0.59
18   0.41015625 0.4473072 0.06981383         0    0.14   0.27      0.59
19   1.00000000 0.4473072 0.06981383         0    0.14   0.27      0.59
20   1.00000000 0.4473072 0.06981383         0    0.14   0.27      0.59
21   1.00000000 0.4473072 0.06981383         0    0.14   0.27      0.59
22   0.24609375 0.4473072 0.06981383         0    0.14   0.27      0.59
23   0.27734375 0.4473072 0.06981383         0    0.14   0.27      0.59
24   0.62500000 0.4473072 0.06981383         0    0.14   0.27      0.59
25   0.29687500 0.4473072 0.06981383         0    0.14   0.27      0.59
26   1.00000000 0.4473072 0.06981383         0    0.14   0.27      0.59
27   1.00000000 0.4473072 0.06981383         0    0.14   0.27      0.59
28   0.60937500 0.4473072 0.06981383         0    0.14   0.27      0.59
29   1.00000000 0.4473072 0.06981383         0    0.14   0.27      0.59
30   0.33203125 0.4473072 0.06981383         0    0.14   0.27      0.59
31   0.61718750 0.4473072 0.06981383         0    0.14   0.27      0.59
32   1.00000000 0.4473072 0.06981383         0    0.14   0.27      0.59
33   1.00000000 0.4473072 0.06981383         0    0.14   0.27      0.59
34   0.17187500 0.4473072 0.06981383         0    0.14   0.27      0.59
35   0.53125000 0.4473072 0.06981383         0    0.14   0.27      0.59
36   0.26562500 0.4473072 0.06981383         0    0.14   0.27      0.59
37   0.60937500 0.4473072 0.06981383         0    0.14   0.27      0.59
38   0.51953125 0.4473072 0.06981383         0    0.14   0.27      0.59
39   0.41796875 0.4473072 0.06981383         0    0.14   0.27      0.59
40   0.47656250 0.4473072 0.06981383         0    0.14   0.27      0.59
41   1.00000000 0.4473072 0.06981383         0    0.14   0.27      0.59
42   0.35546875 0.4473072 0.06981383         0    0.14   0.27      0.59
43   0.46875000 0.4473072 0.06981383         0    0.14   0.27      0.59
44   0.39453125 0.4473072 0.06981383         0    0.14   0.27      0.59
45   1.00000000 0.4473072 0.06981383         0    0.14   0.27      0.59
46   0.52734375 0.4473072 0.06981383         0    0.14   0.27      0.59
47   1.00000000 0.4473072 0.06981383         0    0.14   0.27      0.59
48   1.00000000 0.4473072 0.06981383         0    0.14   0.27      0.59
49   0.34765625 0.4473072 0.06981383         0    0.14   0.27      0.59
50   0.43750000 0.4473072 0.06981383         0    0.14   0.27      0.59
51   0.58593750 0.4473072 0.06981383         0    0.14   0.27      0.59
52   1.00000000 0.4473072 0.06981383         0    0.14   0.27      0.59
53   1.00000000 0.4473072 0.06981383         0    0.14   0.27      0.59
54   0.55078125 0.4473072 0.06981383         0    0.14   0.27      0.59
55   0.28125000 0.4473072 0.06981383         0    0.14   0.27      0.59
56   1.00000000 0.4473072 0.06981383         0    0.14   0.27      0.59
57   1.00000000 0.4473072 0.06981383         0    0.14   0.27      0.59
58   1.00000000 0.4473072 0.06981383         0    0.14   0.27      0.59
59   1.00000000 0.4473072 0.06981383         0    0.14   0.27      0.59
60   1.00000000 0.4473072 0.06981383         0    0.14   0.27      0.59
61   1.00000000 0.4473072 0.06981383         0    0.14   0.27      0.59
62   0.35156250 0.4473072 0.06981383         0    0.14   0.27      0.59
63   0.35546875 0.4473072 0.06981383         0    0.14   0.27      0.59
64   1.00000000 0.4473072 0.06981383         0    0.14   0.27      0.59
65   0.27343750 0.4473072 0.06981383         0    0.14   0.27      0.59
66   1.00000000 0.4473072 0.06981383         0    0.14   0.27      0.59
67   1.00000000 0.4473072 0.06981383         0    0.14   0.27      0.59
68   1.00000000 0.4473072 0.06981383         0    0.14   0.27      0.59
69   1.00000000 0.4473072 0.06981383         0    0.14   0.27      0.59
70   0.34765625 0.4473072 0.06981383         0    0.14   0.27      0.59
71   0.71875000 0.4473072 0.06981383         0    0.14   0.27      0.59
72   0.45703125 0.4473072 0.06981383         0    0.14   0.27      0.59
73   0.37890625 0.4473072 0.06981383         0    0.14   0.27      0.59
74   1.00000000 0.4473072 0.06981383         0    0.14   0.27      0.59
75   0.53515625 0.4473072 0.06981383         0    0.14   0.27      0.59
76   0.45703125 0.4473072 0.06981383         0    0.14   0.27      0.59
77   1.00000000 0.4473072 0.06981383         0    0.14   0.27      0.59
78   1.00000000 0.4473072 0.06981383         0    0.14   0.27      0.59
79   0.31640625 0.4473072 0.06981383         0    0.14   0.27      0.59
80   1.00000000 0.4473072 0.06981383         0    0.14   0.27      0.59
81   1.00000000 0.4473072 0.06981383         0    0.14   0.27      0.59
82   1.00000000 0.4473072 0.06981383         0    0.14   0.27      0.59
83   1.00000000 0.4473072 0.06981383         0    0.14   0.27      0.59
84   1.00000000 0.4473072 0.06981383         0    0.14   0.27      0.59
85   1.00000000 0.4473072 0.06981383         0    0.14   0.27      0.59
86   1.00000000 0.4473072 0.06981383         0    0.14   0.27      0.59
87   0.39062500 0.4473072 0.06981383         0    0.14   0.27      0.59
88   0.28906250 0.4473072 0.06981383         0    0.14   0.27      0.59
89   1.00000000 0.4473072 0.06981383         0    0.14   0.27      0.59
90   0.36718750 0.4473072 0.06981383         0    0.14   0.27      0.59
91   0.58984375 0.4473072 0.06981383         0    0.14   0.27      0.59
92   0.41406250 0.4473072 0.06981383         0    0.14   0.27      0.59
93   0.37500000 0.4473072 0.06981383         0    0.14   0.27      0.59
94   1.00000000 0.4473072 0.06981383         0    0.14   0.27      0.59
95   0.53515625 0.4473072 0.06981383         0    0.14   0.27      0.59
96   1.00000000 0.4473072 0.06981383         0    0.14   0.27      0.59
97   1.00000000 0.4473072 0.06981383         0    0.14   0.27      0.59
98   1.00000000 0.4473072 0.06981383         0    0.14   0.27      0.59
99   1.00000000 0.4473072 0.06981383         0    0.14   0.27      0.59
100  0.62890625 0.4473072 0.06981383         0    0.14   0.27      0.59
101  1.00000000 0.6654738 0.03037994         0    0.23   0.09      0.68
102  0.32812500 0.6654738 0.03037994         0    0.23   0.09      0.68
103  1.00000000 0.6654738 0.03037994         0    0.23   0.09      0.68
104  1.00000000 0.6654738 0.03037994         0    0.23   0.09      0.68
105  1.00000000 0.6654738 0.03037994         0    0.23   0.09      0.68
106  1.00000000 0.6654738 0.03037994         0    0.23   0.09      0.68
107  1.00000000 0.6654738 0.03037994         0    0.23   0.09      0.68
108  0.25781250 0.6654738 0.03037994         0    0.23   0.09      0.68
109  1.00000000 0.6654738 0.03037994         0    0.23   0.09      0.68
110  1.00000000 0.6654738 0.03037994         0    0.23   0.09      0.68
111  0.28515625 0.6654738 0.03037994         0    0.23   0.09      0.68
112  1.00000000 0.6654738 0.03037994         0    0.23   0.09      0.68
113  1.00000000 0.6654738 0.03037994         0    0.23   0.09      0.68
114  0.12890625 0.6654738 0.03037994         0    0.23   0.09      0.68
115  0.14453125 0.6654738 0.03037994         0    0.23   0.09      0.68
116  0.14062500 0.6654738 0.03037994         0    0.23   0.09      0.68
117  0.08593750 0.6654738 0.03037994         0    0.23   0.09      0.68
118  1.00000000 0.6654738 0.03037994         0    0.23   0.09      0.68
119  0.20312500 0.6654738 0.03037994         0    0.23   0.09      0.68
120  1.00000000 0.6654738 0.03037994         0    0.23   0.09      0.68
121  0.13281250 0.6654738 0.03037994         0    0.23   0.09      0.68
122  1.00000000 0.6654738 0.03037994         0    0.23   0.09      0.68
123  1.00000000 0.6654738 0.03037994         0    0.23   0.09      0.68
124  0.19921875 0.6654738 0.03037994         0    0.23   0.09      0.68
125  1.00000000 0.6654738 0.03037994         0    0.23   0.09      0.68
126  1.00000000 0.6654738 0.03037994         0    0.23   0.09      0.68
127  0.34375000 0.6654738 0.03037994         0    0.23   0.09      0.68
128  1.00000000 0.6654738 0.03037994         0    0.23   0.09      0.68
129  1.00000000 0.6654738 0.03037994         0    0.23   0.09      0.68
130  1.00000000 0.6654738 0.03037994         0    0.23   0.09      0.68
131  1.00000000 0.6654738 0.03037994         0    0.23   0.09      0.68
132  1.00000000 0.6654738 0.03037994         0    0.23   0.09      0.68
133  0.30468750 0.6654738 0.03037994         0    0.23   0.09      0.68
134  0.23828125 0.6654738 0.03037994         0    0.23   0.09      0.68
135  0.29296875 0.6654738 0.03037994         0    0.23   0.09      0.68
136  1.00000000 0.6654738 0.03037994         0    0.23   0.09      0.68
137  0.10546875 0.6654738 0.03037994         0    0.23   0.09      0.68
138  0.28515625 0.6654738 0.03037994         0    0.23   0.09      0.68
139  1.00000000 0.6654738 0.03037994         0    0.23   0.09      0.68
140  0.08593750 0.6654738 0.03037994         0    0.23   0.09      0.68
141  1.00000000 0.6654738 0.03037994         0    0.23   0.09      0.68
142  1.00000000 0.6654738 0.03037994         0    0.23   0.09      0.68
143  1.00000000 0.6654738 0.03037994         0    0.23   0.09      0.68
144  1.00000000 0.6654738 0.03037994         0    0.23   0.09      0.68
145  1.00000000 0.6654738 0.03037994         0    0.23   0.09      0.68
146  1.00000000 0.6654738 0.03037994         0    0.23   0.09      0.68
147  1.00000000 0.6654738 0.03037994         0    0.23   0.09      0.68
148  1.00000000 0.6654738 0.03037994         0    0.23   0.09      0.68
149  1.00000000 0.6654738 0.03037994         0    0.23   0.09      0.68
150  1.00000000 0.6654738 0.03037994         0    0.23   0.09      0.68
151  1.00000000 0.6654738 0.03037994         0    0.23   0.09      0.68
152  1.00000000 0.6654738 0.03037994         0    0.23   0.09      0.68
153  1.00000000 0.6654738 0.03037994         0    0.23   0.09      0.68
154  1.00000000 0.6654738 0.03037994         0    0.23   0.09      0.68
155  1.00000000 0.6654738 0.03037994         0    0.23   0.09      0.68
156  1.00000000 0.6654738 0.03037994         0    0.23   0.09      0.68
157  1.00000000 0.6654738 0.03037994         0    0.23   0.09      0.68
158  0.17968750 0.6654738 0.03037994         0    0.23   0.09      0.68
159  1.00000000 0.6654738 0.03037994         0    0.23   0.09      0.68
160  1.00000000 0.6654738 0.03037994         0    0.23   0.09      0.68
161  0.28515625 0.6654738 0.03037994         0    0.23   0.09      0.68
162  1.00000000 0.6654738 0.03037994         0    0.23   0.09      0.68
163  0.19531250 0.6654738 0.03037994         0    0.23   0.09      0.68
164  0.13281250 0.6654738 0.03037994         0    0.23   0.09      0.68
165  0.26562500 0.6654738 0.03037994         0    0.23   0.09      0.68
166  0.13281250 0.6654738 0.03037994         0    0.23   0.09      0.68
167  0.14062500 0.6654738 0.03037994         0    0.23   0.09      0.68
168  1.00000000 0.6654738 0.03037994         0    0.23   0.09      0.68
169  0.16015625 0.6654738 0.03037994         0    0.23   0.09      0.68
170  1.00000000 0.6654738 0.03037994         0    0.23   0.09      0.68
171  1.00000000 0.6654738 0.03037994         0    0.23   0.09      0.68
172  1.00000000 0.6654738 0.03037994         0    0.23   0.09      0.68
173  1.00000000 0.6654738 0.03037994         0    0.23   0.09      0.68
174  0.08593750 0.6654738 0.03037994         0    0.23   0.09      0.68
175  1.00000000 0.6654738 0.03037994         0    0.23   0.09      0.68
176  1.00000000 0.6654738 0.03037994         0    0.23   0.09      0.68
177  1.00000000 0.6654738 0.03037994         0    0.23   0.09      0.68
178  0.14062500 0.6654738 0.03037994         0    0.23   0.09      0.68
179  1.00000000 0.6654738 0.03037994         0    0.23   0.09      0.68
180  1.00000000 0.6654738 0.03037994         0    0.23   0.09      0.68
181  0.10937500 0.6654738 0.03037994         0    0.23   0.09      0.68
182  1.00000000 0.6654738 0.03037994         0    0.23   0.09      0.68
183  1.00000000 0.6654738 0.03037994         0    0.23   0.09      0.68
184  1.00000000 0.6654738 0.03037994         0    0.23   0.09      0.68
185  0.32421875 0.6654738 0.03037994         0    0.23   0.09      0.68
186  1.00000000 0.6654738 0.03037994         0    0.23   0.09      0.68
187  1.00000000 0.6654738 0.03037994         0    0.23   0.09      0.68
188  1.00000000 0.6654738 0.03037994         0    0.23   0.09      0.68
189  0.10546875 0.6654738 0.03037994         0    0.23   0.09      0.68
190  1.00000000 0.6654738 0.03037994         0    0.23   0.09      0.68
191  1.00000000 0.6654738 0.03037994         0    0.23   0.09      0.68
192  0.23828125 0.6654738 0.03037994         0    0.23   0.09      0.68
193  1.00000000 0.6654738 0.03037994         0    0.23   0.09      0.68
194  0.23828125 0.6654738 0.03037994         0    0.23   0.09      0.68
195  1.00000000 0.6654738 0.03037994         0    0.23   0.09      0.68
196  1.00000000 0.6654738 0.03037994         0    0.23   0.09      0.68
197  1.00000000 0.6654738 0.03037994         0    0.23   0.09      0.68
198  0.14843750 0.6654738 0.03037994         0    0.23   0.09      0.68
199  1.00000000 0.6654738 0.03037994         0    0.23   0.09      0.68
200  1.00000000 0.6654738 0.03037994         0    0.23   0.09      0.68
201  1.00000000 0.6294354 0.04472458         0    0.22   0.13      0.65
202  0.24218750 0.6294354 0.04472458         0    0.22   0.13      0.65
203  1.00000000 0.6294354 0.04472458         0    0.22   0.13      0.65
204  0.63671875 0.6294354 0.04472458         0    0.22   0.13      0.65
205  1.00000000 0.6294354 0.04472458         0    0.22   0.13      0.65
206  1.00000000 0.6294354 0.04472458         0    0.22   0.13      0.65
207  1.00000000 0.6294354 0.04472458         0    0.22   0.13      0.65
208  1.00000000 0.6294354 0.04472458         0    0.22   0.13      0.65
209  1.00000000 0.6294354 0.04472458         0    0.22   0.13      0.65
210  1.00000000 0.6294354 0.04472458         0    0.22   0.13      0.65
211  1.00000000 0.6294354 0.04472458         0    0.22   0.13      0.65
212  1.00000000 0.6294354 0.04472458         0    0.22   0.13      0.65
213  0.23437500 0.6294354 0.04472458         0    0.22   0.13      0.65
214  1.00000000 0.6294354 0.04472458         0    0.22   0.13      0.65
215  0.39843750 0.6294354 0.04472458         0    0.22   0.13      0.65
216  1.00000000 0.6294354 0.04472458         0    0.22   0.13      0.65
217  1.00000000 0.6294354 0.04472458         0    0.22   0.13      0.65
218  1.00000000 0.6294354 0.04472458         0    0.22   0.13      0.65
219  1.00000000 0.6294354 0.04472458         0    0.22   0.13      0.65
220  0.19531250 0.6294354 0.04472458         0    0.22   0.13      0.65
221  1.00000000 0.6294354 0.04472458         0    0.22   0.13      0.65
222  0.34375000 0.6294354 0.04472458         0    0.22   0.13      0.65
223  1.00000000 0.6294354 0.04472458         0    0.22   0.13      0.65
224  0.16406250 0.6294354 0.04472458         0    0.22   0.13      0.65
225  0.33593750 0.6294354 0.04472458         0    0.22   0.13      0.65
226  1.00000000 0.6294354 0.04472458         0    0.22   0.13      0.65
227  1.00000000 0.6294354 0.04472458         0    0.22   0.13      0.65
228  0.39843750 0.6294354 0.04472458         0    0.22   0.13      0.65
229  0.24609375 0.6294354 0.04472458         0    0.22   0.13      0.65
230  0.16015625 0.6294354 0.04472458         0    0.22   0.13      0.65
231  0.39843750 0.6294354 0.04472458         0    0.22   0.13      0.65
232  0.18359375 0.6294354 0.04472458         0    0.22   0.13      0.65
233  0.26562500 0.6294354 0.04472458         0    0.22   0.13      0.65
234  0.30468750 0.6294354 0.04472458         0    0.22   0.13      0.65
235  1.00000000 0.6294354 0.04472458         0    0.22   0.13      0.65
236  0.35546875 0.6294354 0.04472458         0    0.22   0.13      0.65
237  0.53906250 0.6294354 0.04472458         0    0.22   0.13      0.65
238  0.33203125 0.6294354 0.04472458         0    0.22   0.13      0.65
239  0.10546875 0.6294354 0.04472458         0    0.22   0.13      0.65
240  0.12500000 0.6294354 0.04472458         0    0.22   0.13      0.65
241  1.00000000 0.6294354 0.04472458         0    0.22   0.13      0.65
242  0.14843750 0.6294354 0.04472458         0    0.22   0.13      0.65
243  0.31640625 0.6294354 0.04472458         0    0.22   0.13      0.65
244  1.00000000 0.6294354 0.04472458         0    0.22   0.13      0.65
245  0.40234375 0.6294354 0.04472458         0    0.22   0.13      0.65
246  1.00000000 0.6294354 0.04472458         0    0.22   0.13      0.65
247  0.62890625 0.6294354 0.04472458         0    0.22   0.13      0.65
248  1.00000000 0.6294354 0.04472458         0    0.22   0.13      0.65
249  0.21093750 0.6294354 0.04472458         0    0.22   0.13      0.65
250  1.00000000 0.6294354 0.04472458         0    0.22   0.13      0.65
251  0.27734375 0.6294354 0.04472458         0    0.22   0.13      0.65
252  1.00000000 0.6294354 0.04472458         0    0.22   0.13      0.65
253  1.00000000 0.6294354 0.04472458         0    0.22   0.13      0.65
254  1.00000000 0.6294354 0.04472458         0    0.22   0.13      0.65
255  0.34765625 0.6294354 0.04472458         0    0.22   0.13      0.65
256  0.57421875 0.6294354 0.04472458         0    0.22   0.13      0.65
257  0.15625000 0.6294354 0.04472458         0    0.22   0.13      0.65
258  0.66406250 0.6294354 0.04472458         0    0.22   0.13      0.65
259  1.00000000 0.6294354 0.04472458         0    0.22   0.13      0.65
260  1.00000000 0.6294354 0.04472458         0    0.22   0.13      0.65
261  1.00000000 0.6294354 0.04472458         0    0.22   0.13      0.65
262  0.15625000 0.6294354 0.04472458         0    0.22   0.13      0.65
263  1.00000000 0.6294354 0.04472458         0    0.22   0.13      0.65
264  1.00000000 0.6294354 0.04472458         0    0.22   0.13      0.65
265  0.38281250 0.6294354 0.04472458         0    0.22   0.13      0.65
266  0.21093750 0.6294354 0.04472458         0    0.22   0.13      0.65
267  1.00000000 0.6294354 0.04472458         0    0.22   0.13      0.65
268  1.00000000 0.6294354 0.04472458         0    0.22   0.13      0.65
269  1.00000000 0.6294354 0.04472458         0    0.22   0.13      0.65
270  0.22656250 0.6294354 0.04472458         0    0.22   0.13      0.65
271  1.00000000 0.6294354 0.04472458         0    0.22   0.13      0.65
272  1.00000000 0.6294354 0.04472458         0    0.22   0.13      0.65
273  1.00000000 0.6294354 0.04472458         0    0.22   0.13      0.65
274  1.00000000 0.6294354 0.04472458         0    0.22   0.13      0.65
275  0.41796875 0.6294354 0.04472458         0    0.22   0.13      0.65
276  0.29687500 0.6294354 0.04472458         0    0.22   0.13      0.65
277  1.00000000 0.6294354 0.04472458         0    0.22   0.13      0.65
278  1.00000000 0.6294354 0.04472458         0    0.22   0.13      0.65
279  1.00000000 0.6294354 0.04472458         0    0.22   0.13      0.65
280  1.00000000 0.6294354 0.04472458         0    0.22   0.13      0.65
281  1.00000000 0.6294354 0.04472458         0    0.22   0.13      0.65
282  0.30859375 0.6294354 0.04472458         0    0.22   0.13      0.65
283  1.00000000 0.6294354 0.04472458         0    0.22   0.13      0.65
284  1.00000000 0.6294354 0.04472458         0    0.22   0.13      0.65
285  1.00000000 0.6294354 0.04472458         0    0.22   0.13      0.65
286  1.00000000 0.6294354 0.04472458         0    0.22   0.13      0.65
287  1.00000000 0.6294354 0.04472458         0    0.22   0.13      0.65
288  1.00000000 0.6294354 0.04472458         0    0.22   0.13      0.65
289  0.43359375 0.6294354 0.04472458         0    0.22   0.13      0.65
290  1.00000000 0.6294354 0.04472458         0    0.22   0.13      0.65
291  1.00000000 0.6294354 0.04472458         0    0.22   0.13      0.65
292  0.43359375 0.6294354 0.04472458         0    0.22   0.13      0.65
293  1.00000000 0.6294354 0.04472458         0    0.22   0.13      0.65
294  1.00000000 0.6294354 0.04472458         0    0.22   0.13      0.65
295  1.00000000 0.6294354 0.04472458         0    0.22   0.13      0.65
296  0.22265625 0.6294354 0.04472458         0    0.22   0.13      0.65
297  1.00000000 0.6294354 0.04472458         0    0.22   0.13      0.65
298  0.35156250 0.6294354 0.04472458         0    0.22   0.13      0.65
299  1.00000000 0.6294354 0.04472458         0    0.22   0.13      0.65
300  1.00000000 0.6294354 0.04472458         0    0.22   0.13      0.65
301  1.00000000 0.5725414 0.03680534         0    0.33   0.12      0.55
302  1.00000000 0.5725414 0.03680534         0    0.33   0.12      0.55
303  0.26562500 0.5725414 0.03680534         0    0.33   0.12      0.55
304  0.13671875 0.5725414 0.03680534         0    0.33   0.12      0.55
305  0.42187500 0.5725414 0.03680534         0    0.33   0.12      0.55
306  0.17578125 0.5725414 0.03680534         0    0.33   0.12      0.55
307  1.00000000 0.5725414 0.03680534         0    0.33   0.12      0.55
308  1.00000000 0.5725414 0.03680534         0    0.33   0.12      0.55
309  1.00000000 0.5725414 0.03680534         0    0.33   0.12      0.55
310  0.23046875 0.5725414 0.03680534         0    0.33   0.12      0.55
311  0.52343750 0.5725414 0.03680534         0    0.33   0.12      0.55
312  0.29687500 0.5725414 0.03680534         0    0.33   0.12      0.55
313  1.00000000 0.5725414 0.03680534         0    0.33   0.12      0.55
314  1.00000000 0.5725414 0.03680534         0    0.33   0.12      0.55
315  0.17187500 0.5725414 0.03680534         0    0.33   0.12      0.55
316  0.19140625 0.5725414 0.03680534         0    0.33   0.12      0.55
317  1.00000000 0.5725414 0.03680534         0    0.33   0.12      0.55
318  1.00000000 0.5725414 0.03680534         0    0.33   0.12      0.55
319  0.24218750 0.5725414 0.03680534         0    0.33   0.12      0.55
320  0.19140625 0.5725414 0.03680534         0    0.33   0.12      0.55
321  1.00000000 0.5725414 0.03680534         0    0.33   0.12      0.55
322  0.17187500 0.5725414 0.03680534         0    0.33   0.12      0.55
323  1.00000000 0.5725414 0.03680534         0    0.33   0.12      0.55
324  0.17968750 0.5725414 0.03680534         0    0.33   0.12      0.55
325  1.00000000 0.5725414 0.03680534         0    0.33   0.12      0.55
326  1.00000000 0.5725414 0.03680534         0    0.33   0.12      0.55
327  1.00000000 0.5725414 0.03680534         0    0.33   0.12      0.55
328  1.00000000 0.5725414 0.03680534         0    0.33   0.12      0.55
329  1.00000000 0.5725414 0.03680534         0    0.33   0.12      0.55
330  0.14843750 0.5725414 0.03680534         0    0.33   0.12      0.55
331  1.00000000 0.5725414 0.03680534         0    0.33   0.12      0.55
332  1.00000000 0.5725414 0.03680534         0    0.33   0.12      0.55
333  1.00000000 0.5725414 0.03680534         0    0.33   0.12      0.55
334  0.10156250 0.5725414 0.03680534         0    0.33   0.12      0.55
335  0.20312500 0.5725414 0.03680534         0    0.33   0.12      0.55
336  1.00000000 0.5725414 0.03680534         0    0.33   0.12      0.55
337  0.08984375 0.5725414 0.03680534         0    0.33   0.12      0.55
338  0.17578125 0.5725414 0.03680534         0    0.33   0.12      0.55
339  1.00000000 0.5725414 0.03680534         0    0.33   0.12      0.55
340  0.25000000 0.5725414 0.03680534         0    0.33   0.12      0.55
341  0.16796875 0.5725414 0.03680534         0    0.33   0.12      0.55
342  0.46875000 0.5725414 0.03680534         0    0.33   0.12      0.55
343  0.18359375 0.5725414 0.03680534         0    0.33   0.12      0.55
344  1.00000000 0.5725414 0.03680534         0    0.33   0.12      0.55
345  1.00000000 0.5725414 0.03680534         0    0.33   0.12      0.55
346  1.00000000 0.5725414 0.03680534         0    0.33   0.12      0.55
347  1.00000000 0.5725414 0.03680534         0    0.33   0.12      0.55
348  1.00000000 0.5725414 0.03680534         0    0.33   0.12      0.55
349  0.34765625 0.5725414 0.03680534         0    0.33   0.12      0.55
350  0.14453125 0.5725414 0.03680534         0    0.33   0.12      0.55
351  0.21484375 0.5725414 0.03680534         0    0.33   0.12      0.55
352  1.00000000 0.5725414 0.03680534         0    0.33   0.12      0.55
353  1.00000000 0.5725414 0.03680534         0    0.33   0.12      0.55
354  0.34375000 0.5725414 0.03680534         0    0.33   0.12      0.55
355  0.32031250 0.5725414 0.03680534         0    0.33   0.12      0.55
356  0.25000000 0.5725414 0.03680534         0    0.33   0.12      0.55
357  0.25390625 0.5725414 0.03680534         0    0.33   0.12      0.55
358  1.00000000 0.5725414 0.03680534         0    0.33   0.12      0.55
359  1.00000000 0.5725414 0.03680534         0    0.33   0.12      0.55
360  1.00000000 0.5725414 0.03680534         0    0.33   0.12      0.55
361  1.00000000 0.5725414 0.03680534         0    0.33   0.12      0.55
362  1.00000000 0.5725414 0.03680534         0    0.33   0.12      0.55
363  1.00000000 0.5725414 0.03680534         0    0.33   0.12      0.55
364  0.17968750 0.5725414 0.03680534         0    0.33   0.12      0.55
365  1.00000000 0.5725414 0.03680534         0    0.33   0.12      0.55
366  1.00000000 0.5725414 0.03680534         0    0.33   0.12      0.55
367  1.00000000 0.5725414 0.03680534         0    0.33   0.12      0.55
368  1.00000000 0.5725414 0.03680534         0    0.33   0.12      0.55
369  0.12109375 0.5725414 0.03680534         0    0.33   0.12      0.55
370  0.20703125 0.5725414 0.03680534         0    0.33   0.12      0.55
371  0.33593750 0.5725414 0.03680534         0    0.33   0.12      0.55
372  0.26953125 0.5725414 0.03680534         0    0.33   0.12      0.55
373  1.00000000 0.5725414 0.03680534         0    0.33   0.12      0.55
374  0.34765625 0.5725414 0.03680534         0    0.33   0.12      0.55
375  1.00000000 0.5725414 0.03680534         0    0.33   0.12      0.55
376  1.00000000 0.5725414 0.03680534         0    0.33   0.12      0.55
377  1.00000000 0.5725414 0.03680534         0    0.33   0.12      0.55
378  0.33593750 0.5725414 0.03680534         0    0.33   0.12      0.55
379  1.00000000 0.5725414 0.03680534         0    0.33   0.12      0.55
380  0.12500000 0.5725414 0.03680534         0    0.33   0.12      0.55
381  0.17578125 0.5725414 0.03680534         0    0.33   0.12      0.55
382  0.14843750 0.5725414 0.03680534         0    0.33   0.12      0.55
383  0.42187500 0.5725414 0.03680534         0    0.33   0.12      0.55
384  1.00000000 0.5725414 0.03680534         0    0.33   0.12      0.55
385  0.15625000 0.5725414 0.03680534         0    0.33   0.12      0.55
386  0.28515625 0.5725414 0.03680534         0    0.33   0.12      0.55
387  1.00000000 0.5725414 0.03680534         0    0.33   0.12      0.55
388  1.00000000 0.5725414 0.03680534         0    0.33   0.12      0.55
389  0.50781250 0.5725414 0.03680534         0    0.33   0.12      0.55
390  1.00000000 0.5725414 0.03680534         0    0.33   0.12      0.55
391  1.00000000 0.5725414 0.03680534         0    0.33   0.12      0.55
392  0.25781250 0.5725414 0.03680534         0    0.33   0.12      0.55
393  0.22656250 0.5725414 0.03680534         0    0.33   0.12      0.55
394  1.00000000 0.5725414 0.03680534         0    0.33   0.12      0.55
395  1.00000000 0.5725414 0.03680534         0    0.33   0.12      0.55
396  0.15625000 0.5725414 0.03680534         0    0.33   0.12      0.55
397  0.24609375 0.5725414 0.03680534         0    0.33   0.12      0.55
398  0.21093750 0.5725414 0.03680534         0    0.33   0.12      0.55
399  0.21093750 0.5725414 0.03680534         0    0.33   0.12      0.55
400  1.00000000 0.5725414 0.03680534         0    0.33   0.12      0.55
401  0.52343750 0.4147907 0.08936458         0    0.21   0.25      0.54
402  1.00000000 0.4147907 0.08936458         0    0.21   0.25      0.54
403  0.61718750 0.4147907 0.08936458         0    0.21   0.25      0.54
404  1.00000000 0.4147907 0.08936458         0    0.21   0.25      0.54
405  0.37890625 0.4147907 0.08936458         0    0.21   0.25      0.54
406  1.00000000 0.4147907 0.08936458         0    0.21   0.25      0.54
407  0.85546875 0.4147907 0.08936458         0    0.21   0.25      0.54
408  0.69531250 0.4147907 0.08936458         0    0.21   0.25      0.54
409  0.65234375 0.4147907 0.08936458         0    0.21   0.25      0.54
410  0.89453125 0.4147907 0.08936458         0    0.21   0.25      0.54
411  0.60156250 0.4147907 0.08936458         0    0.21   0.25      0.54
412  1.00000000 0.4147907 0.08936458         0    0.21   0.25      0.54
413  0.69921875 0.4147907 0.08936458         0    0.21   0.25      0.54
414  1.00000000 0.4147907 0.08936458         0    0.21   0.25      0.54
415  0.30468750 0.4147907 0.08936458         0    0.21   0.25      0.54
416  1.00000000 0.4147907 0.08936458         0    0.21   0.25      0.54
417  0.38671875 0.4147907 0.08936458         0    0.21   0.25      0.54
418  0.32812500 0.4147907 0.08936458         0    0.21   0.25      0.54
419  0.53515625 0.4147907 0.08936458         0    0.21   0.25      0.54
420  1.00000000 0.4147907 0.08936458         0    0.21   0.25      0.54
421  1.00000000 0.4147907 0.08936458         0    0.21   0.25      0.54
422  1.00000000 0.4147907 0.08936458         0    0.21   0.25      0.54
423  1.00000000 0.4147907 0.08936458         0    0.21   0.25      0.54
424  0.29687500 0.4147907 0.08936458         0    0.21   0.25      0.54
425  1.00000000 0.4147907 0.08936458         0    0.21   0.25      0.54
426  0.51953125 0.4147907 0.08936458         0    0.21   0.25      0.54
427  1.00000000 0.4147907 0.08936458         0    0.21   0.25      0.54
428  1.00000000 0.4147907 0.08936458         0    0.21   0.25      0.54
429  1.00000000 0.4147907 0.08936458         0    0.21   0.25      0.54
430  0.35156250 0.4147907 0.08936458         0    0.21   0.25      0.54
431  1.00000000 0.4147907 0.08936458         0    0.21   0.25      0.54
432  0.39453125 0.4147907 0.08936458         0    0.21   0.25      0.54
433  1.00000000 0.4147907 0.08936458         0    0.21   0.25      0.54
434  0.54687500 0.4147907 0.08936458         0    0.21   0.25      0.54
435  0.39062500 0.4147907 0.08936458         0    0.21   0.25      0.54
436  0.55859375 0.4147907 0.08936458         0    0.21   0.25      0.54
437  1.00000000 0.4147907 0.08936458         0    0.21   0.25      0.54
438  1.00000000 0.4147907 0.08936458         0    0.21   0.25      0.54
439  0.43750000 0.4147907 0.08936458         0    0.21   0.25      0.54
440  0.55078125 0.4147907 0.08936458         0    0.21   0.25      0.54
441  1.00000000 0.4147907 0.08936458         0    0.21   0.25      0.54
442  0.50000000 0.4147907 0.08936458         0    0.21   0.25      0.54
443  0.36718750 0.4147907 0.08936458         0    0.21   0.25      0.54
444  1.00000000 0.4147907 0.08936458         0    0.21   0.25      0.54
445  1.00000000 0.4147907 0.08936458         0    0.21   0.25      0.54
446  0.67968750 0.4147907 0.08936458         0    0.21   0.25      0.54
447  0.76171875 0.4147907 0.08936458         0    0.21   0.25      0.54
448  1.00000000 0.4147907 0.08936458         0    0.21   0.25      0.54
449  0.44531250 0.4147907 0.08936458         0    0.21   0.25      0.54
450  1.00000000 0.4147907 0.08936458         0    0.21   0.25      0.54
451  0.39062500 0.4147907 0.08936458         0    0.21   0.25      0.54
452  0.53906250 0.4147907 0.08936458         0    0.21   0.25      0.54
453  1.00000000 0.4147907 0.08936458         0    0.21   0.25      0.54
454  1.00000000 0.4147907 0.08936458         0    0.21   0.25      0.54
455  0.52343750 0.4147907 0.08936458         0    0.21   0.25      0.54
456  1.00000000 0.4147907 0.08936458         0    0.21   0.25      0.54
457  0.48437500 0.4147907 0.08936458         0    0.21   0.25      0.54
458  0.83593750 0.4147907 0.08936458         0    0.21   0.25      0.54
459  0.65625000 0.4147907 0.08936458         0    0.21   0.25      0.54
460  0.52734375 0.4147907 0.08936458         0    0.21   0.25      0.54
461  0.66796875 0.4147907 0.08936458         0    0.21   0.25      0.54
462  1.00000000 0.4147907 0.08936458         0    0.21   0.25      0.54
463  0.42187500 0.4147907 0.08936458         0    0.21   0.25      0.54
464  1.00000000 0.4147907 0.08936458         0    0.21   0.25      0.54
465  1.00000000 0.4147907 0.08936458         0    0.21   0.25      0.54
466  1.00000000 0.4147907 0.08936458         0    0.21   0.25      0.54
467  0.67578125 0.4147907 0.08936458         0    0.21   0.25      0.54
468  0.42968750 0.4147907 0.08936458         0    0.21   0.25      0.54
469  0.55078125 0.4147907 0.08936458         0    0.21   0.25      0.54
470  0.48828125 0.4147907 0.08936458         0    0.21   0.25      0.54
471  1.00000000 0.4147907 0.08936458         0    0.21   0.25      0.54
472  0.33984375 0.4147907 0.08936458         0    0.21   0.25      0.54
473  1.00000000 0.4147907 0.08936458         0    0.21   0.25      0.54
474  0.34375000 0.4147907 0.08936458         0    0.21   0.25      0.54
475  1.00000000 0.4147907 0.08936458         0    0.21   0.25      0.54
476  0.69921875 0.4147907 0.08936458         0    0.21   0.25      0.54
477  1.00000000 0.4147907 0.08936458         0    0.21   0.25      0.54
478  0.51953125 0.4147907 0.08936458         0    0.21   0.25      0.54
479  1.00000000 0.4147907 0.08936458         0    0.21   0.25      0.54
480  0.42187500 0.4147907 0.08936458         0    0.21   0.25      0.54
481  0.50781250 0.4147907 0.08936458         0    0.21   0.25      0.54
482  0.43359375 0.4147907 0.08936458         0    0.21   0.25      0.54
483  1.00000000 0.4147907 0.08936458         0    0.21   0.25      0.54
484  0.37890625 0.4147907 0.08936458         0    0.21   0.25      0.54
485  0.65234375 0.4147907 0.08936458         0    0.21   0.25      0.54
486  0.56640625 0.4147907 0.08936458         0    0.21   0.25      0.54
487  0.43359375 0.4147907 0.08936458         0    0.21   0.25      0.54
488  1.00000000 0.4147907 0.08936458         0    0.21   0.25      0.54
489  0.51562500 0.4147907 0.08936458         0    0.21   0.25      0.54
490  1.00000000 0.4147907 0.08936458         0    0.21   0.25      0.54
491  1.00000000 0.4147907 0.08936458         0    0.21   0.25      0.54
492  1.00000000 0.4147907 0.08936458         0    0.21   0.25      0.54
493  0.32812500 0.4147907 0.08936458         0    0.21   0.25      0.54
494  1.00000000 0.4147907 0.08936458         0    0.21   0.25      0.54
495  0.54687500 0.4147907 0.08936458         0    0.21   0.25      0.54
496  0.46093750 0.4147907 0.08936458         0    0.21   0.25      0.54
497  0.38671875 0.4147907 0.08936458         0    0.21   0.25      0.54
498  0.78515625 0.4147907 0.08936458         0    0.21   0.25      0.54
499  1.00000000 0.4147907 0.08936458         0    0.21   0.25      0.54
500  0.45703125 0.4147907 0.08936458         0    0.21   0.25      0.54
501  0.67968750 0.3014155 0.12686695         0    0.16   0.29      0.55
502  0.50781250 0.3014155 0.12686695         0    0.16   0.29      0.55
503  0.78125000 0.3014155 0.12686695         0    0.16   0.29      0.55
504  1.00000000 0.3014155 0.12686695         0    0.16   0.29      0.55
505  1.00000000 0.3014155 0.12686695         0    0.16   0.29      0.55
506  1.00000000 0.3014155 0.12686695         0    0.16   0.29      0.55
507  1.00000000 0.3014155 0.12686695         0    0.16   0.29      0.55
508  0.79296875 0.3014155 0.12686695         0    0.16   0.29      0.55
509  0.71093750 0.3014155 0.12686695         0    0.16   0.29      0.55
510  1.00000000 0.3014155 0.12686695         0    0.16   0.29      0.55
511  1.00000000 0.3014155 0.12686695         0    0.16   0.29      0.55
512  1.00000000 0.3014155 0.12686695         0    0.16   0.29      0.55
513  0.67968750 0.3014155 0.12686695         0    0.16   0.29      0.55
514  0.55859375 0.3014155 0.12686695         0    0.16   0.29      0.55
515  0.78515625 0.3014155 0.12686695         0    0.16   0.29      0.55
516  0.81640625 0.3014155 0.12686695         0    0.16   0.29      0.55
517  0.58984375 0.3014155 0.12686695         0    0.16   0.29      0.55
518  0.55468750 0.3014155 0.12686695         0    0.16   0.29      0.55
519  0.83984375 0.3014155 0.12686695         0    0.16   0.29      0.55
520  0.92187500 0.3014155 0.12686695         0    0.16   0.29      0.55
521  0.53515625 0.3014155 0.12686695         0    0.16   0.29      0.55
522  1.00000000 0.3014155 0.12686695         0    0.16   0.29      0.55
523  1.00000000 0.3014155 0.12686695         0    0.16   0.29      0.55
524  0.80468750 0.3014155 0.12686695         0    0.16   0.29      0.55
525  0.68359375 0.3014155 0.12686695         0    0.16   0.29      0.55
526  0.66796875 0.3014155 0.12686695         0    0.16   0.29      0.55
527  1.00000000 0.3014155 0.12686695         0    0.16   0.29      0.55
528  1.00000000 0.3014155 0.12686695         0    0.16   0.29      0.55
529  0.46093750 0.3014155 0.12686695         0    0.16   0.29      0.55
530  0.78125000 0.3014155 0.12686695         0    0.16   0.29      0.55
531  1.00000000 0.3014155 0.12686695         0    0.16   0.29      0.55
532  0.56640625 0.3014155 0.12686695         0    0.16   0.29      0.55
533  0.57031250 0.3014155 0.12686695         0    0.16   0.29      0.55
534  1.00000000 0.3014155 0.12686695         0    0.16   0.29      0.55
535  1.00000000 0.3014155 0.12686695         0    0.16   0.29      0.55
536  1.00000000 0.3014155 0.12686695         0    0.16   0.29      0.55
537  1.00000000 0.3014155 0.12686695         0    0.16   0.29      0.55
538  0.83203125 0.3014155 0.12686695         0    0.16   0.29      0.55
539  0.44921875 0.3014155 0.12686695         0    0.16   0.29      0.55
540  0.60937500 0.3014155 0.12686695         0    0.16   0.29      0.55
541  0.41796875 0.3014155 0.12686695         0    0.16   0.29      0.55
542  0.49218750 0.3014155 0.12686695         0    0.16   0.29      0.55
543  0.67578125 0.3014155 0.12686695         0    0.16   0.29      0.55
544  0.73437500 0.3014155 0.12686695         0    0.16   0.29      0.55
545  0.76562500 0.3014155 0.12686695         0    0.16   0.29      0.55
546  1.00000000 0.3014155 0.12686695         0    0.16   0.29      0.55
547  0.87109375 0.3014155 0.12686695         0    0.16   0.29      0.55
548  0.80859375 0.3014155 0.12686695         0    0.16   0.29      0.55
549  0.62109375 0.3014155 0.12686695         0    0.16   0.29      0.55
550  1.00000000 0.3014155 0.12686695         0    0.16   0.29      0.55
551  0.73828125 0.3014155 0.12686695         0    0.16   0.29      0.55
552  1.00000000 0.3014155 0.12686695         0    0.16   0.29      0.55
553  0.68359375 0.3014155 0.12686695         0    0.16   0.29      0.55
554  0.74218750 0.3014155 0.12686695         0    0.16   0.29      0.55
555  0.79687500 0.3014155 0.12686695         0    0.16   0.29      0.55
556  0.71875000 0.3014155 0.12686695         0    0.16   0.29      0.55
557  0.71484375 0.3014155 0.12686695         0    0.16   0.29      0.55
558  0.68359375 0.3014155 0.12686695         0    0.16   0.29      0.55
559  1.00000000 0.3014155 0.12686695         0    0.16   0.29      0.55
560  0.87500000 0.3014155 0.12686695         0    0.16   0.29      0.55
561  1.00000000 0.3014155 0.12686695         0    0.16   0.29      0.55
562  0.76171875 0.3014155 0.12686695         0    0.16   0.29      0.55
563  0.66406250 0.3014155 0.12686695         0    0.16   0.29      0.55
564  0.58593750 0.3014155 0.12686695         0    0.16   0.29      0.55
565  0.55468750 0.3014155 0.12686695         0    0.16   0.29      0.55
566  0.60937500 0.3014155 0.12686695         0    0.16   0.29      0.55
567  0.73046875 0.3014155 0.12686695         0    0.16   0.29      0.55
568  0.67187500 0.3014155 0.12686695         0    0.16   0.29      0.55
569  0.51171875 0.3014155 0.12686695         0    0.16   0.29      0.55
570  0.73046875 0.3014155 0.12686695         0    0.16   0.29      0.55
571  0.53125000 0.3014155 0.12686695         0    0.16   0.29      0.55
572  0.67187500 0.3014155 0.12686695         0    0.16   0.29      0.55
573  0.69921875 0.3014155 0.12686695         0    0.16   0.29      0.55
574  1.00000000 0.3014155 0.12686695         0    0.16   0.29      0.55
575  0.70312500 0.3014155 0.12686695         0    0.16   0.29      0.55
576  0.81640625 0.3014155 0.12686695         0    0.16   0.29      0.55
577  0.55859375 0.3014155 0.12686695         0    0.16   0.29      0.55
578  0.70703125 0.3014155 0.12686695         0    0.16   0.29      0.55
579  0.75000000 0.3014155 0.12686695         0    0.16   0.29      0.55
580  1.00000000 0.3014155 0.12686695         0    0.16   0.29      0.55
581  0.63281250 0.3014155 0.12686695         0    0.16   0.29      0.55
582  1.00000000 0.3014155 0.12686695         0    0.16   0.29      0.55
583  1.00000000 0.3014155 0.12686695         0    0.16   0.29      0.55
584  0.62500000 0.3014155 0.12686695         0    0.16   0.29      0.55
585  0.71875000 0.3014155 0.12686695         0    0.16   0.29      0.55
586  0.67187500 0.3014155 0.12686695         0    0.16   0.29      0.55
587  1.00000000 0.3014155 0.12686695         0    0.16   0.29      0.55
588  0.93750000 0.3014155 0.12686695         0    0.16   0.29      0.55
589  1.00000000 0.3014155 0.12686695         0    0.16   0.29      0.55
590  0.80859375 0.3014155 0.12686695         0    0.16   0.29      0.55
591  1.00000000 0.3014155 0.12686695         0    0.16   0.29      0.55
592  0.57031250 0.3014155 0.12686695         0    0.16   0.29      0.55
593  0.71093750 0.3014155 0.12686695         0    0.16   0.29      0.55
594  0.66015625 0.3014155 0.12686695         0    0.16   0.29      0.55
595  1.00000000 0.3014155 0.12686695         0    0.16   0.29      0.55
596  1.00000000 0.3014155 0.12686695         0    0.16   0.29      0.55
597  1.00000000 0.3014155 0.12686695         0    0.16   0.29      0.55
598  0.94531250 0.3014155 0.12686695         0    0.16   0.29      0.55
599  0.47265625 0.3014155 0.12686695         0    0.16   0.29      0.55
600  0.73828125 0.3014155 0.12686695         0    0.16   0.29      0.55
601  0.67968750 0.4964221 0.10550081         0    0.13   0.25      0.62
602  1.00000000 0.4964221 0.10550081         0    0.13   0.25      0.62
603  0.92187500 0.4964221 0.10550081         0    0.13   0.25      0.62
604  0.52734375 0.4964221 0.10550081         0    0.13   0.25      0.62
605  1.00000000 0.4964221 0.10550081         0    0.13   0.25      0.62
606  1.00000000 0.4964221 0.10550081         0    0.13   0.25      0.62
607  0.46484375 0.4964221 0.10550081         0    0.13   0.25      0.62
608  1.00000000 0.4964221 0.10550081         0    0.13   0.25      0.62
609  0.62890625 0.4964221 0.10550081         0    0.13   0.25      0.62
610  0.46484375 0.4964221 0.10550081         0    0.13   0.25      0.62
611  0.60937500 0.4964221 0.10550081         0    0.13   0.25      0.62
612  0.77343750 0.4964221 0.10550081         0    0.13   0.25      0.62
613  0.76562500 0.4964221 0.10550081         0    0.13   0.25      0.62
614  0.41406250 0.4964221 0.10550081         0    0.13   0.25      0.62
615  1.00000000 0.4964221 0.10550081         0    0.13   0.25      0.62
616  1.00000000 0.4964221 0.10550081         0    0.13   0.25      0.62
617  0.60937500 0.4964221 0.10550081         0    0.13   0.25      0.62
618  1.00000000 0.4964221 0.10550081         0    0.13   0.25      0.62
619  0.62890625 0.4964221 0.10550081         0    0.13   0.25      0.62
620  0.74218750 0.4964221 0.10550081         0    0.13   0.25      0.62
621  1.00000000 0.4964221 0.10550081         0    0.13   0.25      0.62
622  0.38671875 0.4964221 0.10550081         0    0.13   0.25      0.62
623  0.69921875 0.4964221 0.10550081         0    0.13   0.25      0.62
624  0.74218750 0.4964221 0.10550081         0    0.13   0.25      0.62
625  1.00000000 0.4964221 0.10550081         0    0.13   0.25      0.62
626  1.00000000 0.4964221 0.10550081         0    0.13   0.25      0.62
627  1.00000000 0.4964221 0.10550081         0    0.13   0.25      0.62
628  0.56250000 0.4964221 0.10550081         0    0.13   0.25      0.62
629  0.83203125 0.4964221 0.10550081         0    0.13   0.25      0.62
630  1.00000000 0.4964221 0.10550081         0    0.13   0.25      0.62
631  0.40625000 0.4964221 0.10550081         0    0.13   0.25      0.62
632  1.00000000 0.4964221 0.10550081         0    0.13   0.25      0.62
633  0.55859375 0.4964221 0.10550081         0    0.13   0.25      0.62
634  1.00000000 0.4964221 0.10550081         0    0.13   0.25      0.62
635  0.42187500 0.4964221 0.10550081         0    0.13   0.25      0.62
636  1.00000000 0.4964221 0.10550081         0    0.13   0.25      0.62
637  0.66015625 0.4964221 0.10550081         0    0.13   0.25      0.62
638  0.35546875 0.4964221 0.10550081         0    0.13   0.25      0.62
639  0.38671875 0.4964221 0.10550081         0    0.13   0.25      0.62
640  0.82421875 0.4964221 0.10550081         0    0.13   0.25      0.62
641  0.48437500 0.4964221 0.10550081         0    0.13   0.25      0.62
642  1.00000000 0.4964221 0.10550081         0    0.13   0.25      0.62
643  0.77734375 0.4964221 0.10550081         0    0.13   0.25      0.62
644  0.53906250 0.4964221 0.10550081         0    0.13   0.25      0.62
645  0.73437500 0.4964221 0.10550081         0    0.13   0.25      0.62
646  0.37500000 0.4964221 0.10550081         0    0.13   0.25      0.62
647  0.49218750 0.4964221 0.10550081         0    0.13   0.25      0.62
648  0.41015625 0.4964221 0.10550081         0    0.13   0.25      0.62
649  0.71875000 0.4964221 0.10550081         0    0.13   0.25      0.62
650  1.00000000 0.4964221 0.10550081         0    0.13   0.25      0.62
651  0.44531250 0.4964221 0.10550081         0    0.13   0.25      0.62
652  0.70703125 0.4964221 0.10550081         0    0.13   0.25      0.62
653  1.00000000 0.4964221 0.10550081         0    0.13   0.25      0.62
654  1.00000000 0.4964221 0.10550081         0    0.13   0.25      0.62
655  1.00000000 0.4964221 0.10550081         0    0.13   0.25      0.62
656  1.00000000 0.4964221 0.10550081         0    0.13   0.25      0.62
657  0.58203125 0.4964221 0.10550081         0    0.13   0.25      0.62
658  1.00000000 0.4964221 0.10550081         0    0.13   0.25      0.62
659  1.00000000 0.4964221 0.10550081         0    0.13   0.25      0.62
660  0.39062500 0.4964221 0.10550081         0    0.13   0.25      0.62
661  1.00000000 0.4964221 0.10550081         0    0.13   0.25      0.62
662  1.00000000 0.4964221 0.10550081         0    0.13   0.25      0.62
663  1.00000000 0.4964221 0.10550081         0    0.13   0.25      0.62
664  0.39062500 0.4964221 0.10550081         0    0.13   0.25      0.62
665  0.48437500 0.4964221 0.10550081         0    0.13   0.25      0.62
666  0.59375000 0.4964221 0.10550081         0    0.13   0.25      0.62
667  0.50000000 0.4964221 0.10550081         0    0.13   0.25      0.62
668  0.57812500 0.4964221 0.10550081         0    0.13   0.25      0.62
669  1.00000000 0.4964221 0.10550081         0    0.13   0.25      0.62
670  1.00000000 0.4964221 0.10550081         0    0.13   0.25      0.62
671  1.00000000 0.4964221 0.10550081         0    0.13   0.25      0.62
672  1.00000000 0.4964221 0.10550081         0    0.13   0.25      0.62
673  1.00000000 0.4964221 0.10550081         0    0.13   0.25      0.62
674  1.00000000 0.4964221 0.10550081         0    0.13   0.25      0.62
675  0.54296875 0.4964221 0.10550081         0    0.13   0.25      0.62
676  1.00000000 0.4964221 0.10550081         0    0.13   0.25      0.62
677  0.71484375 0.4964221 0.10550081         0    0.13   0.25      0.62
678  0.51953125 0.4964221 0.10550081         0    0.13   0.25      0.62
679  0.47656250 0.4964221 0.10550081         0    0.13   0.25      0.62
680  1.00000000 0.4964221 0.10550081         0    0.13   0.25      0.62
681  0.86718750 0.4964221 0.10550081         0    0.13   0.25      0.62
682  1.00000000 0.4964221 0.10550081         0    0.13   0.25      0.62
683  0.55468750 0.4964221 0.10550081         0    0.13   0.25      0.62
684  1.00000000 0.4964221 0.10550081         0    0.13   0.25      0.62
685  1.00000000 0.4964221 0.10550081         0    0.13   0.25      0.62
686  1.00000000 0.4964221 0.10550081         0    0.13   0.25      0.62
687  1.00000000 0.4964221 0.10550081         0    0.13   0.25      0.62
688  1.00000000 0.4964221 0.10550081         0    0.13   0.25      0.62
689  1.00000000 0.4964221 0.10550081         0    0.13   0.25      0.62
690  1.00000000 0.4964221 0.10550081         0    0.13   0.25      0.62
691  0.58593750 0.4964221 0.10550081         0    0.13   0.25      0.62
692  0.59375000 0.4964221 0.10550081         0    0.13   0.25      0.62
693  0.46484375 0.4964221 0.10550081         0    0.13   0.25      0.62
694  0.84765625 0.4964221 0.10550081         0    0.13   0.25      0.62
695  0.44531250 0.4964221 0.10550081         0    0.13   0.25      0.62
696  1.00000000 0.4964221 0.10550081         0    0.13   0.25      0.62
697  1.00000000 0.4964221 0.10550081         0    0.13   0.25      0.62
698  1.00000000 0.4964221 0.10550081         0    0.13   0.25      0.62
699  0.54296875 0.4964221 0.10550081         0    0.13   0.25      0.62
700  0.59765625 0.4964221 0.10550081         0    0.13   0.25      0.62
701  0.44140625 0.5388918 0.07772601         0    0.14   0.23      0.63
702  1.00000000 0.5388918 0.07772601         0    0.14   0.23      0.63
703  0.44140625 0.5388918 0.07772601         0    0.14   0.23      0.63
704  0.48437500 0.5388918 0.07772601         0    0.14   0.23      0.63
705  1.00000000 0.5388918 0.07772601         0    0.14   0.23      0.63
706  0.29687500 0.5388918 0.07772601         0    0.14   0.23      0.63
707  0.50000000 0.5388918 0.07772601         0    0.14   0.23      0.63
708  1.00000000 0.5388918 0.07772601         0    0.14   0.23      0.63
709  1.00000000 0.5388918 0.07772601         0    0.14   0.23      0.63
710  0.40234375 0.5388918 0.07772601         0    0.14   0.23      0.63
711  0.64062500 0.5388918 0.07772601         0    0.14   0.23      0.63
712  1.00000000 0.5388918 0.07772601         0    0.14   0.23      0.63
713  1.00000000 0.5388918 0.07772601         0    0.14   0.23      0.63
714  0.17578125 0.5388918 0.07772601         0    0.14   0.23      0.63
715  1.00000000 0.5388918 0.07772601         0    0.14   0.23      0.63
716  1.00000000 0.5388918 0.07772601         0    0.14   0.23      0.63
717  0.46484375 0.5388918 0.07772601         0    0.14   0.23      0.63
718  1.00000000 0.5388918 0.07772601         0    0.14   0.23      0.63
719  1.00000000 0.5388918 0.07772601         0    0.14   0.23      0.63
720  0.42968750 0.5388918 0.07772601         0    0.14   0.23      0.63
721  0.64062500 0.5388918 0.07772601         0    0.14   0.23      0.63
722  1.00000000 0.5388918 0.07772601         0    0.14   0.23      0.63
723  0.41796875 0.5388918 0.07772601         0    0.14   0.23      0.63
724  0.42187500 0.5388918 0.07772601         0    0.14   0.23      0.63
725  1.00000000 0.5388918 0.07772601         0    0.14   0.23      0.63
726  1.00000000 0.5388918 0.07772601         0    0.14   0.23      0.63
727  1.00000000 0.5388918 0.07772601         0    0.14   0.23      0.63
728  0.41406250 0.5388918 0.07772601         0    0.14   0.23      0.63
729  1.00000000 0.5388918 0.07772601         0    0.14   0.23      0.63
730  0.34375000 0.5388918 0.07772601         0    0.14   0.23      0.63
731  1.00000000 0.5388918 0.07772601         0    0.14   0.23      0.63
732  1.00000000 0.5388918 0.07772601         0    0.14   0.23      0.63
733  1.00000000 0.5388918 0.07772601         0    0.14   0.23      0.63
734  0.42578125 0.5388918 0.07772601         0    0.14   0.23      0.63
735  0.23437500 0.5388918 0.07772601         0    0.14   0.23      0.63
736  1.00000000 0.5388918 0.07772601         0    0.14   0.23      0.63
737  0.59765625 0.5388918 0.07772601         0    0.14   0.23      0.63
738  0.41796875 0.5388918 0.07772601         0    0.14   0.23      0.63
739  1.00000000 0.5388918 0.07772601         0    0.14   0.23      0.63
740  1.00000000 0.5388918 0.07772601         0    0.14   0.23      0.63
741  0.21093750 0.5388918 0.07772601         0    0.14   0.23      0.63
742  1.00000000 0.5388918 0.07772601         0    0.14   0.23      0.63
743  1.00000000 0.5388918 0.07772601         0    0.14   0.23      0.63
744  0.39843750 0.5388918 0.07772601         0    0.14   0.23      0.63
745  1.00000000 0.5388918 0.07772601         0    0.14   0.23      0.63
746  1.00000000 0.5388918 0.07772601         0    0.14   0.23      0.63
747  1.00000000 0.5388918 0.07772601         0    0.14   0.23      0.63
748  0.43750000 0.5388918 0.07772601         0    0.14   0.23      0.63
749  1.00000000 0.5388918 0.07772601         0    0.14   0.23      0.63
750  1.00000000 0.5388918 0.07772601         0    0.14   0.23      0.63
751  1.00000000 0.5388918 0.07772601         0    0.14   0.23      0.63
752  1.00000000 0.5388918 0.07772601         0    0.14   0.23      0.63
753  1.00000000 0.5388918 0.07772601         0    0.14   0.23      0.63
754  0.57812500 0.5388918 0.07772601         0    0.14   0.23      0.63
755  0.31640625 0.5388918 0.07772601         0    0.14   0.23      0.63
756  1.00000000 0.5388918 0.07772601         0    0.14   0.23      0.63
757  1.00000000 0.5388918 0.07772601         0    0.14   0.23      0.63
758  1.00000000 0.5388918 0.07772601         0    0.14   0.23      0.63
759  0.46484375 0.5388918 0.07772601         0    0.14   0.23      0.63
760  1.00000000 0.5388918 0.07772601         0    0.14   0.23      0.63
761  0.70312500 0.5388918 0.07772601         0    0.14   0.23      0.63
762  1.00000000 0.5388918 0.07772601         0    0.14   0.23      0.63
763  1.00000000 0.5388918 0.07772601         0    0.14   0.23      0.63
764  1.00000000 0.5388918 0.07772601         0    0.14   0.23      0.63
765  1.00000000 0.5388918 0.07772601         0    0.14   0.23      0.63
766  0.51562500 0.5388918 0.07772601         0    0.14   0.23      0.63
767  1.00000000 0.5388918 0.07772601         0    0.14   0.23      0.63
768  1.00000000 0.5388918 0.07772601         0    0.14   0.23      0.63
769  0.71875000 0.5388918 0.07772601         0    0.14   0.23      0.63
770  1.00000000 0.5388918 0.07772601         0    0.14   0.23      0.63
771  0.40234375 0.5388918 0.07772601         0    0.14   0.23      0.63
772  1.00000000 0.5388918 0.07772601         0    0.14   0.23      0.63
773  0.50781250 0.5388918 0.07772601         0    0.14   0.23      0.63
774  1.00000000 0.5388918 0.07772601         0    0.14   0.23      0.63
775  0.63281250 0.5388918 0.07772601         0    0.14   0.23      0.63
776  1.00000000 0.5388918 0.07772601         0    0.14   0.23      0.63
777  0.42968750 0.5388918 0.07772601         0    0.14   0.23      0.63
778  0.49609375 0.5388918 0.07772601         0    0.14   0.23      0.63
779  0.48046875 0.5388918 0.07772601         0    0.14   0.23      0.63
780  1.00000000 0.5388918 0.07772601         0    0.14   0.23      0.63
781  1.00000000 0.5388918 0.07772601         0    0.14   0.23      0.63
782  0.54687500 0.5388918 0.07772601         0    0.14   0.23      0.63
783  1.00000000 0.5388918 0.07772601         0    0.14   0.23      0.63
784  1.00000000 0.5388918 0.07772601         0    0.14   0.23      0.63
785  1.00000000 0.5388918 0.07772601         0    0.14   0.23      0.63
786  1.00000000 0.5388918 0.07772601         0    0.14   0.23      0.63
787  1.00000000 0.5388918 0.07772601         0    0.14   0.23      0.63
788  0.53515625 0.5388918 0.07772601         0    0.14   0.23      0.63
789  0.43750000 0.5388918 0.07772601         0    0.14   0.23      0.63
790  0.35546875 0.5388918 0.07772601         0    0.14   0.23      0.63
791  1.00000000 0.5388918 0.07772601         0    0.14   0.23      0.63
792  0.54687500 0.5388918 0.07772601         0    0.14   0.23      0.63
793  0.30468750 0.5388918 0.07772601         0    0.14   0.23      0.63
794  1.00000000 0.5388918 0.07772601         0    0.14   0.23      0.63
795  0.63671875 0.5388918 0.07772601         0    0.14   0.23      0.63
796  0.75781250 0.5388918 0.07772601         0    0.14   0.23      0.63
797  0.38281250 0.5388918 0.07772601         0    0.14   0.23      0.63
798  0.41796875 0.5388918 0.07772601         0    0.14   0.23      0.63
799  0.46093750 0.5388918 0.07772601         0    0.14   0.23      0.63
800  1.00000000 0.5388918 0.07772601         0    0.14   0.23      0.63
801  1.00000000 0.4835299 0.03060315         0    0.32   0.18      0.50
802  0.14453125 0.4835299 0.03060315         0    0.32   0.18      0.50
803  0.22265625 0.4835299 0.03060315         0    0.32   0.18      0.50
804  0.18359375 0.4835299 0.03060315         0    0.32   0.18      0.50
805  0.21484375 0.4835299 0.03060315         0    0.32   0.18      0.50
806  0.28125000 0.4835299 0.03060315         0    0.32   0.18      0.50
807  0.11328125 0.4835299 0.03060315         0    0.32   0.18      0.50
808  0.22265625 0.4835299 0.03060315         0    0.32   0.18      0.50
809  1.00000000 0.4835299 0.03060315         0    0.32   0.18      0.50
810  1.00000000 0.4835299 0.03060315         0    0.32   0.18      0.50
811  0.26953125 0.4835299 0.03060315         0    0.32   0.18      0.50
812  1.00000000 0.4835299 0.03060315         0    0.32   0.18      0.50
813  1.00000000 0.4835299 0.03060315         0    0.32   0.18      0.50
814  1.00000000 0.4835299 0.03060315         0    0.32   0.18      0.50
815  1.00000000 0.4835299 0.03060315         0    0.32   0.18      0.50
816  1.00000000 0.4835299 0.03060315         0    0.32   0.18      0.50
817  0.24218750 0.4835299 0.03060315         0    0.32   0.18      0.50
818  0.10156250 0.4835299 0.03060315         0    0.32   0.18      0.50
819  0.26953125 0.4835299 0.03060315         0    0.32   0.18      0.50
820  1.00000000 0.4835299 0.03060315         0    0.32   0.18      0.50
821  0.23828125 0.4835299 0.03060315         0    0.32   0.18      0.50
822  0.14843750 0.4835299 0.03060315         0    0.32   0.18      0.50
823  0.23437500 0.4835299 0.03060315         0    0.32   0.18      0.50
824  0.54296875 0.4835299 0.03060315         0    0.32   0.18      0.50
825  1.00000000 0.4835299 0.03060315         0    0.32   0.18      0.50
826  0.11328125 0.4835299 0.03060315         0    0.32   0.18      0.50
827  1.00000000 0.4835299 0.03060315         0    0.32   0.18      0.50
828  0.31250000 0.4835299 0.03060315         0    0.32   0.18      0.50
829  1.00000000 0.4835299 0.03060315         0    0.32   0.18      0.50
830  0.61328125 0.4835299 0.03060315         0    0.32   0.18      0.50
831  1.00000000 0.4835299 0.03060315         0    0.32   0.18      0.50
832  1.00000000 0.4835299 0.03060315         0    0.32   0.18      0.50
833  1.00000000 0.4835299 0.03060315         0    0.32   0.18      0.50
834  0.55078125 0.4835299 0.03060315         0    0.32   0.18      0.50
835  0.15234375 0.4835299 0.03060315         0    0.32   0.18      0.50
836  0.19921875 0.4835299 0.03060315         0    0.32   0.18      0.50
837  1.00000000 0.4835299 0.03060315         0    0.32   0.18      0.50
838  1.00000000 0.4835299 0.03060315         0    0.32   0.18      0.50
839  0.25390625 0.4835299 0.03060315         0    0.32   0.18      0.50
840  0.17187500 0.4835299 0.03060315         0    0.32   0.18      0.50
841  1.00000000 0.4835299 0.03060315         0    0.32   0.18      0.50
842  0.09765625 0.4835299 0.03060315         0    0.32   0.18      0.50
843  1.00000000 0.4835299 0.03060315         0    0.32   0.18      0.50
844  1.00000000 0.4835299 0.03060315         0    0.32   0.18      0.50
845  1.00000000 0.4835299 0.03060315         0    0.32   0.18      0.50
846  0.36718750 0.4835299 0.03060315         0    0.32   0.18      0.50
847  0.06640625 0.4835299 0.03060315         0    0.32   0.18      0.50
848  0.20312500 0.4835299 0.03060315         0    0.32   0.18      0.50
849  0.20703125 0.4835299 0.03060315         0    0.32   0.18      0.50
850  0.10937500 0.4835299 0.03060315         0    0.32   0.18      0.50
851  1.00000000 0.4835299 0.03060315         0    0.32   0.18      0.50
852  0.26171875 0.4835299 0.03060315         0    0.32   0.18      0.50
853  1.00000000 0.4835299 0.03060315         0    0.32   0.18      0.50
854  0.38671875 0.4835299 0.03060315         0    0.32   0.18      0.50
855  0.10937500 0.4835299 0.03060315         0    0.32   0.18      0.50
856  1.00000000 0.4835299 0.03060315         0    0.32   0.18      0.50
857  1.00000000 0.4835299 0.03060315         0    0.32   0.18      0.50
858  1.00000000 0.4835299 0.03060315         0    0.32   0.18      0.50
859  1.00000000 0.4835299 0.03060315         0    0.32   0.18      0.50
860  0.31250000 0.4835299 0.03060315         0    0.32   0.18      0.50
861  0.21875000 0.4835299 0.03060315         0    0.32   0.18      0.50
862  0.07812500 0.4835299 0.03060315         0    0.32   0.18      0.50
863  0.16406250 0.4835299 0.03060315         0    0.32   0.18      0.50
864  0.12890625 0.4835299 0.03060315         0    0.32   0.18      0.50
865  1.00000000 0.4835299 0.03060315         0    0.32   0.18      0.50
866  1.00000000 0.4835299 0.03060315         0    0.32   0.18      0.50
867  1.00000000 0.4835299 0.03060315         0    0.32   0.18      0.50
868  0.59375000 0.4835299 0.03060315         0    0.32   0.18      0.50
869  0.37109375 0.4835299 0.03060315         0    0.32   0.18      0.50
870  0.32031250 0.4835299 0.03060315         0    0.32   0.18      0.50
871  1.00000000 0.4835299 0.03060315         0    0.32   0.18      0.50
872  1.00000000 0.4835299 0.03060315         0    0.32   0.18      0.50
873  1.00000000 0.4835299 0.03060315         0    0.32   0.18      0.50
874  1.00000000 0.4835299 0.03060315         0    0.32   0.18      0.50
875  1.00000000 0.4835299 0.03060315         0    0.32   0.18      0.50
876  1.00000000 0.4835299 0.03060315         0    0.32   0.18      0.50
877  0.16796875 0.4835299 0.03060315         0    0.32   0.18      0.50
878  0.13281250 0.4835299 0.03060315         0    0.32   0.18      0.50
879  0.21093750 0.4835299 0.03060315         0    0.32   0.18      0.50
880  0.07421875 0.4835299 0.03060315         0    0.32   0.18      0.50
881  0.54296875 0.4835299 0.03060315         0    0.32   0.18      0.50
882  1.00000000 0.4835299 0.03060315         0    0.32   0.18      0.50
883  1.00000000 0.4835299 0.03060315         0    0.32   0.18      0.50
884  0.29296875 0.4835299 0.03060315         0    0.32   0.18      0.50
885  0.12890625 0.4835299 0.03060315         0    0.32   0.18      0.50
886  0.12890625 0.4835299 0.03060315         0    0.32   0.18      0.50
887  1.00000000 0.4835299 0.03060315         0    0.32   0.18      0.50
888  0.59765625 0.4835299 0.03060315         0    0.32   0.18      0.50
889  1.00000000 0.4835299 0.03060315         0    0.32   0.18      0.50
890  0.12890625 0.4835299 0.03060315         0    0.32   0.18      0.50
891  0.17968750 0.4835299 0.03060315         0    0.32   0.18      0.50
892  0.18359375 0.4835299 0.03060315         0    0.32   0.18      0.50
893  1.00000000 0.4835299 0.03060315         0    0.32   0.18      0.50
894  0.26953125 0.4835299 0.03060315         0    0.32   0.18      0.50
895  1.00000000 0.4835299 0.03060315         0    0.32   0.18      0.50
896  1.00000000 0.4835299 0.03060315         0    0.32   0.18      0.50
897  1.00000000 0.4835299 0.03060315         0    0.32   0.18      0.50
898  1.00000000 0.4835299 0.03060315         0    0.32   0.18      0.50
899  1.00000000 0.4835299 0.03060315         0    0.32   0.18      0.50
900  0.32812500 0.4835299 0.03060315         0    0.32   0.18      0.50
901  1.00000000 0.5670229 0.01094265         0    0.33   0.13      0.54
902  1.00000000 0.5670229 0.01094265         0    0.33   0.13      0.54
903  1.00000000 0.5670229 0.01094265         0    0.33   0.13      0.54
904  0.19921875 0.5670229 0.01094265         0    0.33   0.13      0.54
905  0.07031250 0.5670229 0.01094265         0    0.33   0.13      0.54
906  1.00000000 0.5670229 0.01094265         0    0.33   0.13      0.54
907  0.02343750 0.5670229 0.01094265         0    0.33   0.13      0.54
908  1.00000000 0.5670229 0.01094265         0    0.33   0.13      0.54
909  1.00000000 0.5670229 0.01094265         0    0.33   0.13      0.54
910  0.08593750 0.5670229 0.01094265         0    0.33   0.13      0.54
911  0.15625000 0.5670229 0.01094265         0    0.33   0.13      0.54
912  0.03515625 0.5670229 0.01094265         0    0.33   0.13      0.54
913  1.00000000 0.5670229 0.01094265         0    0.33   0.13      0.54
914  0.02734375 0.5670229 0.01094265         0    0.33   0.13      0.54
915  1.00000000 0.5670229 0.01094265         0    0.33   0.13      0.54
916  0.03515625 0.5670229 0.01094265         0    0.33   0.13      0.54
917  1.00000000 0.5670229 0.01094265         0    0.33   0.13      0.54
918  1.00000000 0.5670229 0.01094265         0    0.33   0.13      0.54
919  1.00000000 0.5670229 0.01094265         0    0.33   0.13      0.54
920  0.04687500 0.5670229 0.01094265         0    0.33   0.13      0.54
921  0.02734375 0.5670229 0.01094265         0    0.33   0.13      0.54
922  0.04296875 0.5670229 0.01094265         0    0.33   0.13      0.54
923  0.23046875 0.5670229 0.01094265         0    0.33   0.13      0.54
924  1.00000000 0.5670229 0.01094265         0    0.33   0.13      0.54
925  1.00000000 0.5670229 0.01094265         0    0.33   0.13      0.54
926  0.05859375 0.5670229 0.01094265         0    0.33   0.13      0.54
927  0.01953125 0.5670229 0.01094265         0    0.33   0.13      0.54
928  1.00000000 0.5670229 0.01094265         0    0.33   0.13      0.54
929  1.00000000 0.5670229 0.01094265         0    0.33   0.13      0.54
930  1.00000000 0.5670229 0.01094265         0    0.33   0.13      0.54
931  1.00000000 0.5670229 0.01094265         0    0.33   0.13      0.54
932  1.00000000 0.5670229 0.01094265         0    0.33   0.13      0.54
933  1.00000000 0.5670229 0.01094265         0    0.33   0.13      0.54
934  0.10546875 0.5670229 0.01094265         0    0.33   0.13      0.54
935  0.07812500 0.5670229 0.01094265         0    0.33   0.13      0.54
936  0.13671875 0.5670229 0.01094265         0    0.33   0.13      0.54
937  0.10156250 0.5670229 0.01094265         0    0.33   0.13      0.54
938  1.00000000 0.5670229 0.01094265         0    0.33   0.13      0.54
939  0.06640625 0.5670229 0.01094265         0    0.33   0.13      0.54
940  1.00000000 0.5670229 0.01094265         0    0.33   0.13      0.54
941  1.00000000 0.5670229 0.01094265         0    0.33   0.13      0.54
942  1.00000000 0.5670229 0.01094265         0    0.33   0.13      0.54
943  1.00000000 0.5670229 0.01094265         0    0.33   0.13      0.54
944  1.00000000 0.5670229 0.01094265         0    0.33   0.13      0.54
945  0.05859375 0.5670229 0.01094265         0    0.33   0.13      0.54
946  1.00000000 0.5670229 0.01094265         0    0.33   0.13      0.54
947  1.00000000 0.5670229 0.01094265         0    0.33   0.13      0.54
948  1.00000000 0.5670229 0.01094265         0    0.33   0.13      0.54
949  0.05468750 0.5670229 0.01094265         0    0.33   0.13      0.54
950  1.00000000 0.5670229 0.01094265         0    0.33   0.13      0.54
951  0.02734375 0.5670229 0.01094265         0    0.33   0.13      0.54
952  1.00000000 0.5670229 0.01094265         0    0.33   0.13      0.54
953  0.03125000 0.5670229 0.01094265         0    0.33   0.13      0.54
954  1.00000000 0.5670229 0.01094265         0    0.33   0.13      0.54
955  0.04296875 0.5670229 0.01094265         0    0.33   0.13      0.54
956  1.00000000 0.5670229 0.01094265         0    0.33   0.13      0.54
957  1.00000000 0.5670229 0.01094265         0    0.33   0.13      0.54
958  0.08984375 0.5670229 0.01094265         0    0.33   0.13      0.54
959  0.07812500 0.5670229 0.01094265         0    0.33   0.13      0.54
960  1.00000000 0.5670229 0.01094265         0    0.33   0.13      0.54
961  0.04687500 0.5670229 0.01094265         0    0.33   0.13      0.54
962  1.00000000 0.5670229 0.01094265         0    0.33   0.13      0.54
963  1.00000000 0.5670229 0.01094265         0    0.33   0.13      0.54
964  1.00000000 0.5670229 0.01094265         0    0.33   0.13      0.54
965  1.00000000 0.5670229 0.01094265         0    0.33   0.13      0.54
966  0.15625000 0.5670229 0.01094265         0    0.33   0.13      0.54
967  0.01562500 0.5670229 0.01094265         0    0.33   0.13      0.54
968  1.00000000 0.5670229 0.01094265         0    0.33   0.13      0.54
969  1.00000000 0.5670229 0.01094265         0    0.33   0.13      0.54
970  0.01562500 0.5670229 0.01094265         0    0.33   0.13      0.54
971  0.09375000 0.5670229 0.01094265         0    0.33   0.13      0.54
972  0.04687500 0.5670229 0.01094265         0    0.33   0.13      0.54
973  1.00000000 0.5670229 0.01094265         0    0.33   0.13      0.54
974  1.00000000 0.5670229 0.01094265         0    0.33   0.13      0.54
975  0.03125000 0.5670229 0.01094265         0    0.33   0.13      0.54
976  0.03515625 0.5670229 0.01094265         0    0.33   0.13      0.54
977  1.00000000 0.5670229 0.01094265         0    0.33   0.13      0.54
978  0.01953125 0.5670229 0.01094265         0    0.33   0.13      0.54
979  1.00000000 0.5670229 0.01094265         0    0.33   0.13      0.54
980  0.07031250 0.5670229 0.01094265         0    0.33   0.13      0.54
981  1.00000000 0.5670229 0.01094265         0    0.33   0.13      0.54
982  1.00000000 0.5670229 0.01094265         0    0.33   0.13      0.54
983  1.00000000 0.5670229 0.01094265         0    0.33   0.13      0.54
984  0.04687500 0.5670229 0.01094265         0    0.33   0.13      0.54
985  1.00000000 0.5670229 0.01094265         0    0.33   0.13      0.54
986  0.05859375 0.5670229 0.01094265         0    0.33   0.13      0.54
987  0.11328125 0.5670229 0.01094265         0    0.33   0.13      0.54
988  1.00000000 0.5670229 0.01094265         0    0.33   0.13      0.54
989  1.00000000 0.5670229 0.01094265         0    0.33   0.13      0.54
990  0.05859375 0.5670229 0.01094265         0    0.33   0.13      0.54
991  0.03515625 0.5670229 0.01094265         0    0.33   0.13      0.54
992  1.00000000 0.5670229 0.01094265         0    0.33   0.13      0.54
993  0.28906250 0.5670229 0.01094265         0    0.33   0.13      0.54
994  1.00000000 0.5670229 0.01094265         0    0.33   0.13      0.54
995  1.00000000 0.5670229 0.01094265         0    0.33   0.13      0.54
996  0.06250000 0.5670229 0.01094265         0    0.33   0.13      0.54
997  0.03125000 0.5670229 0.01094265         0    0.33   0.13      0.54
998  0.04687500 0.5670229 0.01094265         0    0.33   0.13      0.54
999  0.00000000 0.5670229 0.01094265         0    0.33   0.13      0.54
1000 1.00000000 0.5670229 0.01094265         0    0.33   0.13      0.54
