      prop.aneu prob.meio  prob.mito dispersal euploid mosaic aneuploid
1    0.28906250 0.4163259 0.03520440         0    0.31   0.21      0.48
2    1.00000000 0.4163259 0.03520440         0    0.31   0.21      0.48
3    1.00000000 0.4163259 0.03520440         0    0.31   0.21      0.48
4    0.19140625 0.4163259 0.03520440         0    0.31   0.21      0.48
5    0.24218750 0.4163259 0.03520440         0    0.31   0.21      0.48
6    0.23046875 0.4163259 0.03520440         0    0.31   0.21      0.48
7    1.00000000 0.4163259 0.03520440         0    0.31   0.21      0.48
8    0.19921875 0.4163259 0.03520440         0    0.31   0.21      0.48
9    0.14062500 0.4163259 0.03520440         0    0.31   0.21      0.48
10   1.00000000 0.4163259 0.03520440         0    0.31   0.21      0.48
11   0.19140625 0.4163259 0.03520440         0    0.31   0.21      0.48
12   0.08593750 0.4163259 0.03520440         0    0.31   0.21      0.48
13   0.41796875 0.4163259 0.03520440         0    0.31   0.21      0.48
14   0.23046875 0.4163259 0.03520440         0    0.31   0.21      0.48
15   0.07812500 0.4163259 0.03520440         0    0.31   0.21      0.48
16   0.20703125 0.4163259 0.03520440         0    0.31   0.21      0.48
17   0.38671875 0.4163259 0.03520440         0    0.31   0.21      0.48
18   1.00000000 0.4163259 0.03520440         0    0.31   0.21      0.48
19   0.25781250 0.4163259 0.03520440         0    0.31   0.21      0.48
20   0.16406250 0.4163259 0.03520440         0    0.31   0.21      0.48
21   1.00000000 0.4163259 0.03520440         0    0.31   0.21      0.48
22   0.08593750 0.4163259 0.03520440         0    0.31   0.21      0.48
23   0.59765625 0.4163259 0.03520440         0    0.31   0.21      0.48
24   0.08593750 0.4163259 0.03520440         0    0.31   0.21      0.48
25   1.00000000 0.4163259 0.03520440         0    0.31   0.21      0.48
26   0.16015625 0.4163259 0.03520440         0    0.31   0.21      0.48
27   0.14843750 0.4163259 0.03520440         0    0.31   0.21      0.48
28   0.36328125 0.4163259 0.03520440         0    0.31   0.21      0.48
29   1.00000000 0.4163259 0.03520440         0    0.31   0.21      0.48
30   0.22265625 0.4163259 0.03520440         0    0.31   0.21      0.48
31   1.00000000 0.4163259 0.03520440         0    0.31   0.21      0.48
32   0.25781250 0.4163259 0.03520440         0    0.31   0.21      0.48
33   0.16015625 0.4163259 0.03520440         0    0.31   0.21      0.48
34   0.10546875 0.4163259 0.03520440         0    0.31   0.21      0.48
35   1.00000000 0.4163259 0.03520440         0    0.31   0.21      0.48
36   0.10546875 0.4163259 0.03520440         0    0.31   0.21      0.48
37   1.00000000 0.4163259 0.03520440         0    0.31   0.21      0.48
38   1.00000000 0.4163259 0.03520440         0    0.31   0.21      0.48
39   0.43359375 0.4163259 0.03520440         0    0.31   0.21      0.48
40   1.00000000 0.4163259 0.03520440         0    0.31   0.21      0.48
41   0.16796875 0.4163259 0.03520440         0    0.31   0.21      0.48
42   1.00000000 0.4163259 0.03520440         0    0.31   0.21      0.48
43   0.19140625 0.4163259 0.03520440         0    0.31   0.21      0.48
44   0.12500000 0.4163259 0.03520440         0    0.31   0.21      0.48
45   1.00000000 0.4163259 0.03520440         0    0.31   0.21      0.48
46   1.00000000 0.4163259 0.03520440         0    0.31   0.21      0.48
47   0.58984375 0.4163259 0.03520440         0    0.31   0.21      0.48
48   0.08984375 0.4163259 0.03520440         0    0.31   0.21      0.48
49   0.53906250 0.4163259 0.03520440         0    0.31   0.21      0.48
50   1.00000000 0.4163259 0.03520440         0    0.31   0.21      0.48
51   1.00000000 0.4163259 0.03520440         0    0.31   0.21      0.48
52   0.08984375 0.4163259 0.03520440         0    0.31   0.21      0.48
53   1.00000000 0.4163259 0.03520440         0    0.31   0.21      0.48
54   0.17187500 0.4163259 0.03520440         0    0.31   0.21      0.48
55   0.16796875 0.4163259 0.03520440         0    0.31   0.21      0.48
56   1.00000000 0.4163259 0.03520440         0    0.31   0.21      0.48
57   0.26953125 0.4163259 0.03520440         0    0.31   0.21      0.48
58   0.59375000 0.4163259 0.03520440         0    0.31   0.21      0.48
59   1.00000000 0.4163259 0.03520440         0    0.31   0.21      0.48
60   1.00000000 0.4163259 0.03520440         0    0.31   0.21      0.48
61   1.00000000 0.4163259 0.03520440         0    0.31   0.21      0.48
62   1.00000000 0.4163259 0.03520440         0    0.31   0.21      0.48
63   1.00000000 0.4163259 0.03520440         0    0.31   0.21      0.48
64   0.33203125 0.4163259 0.03520440         0    0.31   0.21      0.48
65   1.00000000 0.4163259 0.03520440         0    0.31   0.21      0.48
66   0.25390625 0.4163259 0.03520440         0    0.31   0.21      0.48
67   1.00000000 0.4163259 0.03520440         0    0.31   0.21      0.48
68   0.19921875 0.4163259 0.03520440         0    0.31   0.21      0.48
69   1.00000000 0.4163259 0.03520440         0    0.31   0.21      0.48
70   1.00000000 0.4163259 0.03520440         0    0.31   0.21      0.48
71   0.10156250 0.4163259 0.03520440         0    0.31   0.21      0.48
72   1.00000000 0.4163259 0.03520440         0    0.31   0.21      0.48
73   0.14843750 0.4163259 0.03520440         0    0.31   0.21      0.48
74   0.19921875 0.4163259 0.03520440         0    0.31   0.21      0.48
75   1.00000000 0.4163259 0.03520440         0    0.31   0.21      0.48
76   1.00000000 0.4163259 0.03520440         0    0.31   0.21      0.48
77   1.00000000 0.4163259 0.03520440         0    0.31   0.21      0.48
78   0.12109375 0.4163259 0.03520440         0    0.31   0.21      0.48
79   1.00000000 0.4163259 0.03520440         0    0.31   0.21      0.48
80   1.00000000 0.4163259 0.03520440         0    0.31   0.21      0.48
81   0.33593750 0.4163259 0.03520440         0    0.31   0.21      0.48
82   0.18750000 0.4163259 0.03520440         0    0.31   0.21      0.48
83   1.00000000 0.4163259 0.03520440         0    0.31   0.21      0.48
84   1.00000000 0.4163259 0.03520440         0    0.31   0.21      0.48
85   0.20312500 0.4163259 0.03520440         0    0.31   0.21      0.48
86   1.00000000 0.4163259 0.03520440         0    0.31   0.21      0.48
87   1.00000000 0.4163259 0.03520440         0    0.31   0.21      0.48
88   1.00000000 0.4163259 0.03520440         0    0.31   0.21      0.48
89   1.00000000 0.4163259 0.03520440         0    0.31   0.21      0.48
90   0.19531250 0.4163259 0.03520440         0    0.31   0.21      0.48
91   0.59375000 0.4163259 0.03520440         0    0.31   0.21      0.48
92   1.00000000 0.4163259 0.03520440         0    0.31   0.21      0.48
93   1.00000000 0.4163259 0.03520440         0    0.31   0.21      0.48
94   0.25781250 0.4163259 0.03520440         0    0.31   0.21      0.48
95   0.36328125 0.4163259 0.03520440         0    0.31   0.21      0.48
96   1.00000000 0.4163259 0.03520440         0    0.31   0.21      0.48
97   0.07421875 0.4163259 0.03520440         0    0.31   0.21      0.48
98   1.00000000 0.4163259 0.03520440         0    0.31   0.21      0.48
99   0.12109375 0.4163259 0.03520440         0    0.31   0.21      0.48
100  1.00000000 0.4163259 0.03520440         0    0.31   0.21      0.48
101  0.18359375 0.3977841 0.03863471         0    0.36   0.18      0.46
102  0.20312500 0.3977841 0.03863471         0    0.36   0.18      0.46
103  1.00000000 0.3977841 0.03863471         0    0.36   0.18      0.46
104  1.00000000 0.3977841 0.03863471         0    0.36   0.18      0.46
105  1.00000000 0.3977841 0.03863471         0    0.36   0.18      0.46
106  1.00000000 0.3977841 0.03863471         0    0.36   0.18      0.46
107  0.11328125 0.3977841 0.03863471         0    0.36   0.18      0.46
108  1.00000000 0.3977841 0.03863471         0    0.36   0.18      0.46
109  0.19531250 0.3977841 0.03863471         0    0.36   0.18      0.46
110  1.00000000 0.3977841 0.03863471         0    0.36   0.18      0.46
111  1.00000000 0.3977841 0.03863471         0    0.36   0.18      0.46
112  1.00000000 0.3977841 0.03863471         0    0.36   0.18      0.46
113  1.00000000 0.3977841 0.03863471         0    0.36   0.18      0.46
114  1.00000000 0.3977841 0.03863471         0    0.36   0.18      0.46
115  0.30468750 0.3977841 0.03863471         0    0.36   0.18      0.46
116  0.19140625 0.3977841 0.03863471         0    0.36   0.18      0.46
117  0.64843750 0.3977841 0.03863471         0    0.36   0.18      0.46
118  0.20312500 0.3977841 0.03863471         0    0.36   0.18      0.46
119  1.00000000 0.3977841 0.03863471         0    0.36   0.18      0.46
120  0.34765625 0.3977841 0.03863471         0    0.36   0.18      0.46
121  1.00000000 0.3977841 0.03863471         0    0.36   0.18      0.46
122  1.00000000 0.3977841 0.03863471         0    0.36   0.18      0.46
123  0.31640625 0.3977841 0.03863471         0    0.36   0.18      0.46
124  1.00000000 0.3977841 0.03863471         0    0.36   0.18      0.46
125  0.20312500 0.3977841 0.03863471         0    0.36   0.18      0.46
126  0.27343750 0.3977841 0.03863471         0    0.36   0.18      0.46
127  0.03906250 0.3977841 0.03863471         0    0.36   0.18      0.46
128  0.21484375 0.3977841 0.03863471         0    0.36   0.18      0.46
129  1.00000000 0.3977841 0.03863471         0    0.36   0.18      0.46
130  1.00000000 0.3977841 0.03863471         0    0.36   0.18      0.46
131  0.57421875 0.3977841 0.03863471         0    0.36   0.18      0.46
132  1.00000000 0.3977841 0.03863471         0    0.36   0.18      0.46
133  1.00000000 0.3977841 0.03863471         0    0.36   0.18      0.46
134  1.00000000 0.3977841 0.03863471         0    0.36   0.18      0.46
135  1.00000000 0.3977841 0.03863471         0    0.36   0.18      0.46
136  0.08593750 0.3977841 0.03863471         0    0.36   0.18      0.46
137  0.15234375 0.3977841 0.03863471         0    0.36   0.18      0.46
138  1.00000000 0.3977841 0.03863471         0    0.36   0.18      0.46
139  0.14062500 0.3977841 0.03863471         0    0.36   0.18      0.46
140  1.00000000 0.3977841 0.03863471         0    0.36   0.18      0.46
141  0.30859375 0.3977841 0.03863471         0    0.36   0.18      0.46
142  1.00000000 0.3977841 0.03863471         0    0.36   0.18      0.46
143  0.13281250 0.3977841 0.03863471         0    0.36   0.18      0.46
144  0.21093750 0.3977841 0.03863471         0    0.36   0.18      0.46
145  1.00000000 0.3977841 0.03863471         0    0.36   0.18      0.46
146  0.14062500 0.3977841 0.03863471         0    0.36   0.18      0.46
147  0.12109375 0.3977841 0.03863471         0    0.36   0.18      0.46
148  0.18750000 0.3977841 0.03863471         0    0.36   0.18      0.46
149  0.21093750 0.3977841 0.03863471         0    0.36   0.18      0.46
150  1.00000000 0.3977841 0.03863471         0    0.36   0.18      0.46
151  0.17968750 0.3977841 0.03863471         0    0.36   0.18      0.46
152  1.00000000 0.3977841 0.03863471         0    0.36   0.18      0.46
153  0.29296875 0.3977841 0.03863471         0    0.36   0.18      0.46
154  0.26953125 0.3977841 0.03863471         0    0.36   0.18      0.46
155  0.34765625 0.3977841 0.03863471         0    0.36   0.18      0.46
156  0.41406250 0.3977841 0.03863471         0    0.36   0.18      0.46
157  0.37109375 0.3977841 0.03863471         0    0.36   0.18      0.46
158  0.25390625 0.3977841 0.03863471         0    0.36   0.18      0.46
159  1.00000000 0.3977841 0.03863471         0    0.36   0.18      0.46
160  0.13671875 0.3977841 0.03863471         0    0.36   0.18      0.46
161  0.11718750 0.3977841 0.03863471         0    0.36   0.18      0.46
162  1.00000000 0.3977841 0.03863471         0    0.36   0.18      0.46
163  0.33593750 0.3977841 0.03863471         0    0.36   0.18      0.46
164  0.32031250 0.3977841 0.03863471         0    0.36   0.18      0.46
165  0.56250000 0.3977841 0.03863471         0    0.36   0.18      0.46
166  1.00000000 0.3977841 0.03863471         0    0.36   0.18      0.46
167  0.13671875 0.3977841 0.03863471         0    0.36   0.18      0.46
168  0.26171875 0.3977841 0.03863471         0    0.36   0.18      0.46
169  1.00000000 0.3977841 0.03863471         0    0.36   0.18      0.46
170  0.13671875 0.3977841 0.03863471         0    0.36   0.18      0.46
171  1.00000000 0.3977841 0.03863471         0    0.36   0.18      0.46
172  0.13671875 0.3977841 0.03863471         0    0.36   0.18      0.46
173  0.14453125 0.3977841 0.03863471         0    0.36   0.18      0.46
174  1.00000000 0.3977841 0.03863471         0    0.36   0.18      0.46
175  0.15234375 0.3977841 0.03863471         0    0.36   0.18      0.46
176  1.00000000 0.3977841 0.03863471         0    0.36   0.18      0.46
177  0.24609375 0.3977841 0.03863471         0    0.36   0.18      0.46
178  0.29687500 0.3977841 0.03863471         0    0.36   0.18      0.46
179  0.17578125 0.3977841 0.03863471         0    0.36   0.18      0.46
180  1.00000000 0.3977841 0.03863471         0    0.36   0.18      0.46
181  1.00000000 0.3977841 0.03863471         0    0.36   0.18      0.46
182  1.00000000 0.3977841 0.03863471         0    0.36   0.18      0.46
183  0.12109375 0.3977841 0.03863471         0    0.36   0.18      0.46
184  1.00000000 0.3977841 0.03863471         0    0.36   0.18      0.46
185  1.00000000 0.3977841 0.03863471         0    0.36   0.18      0.46
186  0.19921875 0.3977841 0.03863471         0    0.36   0.18      0.46
187  1.00000000 0.3977841 0.03863471         0    0.36   0.18      0.46
188  0.18359375 0.3977841 0.03863471         0    0.36   0.18      0.46
189  0.30859375 0.3977841 0.03863471         0    0.36   0.18      0.46
190  1.00000000 0.3977841 0.03863471         0    0.36   0.18      0.46
191  0.27343750 0.3977841 0.03863471         0    0.36   0.18      0.46
192  0.47656250 0.3977841 0.03863471         0    0.36   0.18      0.46
193  0.21875000 0.3977841 0.03863471         0    0.36   0.18      0.46
194  1.00000000 0.3977841 0.03863471         0    0.36   0.18      0.46
195  0.26171875 0.3977841 0.03863471         0    0.36   0.18      0.46
196  1.00000000 0.3977841 0.03863471         0    0.36   0.18      0.46
197  0.13671875 0.3977841 0.03863471         0    0.36   0.18      0.46
198  1.00000000 0.3977841 0.03863471         0    0.36   0.18      0.46
199  0.23046875 0.3977841 0.03863471         0    0.36   0.18      0.46
200  0.18750000 0.3977841 0.03863471         0    0.36   0.18      0.46
201  1.00000000 0.4093427 0.03832797         0    0.34   0.21      0.45
202  0.20703125 0.4093427 0.03832797         0    0.34   0.21      0.45
203  0.19531250 0.4093427 0.03832797         0    0.34   0.21      0.45
204  0.19531250 0.4093427 0.03832797         0    0.34   0.21      0.45
205  1.00000000 0.4093427 0.03832797         0    0.34   0.21      0.45
206  0.05468750 0.4093427 0.03832797         0    0.34   0.21      0.45
207  1.00000000 0.4093427 0.03832797         0    0.34   0.21      0.45
208  1.00000000 0.4093427 0.03832797         0    0.34   0.21      0.45
209  1.00000000 0.4093427 0.03832797         0    0.34   0.21      0.45
210  0.57421875 0.4093427 0.03832797         0    0.34   0.21      0.45
211  0.13281250 0.4093427 0.03832797         0    0.34   0.21      0.45
212  0.11328125 0.4093427 0.03832797         0    0.34   0.21      0.45
213  0.22656250 0.4093427 0.03832797         0    0.34   0.21      0.45
214  1.00000000 0.4093427 0.03832797         0    0.34   0.21      0.45
215  0.29687500 0.4093427 0.03832797         0    0.34   0.21      0.45
216  0.27343750 0.4093427 0.03832797         0    0.34   0.21      0.45
217  0.12109375 0.4093427 0.03832797         0    0.34   0.21      0.45
218  1.00000000 0.4093427 0.03832797         0    0.34   0.21      0.45
219  0.15234375 0.4093427 0.03832797         0    0.34   0.21      0.45
220  1.00000000 0.4093427 0.03832797         0    0.34   0.21      0.45
221  1.00000000 0.4093427 0.03832797         0    0.34   0.21      0.45
222  0.25390625 0.4093427 0.03832797         0    0.34   0.21      0.45
223  0.36328125 0.4093427 0.03832797         0    0.34   0.21      0.45
224  1.00000000 0.4093427 0.03832797         0    0.34   0.21      0.45
225  1.00000000 0.4093427 0.03832797         0    0.34   0.21      0.45
226  0.17187500 0.4093427 0.03832797         0    0.34   0.21      0.45
227  1.00000000 0.4093427 0.03832797         0    0.34   0.21      0.45
228  1.00000000 0.4093427 0.03832797         0    0.34   0.21      0.45
229  0.24218750 0.4093427 0.03832797         0    0.34   0.21      0.45
230  0.18750000 0.4093427 0.03832797         0    0.34   0.21      0.45
231  0.12500000 0.4093427 0.03832797         0    0.34   0.21      0.45
232  1.00000000 0.4093427 0.03832797         0    0.34   0.21      0.45
233  0.19921875 0.4093427 0.03832797         0    0.34   0.21      0.45
234  1.00000000 0.4093427 0.03832797         0    0.34   0.21      0.45
235  0.16015625 0.4093427 0.03832797         0    0.34   0.21      0.45
236  0.34375000 0.4093427 0.03832797         0    0.34   0.21      0.45
237  0.25781250 0.4093427 0.03832797         0    0.34   0.21      0.45
238  0.12500000 0.4093427 0.03832797         0    0.34   0.21      0.45
239  0.28906250 0.4093427 0.03832797         0    0.34   0.21      0.45
240  0.14843750 0.4093427 0.03832797         0    0.34   0.21      0.45
241  0.19140625 0.4093427 0.03832797         0    0.34   0.21      0.45
242  0.21484375 0.4093427 0.03832797         0    0.34   0.21      0.45
243  1.00000000 0.4093427 0.03832797         0    0.34   0.21      0.45
244  0.38671875 0.4093427 0.03832797         0    0.34   0.21      0.45
245  1.00000000 0.4093427 0.03832797         0    0.34   0.21      0.45
246  1.00000000 0.4093427 0.03832797         0    0.34   0.21      0.45
247  0.26953125 0.4093427 0.03832797         0    0.34   0.21      0.45
248  0.16796875 0.4093427 0.03832797         0    0.34   0.21      0.45
249  0.39843750 0.4093427 0.03832797         0    0.34   0.21      0.45
250  0.12890625 0.4093427 0.03832797         0    0.34   0.21      0.45
251  0.15234375 0.4093427 0.03832797         0    0.34   0.21      0.45
252  1.00000000 0.4093427 0.03832797         0    0.34   0.21      0.45
253  0.18359375 0.4093427 0.03832797         0    0.34   0.21      0.45
254  1.00000000 0.4093427 0.03832797         0    0.34   0.21      0.45
255  1.00000000 0.4093427 0.03832797         0    0.34   0.21      0.45
256  0.35156250 0.4093427 0.03832797         0    0.34   0.21      0.45
257  1.00000000 0.4093427 0.03832797         0    0.34   0.21      0.45
258  0.14843750 0.4093427 0.03832797         0    0.34   0.21      0.45
259  1.00000000 0.4093427 0.03832797         0    0.34   0.21      0.45
260  0.11718750 0.4093427 0.03832797         0    0.34   0.21      0.45
261  1.00000000 0.4093427 0.03832797         0    0.34   0.21      0.45
262  1.00000000 0.4093427 0.03832797         0    0.34   0.21      0.45
263  1.00000000 0.4093427 0.03832797         0    0.34   0.21      0.45
264  0.21093750 0.4093427 0.03832797         0    0.34   0.21      0.45
265  1.00000000 0.4093427 0.03832797         0    0.34   0.21      0.45
266  0.19921875 0.4093427 0.03832797         0    0.34   0.21      0.45
267  0.23828125 0.4093427 0.03832797         0    0.34   0.21      0.45
268  0.19531250 0.4093427 0.03832797         0    0.34   0.21      0.45
269  1.00000000 0.4093427 0.03832797         0    0.34   0.21      0.45
270  1.00000000 0.4093427 0.03832797         0    0.34   0.21      0.45
271  0.17578125 0.4093427 0.03832797         0    0.34   0.21      0.45
272  0.33593750 0.4093427 0.03832797         0    0.34   0.21      0.45
273  0.27734375 0.4093427 0.03832797         0    0.34   0.21      0.45
274  1.00000000 0.4093427 0.03832797         0    0.34   0.21      0.45
275  1.00000000 0.4093427 0.03832797         0    0.34   0.21      0.45
276  1.00000000 0.4093427 0.03832797         0    0.34   0.21      0.45
277  1.00000000 0.4093427 0.03832797         0    0.34   0.21      0.45
278  1.00000000 0.4093427 0.03832797         0    0.34   0.21      0.45
279  0.37890625 0.4093427 0.03832797         0    0.34   0.21      0.45
280  1.00000000 0.4093427 0.03832797         0    0.34   0.21      0.45
281  0.27734375 0.4093427 0.03832797         0    0.34   0.21      0.45
282  0.15625000 0.4093427 0.03832797         0    0.34   0.21      0.45
283  0.22265625 0.4093427 0.03832797         0    0.34   0.21      0.45
284  1.00000000 0.4093427 0.03832797         0    0.34   0.21      0.45
285  0.11718750 0.4093427 0.03832797         0    0.34   0.21      0.45
286  0.38281250 0.4093427 0.03832797         0    0.34   0.21      0.45
287  1.00000000 0.4093427 0.03832797         0    0.34   0.21      0.45
288  0.28515625 0.4093427 0.03832797         0    0.34   0.21      0.45
289  1.00000000 0.4093427 0.03832797         0    0.34   0.21      0.45
290  1.00000000 0.4093427 0.03832797         0    0.34   0.21      0.45
291  1.00000000 0.4093427 0.03832797         0    0.34   0.21      0.45
292  0.27734375 0.4093427 0.03832797         0    0.34   0.21      0.45
293  0.08984375 0.4093427 0.03832797         0    0.34   0.21      0.45
294  0.42968750 0.4093427 0.03832797         0    0.34   0.21      0.45
295  0.34375000 0.4093427 0.03832797         0    0.34   0.21      0.45
296  1.00000000 0.4093427 0.03832797         0    0.34   0.21      0.45
297  1.00000000 0.4093427 0.03832797         0    0.34   0.21      0.45
298  0.19140625 0.4093427 0.03832797         0    0.34   0.21      0.45
299  0.24609375 0.4093427 0.03832797         0    0.34   0.21      0.45
300  1.00000000 0.4093427 0.03832797         0    0.34   0.21      0.45
301  0.09765625 0.2769884 0.02411716         0    0.42   0.24      0.34
302  0.10546875 0.2769884 0.02411716         0    0.42   0.24      0.34
303  0.52343750 0.2769884 0.02411716         0    0.42   0.24      0.34
304  0.08203125 0.2769884 0.02411716         0    0.42   0.24      0.34
305  0.15234375 0.2769884 0.02411716         0    0.42   0.24      0.34
306  0.13671875 0.2769884 0.02411716         0    0.42   0.24      0.34
307  0.24609375 0.2769884 0.02411716         0    0.42   0.24      0.34
308  0.16406250 0.2769884 0.02411716         0    0.42   0.24      0.34
309  1.00000000 0.2769884 0.02411716         0    0.42   0.24      0.34
310  0.28906250 0.2769884 0.02411716         0    0.42   0.24      0.34
311  0.39843750 0.2769884 0.02411716         0    0.42   0.24      0.34
312  0.34375000 0.2769884 0.02411716         0    0.42   0.24      0.34
313  0.03515625 0.2769884 0.02411716         0    0.42   0.24      0.34
314  0.03515625 0.2769884 0.02411716         0    0.42   0.24      0.34
315  0.17968750 0.2769884 0.02411716         0    0.42   0.24      0.34
316  0.07421875 0.2769884 0.02411716         0    0.42   0.24      0.34
317  1.00000000 0.2769884 0.02411716         0    0.42   0.24      0.34
318  0.14453125 0.2769884 0.02411716         0    0.42   0.24      0.34
319  1.00000000 0.2769884 0.02411716         0    0.42   0.24      0.34
320  0.15625000 0.2769884 0.02411716         0    0.42   0.24      0.34
321  1.00000000 0.2769884 0.02411716         0    0.42   0.24      0.34
322  1.00000000 0.2769884 0.02411716         0    0.42   0.24      0.34
323  0.10937500 0.2769884 0.02411716         0    0.42   0.24      0.34
324  0.07421875 0.2769884 0.02411716         0    0.42   0.24      0.34
325  1.00000000 0.2769884 0.02411716         0    0.42   0.24      0.34
326  1.00000000 0.2769884 0.02411716         0    0.42   0.24      0.34
327  0.18359375 0.2769884 0.02411716         0    0.42   0.24      0.34
328  0.51562500 0.2769884 0.02411716         0    0.42   0.24      0.34
329  0.57421875 0.2769884 0.02411716         0    0.42   0.24      0.34
330  0.05859375 0.2769884 0.02411716         0    0.42   0.24      0.34
331  1.00000000 0.2769884 0.02411716         0    0.42   0.24      0.34
332  1.00000000 0.2769884 0.02411716         0    0.42   0.24      0.34
333  1.00000000 0.2769884 0.02411716         0    0.42   0.24      0.34
334  0.19921875 0.2769884 0.02411716         0    0.42   0.24      0.34
335  0.06250000 0.2769884 0.02411716         0    0.42   0.24      0.34
336  0.05859375 0.2769884 0.02411716         0    0.42   0.24      0.34
337  1.00000000 0.2769884 0.02411716         0    0.42   0.24      0.34
338  0.15234375 0.2769884 0.02411716         0    0.42   0.24      0.34
339  0.33984375 0.2769884 0.02411716         0    0.42   0.24      0.34
340  0.19140625 0.2769884 0.02411716         0    0.42   0.24      0.34
341  0.16015625 0.2769884 0.02411716         0    0.42   0.24      0.34
342  0.04296875 0.2769884 0.02411716         0    0.42   0.24      0.34
343  0.05859375 0.2769884 0.02411716         0    0.42   0.24      0.34
344  1.00000000 0.2769884 0.02411716         0    0.42   0.24      0.34
345  0.19140625 0.2769884 0.02411716         0    0.42   0.24      0.34
346  1.00000000 0.2769884 0.02411716         0    0.42   0.24      0.34
347  1.00000000 0.2769884 0.02411716         0    0.42   0.24      0.34
348  0.18750000 0.2769884 0.02411716         0    0.42   0.24      0.34
349  0.42968750 0.2769884 0.02411716         0    0.42   0.24      0.34
350  0.35156250 0.2769884 0.02411716         0    0.42   0.24      0.34
351  1.00000000 0.2769884 0.02411716         0    0.42   0.24      0.34
352  1.00000000 0.2769884 0.02411716         0    0.42   0.24      0.34
353  1.00000000 0.2769884 0.02411716         0    0.42   0.24      0.34
354  1.00000000 0.2769884 0.02411716         0    0.42   0.24      0.34
355  0.06640625 0.2769884 0.02411716         0    0.42   0.24      0.34
356  0.20703125 0.2769884 0.02411716         0    0.42   0.24      0.34
357  0.13281250 0.2769884 0.02411716         0    0.42   0.24      0.34
358  1.00000000 0.2769884 0.02411716         0    0.42   0.24      0.34
359  1.00000000 0.2769884 0.02411716         0    0.42   0.24      0.34
360  0.15234375 0.2769884 0.02411716         0    0.42   0.24      0.34
361  1.00000000 0.2769884 0.02411716         0    0.42   0.24      0.34
362  0.60156250 0.2769884 0.02411716         0    0.42   0.24      0.34
363  0.12890625 0.2769884 0.02411716         0    0.42   0.24      0.34
364  0.11328125 0.2769884 0.02411716         0    0.42   0.24      0.34
365  1.00000000 0.2769884 0.02411716         0    0.42   0.24      0.34
366  0.07421875 0.2769884 0.02411716         0    0.42   0.24      0.34
367  0.26953125 0.2769884 0.02411716         0    0.42   0.24      0.34
368  0.11328125 0.2769884 0.02411716         0    0.42   0.24      0.34
369  1.00000000 0.2769884 0.02411716         0    0.42   0.24      0.34
370  0.12500000 0.2769884 0.02411716         0    0.42   0.24      0.34
371  0.32421875 0.2769884 0.02411716         0    0.42   0.24      0.34
372  0.07421875 0.2769884 0.02411716         0    0.42   0.24      0.34
373  1.00000000 0.2769884 0.02411716         0    0.42   0.24      0.34
374  0.12890625 0.2769884 0.02411716         0    0.42   0.24      0.34
375  0.14062500 0.2769884 0.02411716         0    0.42   0.24      0.34
376  0.23828125 0.2769884 0.02411716         0    0.42   0.24      0.34
377  0.12890625 0.2769884 0.02411716         0    0.42   0.24      0.34
378  1.00000000 0.2769884 0.02411716         0    0.42   0.24      0.34
379  0.22656250 0.2769884 0.02411716         0    0.42   0.24      0.34
380  0.08984375 0.2769884 0.02411716         0    0.42   0.24      0.34
381  0.19140625 0.2769884 0.02411716         0    0.42   0.24      0.34
382  0.05078125 0.2769884 0.02411716         0    0.42   0.24      0.34
383  1.00000000 0.2769884 0.02411716         0    0.42   0.24      0.34
384  0.08593750 0.2769884 0.02411716         0    0.42   0.24      0.34
385  0.07031250 0.2769884 0.02411716         0    0.42   0.24      0.34
386  0.09375000 0.2769884 0.02411716         0    0.42   0.24      0.34
387  0.14453125 0.2769884 0.02411716         0    0.42   0.24      0.34
388  0.13671875 0.2769884 0.02411716         0    0.42   0.24      0.34
389  1.00000000 0.2769884 0.02411716         0    0.42   0.24      0.34
390  1.00000000 0.2769884 0.02411716         0    0.42   0.24      0.34
391  0.16796875 0.2769884 0.02411716         0    0.42   0.24      0.34
392  0.08203125 0.2769884 0.02411716         0    0.42   0.24      0.34
393  1.00000000 0.2769884 0.02411716         0    0.42   0.24      0.34
394  1.00000000 0.2769884 0.02411716         0    0.42   0.24      0.34
395  0.10937500 0.2769884 0.02411716         0    0.42   0.24      0.34
396  0.09375000 0.2769884 0.02411716         0    0.42   0.24      0.34
397  1.00000000 0.2769884 0.02411716         0    0.42   0.24      0.34
398  1.00000000 0.2769884 0.02411716         0    0.42   0.24      0.34
399  1.00000000 0.2769884 0.02411716         0    0.42   0.24      0.34
400  0.12500000 0.2769884 0.02411716         0    0.42   0.24      0.34
401  0.66015625 0.4622760 0.05485337         0    0.29   0.18      0.53
402  0.43359375 0.4622760 0.05485337         0    0.29   0.18      0.53
403  0.57031250 0.4622760 0.05485337         0    0.29   0.18      0.53
404  0.58593750 0.4622760 0.05485337         0    0.29   0.18      0.53
405  0.24218750 0.4622760 0.05485337         0    0.29   0.18      0.53
406  0.17578125 0.4622760 0.05485337         0    0.29   0.18      0.53
407  0.20312500 0.4622760 0.05485337         0    0.29   0.18      0.53
408  1.00000000 0.4622760 0.05485337         0    0.29   0.18      0.53
409  0.42187500 0.4622760 0.05485337         0    0.29   0.18      0.53
410  0.44531250 0.4622760 0.05485337         0    0.29   0.18      0.53
411  0.33593750 0.4622760 0.05485337         0    0.29   0.18      0.53
412  0.20312500 0.4622760 0.05485337         0    0.29   0.18      0.53
413  1.00000000 0.4622760 0.05485337         0    0.29   0.18      0.53
414  1.00000000 0.4622760 0.05485337         0    0.29   0.18      0.53
415  0.21484375 0.4622760 0.05485337         0    0.29   0.18      0.53
416  1.00000000 0.4622760 0.05485337         0    0.29   0.18      0.53
417  0.21875000 0.4622760 0.05485337         0    0.29   0.18      0.53
418  1.00000000 0.4622760 0.05485337         0    0.29   0.18      0.53
419  0.22265625 0.4622760 0.05485337         0    0.29   0.18      0.53
420  0.38671875 0.4622760 0.05485337         0    0.29   0.18      0.53
421  0.62500000 0.4622760 0.05485337         0    0.29   0.18      0.53
422  1.00000000 0.4622760 0.05485337         0    0.29   0.18      0.53
423  1.00000000 0.4622760 0.05485337         0    0.29   0.18      0.53
424  1.00000000 0.4622760 0.05485337         0    0.29   0.18      0.53
425  1.00000000 0.4622760 0.05485337         0    0.29   0.18      0.53
426  0.30859375 0.4622760 0.05485337         0    0.29   0.18      0.53
427  0.36718750 0.4622760 0.05485337         0    0.29   0.18      0.53
428  0.42187500 0.4622760 0.05485337         0    0.29   0.18      0.53
429  0.25390625 0.4622760 0.05485337         0    0.29   0.18      0.53
430  0.35156250 0.4622760 0.05485337         0    0.29   0.18      0.53
431  1.00000000 0.4622760 0.05485337         0    0.29   0.18      0.53
432  0.32812500 0.4622760 0.05485337         0    0.29   0.18      0.53
433  0.54687500 0.4622760 0.05485337         0    0.29   0.18      0.53
434  1.00000000 0.4622760 0.05485337         0    0.29   0.18      0.53
435  1.00000000 0.4622760 0.05485337         0    0.29   0.18      0.53
436  0.25390625 0.4622760 0.05485337         0    0.29   0.18      0.53
437  1.00000000 0.4622760 0.05485337         0    0.29   0.18      0.53
438  1.00000000 0.4622760 0.05485337         0    0.29   0.18      0.53
439  1.00000000 0.4622760 0.05485337         0    0.29   0.18      0.53
440  1.00000000 0.4622760 0.05485337         0    0.29   0.18      0.53
441  0.32812500 0.4622760 0.05485337         0    0.29   0.18      0.53
442  1.00000000 0.4622760 0.05485337         0    0.29   0.18      0.53
443  0.37890625 0.4622760 0.05485337         0    0.29   0.18      0.53
444  0.17187500 0.4622760 0.05485337         0    0.29   0.18      0.53
445  0.26562500 0.4622760 0.05485337         0    0.29   0.18      0.53
446  0.26171875 0.4622760 0.05485337         0    0.29   0.18      0.53
447  0.36718750 0.4622760 0.05485337         0    0.29   0.18      0.53
448  0.61718750 0.4622760 0.05485337         0    0.29   0.18      0.53
449  1.00000000 0.4622760 0.05485337         0    0.29   0.18      0.53
450  0.22656250 0.4622760 0.05485337         0    0.29   0.18      0.53
451  1.00000000 0.4622760 0.05485337         0    0.29   0.18      0.53
452  0.28906250 0.4622760 0.05485337         0    0.29   0.18      0.53
453  0.28906250 0.4622760 0.05485337         0    0.29   0.18      0.53
454  1.00000000 0.4622760 0.05485337         0    0.29   0.18      0.53
455  1.00000000 0.4622760 0.05485337         0    0.29   0.18      0.53
456  1.00000000 0.4622760 0.05485337         0    0.29   0.18      0.53
457  0.28515625 0.4622760 0.05485337         0    0.29   0.18      0.53
458  1.00000000 0.4622760 0.05485337         0    0.29   0.18      0.53
459  0.12109375 0.4622760 0.05485337         0    0.29   0.18      0.53
460  0.19921875 0.4622760 0.05485337         0    0.29   0.18      0.53
461  0.26562500 0.4622760 0.05485337         0    0.29   0.18      0.53
462  1.00000000 0.4622760 0.05485337         0    0.29   0.18      0.53
463  1.00000000 0.4622760 0.05485337         0    0.29   0.18      0.53
464  1.00000000 0.4622760 0.05485337         0    0.29   0.18      0.53
465  1.00000000 0.4622760 0.05485337         0    0.29   0.18      0.53
466  1.00000000 0.4622760 0.05485337         0    0.29   0.18      0.53
467  0.15625000 0.4622760 0.05485337         0    0.29   0.18      0.53
468  1.00000000 0.4622760 0.05485337         0    0.29   0.18      0.53
469  0.27343750 0.4622760 0.05485337         0    0.29   0.18      0.53
470  0.28125000 0.4622760 0.05485337         0    0.29   0.18      0.53
471  1.00000000 0.4622760 0.05485337         0    0.29   0.18      0.53
472  0.32031250 0.4622760 0.05485337         0    0.29   0.18      0.53
473  0.52343750 0.4622760 0.05485337         0    0.29   0.18      0.53
474  1.00000000 0.4622760 0.05485337         0    0.29   0.18      0.53
475  0.18750000 0.4622760 0.05485337         0    0.29   0.18      0.53
476  1.00000000 0.4622760 0.05485337         0    0.29   0.18      0.53
477  1.00000000 0.4622760 0.05485337         0    0.29   0.18      0.53
478  1.00000000 0.4622760 0.05485337         0    0.29   0.18      0.53
479  0.42578125 0.4622760 0.05485337         0    0.29   0.18      0.53
480  1.00000000 0.4622760 0.05485337         0    0.29   0.18      0.53
481  0.47265625 0.4622760 0.05485337         0    0.29   0.18      0.53
482  1.00000000 0.4622760 0.05485337         0    0.29   0.18      0.53
483  0.70703125 0.4622760 0.05485337         0    0.29   0.18      0.53
484  0.13671875 0.4622760 0.05485337         0    0.29   0.18      0.53
485  1.00000000 0.4622760 0.05485337         0    0.29   0.18      0.53
486  1.00000000 0.4622760 0.05485337         0    0.29   0.18      0.53
487  1.00000000 0.4622760 0.05485337         0    0.29   0.18      0.53
488  1.00000000 0.4622760 0.05485337         0    0.29   0.18      0.53
489  1.00000000 0.4622760 0.05485337         0    0.29   0.18      0.53
490  1.00000000 0.4622760 0.05485337         0    0.29   0.18      0.53
491  1.00000000 0.4622760 0.05485337         0    0.29   0.18      0.53
492  0.28125000 0.4622760 0.05485337         0    0.29   0.18      0.53
493  0.66406250 0.4622760 0.05485337         0    0.29   0.18      0.53
494  1.00000000 0.4622760 0.05485337         0    0.29   0.18      0.53
495  0.91015625 0.4622760 0.05485337         0    0.29   0.18      0.53
496  0.20312500 0.4622760 0.05485337         0    0.29   0.18      0.53
497  1.00000000 0.4622760 0.05485337         0    0.29   0.18      0.53
498  1.00000000 0.4622760 0.05485337         0    0.29   0.18      0.53
499  0.38671875 0.4622760 0.05485337         0    0.29   0.18      0.53
500  0.21875000 0.4622760 0.05485337         0    0.29   0.18      0.53
501  1.00000000 0.4323130 0.05227906         0    0.33   0.24      0.43
502  0.32421875 0.4323130 0.05227906         0    0.33   0.24      0.43
503  0.41015625 0.4323130 0.05227906         0    0.33   0.24      0.43
504  0.18750000 0.4323130 0.05227906         0    0.33   0.24      0.43
505  0.29296875 0.4323130 0.05227906         0    0.33   0.24      0.43
506  1.00000000 0.4323130 0.05227906         0    0.33   0.24      0.43
507  0.35546875 0.4323130 0.05227906         0    0.33   0.24      0.43
508  1.00000000 0.4323130 0.05227906         0    0.33   0.24      0.43
509  1.00000000 0.4323130 0.05227906         0    0.33   0.24      0.43
510  0.24218750 0.4323130 0.05227906         0    0.33   0.24      0.43
511  0.61718750 0.4323130 0.05227906         0    0.33   0.24      0.43
512  0.17187500 0.4323130 0.05227906         0    0.33   0.24      0.43
513  0.37890625 0.4323130 0.05227906         0    0.33   0.24      0.43
514  1.00000000 0.4323130 0.05227906         0    0.33   0.24      0.43
515  0.59375000 0.4323130 0.05227906         0    0.33   0.24      0.43
516  1.00000000 0.4323130 0.05227906         0    0.33   0.24      0.43
517  0.33984375 0.4323130 0.05227906         0    0.33   0.24      0.43
518  0.54296875 0.4323130 0.05227906         0    0.33   0.24      0.43
519  1.00000000 0.4323130 0.05227906         0    0.33   0.24      0.43
520  1.00000000 0.4323130 0.05227906         0    0.33   0.24      0.43
521  1.00000000 0.4323130 0.05227906         0    0.33   0.24      0.43
522  1.00000000 0.4323130 0.05227906         0    0.33   0.24      0.43
523  0.31250000 0.4323130 0.05227906         0    0.33   0.24      0.43
524  1.00000000 0.4323130 0.05227906         0    0.33   0.24      0.43
525  0.26562500 0.4323130 0.05227906         0    0.33   0.24      0.43
526  0.40234375 0.4323130 0.05227906         0    0.33   0.24      0.43
527  1.00000000 0.4323130 0.05227906         0    0.33   0.24      0.43
528  0.30468750 0.4323130 0.05227906         0    0.33   0.24      0.43
529  0.21484375 0.4323130 0.05227906         0    0.33   0.24      0.43
530  1.00000000 0.4323130 0.05227906         0    0.33   0.24      0.43
531  1.00000000 0.4323130 0.05227906         0    0.33   0.24      0.43
532  1.00000000 0.4323130 0.05227906         0    0.33   0.24      0.43
533  1.00000000 0.4323130 0.05227906         0    0.33   0.24      0.43
534  0.23828125 0.4323130 0.05227906         0    0.33   0.24      0.43
535  0.28515625 0.4323130 0.05227906         0    0.33   0.24      0.43
536  0.52734375 0.4323130 0.05227906         0    0.33   0.24      0.43
537  0.17187500 0.4323130 0.05227906         0    0.33   0.24      0.43
538  0.41796875 0.4323130 0.05227906         0    0.33   0.24      0.43
539  0.28125000 0.4323130 0.05227906         0    0.33   0.24      0.43
540  0.33984375 0.4323130 0.05227906         0    0.33   0.24      0.43
541  1.00000000 0.4323130 0.05227906         0    0.33   0.24      0.43
542  0.37890625 0.4323130 0.05227906         0    0.33   0.24      0.43
543  1.00000000 0.4323130 0.05227906         0    0.33   0.24      0.43
544  1.00000000 0.4323130 0.05227906         0    0.33   0.24      0.43
545  1.00000000 0.4323130 0.05227906         0    0.33   0.24      0.43
546  1.00000000 0.4323130 0.05227906         0    0.33   0.24      0.43
547  0.48046875 0.4323130 0.05227906         0    0.33   0.24      0.43
548  0.15625000 0.4323130 0.05227906         0    0.33   0.24      0.43
549  1.00000000 0.4323130 0.05227906         0    0.33   0.24      0.43
550  0.59375000 0.4323130 0.05227906         0    0.33   0.24      0.43
551  0.16015625 0.4323130 0.05227906         0    0.33   0.24      0.43
552  0.21093750 0.4323130 0.05227906         0    0.33   0.24      0.43
553  0.24218750 0.4323130 0.05227906         0    0.33   0.24      0.43
554  1.00000000 0.4323130 0.05227906         0    0.33   0.24      0.43
555  0.27734375 0.4323130 0.05227906         0    0.33   0.24      0.43
556  1.00000000 0.4323130 0.05227906         0    0.33   0.24      0.43
557  0.19921875 0.4323130 0.05227906         0    0.33   0.24      0.43
558  1.00000000 0.4323130 0.05227906         0    0.33   0.24      0.43
559  1.00000000 0.4323130 0.05227906         0    0.33   0.24      0.43
560  0.56640625 0.4323130 0.05227906         0    0.33   0.24      0.43
561  0.34765625 0.4323130 0.05227906         0    0.33   0.24      0.43
562  0.20312500 0.4323130 0.05227906         0    0.33   0.24      0.43
563  1.00000000 0.4323130 0.05227906         0    0.33   0.24      0.43
564  0.22265625 0.4323130 0.05227906         0    0.33   0.24      0.43
565  0.17968750 0.4323130 0.05227906         0    0.33   0.24      0.43
566  0.28906250 0.4323130 0.05227906         0    0.33   0.24      0.43
567  0.19531250 0.4323130 0.05227906         0    0.33   0.24      0.43
568  1.00000000 0.4323130 0.05227906         0    0.33   0.24      0.43
569  0.26953125 0.4323130 0.05227906         0    0.33   0.24      0.43
570  0.26171875 0.4323130 0.05227906         0    0.33   0.24      0.43
571  0.20312500 0.4323130 0.05227906         0    0.33   0.24      0.43
572  0.18359375 0.4323130 0.05227906         0    0.33   0.24      0.43
573  0.13671875 0.4323130 0.05227906         0    0.33   0.24      0.43
574  0.26953125 0.4323130 0.05227906         0    0.33   0.24      0.43
575  0.25781250 0.4323130 0.05227906         0    0.33   0.24      0.43
576  0.35937500 0.4323130 0.05227906         0    0.33   0.24      0.43
577  1.00000000 0.4323130 0.05227906         0    0.33   0.24      0.43
578  0.17187500 0.4323130 0.05227906         0    0.33   0.24      0.43
579  0.28906250 0.4323130 0.05227906         0    0.33   0.24      0.43
580  0.41796875 0.4323130 0.05227906         0    0.33   0.24      0.43
581  0.18359375 0.4323130 0.05227906         0    0.33   0.24      0.43
582  0.26953125 0.4323130 0.05227906         0    0.33   0.24      0.43
583  1.00000000 0.4323130 0.05227906         0    0.33   0.24      0.43
584  1.00000000 0.4323130 0.05227906         0    0.33   0.24      0.43
585  1.00000000 0.4323130 0.05227906         0    0.33   0.24      0.43
586  1.00000000 0.4323130 0.05227906         0    0.33   0.24      0.43
587  0.66015625 0.4323130 0.05227906         0    0.33   0.24      0.43
588  0.20312500 0.4323130 0.05227906         0    0.33   0.24      0.43
589  0.54296875 0.4323130 0.05227906         0    0.33   0.24      0.43
590  1.00000000 0.4323130 0.05227906         0    0.33   0.24      0.43
591  1.00000000 0.4323130 0.05227906         0    0.33   0.24      0.43
592  1.00000000 0.4323130 0.05227906         0    0.33   0.24      0.43
593  0.41796875 0.4323130 0.05227906         0    0.33   0.24      0.43
594  0.31640625 0.4323130 0.05227906         0    0.33   0.24      0.43
595  1.00000000 0.4323130 0.05227906         0    0.33   0.24      0.43
596  0.38281250 0.4323130 0.05227906         0    0.33   0.24      0.43
597  0.19921875 0.4323130 0.05227906         0    0.33   0.24      0.43
598  0.23828125 0.4323130 0.05227906         0    0.33   0.24      0.43
599  0.52343750 0.4323130 0.05227906         0    0.33   0.24      0.43
600  0.27734375 0.4323130 0.05227906         0    0.33   0.24      0.43
601  1.00000000 0.3651170 0.04610943         0    0.43   0.19      0.38
602  1.00000000 0.3651170 0.04610943         0    0.43   0.19      0.38
603  1.00000000 0.3651170 0.04610943         0    0.43   0.19      0.38
604  0.27734375 0.3651170 0.04610943         0    0.43   0.19      0.38
605  1.00000000 0.3651170 0.04610943         0    0.43   0.19      0.38
606  0.42968750 0.3651170 0.04610943         0    0.43   0.19      0.38
607  0.31250000 0.3651170 0.04610943         0    0.43   0.19      0.38
608  1.00000000 0.3651170 0.04610943         0    0.43   0.19      0.38
609  0.27734375 0.3651170 0.04610943         0    0.43   0.19      0.38
610  0.20703125 0.3651170 0.04610943         0    0.43   0.19      0.38
611  0.16015625 0.3651170 0.04610943         0    0.43   0.19      0.38
612  0.28906250 0.3651170 0.04610943         0    0.43   0.19      0.38
613  0.27343750 0.3651170 0.04610943         0    0.43   0.19      0.38
614  1.00000000 0.3651170 0.04610943         0    0.43   0.19      0.38
615  0.46093750 0.3651170 0.04610943         0    0.43   0.19      0.38
616  0.40625000 0.3651170 0.04610943         0    0.43   0.19      0.38
617  1.00000000 0.3651170 0.04610943         0    0.43   0.19      0.38
618  0.37500000 0.3651170 0.04610943         0    0.43   0.19      0.38
619  0.19921875 0.3651170 0.04610943         0    0.43   0.19      0.38
620  0.09765625 0.3651170 0.04610943         0    0.43   0.19      0.38
621  1.00000000 0.3651170 0.04610943         0    0.43   0.19      0.38
622  0.44531250 0.3651170 0.04610943         0    0.43   0.19      0.38
623  0.38281250 0.3651170 0.04610943         0    0.43   0.19      0.38
624  1.00000000 0.3651170 0.04610943         0    0.43   0.19      0.38
625  0.41015625 0.3651170 0.04610943         0    0.43   0.19      0.38
626  0.43359375 0.3651170 0.04610943         0    0.43   0.19      0.38
627  1.00000000 0.3651170 0.04610943         0    0.43   0.19      0.38
628  0.22656250 0.3651170 0.04610943         0    0.43   0.19      0.38
629  1.00000000 0.3651170 0.04610943         0    0.43   0.19      0.38
630  0.17968750 0.3651170 0.04610943         0    0.43   0.19      0.38
631  1.00000000 0.3651170 0.04610943         0    0.43   0.19      0.38
632  0.35546875 0.3651170 0.04610943         0    0.43   0.19      0.38
633  0.19921875 0.3651170 0.04610943         0    0.43   0.19      0.38
634  0.15625000 0.3651170 0.04610943         0    0.43   0.19      0.38
635  0.24218750 0.3651170 0.04610943         0    0.43   0.19      0.38
636  0.26171875 0.3651170 0.04610943         0    0.43   0.19      0.38
637  0.27734375 0.3651170 0.04610943         0    0.43   0.19      0.38
638  1.00000000 0.3651170 0.04610943         0    0.43   0.19      0.38
639  0.62109375 0.3651170 0.04610943         0    0.43   0.19      0.38
640  0.54687500 0.3651170 0.04610943         0    0.43   0.19      0.38
641  1.00000000 0.3651170 0.04610943         0    0.43   0.19      0.38
642  1.00000000 0.3651170 0.04610943         0    0.43   0.19      0.38
643  1.00000000 0.3651170 0.04610943         0    0.43   0.19      0.38
644  0.25781250 0.3651170 0.04610943         0    0.43   0.19      0.38
645  0.28515625 0.3651170 0.04610943         0    0.43   0.19      0.38
646  0.26562500 0.3651170 0.04610943         0    0.43   0.19      0.38
647  0.56640625 0.3651170 0.04610943         0    0.43   0.19      0.38
648  1.00000000 0.3651170 0.04610943         0    0.43   0.19      0.38
649  1.00000000 0.3651170 0.04610943         0    0.43   0.19      0.38
650  0.28515625 0.3651170 0.04610943         0    0.43   0.19      0.38
651  0.37109375 0.3651170 0.04610943         0    0.43   0.19      0.38
652  1.00000000 0.3651170 0.04610943         0    0.43   0.19      0.38
653  0.08203125 0.3651170 0.04610943         0    0.43   0.19      0.38
654  0.17187500 0.3651170 0.04610943         0    0.43   0.19      0.38
655  1.00000000 0.3651170 0.04610943         0    0.43   0.19      0.38
656  0.41406250 0.3651170 0.04610943         0    0.43   0.19      0.38
657  0.22265625 0.3651170 0.04610943         0    0.43   0.19      0.38
658  0.33984375 0.3651170 0.04610943         0    0.43   0.19      0.38
659  1.00000000 0.3651170 0.04610943         0    0.43   0.19      0.38
660  0.10546875 0.3651170 0.04610943         0    0.43   0.19      0.38
661  0.25000000 0.3651170 0.04610943         0    0.43   0.19      0.38
662  1.00000000 0.3651170 0.04610943         0    0.43   0.19      0.38
663  1.00000000 0.3651170 0.04610943         0    0.43   0.19      0.38
664  0.30468750 0.3651170 0.04610943         0    0.43   0.19      0.38
665  0.25000000 0.3651170 0.04610943         0    0.43   0.19      0.38
666  0.23437500 0.3651170 0.04610943         0    0.43   0.19      0.38
667  0.25781250 0.3651170 0.04610943         0    0.43   0.19      0.38
668  0.22265625 0.3651170 0.04610943         0    0.43   0.19      0.38
669  1.00000000 0.3651170 0.04610943         0    0.43   0.19      0.38
670  0.25781250 0.3651170 0.04610943         0    0.43   0.19      0.38
671  1.00000000 0.3651170 0.04610943         0    0.43   0.19      0.38
672  1.00000000 0.3651170 0.04610943         0    0.43   0.19      0.38
673  0.21093750 0.3651170 0.04610943         0    0.43   0.19      0.38
674  0.64062500 0.3651170 0.04610943         0    0.43   0.19      0.38
675  1.00000000 0.3651170 0.04610943         0    0.43   0.19      0.38
676  1.00000000 0.3651170 0.04610943         0    0.43   0.19      0.38
677  0.37109375 0.3651170 0.04610943         0    0.43   0.19      0.38
678  0.39843750 0.3651170 0.04610943         0    0.43   0.19      0.38
679  1.00000000 0.3651170 0.04610943         0    0.43   0.19      0.38
680  0.26562500 0.3651170 0.04610943         0    0.43   0.19      0.38
681  1.00000000 0.3651170 0.04610943         0    0.43   0.19      0.38
682  0.14062500 0.3651170 0.04610943         0    0.43   0.19      0.38
683  0.32812500 0.3651170 0.04610943         0    0.43   0.19      0.38
684  0.16796875 0.3651170 0.04610943         0    0.43   0.19      0.38
685  0.50781250 0.3651170 0.04610943         0    0.43   0.19      0.38
686  0.23046875 0.3651170 0.04610943         0    0.43   0.19      0.38
687  0.25000000 0.3651170 0.04610943         0    0.43   0.19      0.38
688  0.14843750 0.3651170 0.04610943         0    0.43   0.19      0.38
689  0.37890625 0.3651170 0.04610943         0    0.43   0.19      0.38
690  1.00000000 0.3651170 0.04610943         0    0.43   0.19      0.38
691  0.14843750 0.3651170 0.04610943         0    0.43   0.19      0.38
692  0.11718750 0.3651170 0.04610943         0    0.43   0.19      0.38
693  1.00000000 0.3651170 0.04610943         0    0.43   0.19      0.38
694  0.23437500 0.3651170 0.04610943         0    0.43   0.19      0.38
695  0.08984375 0.3651170 0.04610943         0    0.43   0.19      0.38
696  0.16406250 0.3651170 0.04610943         0    0.43   0.19      0.38
697  0.19921875 0.3651170 0.04610943         0    0.43   0.19      0.38
698  0.39843750 0.3651170 0.04610943         0    0.43   0.19      0.38
699  0.22656250 0.3651170 0.04610943         0    0.43   0.19      0.38
700  1.00000000 0.3651170 0.04610943         0    0.43   0.19      0.38
701  0.71484375 0.2680821 0.06478818         0    0.28   0.29      0.43
702  0.64843750 0.2680821 0.06478818         0    0.28   0.29      0.43
703  1.00000000 0.2680821 0.06478818         0    0.28   0.29      0.43
704  1.00000000 0.2680821 0.06478818         0    0.28   0.29      0.43
705  0.19140625 0.2680821 0.06478818         0    0.28   0.29      0.43
706  0.33203125 0.2680821 0.06478818         0    0.28   0.29      0.43
707  0.44140625 0.2680821 0.06478818         0    0.28   0.29      0.43
708  0.64062500 0.2680821 0.06478818         0    0.28   0.29      0.43
709  1.00000000 0.2680821 0.06478818         0    0.28   0.29      0.43
710  0.40234375 0.2680821 0.06478818         0    0.28   0.29      0.43
711  0.46484375 0.2680821 0.06478818         0    0.28   0.29      0.43
712  0.43359375 0.2680821 0.06478818         0    0.28   0.29      0.43
713  1.00000000 0.2680821 0.06478818         0    0.28   0.29      0.43
714  0.42187500 0.2680821 0.06478818         0    0.28   0.29      0.43
715  0.26562500 0.2680821 0.06478818         0    0.28   0.29      0.43
716  1.00000000 0.2680821 0.06478818         0    0.28   0.29      0.43
717  0.44531250 0.2680821 0.06478818         0    0.28   0.29      0.43
718  0.23046875 0.2680821 0.06478818         0    0.28   0.29      0.43
719  0.32812500 0.2680821 0.06478818         0    0.28   0.29      0.43
720  0.40625000 0.2680821 0.06478818         0    0.28   0.29      0.43
721  0.67187500 0.2680821 0.06478818         0    0.28   0.29      0.43
722  0.41406250 0.2680821 0.06478818         0    0.28   0.29      0.43
723  1.00000000 0.2680821 0.06478818         0    0.28   0.29      0.43
724  1.00000000 0.2680821 0.06478818         0    0.28   0.29      0.43
725  0.35937500 0.2680821 0.06478818         0    0.28   0.29      0.43
726  1.00000000 0.2680821 0.06478818         0    0.28   0.29      0.43
727  0.33593750 0.2680821 0.06478818         0    0.28   0.29      0.43
728  0.58984375 0.2680821 0.06478818         0    0.28   0.29      0.43
729  1.00000000 0.2680821 0.06478818         0    0.28   0.29      0.43
730  1.00000000 0.2680821 0.06478818         0    0.28   0.29      0.43
731  0.64843750 0.2680821 0.06478818         0    0.28   0.29      0.43
732  0.31250000 0.2680821 0.06478818         0    0.28   0.29      0.43
733  0.57421875 0.2680821 0.06478818         0    0.28   0.29      0.43
734  0.24609375 0.2680821 0.06478818         0    0.28   0.29      0.43
735  1.00000000 0.2680821 0.06478818         0    0.28   0.29      0.43
736  1.00000000 0.2680821 0.06478818         0    0.28   0.29      0.43
737  0.31250000 0.2680821 0.06478818         0    0.28   0.29      0.43
738  0.49218750 0.2680821 0.06478818         0    0.28   0.29      0.43
739  0.28515625 0.2680821 0.06478818         0    0.28   0.29      0.43
740  0.46093750 0.2680821 0.06478818         0    0.28   0.29      0.43
741  0.42968750 0.2680821 0.06478818         0    0.28   0.29      0.43
742  0.49218750 0.2680821 0.06478818         0    0.28   0.29      0.43
743  1.00000000 0.2680821 0.06478818         0    0.28   0.29      0.43
744  0.33984375 0.2680821 0.06478818         0    0.28   0.29      0.43
745  0.61328125 0.2680821 0.06478818         0    0.28   0.29      0.43
746  0.46484375 0.2680821 0.06478818         0    0.28   0.29      0.43
747  1.00000000 0.2680821 0.06478818         0    0.28   0.29      0.43
748  0.22656250 0.2680821 0.06478818         0    0.28   0.29      0.43
749  0.26953125 0.2680821 0.06478818         0    0.28   0.29      0.43
750  0.55468750 0.2680821 0.06478818         0    0.28   0.29      0.43
751  0.66796875 0.2680821 0.06478818         0    0.28   0.29      0.43
752  0.26953125 0.2680821 0.06478818         0    0.28   0.29      0.43
753  0.57421875 0.2680821 0.06478818         0    0.28   0.29      0.43
754  0.56250000 0.2680821 0.06478818         0    0.28   0.29      0.43
755  0.75000000 0.2680821 0.06478818         0    0.28   0.29      0.43
756  1.00000000 0.2680821 0.06478818         0    0.28   0.29      0.43
757  0.37500000 0.2680821 0.06478818         0    0.28   0.29      0.43
758  0.48828125 0.2680821 0.06478818         0    0.28   0.29      0.43
759  1.00000000 0.2680821 0.06478818         0    0.28   0.29      0.43
760  0.48046875 0.2680821 0.06478818         0    0.28   0.29      0.43
761  1.00000000 0.2680821 0.06478818         0    0.28   0.29      0.43
762  0.31640625 0.2680821 0.06478818         0    0.28   0.29      0.43
763  0.33203125 0.2680821 0.06478818         0    0.28   0.29      0.43
764  0.31250000 0.2680821 0.06478818         0    0.28   0.29      0.43
765  0.41796875 0.2680821 0.06478818         0    0.28   0.29      0.43
766  1.00000000 0.2680821 0.06478818         0    0.28   0.29      0.43
767  0.62109375 0.2680821 0.06478818         0    0.28   0.29      0.43
768  0.57421875 0.2680821 0.06478818         0    0.28   0.29      0.43
769  0.29687500 0.2680821 0.06478818         0    0.28   0.29      0.43
770  1.00000000 0.2680821 0.06478818         0    0.28   0.29      0.43
771  0.55078125 0.2680821 0.06478818         0    0.28   0.29      0.43
772  0.33203125 0.2680821 0.06478818         0    0.28   0.29      0.43
773  0.31640625 0.2680821 0.06478818         0    0.28   0.29      0.43
774  0.16015625 0.2680821 0.06478818         0    0.28   0.29      0.43
775  0.22265625 0.2680821 0.06478818         0    0.28   0.29      0.43
776  1.00000000 0.2680821 0.06478818         0    0.28   0.29      0.43
777  0.43359375 0.2680821 0.06478818         0    0.28   0.29      0.43
778  1.00000000 0.2680821 0.06478818         0    0.28   0.29      0.43
779  0.26953125 0.2680821 0.06478818         0    0.28   0.29      0.43
780  0.23046875 0.2680821 0.06478818         0    0.28   0.29      0.43
781  0.44921875 0.2680821 0.06478818         0    0.28   0.29      0.43
782  1.00000000 0.2680821 0.06478818         0    0.28   0.29      0.43
783  1.00000000 0.2680821 0.06478818         0    0.28   0.29      0.43
784  1.00000000 0.2680821 0.06478818         0    0.28   0.29      0.43
785  1.00000000 0.2680821 0.06478818         0    0.28   0.29      0.43
786  1.00000000 0.2680821 0.06478818         0    0.28   0.29      0.43
787  0.22656250 0.2680821 0.06478818         0    0.28   0.29      0.43
788  0.54296875 0.2680821 0.06478818         0    0.28   0.29      0.43
789  0.42187500 0.2680821 0.06478818         0    0.28   0.29      0.43
790  0.63671875 0.2680821 0.06478818         0    0.28   0.29      0.43
791  1.00000000 0.2680821 0.06478818         0    0.28   0.29      0.43
792  0.50781250 0.2680821 0.06478818         0    0.28   0.29      0.43
793  1.00000000 0.2680821 0.06478818         0    0.28   0.29      0.43
794  0.26562500 0.2680821 0.06478818         0    0.28   0.29      0.43
795  0.54296875 0.2680821 0.06478818         0    0.28   0.29      0.43
796  1.00000000 0.2680821 0.06478818         0    0.28   0.29      0.43
797  0.42187500 0.2680821 0.06478818         0    0.28   0.29      0.43
798  1.00000000 0.2680821 0.06478818         0    0.28   0.29      0.43
799  0.44921875 0.2680821 0.06478818         0    0.28   0.29      0.43
800  1.00000000 0.2680821 0.06478818         0    0.28   0.29      0.43
801  0.12500000 0.4037572 0.04949928         0    0.40   0.25      0.35
802  1.00000000 0.4037572 0.04949928         0    0.40   0.25      0.35
803  0.19921875 0.4037572 0.04949928         0    0.40   0.25      0.35
804  0.32812500 0.4037572 0.04949928         0    0.40   0.25      0.35
805  0.25000000 0.4037572 0.04949928         0    0.40   0.25      0.35
806  0.21093750 0.4037572 0.04949928         0    0.40   0.25      0.35
807  0.24609375 0.4037572 0.04949928         0    0.40   0.25      0.35
808  1.00000000 0.4037572 0.04949928         0    0.40   0.25      0.35
809  0.40625000 0.4037572 0.04949928         0    0.40   0.25      0.35
810  1.00000000 0.4037572 0.04949928         0    0.40   0.25      0.35
811  0.39453125 0.4037572 0.04949928         0    0.40   0.25      0.35
812  0.25390625 0.4037572 0.04949928         0    0.40   0.25      0.35
813  0.55468750 0.4037572 0.04949928         0    0.40   0.25      0.35
814  1.00000000 0.4037572 0.04949928         0    0.40   0.25      0.35
815  0.30078125 0.4037572 0.04949928         0    0.40   0.25      0.35
816  1.00000000 0.4037572 0.04949928         0    0.40   0.25      0.35
817  0.26953125 0.4037572 0.04949928         0    0.40   0.25      0.35
818  0.19140625 0.4037572 0.04949928         0    0.40   0.25      0.35
819  0.16406250 0.4037572 0.04949928         0    0.40   0.25      0.35
820  0.25000000 0.4037572 0.04949928         0    0.40   0.25      0.35
821  1.00000000 0.4037572 0.04949928         0    0.40   0.25      0.35
822  0.53515625 0.4037572 0.04949928         0    0.40   0.25      0.35
823  0.31250000 0.4037572 0.04949928         0    0.40   0.25      0.35
824  0.60156250 0.4037572 0.04949928         0    0.40   0.25      0.35
825  0.25000000 0.4037572 0.04949928         0    0.40   0.25      0.35
826  0.24609375 0.4037572 0.04949928         0    0.40   0.25      0.35
827  0.18750000 0.4037572 0.04949928         0    0.40   0.25      0.35
828  1.00000000 0.4037572 0.04949928         0    0.40   0.25      0.35
829  0.62890625 0.4037572 0.04949928         0    0.40   0.25      0.35
830  1.00000000 0.4037572 0.04949928         0    0.40   0.25      0.35
831  1.00000000 0.4037572 0.04949928         0    0.40   0.25      0.35
832  1.00000000 0.4037572 0.04949928         0    0.40   0.25      0.35
833  0.25781250 0.4037572 0.04949928         0    0.40   0.25      0.35
834  0.25000000 0.4037572 0.04949928         0    0.40   0.25      0.35
835  0.70312500 0.4037572 0.04949928         0    0.40   0.25      0.35
836  0.19140625 0.4037572 0.04949928         0    0.40   0.25      0.35
837  0.22265625 0.4037572 0.04949928         0    0.40   0.25      0.35
838  0.17578125 0.4037572 0.04949928         0    0.40   0.25      0.35
839  0.31250000 0.4037572 0.04949928         0    0.40   0.25      0.35
840  1.00000000 0.4037572 0.04949928         0    0.40   0.25      0.35
841  1.00000000 0.4037572 0.04949928         0    0.40   0.25      0.35
842  0.26171875 0.4037572 0.04949928         0    0.40   0.25      0.35
843  1.00000000 0.4037572 0.04949928         0    0.40   0.25      0.35
844  0.19921875 0.4037572 0.04949928         0    0.40   0.25      0.35
845  0.24609375 0.4037572 0.04949928         0    0.40   0.25      0.35
846  1.00000000 0.4037572 0.04949928         0    0.40   0.25      0.35
847  0.35937500 0.4037572 0.04949928         0    0.40   0.25      0.35
848  0.19921875 0.4037572 0.04949928         0    0.40   0.25      0.35
849  1.00000000 0.4037572 0.04949928         0    0.40   0.25      0.35
850  1.00000000 0.4037572 0.04949928         0    0.40   0.25      0.35
851  0.16796875 0.4037572 0.04949928         0    0.40   0.25      0.35
852  1.00000000 0.4037572 0.04949928         0    0.40   0.25      0.35
853  1.00000000 0.4037572 0.04949928         0    0.40   0.25      0.35
854  0.44140625 0.4037572 0.04949928         0    0.40   0.25      0.35
855  1.00000000 0.4037572 0.04949928         0    0.40   0.25      0.35
856  1.00000000 0.4037572 0.04949928         0    0.40   0.25      0.35
857  1.00000000 0.4037572 0.04949928         0    0.40   0.25      0.35
858  1.00000000 0.4037572 0.04949928         0    0.40   0.25      0.35
859  0.26562500 0.4037572 0.04949928         0    0.40   0.25      0.35
860  0.41796875 0.4037572 0.04949928         0    0.40   0.25      0.35
861  0.43750000 0.4037572 0.04949928         0    0.40   0.25      0.35
862  0.36328125 0.4037572 0.04949928         0    0.40   0.25      0.35
863  1.00000000 0.4037572 0.04949928         0    0.40   0.25      0.35
864  0.57421875 0.4037572 0.04949928         0    0.40   0.25      0.35
865  0.25000000 0.4037572 0.04949928         0    0.40   0.25      0.35
866  0.22265625 0.4037572 0.04949928         0    0.40   0.25      0.35
867  0.20312500 0.4037572 0.04949928         0    0.40   0.25      0.35
868  0.15625000 0.4037572 0.04949928         0    0.40   0.25      0.35
869  1.00000000 0.4037572 0.04949928         0    0.40   0.25      0.35
870  0.15625000 0.4037572 0.04949928         0    0.40   0.25      0.35
871  1.00000000 0.4037572 0.04949928         0    0.40   0.25      0.35
872  0.16015625 0.4037572 0.04949928         0    0.40   0.25      0.35
873  1.00000000 0.4037572 0.04949928         0    0.40   0.25      0.35
874  0.34375000 0.4037572 0.04949928         0    0.40   0.25      0.35
875  0.16796875 0.4037572 0.04949928         0    0.40   0.25      0.35
876  0.30859375 0.4037572 0.04949928         0    0.40   0.25      0.35
877  0.15625000 0.4037572 0.04949928         0    0.40   0.25      0.35
878  0.34375000 0.4037572 0.04949928         0    0.40   0.25      0.35
879  0.26953125 0.4037572 0.04949928         0    0.40   0.25      0.35
880  0.20703125 0.4037572 0.04949928         0    0.40   0.25      0.35
881  0.21093750 0.4037572 0.04949928         0    0.40   0.25      0.35
882  1.00000000 0.4037572 0.04949928         0    0.40   0.25      0.35
883  0.25000000 0.4037572 0.04949928         0    0.40   0.25      0.35
884  0.31250000 0.4037572 0.04949928         0    0.40   0.25      0.35
885  1.00000000 0.4037572 0.04949928         0    0.40   0.25      0.35
886  0.31250000 0.4037572 0.04949928         0    0.40   0.25      0.35
887  0.21484375 0.4037572 0.04949928         0    0.40   0.25      0.35
888  0.23437500 0.4037572 0.04949928         0    0.40   0.25      0.35
889  0.67578125 0.4037572 0.04949928         0    0.40   0.25      0.35
890  0.27343750 0.4037572 0.04949928         0    0.40   0.25      0.35
891  0.16406250 0.4037572 0.04949928         0    0.40   0.25      0.35
892  0.14843750 0.4037572 0.04949928         0    0.40   0.25      0.35
893  1.00000000 0.4037572 0.04949928         0    0.40   0.25      0.35
894  1.00000000 0.4037572 0.04949928         0    0.40   0.25      0.35
895  1.00000000 0.4037572 0.04949928         0    0.40   0.25      0.35
896  0.33984375 0.4037572 0.04949928         0    0.40   0.25      0.35
897  0.55078125 0.4037572 0.04949928         0    0.40   0.25      0.35
898  0.28906250 0.4037572 0.04949928         0    0.40   0.25      0.35
899  0.21875000 0.4037572 0.04949928         0    0.40   0.25      0.35
900  0.33984375 0.4037572 0.04949928         0    0.40   0.25      0.35
901  0.09765625 0.3982438 0.02736239         0    0.34   0.18      0.48
902  1.00000000 0.3982438 0.02736239         0    0.34   0.18      0.48
903  0.10546875 0.3982438 0.02736239         0    0.34   0.18      0.48
904  1.00000000 0.3982438 0.02736239         0    0.34   0.18      0.48
905  0.52734375 0.3982438 0.02736239         0    0.34   0.18      0.48
906  1.00000000 0.3982438 0.02736239         0    0.34   0.18      0.48
907  0.57421875 0.3982438 0.02736239         0    0.34   0.18      0.48
908  0.39843750 0.3982438 0.02736239         0    0.34   0.18      0.48
909  1.00000000 0.3982438 0.02736239         0    0.34   0.18      0.48
910  0.07031250 0.3982438 0.02736239         0    0.34   0.18      0.48
911  0.18359375 0.3982438 0.02736239         0    0.34   0.18      0.48
912  0.12500000 0.3982438 0.02736239         0    0.34   0.18      0.48
913  1.00000000 0.3982438 0.02736239         0    0.34   0.18      0.48
914  0.35546875 0.3982438 0.02736239         0    0.34   0.18      0.48
915  0.07812500 0.3982438 0.02736239         0    0.34   0.18      0.48
916  0.12500000 0.3982438 0.02736239         0    0.34   0.18      0.48
917  0.18359375 0.3982438 0.02736239         0    0.34   0.18      0.48
918  0.08203125 0.3982438 0.02736239         0    0.34   0.18      0.48
919  1.00000000 0.3982438 0.02736239         0    0.34   0.18      0.48
920  1.00000000 0.3982438 0.02736239         0    0.34   0.18      0.48
921  0.11328125 0.3982438 0.02736239         0    0.34   0.18      0.48
922  0.10156250 0.3982438 0.02736239         0    0.34   0.18      0.48
923  0.03906250 0.3982438 0.02736239         0    0.34   0.18      0.48
924  0.15234375 0.3982438 0.02736239         0    0.34   0.18      0.48
925  0.04687500 0.3982438 0.02736239         0    0.34   0.18      0.48
926  0.23828125 0.3982438 0.02736239         0    0.34   0.18      0.48
927  0.14843750 0.3982438 0.02736239         0    0.34   0.18      0.48
928  1.00000000 0.3982438 0.02736239         0    0.34   0.18      0.48
929  1.00000000 0.3982438 0.02736239         0    0.34   0.18      0.48
930  1.00000000 0.3982438 0.02736239         0    0.34   0.18      0.48
931  0.27343750 0.3982438 0.02736239         0    0.34   0.18      0.48
932  1.00000000 0.3982438 0.02736239         0    0.34   0.18      0.48
933  1.00000000 0.3982438 0.02736239         0    0.34   0.18      0.48
934  1.00000000 0.3982438 0.02736239         0    0.34   0.18      0.48
935  0.12890625 0.3982438 0.02736239         0    0.34   0.18      0.48
936  1.00000000 0.3982438 0.02736239         0    0.34   0.18      0.48
937  0.34765625 0.3982438 0.02736239         0    0.34   0.18      0.48
938  1.00000000 0.3982438 0.02736239         0    0.34   0.18      0.48
939  0.11718750 0.3982438 0.02736239         0    0.34   0.18      0.48
940  0.23046875 0.3982438 0.02736239         0    0.34   0.18      0.48
941  0.09765625 0.3982438 0.02736239         0    0.34   0.18      0.48
942  1.00000000 0.3982438 0.02736239         0    0.34   0.18      0.48
943  1.00000000 0.3982438 0.02736239         0    0.34   0.18      0.48
944  0.08593750 0.3982438 0.02736239         0    0.34   0.18      0.48
945  0.23828125 0.3982438 0.02736239         0    0.34   0.18      0.48
946  1.00000000 0.3982438 0.02736239         0    0.34   0.18      0.48
947  1.00000000 0.3982438 0.02736239         0    0.34   0.18      0.48
948  1.00000000 0.3982438 0.02736239         0    0.34   0.18      0.48
949  0.35937500 0.3982438 0.02736239         0    0.34   0.18      0.48
950  0.59375000 0.3982438 0.02736239         0    0.34   0.18      0.48
951  1.00000000 0.3982438 0.02736239         0    0.34   0.18      0.48
952  0.19921875 0.3982438 0.02736239         0    0.34   0.18      0.48
953  0.12500000 0.3982438 0.02736239         0    0.34   0.18      0.48
954  1.00000000 0.3982438 0.02736239         0    0.34   0.18      0.48
955  0.27734375 0.3982438 0.02736239         0    0.34   0.18      0.48
956  1.00000000 0.3982438 0.02736239         0    0.34   0.18      0.48
957  1.00000000 0.3982438 0.02736239         0    0.34   0.18      0.48
958  0.19140625 0.3982438 0.02736239         0    0.34   0.18      0.48
959  0.10546875 0.3982438 0.02736239         0    0.34   0.18      0.48
960  0.07031250 0.3982438 0.02736239         0    0.34   0.18      0.48
961  0.10937500 0.3982438 0.02736239         0    0.34   0.18      0.48
962  1.00000000 0.3982438 0.02736239         0    0.34   0.18      0.48
963  1.00000000 0.3982438 0.02736239         0    0.34   0.18      0.48
964  0.31640625 0.3982438 0.02736239         0    0.34   0.18      0.48
965  0.19921875 0.3982438 0.02736239         0    0.34   0.18      0.48
966  1.00000000 0.3982438 0.02736239         0    0.34   0.18      0.48
967  0.21875000 0.3982438 0.02736239         0    0.34   0.18      0.48
968  0.16015625 0.3982438 0.02736239         0    0.34   0.18      0.48
969  0.06250000 0.3982438 0.02736239         0    0.34   0.18      0.48
970  1.00000000 0.3982438 0.02736239         0    0.34   0.18      0.48
971  0.21484375 0.3982438 0.02736239         0    0.34   0.18      0.48
972  0.11328125 0.3982438 0.02736239         0    0.34   0.18      0.48
973  1.00000000 0.3982438 0.02736239         0    0.34   0.18      0.48
974  0.33203125 0.3982438 0.02736239         0    0.34   0.18      0.48
975  1.00000000 0.3982438 0.02736239         0    0.34   0.18      0.48
976  0.14062500 0.3982438 0.02736239         0    0.34   0.18      0.48
977  0.25390625 0.3982438 0.02736239         0    0.34   0.18      0.48
978  0.31640625 0.3982438 0.02736239         0    0.34   0.18      0.48
979  0.28515625 0.3982438 0.02736239         0    0.34   0.18      0.48
980  1.00000000 0.3982438 0.02736239         0    0.34   0.18      0.48
981  1.00000000 0.3982438 0.02736239         0    0.34   0.18      0.48
982  0.10937500 0.3982438 0.02736239         0    0.34   0.18      0.48
983  1.00000000 0.3982438 0.02736239         0    0.34   0.18      0.48
984  0.08593750 0.3982438 0.02736239         0    0.34   0.18      0.48
985  1.00000000 0.3982438 0.02736239         0    0.34   0.18      0.48
986  0.30859375 0.3982438 0.02736239         0    0.34   0.18      0.48
987  0.34765625 0.3982438 0.02736239         0    0.34   0.18      0.48
988  1.00000000 0.3982438 0.02736239         0    0.34   0.18      0.48
989  0.21875000 0.3982438 0.02736239         0    0.34   0.18      0.48
990  1.00000000 0.3982438 0.02736239         0    0.34   0.18      0.48
991  0.44921875 0.3982438 0.02736239         0    0.34   0.18      0.48
992  1.00000000 0.3982438 0.02736239         0    0.34   0.18      0.48
993  1.00000000 0.3982438 0.02736239         0    0.34   0.18      0.48
994  1.00000000 0.3982438 0.02736239         0    0.34   0.18      0.48
995  0.19531250 0.3982438 0.02736239         0    0.34   0.18      0.48
996  1.00000000 0.3982438 0.02736239         0    0.34   0.18      0.48
997  1.00000000 0.3982438 0.02736239         0    0.34   0.18      0.48
998  1.00000000 0.3982438 0.02736239         0    0.34   0.18      0.48
999  0.12109375 0.3982438 0.02736239         0    0.34   0.18      0.48
1000 1.00000000 0.3982438 0.02736239         0    0.34   0.18      0.48
