      prop.aneu prob.meio  prob.mito dispersal euploid mosaic aneuploid
1    1.00000000 0.4993738 0.01837226         0    0.42   0.09      0.49
2    1.00000000 0.4993738 0.01837226         0    0.42   0.09      0.49
3    0.05078125 0.4993738 0.01837226         0    0.42   0.09      0.49
4    1.00000000 0.4993738 0.01837226         0    0.42   0.09      0.49
5    1.00000000 0.4993738 0.01837226         0    0.42   0.09      0.49
6    0.16406250 0.4993738 0.01837226         0    0.42   0.09      0.49
7    0.06250000 0.4993738 0.01837226         0    0.42   0.09      0.49
8    0.04687500 0.4993738 0.01837226         0    0.42   0.09      0.49
9    0.05078125 0.4993738 0.01837226         0    0.42   0.09      0.49
10   0.05078125 0.4993738 0.01837226         0    0.42   0.09      0.49
11   1.00000000 0.4993738 0.01837226         0    0.42   0.09      0.49
12   1.00000000 0.4993738 0.01837226         0    0.42   0.09      0.49
13   1.00000000 0.4993738 0.01837226         0    0.42   0.09      0.49
14   0.07421875 0.4993738 0.01837226         0    0.42   0.09      0.49
15   1.00000000 0.4993738 0.01837226         0    0.42   0.09      0.49
16   0.08203125 0.4993738 0.01837226         0    0.42   0.09      0.49
17   0.56250000 0.4993738 0.01837226         0    0.42   0.09      0.49
18   1.00000000 0.4993738 0.01837226         0    0.42   0.09      0.49
19   1.00000000 0.4993738 0.01837226         0    0.42   0.09      0.49
20   0.17187500 0.4993738 0.01837226         0    0.42   0.09      0.49
21   0.18359375 0.4993738 0.01837226         0    0.42   0.09      0.49
22   1.00000000 0.4993738 0.01837226         0    0.42   0.09      0.49
23   0.03125000 0.4993738 0.01837226         0    0.42   0.09      0.49
24   1.00000000 0.4993738 0.01837226         0    0.42   0.09      0.49
25   1.00000000 0.4993738 0.01837226         0    0.42   0.09      0.49
26   1.00000000 0.4993738 0.01837226         0    0.42   0.09      0.49
27   1.00000000 0.4993738 0.01837226         0    0.42   0.09      0.49
28   1.00000000 0.4993738 0.01837226         0    0.42   0.09      0.49
29   1.00000000 0.4993738 0.01837226         0    0.42   0.09      0.49
30   0.11718750 0.4993738 0.01837226         0    0.42   0.09      0.49
31   0.15234375 0.4993738 0.01837226         0    0.42   0.09      0.49
32   1.00000000 0.4993738 0.01837226         0    0.42   0.09      0.49
33   0.21093750 0.4993738 0.01837226         0    0.42   0.09      0.49
34   1.00000000 0.4993738 0.01837226         0    0.42   0.09      0.49
35   0.07812500 0.4993738 0.01837226         0    0.42   0.09      0.49
36   1.00000000 0.4993738 0.01837226         0    0.42   0.09      0.49
37   0.07421875 0.4993738 0.01837226         0    0.42   0.09      0.49
38   0.03515625 0.4993738 0.01837226         0    0.42   0.09      0.49
39   1.00000000 0.4993738 0.01837226         0    0.42   0.09      0.49
40   1.00000000 0.4993738 0.01837226         0    0.42   0.09      0.49
41   0.04687500 0.4993738 0.01837226         0    0.42   0.09      0.49
42   1.00000000 0.4993738 0.01837226         0    0.42   0.09      0.49
43   0.14843750 0.4993738 0.01837226         0    0.42   0.09      0.49
44   0.02734375 0.4993738 0.01837226         0    0.42   0.09      0.49
45   1.00000000 0.4993738 0.01837226         0    0.42   0.09      0.49
46   1.00000000 0.4993738 0.01837226         0    0.42   0.09      0.49
47   0.07812500 0.4993738 0.01837226         0    0.42   0.09      0.49
48   0.17578125 0.4993738 0.01837226         0    0.42   0.09      0.49
49   0.11718750 0.4993738 0.01837226         0    0.42   0.09      0.49
50   0.16015625 0.4993738 0.01837226         0    0.42   0.09      0.49
51   1.00000000 0.4993738 0.01837226         0    0.42   0.09      0.49
52   1.00000000 0.4993738 0.01837226         0    0.42   0.09      0.49
53   1.00000000 0.4993738 0.01837226         0    0.42   0.09      0.49
54   0.05078125 0.4993738 0.01837226         0    0.42   0.09      0.49
55   0.10546875 0.4993738 0.01837226         0    0.42   0.09      0.49
56   1.00000000 0.4993738 0.01837226         0    0.42   0.09      0.49
57   0.08593750 0.4993738 0.01837226         0    0.42   0.09      0.49
58   0.07031250 0.4993738 0.01837226         0    0.42   0.09      0.49
59   0.05859375 0.4993738 0.01837226         0    0.42   0.09      0.49
60   0.03125000 0.4993738 0.01837226         0    0.42   0.09      0.49
61   1.00000000 0.4993738 0.01837226         0    0.42   0.09      0.49
62   0.08203125 0.4993738 0.01837226         0    0.42   0.09      0.49
63   0.22265625 0.4993738 0.01837226         0    0.42   0.09      0.49
64   1.00000000 0.4993738 0.01837226         0    0.42   0.09      0.49
65   0.05468750 0.4993738 0.01837226         0    0.42   0.09      0.49
66   1.00000000 0.4993738 0.01837226         0    0.42   0.09      0.49
67   0.50781250 0.4993738 0.01837226         0    0.42   0.09      0.49
68   1.00000000 0.4993738 0.01837226         0    0.42   0.09      0.49
69   0.10156250 0.4993738 0.01837226         0    0.42   0.09      0.49
70   1.00000000 0.4993738 0.01837226         0    0.42   0.09      0.49
71   0.11718750 0.4993738 0.01837226         0    0.42   0.09      0.49
72   1.00000000 0.4993738 0.01837226         0    0.42   0.09      0.49
73   0.15625000 0.4993738 0.01837226         0    0.42   0.09      0.49
74   0.31640625 0.4993738 0.01837226         0    0.42   0.09      0.49
75   1.00000000 0.4993738 0.01837226         0    0.42   0.09      0.49
76   0.25781250 0.4993738 0.01837226         0    0.42   0.09      0.49
77   0.05468750 0.4993738 0.01837226         0    0.42   0.09      0.49
78   0.30859375 0.4993738 0.01837226         0    0.42   0.09      0.49
79   1.00000000 0.4993738 0.01837226         0    0.42   0.09      0.49
80   1.00000000 0.4993738 0.01837226         0    0.42   0.09      0.49
81   1.00000000 0.4993738 0.01837226         0    0.42   0.09      0.49
82   1.00000000 0.4993738 0.01837226         0    0.42   0.09      0.49
83   0.03906250 0.4993738 0.01837226         0    0.42   0.09      0.49
84   1.00000000 0.4993738 0.01837226         0    0.42   0.09      0.49
85   0.13281250 0.4993738 0.01837226         0    0.42   0.09      0.49
86   0.15625000 0.4993738 0.01837226         0    0.42   0.09      0.49
87   1.00000000 0.4993738 0.01837226         0    0.42   0.09      0.49
88   1.00000000 0.4993738 0.01837226         0    0.42   0.09      0.49
89   0.07812500 0.4993738 0.01837226         0    0.42   0.09      0.49
90   1.00000000 0.4993738 0.01837226         0    0.42   0.09      0.49
91   0.06640625 0.4993738 0.01837226         0    0.42   0.09      0.49
92   0.29687500 0.4993738 0.01837226         0    0.42   0.09      0.49
93   1.00000000 0.4993738 0.01837226         0    0.42   0.09      0.49
94   1.00000000 0.4993738 0.01837226         0    0.42   0.09      0.49
95   0.18750000 0.4993738 0.01837226         0    0.42   0.09      0.49
96   0.08593750 0.4993738 0.01837226         0    0.42   0.09      0.49
97   0.33203125 0.4993738 0.01837226         0    0.42   0.09      0.49
98   1.00000000 0.4993738 0.01837226         0    0.42   0.09      0.49
99   0.08984375 0.4993738 0.01837226         0    0.42   0.09      0.49
100  1.00000000 0.4993738 0.01837226         0    0.42   0.09      0.49
101  1.00000000 0.4797647 0.02509699         0    0.31   0.23      0.46
102  1.00000000 0.4797647 0.02509699         0    0.31   0.23      0.46
103  1.00000000 0.4797647 0.02509699         0    0.31   0.23      0.46
104  0.16015625 0.4797647 0.02509699         0    0.31   0.23      0.46
105  0.08203125 0.4797647 0.02509699         0    0.31   0.23      0.46
106  1.00000000 0.4797647 0.02509699         0    0.31   0.23      0.46
107  1.00000000 0.4797647 0.02509699         0    0.31   0.23      0.46
108  1.00000000 0.4797647 0.02509699         0    0.31   0.23      0.46
109  1.00000000 0.4797647 0.02509699         0    0.31   0.23      0.46
110  1.00000000 0.4797647 0.02509699         0    0.31   0.23      0.46
111  1.00000000 0.4797647 0.02509699         0    0.31   0.23      0.46
112  0.10546875 0.4797647 0.02509699         0    0.31   0.23      0.46
113  1.00000000 0.4797647 0.02509699         0    0.31   0.23      0.46
114  1.00000000 0.4797647 0.02509699         0    0.31   0.23      0.46
115  0.08203125 0.4797647 0.02509699         0    0.31   0.23      0.46
116  0.16406250 0.4797647 0.02509699         0    0.31   0.23      0.46
117  0.19140625 0.4797647 0.02509699         0    0.31   0.23      0.46
118  1.00000000 0.4797647 0.02509699         0    0.31   0.23      0.46
119  0.07031250 0.4797647 0.02509699         0    0.31   0.23      0.46
120  0.18359375 0.4797647 0.02509699         0    0.31   0.23      0.46
121  1.00000000 0.4797647 0.02509699         0    0.31   0.23      0.46
122  0.14062500 0.4797647 0.02509699         0    0.31   0.23      0.46
123  0.56640625 0.4797647 0.02509699         0    0.31   0.23      0.46
124  0.31250000 0.4797647 0.02509699         0    0.31   0.23      0.46
125  0.06640625 0.4797647 0.02509699         0    0.31   0.23      0.46
126  0.05078125 0.4797647 0.02509699         0    0.31   0.23      0.46
127  1.00000000 0.4797647 0.02509699         0    0.31   0.23      0.46
128  1.00000000 0.4797647 0.02509699         0    0.31   0.23      0.46
129  1.00000000 0.4797647 0.02509699         0    0.31   0.23      0.46
130  0.56640625 0.4797647 0.02509699         0    0.31   0.23      0.46
131  0.54687500 0.4797647 0.02509699         0    0.31   0.23      0.46
132  0.16796875 0.4797647 0.02509699         0    0.31   0.23      0.46
133  1.00000000 0.4797647 0.02509699         0    0.31   0.23      0.46
134  1.00000000 0.4797647 0.02509699         0    0.31   0.23      0.46
135  0.76953125 0.4797647 0.02509699         0    0.31   0.23      0.46
136  0.17187500 0.4797647 0.02509699         0    0.31   0.23      0.46
137  0.12500000 0.4797647 0.02509699         0    0.31   0.23      0.46
138  0.20703125 0.4797647 0.02509699         0    0.31   0.23      0.46
139  0.13281250 0.4797647 0.02509699         0    0.31   0.23      0.46
140  0.11328125 0.4797647 0.02509699         0    0.31   0.23      0.46
141  1.00000000 0.4797647 0.02509699         0    0.31   0.23      0.46
142  0.41015625 0.4797647 0.02509699         0    0.31   0.23      0.46
143  0.56640625 0.4797647 0.02509699         0    0.31   0.23      0.46
144  1.00000000 0.4797647 0.02509699         0    0.31   0.23      0.46
145  0.24609375 0.4797647 0.02509699         0    0.31   0.23      0.46
146  1.00000000 0.4797647 0.02509699         0    0.31   0.23      0.46
147  0.14843750 0.4797647 0.02509699         0    0.31   0.23      0.46
148  1.00000000 0.4797647 0.02509699         0    0.31   0.23      0.46
149  0.17578125 0.4797647 0.02509699         0    0.31   0.23      0.46
150  1.00000000 0.4797647 0.02509699         0    0.31   0.23      0.46
151  1.00000000 0.4797647 0.02509699         0    0.31   0.23      0.46
152  0.56640625 0.4797647 0.02509699         0    0.31   0.23      0.46
153  0.14453125 0.4797647 0.02509699         0    0.31   0.23      0.46
154  0.10156250 0.4797647 0.02509699         0    0.31   0.23      0.46
155  0.11328125 0.4797647 0.02509699         0    0.31   0.23      0.46
156  1.00000000 0.4797647 0.02509699         0    0.31   0.23      0.46
157  0.12500000 0.4797647 0.02509699         0    0.31   0.23      0.46
158  1.00000000 0.4797647 0.02509699         0    0.31   0.23      0.46
159  1.00000000 0.4797647 0.02509699         0    0.31   0.23      0.46
160  0.04296875 0.4797647 0.02509699         0    0.31   0.23      0.46
161  0.10546875 0.4797647 0.02509699         0    0.31   0.23      0.46
162  1.00000000 0.4797647 0.02509699         0    0.31   0.23      0.46
163  0.08593750 0.4797647 0.02509699         0    0.31   0.23      0.46
164  1.00000000 0.4797647 0.02509699         0    0.31   0.23      0.46
165  1.00000000 0.4797647 0.02509699         0    0.31   0.23      0.46
166  0.13671875 0.4797647 0.02509699         0    0.31   0.23      0.46
167  1.00000000 0.4797647 0.02509699         0    0.31   0.23      0.46
168  1.00000000 0.4797647 0.02509699         0    0.31   0.23      0.46
169  0.11328125 0.4797647 0.02509699         0    0.31   0.23      0.46
170  1.00000000 0.4797647 0.02509699         0    0.31   0.23      0.46
171  1.00000000 0.4797647 0.02509699         0    0.31   0.23      0.46
172  1.00000000 0.4797647 0.02509699         0    0.31   0.23      0.46
173  0.19531250 0.4797647 0.02509699         0    0.31   0.23      0.46
174  0.12500000 0.4797647 0.02509699         0    0.31   0.23      0.46
175  0.05859375 0.4797647 0.02509699         0    0.31   0.23      0.46
176  0.10546875 0.4797647 0.02509699         0    0.31   0.23      0.46
177  0.18750000 0.4797647 0.02509699         0    0.31   0.23      0.46
178  1.00000000 0.4797647 0.02509699         0    0.31   0.23      0.46
179  0.31250000 0.4797647 0.02509699         0    0.31   0.23      0.46
180  1.00000000 0.4797647 0.02509699         0    0.31   0.23      0.46
181  0.10546875 0.4797647 0.02509699         0    0.31   0.23      0.46
182  0.07812500 0.4797647 0.02509699         0    0.31   0.23      0.46
183  0.24609375 0.4797647 0.02509699         0    0.31   0.23      0.46
184  0.05859375 0.4797647 0.02509699         0    0.31   0.23      0.46
185  1.00000000 0.4797647 0.02509699         0    0.31   0.23      0.46
186  0.09765625 0.4797647 0.02509699         0    0.31   0.23      0.46
187  1.00000000 0.4797647 0.02509699         0    0.31   0.23      0.46
188  0.40234375 0.4797647 0.02509699         0    0.31   0.23      0.46
189  0.21093750 0.4797647 0.02509699         0    0.31   0.23      0.46
190  1.00000000 0.4797647 0.02509699         0    0.31   0.23      0.46
191  1.00000000 0.4797647 0.02509699         0    0.31   0.23      0.46
192  0.12109375 0.4797647 0.02509699         0    0.31   0.23      0.46
193  1.00000000 0.4797647 0.02509699         0    0.31   0.23      0.46
194  0.05468750 0.4797647 0.02509699         0    0.31   0.23      0.46
195  1.00000000 0.4797647 0.02509699         0    0.31   0.23      0.46
196  0.20703125 0.4797647 0.02509699         0    0.31   0.23      0.46
197  1.00000000 0.4797647 0.02509699         0    0.31   0.23      0.46
198  0.08984375 0.4797647 0.02509699         0    0.31   0.23      0.46
199  0.08203125 0.4797647 0.02509699         0    0.31   0.23      0.46
200  0.12500000 0.4797647 0.02509699         0    0.31   0.23      0.46
201  1.00000000 0.4068063 0.01107089         0    0.41   0.09      0.50
202  0.07031250 0.4068063 0.01107089         0    0.41   0.09      0.50
203  1.00000000 0.4068063 0.01107089         0    0.41   0.09      0.50
204  1.00000000 0.4068063 0.01107089         0    0.41   0.09      0.50
205  0.04687500 0.4068063 0.01107089         0    0.41   0.09      0.50
206  0.27343750 0.4068063 0.01107089         0    0.41   0.09      0.50
207  1.00000000 0.4068063 0.01107089         0    0.41   0.09      0.50
208  1.00000000 0.4068063 0.01107089         0    0.41   0.09      0.50
209  1.00000000 0.4068063 0.01107089         0    0.41   0.09      0.50
210  0.09375000 0.4068063 0.01107089         0    0.41   0.09      0.50
211  1.00000000 0.4068063 0.01107089         0    0.41   0.09      0.50
212  1.00000000 0.4068063 0.01107089         0    0.41   0.09      0.50
213  1.00000000 0.4068063 0.01107089         0    0.41   0.09      0.50
214  0.02734375 0.4068063 0.01107089         0    0.41   0.09      0.50
215  1.00000000 0.4068063 0.01107089         0    0.41   0.09      0.50
216  0.02343750 0.4068063 0.01107089         0    0.41   0.09      0.50
217  1.00000000 0.4068063 0.01107089         0    0.41   0.09      0.50
218  0.05078125 0.4068063 0.01107089         0    0.41   0.09      0.50
219  0.01953125 0.4068063 0.01107089         0    0.41   0.09      0.50
220  1.00000000 0.4068063 0.01107089         0    0.41   0.09      0.50
221  0.01953125 0.4068063 0.01107089         0    0.41   0.09      0.50
222  0.07031250 0.4068063 0.01107089         0    0.41   0.09      0.50
223  1.00000000 0.4068063 0.01107089         0    0.41   0.09      0.50
224  0.03125000 0.4068063 0.01107089         0    0.41   0.09      0.50
225  0.05078125 0.4068063 0.01107089         0    0.41   0.09      0.50
226  1.00000000 0.4068063 0.01107089         0    0.41   0.09      0.50
227  0.02343750 0.4068063 0.01107089         0    0.41   0.09      0.50
228  0.07421875 0.4068063 0.01107089         0    0.41   0.09      0.50
229  1.00000000 0.4068063 0.01107089         0    0.41   0.09      0.50
230  1.00000000 0.4068063 0.01107089         0    0.41   0.09      0.50
231  1.00000000 0.4068063 0.01107089         0    0.41   0.09      0.50
232  0.03515625 0.4068063 0.01107089         0    0.41   0.09      0.50
233  0.06250000 0.4068063 0.01107089         0    0.41   0.09      0.50
234  0.01953125 0.4068063 0.01107089         0    0.41   0.09      0.50
235  1.00000000 0.4068063 0.01107089         0    0.41   0.09      0.50
236  1.00000000 0.4068063 0.01107089         0    0.41   0.09      0.50
237  1.00000000 0.4068063 0.01107089         0    0.41   0.09      0.50
238  0.01562500 0.4068063 0.01107089         0    0.41   0.09      0.50
239  0.05859375 0.4068063 0.01107089         0    0.41   0.09      0.50
240  1.00000000 0.4068063 0.01107089         0    0.41   0.09      0.50
241  0.03125000 0.4068063 0.01107089         0    0.41   0.09      0.50
242  1.00000000 0.4068063 0.01107089         0    0.41   0.09      0.50
243  0.01562500 0.4068063 0.01107089         0    0.41   0.09      0.50
244  1.00000000 0.4068063 0.01107089         0    0.41   0.09      0.50
245  0.00781250 0.4068063 0.01107089         0    0.41   0.09      0.50
246  1.00000000 0.4068063 0.01107089         0    0.41   0.09      0.50
247  0.25781250 0.4068063 0.01107089         0    0.41   0.09      0.50
248  0.12890625 0.4068063 0.01107089         0    0.41   0.09      0.50
249  0.06640625 0.4068063 0.01107089         0    0.41   0.09      0.50
250  0.08593750 0.4068063 0.01107089         0    0.41   0.09      0.50
251  0.01562500 0.4068063 0.01107089         0    0.41   0.09      0.50
252  0.17578125 0.4068063 0.01107089         0    0.41   0.09      0.50
253  0.15625000 0.4068063 0.01107089         0    0.41   0.09      0.50
254  1.00000000 0.4068063 0.01107089         0    0.41   0.09      0.50
255  1.00000000 0.4068063 0.01107089         0    0.41   0.09      0.50
256  1.00000000 0.4068063 0.01107089         0    0.41   0.09      0.50
257  0.02734375 0.4068063 0.01107089         0    0.41   0.09      0.50
258  1.00000000 0.4068063 0.01107089         0    0.41   0.09      0.50
259  0.12109375 0.4068063 0.01107089         0    0.41   0.09      0.50
260  0.07031250 0.4068063 0.01107089         0    0.41   0.09      0.50
261  0.03125000 0.4068063 0.01107089         0    0.41   0.09      0.50
262  1.00000000 0.4068063 0.01107089         0    0.41   0.09      0.50
263  0.50781250 0.4068063 0.01107089         0    0.41   0.09      0.50
264  1.00000000 0.4068063 0.01107089         0    0.41   0.09      0.50
265  1.00000000 0.4068063 0.01107089         0    0.41   0.09      0.50
266  0.01562500 0.4068063 0.01107089         0    0.41   0.09      0.50
267  1.00000000 0.4068063 0.01107089         0    0.41   0.09      0.50
268  0.01562500 0.4068063 0.01107089         0    0.41   0.09      0.50
269  1.00000000 0.4068063 0.01107089         0    0.41   0.09      0.50
270  0.02734375 0.4068063 0.01107089         0    0.41   0.09      0.50
271  1.00000000 0.4068063 0.01107089         0    0.41   0.09      0.50
272  0.03125000 0.4068063 0.01107089         0    0.41   0.09      0.50
273  0.02343750 0.4068063 0.01107089         0    0.41   0.09      0.50
274  0.08203125 0.4068063 0.01107089         0    0.41   0.09      0.50
275  0.02343750 0.4068063 0.01107089         0    0.41   0.09      0.50
276  0.06640625 0.4068063 0.01107089         0    0.41   0.09      0.50
277  0.13281250 0.4068063 0.01107089         0    0.41   0.09      0.50
278  1.00000000 0.4068063 0.01107089         0    0.41   0.09      0.50
279  1.00000000 0.4068063 0.01107089         0    0.41   0.09      0.50
280  1.00000000 0.4068063 0.01107089         0    0.41   0.09      0.50
281  1.00000000 0.4068063 0.01107089         0    0.41   0.09      0.50
282  1.00000000 0.4068063 0.01107089         0    0.41   0.09      0.50
283  1.00000000 0.4068063 0.01107089         0    0.41   0.09      0.50
284  0.16406250 0.4068063 0.01107089         0    0.41   0.09      0.50
285  0.06640625 0.4068063 0.01107089         0    0.41   0.09      0.50
286  1.00000000 0.4068063 0.01107089         0    0.41   0.09      0.50
287  0.00781250 0.4068063 0.01107089         0    0.41   0.09      0.50
288  0.01562500 0.4068063 0.01107089         0    0.41   0.09      0.50
289  0.07031250 0.4068063 0.01107089         0    0.41   0.09      0.50
290  0.05468750 0.4068063 0.01107089         0    0.41   0.09      0.50
291  1.00000000 0.4068063 0.01107089         0    0.41   0.09      0.50
292  1.00000000 0.4068063 0.01107089         0    0.41   0.09      0.50
293  1.00000000 0.4068063 0.01107089         0    0.41   0.09      0.50
294  1.00000000 0.4068063 0.01107089         0    0.41   0.09      0.50
295  0.09375000 0.4068063 0.01107089         0    0.41   0.09      0.50
296  1.00000000 0.4068063 0.01107089         0    0.41   0.09      0.50
297  1.00000000 0.4068063 0.01107089         0    0.41   0.09      0.50
298  1.00000000 0.4068063 0.01107089         0    0.41   0.09      0.50
299  1.00000000 0.4068063 0.01107089         0    0.41   0.09      0.50
300  0.03125000 0.4068063 0.01107089         0    0.41   0.09      0.50
301  0.22656250 0.2266181 0.03724684         0    0.49   0.19      0.32
302  1.00000000 0.2266181 0.03724684         0    0.49   0.19      0.32
303  0.30859375 0.2266181 0.03724684         0    0.49   0.19      0.32
304  0.15625000 0.2266181 0.03724684         0    0.49   0.19      0.32
305  1.00000000 0.2266181 0.03724684         0    0.49   0.19      0.32
306  1.00000000 0.2266181 0.03724684         0    0.49   0.19      0.32
307  0.57812500 0.2266181 0.03724684         0    0.49   0.19      0.32
308  0.12500000 0.2266181 0.03724684         0    0.49   0.19      0.32
309  1.00000000 0.2266181 0.03724684         0    0.49   0.19      0.32
310  0.23828125 0.2266181 0.03724684         0    0.49   0.19      0.32
311  0.12500000 0.2266181 0.03724684         0    0.49   0.19      0.32
312  0.12109375 0.2266181 0.03724684         0    0.49   0.19      0.32
313  0.26171875 0.2266181 0.03724684         0    0.49   0.19      0.32
314  0.14843750 0.2266181 0.03724684         0    0.49   0.19      0.32
315  1.00000000 0.2266181 0.03724684         0    0.49   0.19      0.32
316  0.07031250 0.2266181 0.03724684         0    0.49   0.19      0.32
317  0.34375000 0.2266181 0.03724684         0    0.49   0.19      0.32
318  0.16796875 0.2266181 0.03724684         0    0.49   0.19      0.32
319  0.15234375 0.2266181 0.03724684         0    0.49   0.19      0.32
320  0.28125000 0.2266181 0.03724684         0    0.49   0.19      0.32
321  1.00000000 0.2266181 0.03724684         0    0.49   0.19      0.32
322  1.00000000 0.2266181 0.03724684         0    0.49   0.19      0.32
323  0.43359375 0.2266181 0.03724684         0    0.49   0.19      0.32
324  0.09765625 0.2266181 0.03724684         0    0.49   0.19      0.32
325  1.00000000 0.2266181 0.03724684         0    0.49   0.19      0.32
326  0.16796875 0.2266181 0.03724684         0    0.49   0.19      0.32
327  0.22265625 0.2266181 0.03724684         0    0.49   0.19      0.32
328  0.08593750 0.2266181 0.03724684         0    0.49   0.19      0.32
329  0.79296875 0.2266181 0.03724684         0    0.49   0.19      0.32
330  0.34375000 0.2266181 0.03724684         0    0.49   0.19      0.32
331  0.21093750 0.2266181 0.03724684         0    0.49   0.19      0.32
332  0.19531250 0.2266181 0.03724684         0    0.49   0.19      0.32
333  0.17187500 0.2266181 0.03724684         0    0.49   0.19      0.32
334  0.34765625 0.2266181 0.03724684         0    0.49   0.19      0.32
335  1.00000000 0.2266181 0.03724684         0    0.49   0.19      0.32
336  0.18359375 0.2266181 0.03724684         0    0.49   0.19      0.32
337  0.15234375 0.2266181 0.03724684         0    0.49   0.19      0.32
338  0.37500000 0.2266181 0.03724684         0    0.49   0.19      0.32
339  0.11328125 0.2266181 0.03724684         0    0.49   0.19      0.32
340  1.00000000 0.2266181 0.03724684         0    0.49   0.19      0.32
341  1.00000000 0.2266181 0.03724684         0    0.49   0.19      0.32
342  0.14843750 0.2266181 0.03724684         0    0.49   0.19      0.32
343  0.17578125 0.2266181 0.03724684         0    0.49   0.19      0.32
344  0.32421875 0.2266181 0.03724684         0    0.49   0.19      0.32
345  0.32812500 0.2266181 0.03724684         0    0.49   0.19      0.32
346  0.17578125 0.2266181 0.03724684         0    0.49   0.19      0.32
347  1.00000000 0.2266181 0.03724684         0    0.49   0.19      0.32
348  1.00000000 0.2266181 0.03724684         0    0.49   0.19      0.32
349  0.20312500 0.2266181 0.03724684         0    0.49   0.19      0.32
350  1.00000000 0.2266181 0.03724684         0    0.49   0.19      0.32
351  1.00000000 0.2266181 0.03724684         0    0.49   0.19      0.32
352  0.10937500 0.2266181 0.03724684         0    0.49   0.19      0.32
353  0.21484375 0.2266181 0.03724684         0    0.49   0.19      0.32
354  0.37500000 0.2266181 0.03724684         0    0.49   0.19      0.32
355  0.28906250 0.2266181 0.03724684         0    0.49   0.19      0.32
356  0.10937500 0.2266181 0.03724684         0    0.49   0.19      0.32
357  0.10156250 0.2266181 0.03724684         0    0.49   0.19      0.32
358  0.29687500 0.2266181 0.03724684         0    0.49   0.19      0.32
359  0.05078125 0.2266181 0.03724684         0    0.49   0.19      0.32
360  0.42578125 0.2266181 0.03724684         0    0.49   0.19      0.32
361  0.09375000 0.2266181 0.03724684         0    0.49   0.19      0.32
362  0.27343750 0.2266181 0.03724684         0    0.49   0.19      0.32
363  0.13671875 0.2266181 0.03724684         0    0.49   0.19      0.32
364  0.17187500 0.2266181 0.03724684         0    0.49   0.19      0.32
365  1.00000000 0.2266181 0.03724684         0    0.49   0.19      0.32
366  1.00000000 0.2266181 0.03724684         0    0.49   0.19      0.32
367  0.05468750 0.2266181 0.03724684         0    0.49   0.19      0.32
368  1.00000000 0.2266181 0.03724684         0    0.49   0.19      0.32
369  0.08984375 0.2266181 0.03724684         0    0.49   0.19      0.32
370  0.12500000 0.2266181 0.03724684         0    0.49   0.19      0.32
371  1.00000000 0.2266181 0.03724684         0    0.49   0.19      0.32
372  0.31640625 0.2266181 0.03724684         0    0.49   0.19      0.32
373  0.19140625 0.2266181 0.03724684         0    0.49   0.19      0.32
374  1.00000000 0.2266181 0.03724684         0    0.49   0.19      0.32
375  0.17578125 0.2266181 0.03724684         0    0.49   0.19      0.32
376  0.18750000 0.2266181 0.03724684         0    0.49   0.19      0.32
377  1.00000000 0.2266181 0.03724684         0    0.49   0.19      0.32
378  1.00000000 0.2266181 0.03724684         0    0.49   0.19      0.32
379  0.07812500 0.2266181 0.03724684         0    0.49   0.19      0.32
380  1.00000000 0.2266181 0.03724684         0    0.49   0.19      0.32
381  0.14062500 0.2266181 0.03724684         0    0.49   0.19      0.32
382  0.12109375 0.2266181 0.03724684         0    0.49   0.19      0.32
383  1.00000000 0.2266181 0.03724684         0    0.49   0.19      0.32
384  0.10156250 0.2266181 0.03724684         0    0.49   0.19      0.32
385  0.14453125 0.2266181 0.03724684         0    0.49   0.19      0.32
386  1.00000000 0.2266181 0.03724684         0    0.49   0.19      0.32
387  0.22656250 0.2266181 0.03724684         0    0.49   0.19      0.32
388  1.00000000 0.2266181 0.03724684         0    0.49   0.19      0.32
389  0.22656250 0.2266181 0.03724684         0    0.49   0.19      0.32
390  0.10156250 0.2266181 0.03724684         0    0.49   0.19      0.32
391  0.12500000 0.2266181 0.03724684         0    0.49   0.19      0.32
392  0.12500000 0.2266181 0.03724684         0    0.49   0.19      0.32
393  0.23828125 0.2266181 0.03724684         0    0.49   0.19      0.32
394  0.08593750 0.2266181 0.03724684         0    0.49   0.19      0.32
395  1.00000000 0.2266181 0.03724684         0    0.49   0.19      0.32
396  0.24609375 0.2266181 0.03724684         0    0.49   0.19      0.32
397  1.00000000 0.2266181 0.03724684         0    0.49   0.19      0.32
398  0.32812500 0.2266181 0.03724684         0    0.49   0.19      0.32
399  0.64843750 0.2266181 0.03724684         0    0.49   0.19      0.32
400  0.17968750 0.2266181 0.03724684         0    0.49   0.19      0.32
401  0.14843750 0.4188261 0.02380403         0    0.38   0.19      0.43
402  0.19531250 0.4188261 0.02380403         0    0.38   0.19      0.43
403  1.00000000 0.4188261 0.02380403         0    0.38   0.19      0.43
404  0.09765625 0.4188261 0.02380403         0    0.38   0.19      0.43
405  0.01562500 0.4188261 0.02380403         0    0.38   0.19      0.43
406  1.00000000 0.4188261 0.02380403         0    0.38   0.19      0.43
407  0.17968750 0.4188261 0.02380403         0    0.38   0.19      0.43
408  1.00000000 0.4188261 0.02380403         0    0.38   0.19      0.43
409  0.12109375 0.4188261 0.02380403         0    0.38   0.19      0.43
410  0.07812500 0.4188261 0.02380403         0    0.38   0.19      0.43
411  0.18359375 0.4188261 0.02380403         0    0.38   0.19      0.43
412  0.34765625 0.4188261 0.02380403         0    0.38   0.19      0.43
413  1.00000000 0.4188261 0.02380403         0    0.38   0.19      0.43
414  0.22656250 0.4188261 0.02380403         0    0.38   0.19      0.43
415  1.00000000 0.4188261 0.02380403         0    0.38   0.19      0.43
416  1.00000000 0.4188261 0.02380403         0    0.38   0.19      0.43
417  1.00000000 0.4188261 0.02380403         0    0.38   0.19      0.43
418  0.29296875 0.4188261 0.02380403         0    0.38   0.19      0.43
419  0.21093750 0.4188261 0.02380403         0    0.38   0.19      0.43
420  0.07031250 0.4188261 0.02380403         0    0.38   0.19      0.43
421  0.05468750 0.4188261 0.02380403         0    0.38   0.19      0.43
422  1.00000000 0.4188261 0.02380403         0    0.38   0.19      0.43
423  0.14453125 0.4188261 0.02380403         0    0.38   0.19      0.43
424  0.15625000 0.4188261 0.02380403         0    0.38   0.19      0.43
425  0.10546875 0.4188261 0.02380403         0    0.38   0.19      0.43
426  0.12109375 0.4188261 0.02380403         0    0.38   0.19      0.43
427  1.00000000 0.4188261 0.02380403         0    0.38   0.19      0.43
428  0.18359375 0.4188261 0.02380403         0    0.38   0.19      0.43
429  0.21093750 0.4188261 0.02380403         0    0.38   0.19      0.43
430  0.30078125 0.4188261 0.02380403         0    0.38   0.19      0.43
431  0.77343750 0.4188261 0.02380403         0    0.38   0.19      0.43
432  0.34375000 0.4188261 0.02380403         0    0.38   0.19      0.43
433  1.00000000 0.4188261 0.02380403         0    0.38   0.19      0.43
434  1.00000000 0.4188261 0.02380403         0    0.38   0.19      0.43
435  0.28125000 0.4188261 0.02380403         0    0.38   0.19      0.43
436  1.00000000 0.4188261 0.02380403         0    0.38   0.19      0.43
437  0.35937500 0.4188261 0.02380403         0    0.38   0.19      0.43
438  0.30468750 0.4188261 0.02380403         0    0.38   0.19      0.43
439  0.10546875 0.4188261 0.02380403         0    0.38   0.19      0.43
440  1.00000000 0.4188261 0.02380403         0    0.38   0.19      0.43
441  1.00000000 0.4188261 0.02380403         0    0.38   0.19      0.43
442  0.39453125 0.4188261 0.02380403         0    0.38   0.19      0.43
443  0.08203125 0.4188261 0.02380403         0    0.38   0.19      0.43
444  0.31250000 0.4188261 0.02380403         0    0.38   0.19      0.43
445  1.00000000 0.4188261 0.02380403         0    0.38   0.19      0.43
446  0.55859375 0.4188261 0.02380403         0    0.38   0.19      0.43
447  0.54296875 0.4188261 0.02380403         0    0.38   0.19      0.43
448  0.01953125 0.4188261 0.02380403         0    0.38   0.19      0.43
449  1.00000000 0.4188261 0.02380403         0    0.38   0.19      0.43
450  1.00000000 0.4188261 0.02380403         0    0.38   0.19      0.43
451  0.38671875 0.4188261 0.02380403         0    0.38   0.19      0.43
452  0.57421875 0.4188261 0.02380403         0    0.38   0.19      0.43
453  1.00000000 0.4188261 0.02380403         0    0.38   0.19      0.43
454  0.09375000 0.4188261 0.02380403         0    0.38   0.19      0.43
455  1.00000000 0.4188261 0.02380403         0    0.38   0.19      0.43
456  0.19921875 0.4188261 0.02380403         0    0.38   0.19      0.43
457  1.00000000 0.4188261 0.02380403         0    0.38   0.19      0.43
458  0.13671875 0.4188261 0.02380403         0    0.38   0.19      0.43
459  0.15625000 0.4188261 0.02380403         0    0.38   0.19      0.43
460  0.52734375 0.4188261 0.02380403         0    0.38   0.19      0.43
461  0.04687500 0.4188261 0.02380403         0    0.38   0.19      0.43
462  1.00000000 0.4188261 0.02380403         0    0.38   0.19      0.43
463  0.31640625 0.4188261 0.02380403         0    0.38   0.19      0.43
464  1.00000000 0.4188261 0.02380403         0    0.38   0.19      0.43
465  1.00000000 0.4188261 0.02380403         0    0.38   0.19      0.43
466  1.00000000 0.4188261 0.02380403         0    0.38   0.19      0.43
467  1.00000000 0.4188261 0.02380403         0    0.38   0.19      0.43
468  1.00000000 0.4188261 0.02380403         0    0.38   0.19      0.43
469  0.05859375 0.4188261 0.02380403         0    0.38   0.19      0.43
470  0.33203125 0.4188261 0.02380403         0    0.38   0.19      0.43
471  1.00000000 0.4188261 0.02380403         0    0.38   0.19      0.43
472  0.12109375 0.4188261 0.02380403         0    0.38   0.19      0.43
473  0.33203125 0.4188261 0.02380403         0    0.38   0.19      0.43
474  1.00000000 0.4188261 0.02380403         0    0.38   0.19      0.43
475  1.00000000 0.4188261 0.02380403         0    0.38   0.19      0.43
476  0.08984375 0.4188261 0.02380403         0    0.38   0.19      0.43
477  0.23828125 0.4188261 0.02380403         0    0.38   0.19      0.43
478  0.14453125 0.4188261 0.02380403         0    0.38   0.19      0.43
479  1.00000000 0.4188261 0.02380403         0    0.38   0.19      0.43
480  0.28906250 0.4188261 0.02380403         0    0.38   0.19      0.43
481  0.52343750 0.4188261 0.02380403         0    0.38   0.19      0.43
482  1.00000000 0.4188261 0.02380403         0    0.38   0.19      0.43
483  1.00000000 0.4188261 0.02380403         0    0.38   0.19      0.43
484  1.00000000 0.4188261 0.02380403         0    0.38   0.19      0.43
485  0.66015625 0.4188261 0.02380403         0    0.38   0.19      0.43
486  1.00000000 0.4188261 0.02380403         0    0.38   0.19      0.43
487  0.12109375 0.4188261 0.02380403         0    0.38   0.19      0.43
488  1.00000000 0.4188261 0.02380403         0    0.38   0.19      0.43
489  1.00000000 0.4188261 0.02380403         0    0.38   0.19      0.43
490  1.00000000 0.4188261 0.02380403         0    0.38   0.19      0.43
491  1.00000000 0.4188261 0.02380403         0    0.38   0.19      0.43
492  1.00000000 0.4188261 0.02380403         0    0.38   0.19      0.43
493  0.09375000 0.4188261 0.02380403         0    0.38   0.19      0.43
494  0.08593750 0.4188261 0.02380403         0    0.38   0.19      0.43
495  0.29687500 0.4188261 0.02380403         0    0.38   0.19      0.43
496  0.23437500 0.4188261 0.02380403         0    0.38   0.19      0.43
497  0.14453125 0.4188261 0.02380403         0    0.38   0.19      0.43
498  1.00000000 0.4188261 0.02380403         0    0.38   0.19      0.43
499  0.31640625 0.4188261 0.02380403         0    0.38   0.19      0.43
500  0.08984375 0.4188261 0.02380403         0    0.38   0.19      0.43
501  1.00000000 0.5175325 0.02249895         0    0.34   0.18      0.48
502  1.00000000 0.5175325 0.02249895         0    0.34   0.18      0.48
503  0.13281250 0.5175325 0.02249895         0    0.34   0.18      0.48
504  1.00000000 0.5175325 0.02249895         0    0.34   0.18      0.48
505  0.05468750 0.5175325 0.02249895         0    0.34   0.18      0.48
506  0.14453125 0.5175325 0.02249895         0    0.34   0.18      0.48
507  1.00000000 0.5175325 0.02249895         0    0.34   0.18      0.48
508  0.11328125 0.5175325 0.02249895         0    0.34   0.18      0.48
509  0.13281250 0.5175325 0.02249895         0    0.34   0.18      0.48
510  1.00000000 0.5175325 0.02249895         0    0.34   0.18      0.48
511  0.10156250 0.5175325 0.02249895         0    0.34   0.18      0.48
512  1.00000000 0.5175325 0.02249895         0    0.34   0.18      0.48
513  0.28906250 0.5175325 0.02249895         0    0.34   0.18      0.48
514  0.53125000 0.5175325 0.02249895         0    0.34   0.18      0.48
515  0.13671875 0.5175325 0.02249895         0    0.34   0.18      0.48
516  0.14453125 0.5175325 0.02249895         0    0.34   0.18      0.48
517  0.08984375 0.5175325 0.02249895         0    0.34   0.18      0.48
518  1.00000000 0.5175325 0.02249895         0    0.34   0.18      0.48
519  1.00000000 0.5175325 0.02249895         0    0.34   0.18      0.48
520  1.00000000 0.5175325 0.02249895         0    0.34   0.18      0.48
521  0.14062500 0.5175325 0.02249895         0    0.34   0.18      0.48
522  1.00000000 0.5175325 0.02249895         0    0.34   0.18      0.48
523  0.14062500 0.5175325 0.02249895         0    0.34   0.18      0.48
524  1.00000000 0.5175325 0.02249895         0    0.34   0.18      0.48
525  1.00000000 0.5175325 0.02249895         0    0.34   0.18      0.48
526  1.00000000 0.5175325 0.02249895         0    0.34   0.18      0.48
527  1.00000000 0.5175325 0.02249895         0    0.34   0.18      0.48
528  0.08593750 0.5175325 0.02249895         0    0.34   0.18      0.48
529  1.00000000 0.5175325 0.02249895         0    0.34   0.18      0.48
530  1.00000000 0.5175325 0.02249895         0    0.34   0.18      0.48
531  0.13671875 0.5175325 0.02249895         0    0.34   0.18      0.48
532  1.00000000 0.5175325 0.02249895         0    0.34   0.18      0.48
533  0.22656250 0.5175325 0.02249895         0    0.34   0.18      0.48
534  1.00000000 0.5175325 0.02249895         0    0.34   0.18      0.48
535  1.00000000 0.5175325 0.02249895         0    0.34   0.18      0.48
536  1.00000000 0.5175325 0.02249895         0    0.34   0.18      0.48
537  0.64453125 0.5175325 0.02249895         0    0.34   0.18      0.48
538  0.14843750 0.5175325 0.02249895         0    0.34   0.18      0.48
539  1.00000000 0.5175325 0.02249895         0    0.34   0.18      0.48
540  0.18750000 0.5175325 0.02249895         0    0.34   0.18      0.48
541  0.37500000 0.5175325 0.02249895         0    0.34   0.18      0.48
542  1.00000000 0.5175325 0.02249895         0    0.34   0.18      0.48
543  1.00000000 0.5175325 0.02249895         0    0.34   0.18      0.48
544  1.00000000 0.5175325 0.02249895         0    0.34   0.18      0.48
545  0.02343750 0.5175325 0.02249895         0    0.34   0.18      0.48
546  1.00000000 0.5175325 0.02249895         0    0.34   0.18      0.48
547  0.10937500 0.5175325 0.02249895         0    0.34   0.18      0.48
548  1.00000000 0.5175325 0.02249895         0    0.34   0.18      0.48
549  1.00000000 0.5175325 0.02249895         0    0.34   0.18      0.48
550  1.00000000 0.5175325 0.02249895         0    0.34   0.18      0.48
551  0.12890625 0.5175325 0.02249895         0    0.34   0.18      0.48
552  0.55468750 0.5175325 0.02249895         0    0.34   0.18      0.48
553  1.00000000 0.5175325 0.02249895         0    0.34   0.18      0.48
554  0.08593750 0.5175325 0.02249895         0    0.34   0.18      0.48
555  0.14843750 0.5175325 0.02249895         0    0.34   0.18      0.48
556  0.42187500 0.5175325 0.02249895         0    0.34   0.18      0.48
557  0.13281250 0.5175325 0.02249895         0    0.34   0.18      0.48
558  1.00000000 0.5175325 0.02249895         0    0.34   0.18      0.48
559  0.05859375 0.5175325 0.02249895         0    0.34   0.18      0.48
560  1.00000000 0.5175325 0.02249895         0    0.34   0.18      0.48
561  0.08203125 0.5175325 0.02249895         0    0.34   0.18      0.48
562  0.30468750 0.5175325 0.02249895         0    0.34   0.18      0.48
563  1.00000000 0.5175325 0.02249895         0    0.34   0.18      0.48
564  0.12890625 0.5175325 0.02249895         0    0.34   0.18      0.48
565  0.21484375 0.5175325 0.02249895         0    0.34   0.18      0.48
566  0.29296875 0.5175325 0.02249895         0    0.34   0.18      0.48
567  1.00000000 0.5175325 0.02249895         0    0.34   0.18      0.48
568  1.00000000 0.5175325 0.02249895         0    0.34   0.18      0.48
569  1.00000000 0.5175325 0.02249895         0    0.34   0.18      0.48
570  0.14843750 0.5175325 0.02249895         0    0.34   0.18      0.48
571  0.26953125 0.5175325 0.02249895         0    0.34   0.18      0.48
572  0.06640625 0.5175325 0.02249895         0    0.34   0.18      0.48
573  0.20703125 0.5175325 0.02249895         0    0.34   0.18      0.48
574  0.17968750 0.5175325 0.02249895         0    0.34   0.18      0.48
575  1.00000000 0.5175325 0.02249895         0    0.34   0.18      0.48
576  0.05859375 0.5175325 0.02249895         0    0.34   0.18      0.48
577  1.00000000 0.5175325 0.02249895         0    0.34   0.18      0.48
578  1.00000000 0.5175325 0.02249895         0    0.34   0.18      0.48
579  1.00000000 0.5175325 0.02249895         0    0.34   0.18      0.48
580  0.13671875 0.5175325 0.02249895         0    0.34   0.18      0.48
581  0.22656250 0.5175325 0.02249895         0    0.34   0.18      0.48
582  1.00000000 0.5175325 0.02249895         0    0.34   0.18      0.48
583  0.55859375 0.5175325 0.02249895         0    0.34   0.18      0.48
584  0.51171875 0.5175325 0.02249895         0    0.34   0.18      0.48
585  0.05078125 0.5175325 0.02249895         0    0.34   0.18      0.48
586  0.57421875 0.5175325 0.02249895         0    0.34   0.18      0.48
587  1.00000000 0.5175325 0.02249895         0    0.34   0.18      0.48
588  0.08984375 0.5175325 0.02249895         0    0.34   0.18      0.48
589  1.00000000 0.5175325 0.02249895         0    0.34   0.18      0.48
590  0.09375000 0.5175325 0.02249895         0    0.34   0.18      0.48
591  1.00000000 0.5175325 0.02249895         0    0.34   0.18      0.48
592  0.28125000 0.5175325 0.02249895         0    0.34   0.18      0.48
593  0.19921875 0.5175325 0.02249895         0    0.34   0.18      0.48
594  1.00000000 0.5175325 0.02249895         0    0.34   0.18      0.48
595  1.00000000 0.5175325 0.02249895         0    0.34   0.18      0.48
596  1.00000000 0.5175325 0.02249895         0    0.34   0.18      0.48
597  0.12500000 0.5175325 0.02249895         0    0.34   0.18      0.48
598  1.00000000 0.5175325 0.02249895         0    0.34   0.18      0.48
599  0.17968750 0.5175325 0.02249895         0    0.34   0.18      0.48
600  0.53515625 0.5175325 0.02249895         0    0.34   0.18      0.48
601  1.00000000 0.4929550 0.04422242         0    0.31   0.17      0.52
602  0.18750000 0.4929550 0.04422242         0    0.31   0.17      0.52
603  1.00000000 0.4929550 0.04422242         0    0.31   0.17      0.52
604  0.21875000 0.4929550 0.04422242         0    0.31   0.17      0.52
605  0.71093750 0.4929550 0.04422242         0    0.31   0.17      0.52
606  0.42187500 0.4929550 0.04422242         0    0.31   0.17      0.52
607  0.35937500 0.4929550 0.04422242         0    0.31   0.17      0.52
608  0.25390625 0.4929550 0.04422242         0    0.31   0.17      0.52
609  0.15234375 0.4929550 0.04422242         0    0.31   0.17      0.52
610  1.00000000 0.4929550 0.04422242         0    0.31   0.17      0.52
611  1.00000000 0.4929550 0.04422242         0    0.31   0.17      0.52
612  1.00000000 0.4929550 0.04422242         0    0.31   0.17      0.52
613  0.22656250 0.4929550 0.04422242         0    0.31   0.17      0.52
614  0.39453125 0.4929550 0.04422242         0    0.31   0.17      0.52
615  0.57421875 0.4929550 0.04422242         0    0.31   0.17      0.52
616  0.36718750 0.4929550 0.04422242         0    0.31   0.17      0.52
617  0.39062500 0.4929550 0.04422242         0    0.31   0.17      0.52
618  0.62890625 0.4929550 0.04422242         0    0.31   0.17      0.52
619  1.00000000 0.4929550 0.04422242         0    0.31   0.17      0.52
620  0.21875000 0.4929550 0.04422242         0    0.31   0.17      0.52
621  0.39843750 0.4929550 0.04422242         0    0.31   0.17      0.52
622  1.00000000 0.4929550 0.04422242         0    0.31   0.17      0.52
623  0.20312500 0.4929550 0.04422242         0    0.31   0.17      0.52
624  1.00000000 0.4929550 0.04422242         0    0.31   0.17      0.52
625  1.00000000 0.4929550 0.04422242         0    0.31   0.17      0.52
626  0.41796875 0.4929550 0.04422242         0    0.31   0.17      0.52
627  1.00000000 0.4929550 0.04422242         0    0.31   0.17      0.52
628  0.25781250 0.4929550 0.04422242         0    0.31   0.17      0.52
629  1.00000000 0.4929550 0.04422242         0    0.31   0.17      0.52
630  0.26171875 0.4929550 0.04422242         0    0.31   0.17      0.52
631  0.17968750 0.4929550 0.04422242         0    0.31   0.17      0.52
632  0.05078125 0.4929550 0.04422242         0    0.31   0.17      0.52
633  1.00000000 0.4929550 0.04422242         0    0.31   0.17      0.52
634  1.00000000 0.4929550 0.04422242         0    0.31   0.17      0.52
635  0.10546875 0.4929550 0.04422242         0    0.31   0.17      0.52
636  1.00000000 0.4929550 0.04422242         0    0.31   0.17      0.52
637  0.23046875 0.4929550 0.04422242         0    0.31   0.17      0.52
638  1.00000000 0.4929550 0.04422242         0    0.31   0.17      0.52
639  0.70312500 0.4929550 0.04422242         0    0.31   0.17      0.52
640  1.00000000 0.4929550 0.04422242         0    0.31   0.17      0.52
641  0.22265625 0.4929550 0.04422242         0    0.31   0.17      0.52
642  0.13281250 0.4929550 0.04422242         0    0.31   0.17      0.52
643  1.00000000 0.4929550 0.04422242         0    0.31   0.17      0.52
644  1.00000000 0.4929550 0.04422242         0    0.31   0.17      0.52
645  1.00000000 0.4929550 0.04422242         0    0.31   0.17      0.52
646  0.16796875 0.4929550 0.04422242         0    0.31   0.17      0.52
647  0.35156250 0.4929550 0.04422242         0    0.31   0.17      0.52
648  0.17578125 0.4929550 0.04422242         0    0.31   0.17      0.52
649  0.32421875 0.4929550 0.04422242         0    0.31   0.17      0.52
650  0.12890625 0.4929550 0.04422242         0    0.31   0.17      0.52
651  0.58984375 0.4929550 0.04422242         0    0.31   0.17      0.52
652  0.26171875 0.4929550 0.04422242         0    0.31   0.17      0.52
653  0.41015625 0.4929550 0.04422242         0    0.31   0.17      0.52
654  1.00000000 0.4929550 0.04422242         0    0.31   0.17      0.52
655  1.00000000 0.4929550 0.04422242         0    0.31   0.17      0.52
656  0.37500000 0.4929550 0.04422242         0    0.31   0.17      0.52
657  0.15234375 0.4929550 0.04422242         0    0.31   0.17      0.52
658  1.00000000 0.4929550 0.04422242         0    0.31   0.17      0.52
659  0.15234375 0.4929550 0.04422242         0    0.31   0.17      0.52
660  1.00000000 0.4929550 0.04422242         0    0.31   0.17      0.52
661  0.59765625 0.4929550 0.04422242         0    0.31   0.17      0.52
662  0.21875000 0.4929550 0.04422242         0    0.31   0.17      0.52
663  0.16796875 0.4929550 0.04422242         0    0.31   0.17      0.52
664  1.00000000 0.4929550 0.04422242         0    0.31   0.17      0.52
665  0.38281250 0.4929550 0.04422242         0    0.31   0.17      0.52
666  1.00000000 0.4929550 0.04422242         0    0.31   0.17      0.52
667  0.22265625 0.4929550 0.04422242         0    0.31   0.17      0.52
668  0.22656250 0.4929550 0.04422242         0    0.31   0.17      0.52
669  0.46875000 0.4929550 0.04422242         0    0.31   0.17      0.52
670  1.00000000 0.4929550 0.04422242         0    0.31   0.17      0.52
671  1.00000000 0.4929550 0.04422242         0    0.31   0.17      0.52
672  1.00000000 0.4929550 0.04422242         0    0.31   0.17      0.52
673  1.00000000 0.4929550 0.04422242         0    0.31   0.17      0.52
674  1.00000000 0.4929550 0.04422242         0    0.31   0.17      0.52
675  1.00000000 0.4929550 0.04422242         0    0.31   0.17      0.52
676  1.00000000 0.4929550 0.04422242         0    0.31   0.17      0.52
677  1.00000000 0.4929550 0.04422242         0    0.31   0.17      0.52
678  1.00000000 0.4929550 0.04422242         0    0.31   0.17      0.52
679  0.33984375 0.4929550 0.04422242         0    0.31   0.17      0.52
680  1.00000000 0.4929550 0.04422242         0    0.31   0.17      0.52
681  0.15234375 0.4929550 0.04422242         0    0.31   0.17      0.52
682  1.00000000 0.4929550 0.04422242         0    0.31   0.17      0.52
683  1.00000000 0.4929550 0.04422242         0    0.31   0.17      0.52
684  0.21093750 0.4929550 0.04422242         0    0.31   0.17      0.52
685  1.00000000 0.4929550 0.04422242         0    0.31   0.17      0.52
686  0.58593750 0.4929550 0.04422242         0    0.31   0.17      0.52
687  1.00000000 0.4929550 0.04422242         0    0.31   0.17      0.52
688  1.00000000 0.4929550 0.04422242         0    0.31   0.17      0.52
689  1.00000000 0.4929550 0.04422242         0    0.31   0.17      0.52
690  1.00000000 0.4929550 0.04422242         0    0.31   0.17      0.52
691  0.48046875 0.4929550 0.04422242         0    0.31   0.17      0.52
692  0.16406250 0.4929550 0.04422242         0    0.31   0.17      0.52
693  1.00000000 0.4929550 0.04422242         0    0.31   0.17      0.52
694  1.00000000 0.4929550 0.04422242         0    0.31   0.17      0.52
695  0.16406250 0.4929550 0.04422242         0    0.31   0.17      0.52
696  0.17968750 0.4929550 0.04422242         0    0.31   0.17      0.52
697  0.35156250 0.4929550 0.04422242         0    0.31   0.17      0.52
698  1.00000000 0.4929550 0.04422242         0    0.31   0.17      0.52
699  0.30468750 0.4929550 0.04422242         0    0.31   0.17      0.52
700  0.46875000 0.4929550 0.04422242         0    0.31   0.17      0.52
701  0.14453125 0.4882000 0.03184908         0    0.37   0.15      0.48
702  0.26953125 0.4882000 0.03184908         0    0.37   0.15      0.48
703  1.00000000 0.4882000 0.03184908         0    0.37   0.15      0.48
704  0.59765625 0.4882000 0.03184908         0    0.37   0.15      0.48
705  0.18359375 0.4882000 0.03184908         0    0.37   0.15      0.48
706  1.00000000 0.4882000 0.03184908         0    0.37   0.15      0.48
707  0.06640625 0.4882000 0.03184908         0    0.37   0.15      0.48
708  0.15234375 0.4882000 0.03184908         0    0.37   0.15      0.48
709  0.36718750 0.4882000 0.03184908         0    0.37   0.15      0.48
710  0.41796875 0.4882000 0.03184908         0    0.37   0.15      0.48
711  1.00000000 0.4882000 0.03184908         0    0.37   0.15      0.48
712  0.16796875 0.4882000 0.03184908         0    0.37   0.15      0.48
713  1.00000000 0.4882000 0.03184908         0    0.37   0.15      0.48
714  0.11328125 0.4882000 0.03184908         0    0.37   0.15      0.48
715  0.11718750 0.4882000 0.03184908         0    0.37   0.15      0.48
716  1.00000000 0.4882000 0.03184908         0    0.37   0.15      0.48
717  1.00000000 0.4882000 0.03184908         0    0.37   0.15      0.48
718  0.27343750 0.4882000 0.03184908         0    0.37   0.15      0.48
719  1.00000000 0.4882000 0.03184908         0    0.37   0.15      0.48
720  0.20703125 0.4882000 0.03184908         0    0.37   0.15      0.48
721  1.00000000 0.4882000 0.03184908         0    0.37   0.15      0.48
722  0.14062500 0.4882000 0.03184908         0    0.37   0.15      0.48
723  0.13671875 0.4882000 0.03184908         0    0.37   0.15      0.48
724  0.53515625 0.4882000 0.03184908         0    0.37   0.15      0.48
725  0.16796875 0.4882000 0.03184908         0    0.37   0.15      0.48
726  1.00000000 0.4882000 0.03184908         0    0.37   0.15      0.48
727  0.62890625 0.4882000 0.03184908         0    0.37   0.15      0.48
728  1.00000000 0.4882000 0.03184908         0    0.37   0.15      0.48
729  1.00000000 0.4882000 0.03184908         0    0.37   0.15      0.48
730  0.34375000 0.4882000 0.03184908         0    0.37   0.15      0.48
731  1.00000000 0.4882000 0.03184908         0    0.37   0.15      0.48
732  0.62500000 0.4882000 0.03184908         0    0.37   0.15      0.48
733  0.07421875 0.4882000 0.03184908         0    0.37   0.15      0.48
734  1.00000000 0.4882000 0.03184908         0    0.37   0.15      0.48
735  0.17578125 0.4882000 0.03184908         0    0.37   0.15      0.48
736  1.00000000 0.4882000 0.03184908         0    0.37   0.15      0.48
737  0.09375000 0.4882000 0.03184908         0    0.37   0.15      0.48
738  1.00000000 0.4882000 0.03184908         0    0.37   0.15      0.48
739  0.17578125 0.4882000 0.03184908         0    0.37   0.15      0.48
740  1.00000000 0.4882000 0.03184908         0    0.37   0.15      0.48
741  0.12890625 0.4882000 0.03184908         0    0.37   0.15      0.48
742  0.19921875 0.4882000 0.03184908         0    0.37   0.15      0.48
743  1.00000000 0.4882000 0.03184908         0    0.37   0.15      0.48
744  1.00000000 0.4882000 0.03184908         0    0.37   0.15      0.48
745  1.00000000 0.4882000 0.03184908         0    0.37   0.15      0.48
746  0.21484375 0.4882000 0.03184908         0    0.37   0.15      0.48
747  1.00000000 0.4882000 0.03184908         0    0.37   0.15      0.48
748  0.28125000 0.4882000 0.03184908         0    0.37   0.15      0.48
749  1.00000000 0.4882000 0.03184908         0    0.37   0.15      0.48
750  0.17578125 0.4882000 0.03184908         0    0.37   0.15      0.48
751  0.30859375 0.4882000 0.03184908         0    0.37   0.15      0.48
752  1.00000000 0.4882000 0.03184908         0    0.37   0.15      0.48
753  0.21875000 0.4882000 0.03184908         0    0.37   0.15      0.48
754  1.00000000 0.4882000 0.03184908         0    0.37   0.15      0.48
755  0.17968750 0.4882000 0.03184908         0    0.37   0.15      0.48
756  0.14843750 0.4882000 0.03184908         0    0.37   0.15      0.48
757  1.00000000 0.4882000 0.03184908         0    0.37   0.15      0.48
758  1.00000000 0.4882000 0.03184908         0    0.37   0.15      0.48
759  1.00000000 0.4882000 0.03184908         0    0.37   0.15      0.48
760  0.11718750 0.4882000 0.03184908         0    0.37   0.15      0.48
761  1.00000000 0.4882000 0.03184908         0    0.37   0.15      0.48
762  0.07812500 0.4882000 0.03184908         0    0.37   0.15      0.48
763  1.00000000 0.4882000 0.03184908         0    0.37   0.15      0.48
764  0.27734375 0.4882000 0.03184908         0    0.37   0.15      0.48
765  0.26562500 0.4882000 0.03184908         0    0.37   0.15      0.48
766  0.20703125 0.4882000 0.03184908         0    0.37   0.15      0.48
767  0.15234375 0.4882000 0.03184908         0    0.37   0.15      0.48
768  1.00000000 0.4882000 0.03184908         0    0.37   0.15      0.48
769  0.14843750 0.4882000 0.03184908         0    0.37   0.15      0.48
770  1.00000000 0.4882000 0.03184908         0    0.37   0.15      0.48
771  1.00000000 0.4882000 0.03184908         0    0.37   0.15      0.48
772  0.15234375 0.4882000 0.03184908         0    0.37   0.15      0.48
773  0.55859375 0.4882000 0.03184908         0    0.37   0.15      0.48
774  1.00000000 0.4882000 0.03184908         0    0.37   0.15      0.48
775  1.00000000 0.4882000 0.03184908         0    0.37   0.15      0.48
776  0.09765625 0.4882000 0.03184908         0    0.37   0.15      0.48
777  0.20312500 0.4882000 0.03184908         0    0.37   0.15      0.48
778  0.28515625 0.4882000 0.03184908         0    0.37   0.15      0.48
779  1.00000000 0.4882000 0.03184908         0    0.37   0.15      0.48
780  1.00000000 0.4882000 0.03184908         0    0.37   0.15      0.48
781  0.46875000 0.4882000 0.03184908         0    0.37   0.15      0.48
782  1.00000000 0.4882000 0.03184908         0    0.37   0.15      0.48
783  0.53125000 0.4882000 0.03184908         0    0.37   0.15      0.48
784  1.00000000 0.4882000 0.03184908         0    0.37   0.15      0.48
785  0.23828125 0.4882000 0.03184908         0    0.37   0.15      0.48
786  0.32812500 0.4882000 0.03184908         0    0.37   0.15      0.48
787  0.07812500 0.4882000 0.03184908         0    0.37   0.15      0.48
788  0.13281250 0.4882000 0.03184908         0    0.37   0.15      0.48
789  1.00000000 0.4882000 0.03184908         0    0.37   0.15      0.48
790  0.42968750 0.4882000 0.03184908         0    0.37   0.15      0.48
791  1.00000000 0.4882000 0.03184908         0    0.37   0.15      0.48
792  0.26171875 0.4882000 0.03184908         0    0.37   0.15      0.48
793  0.18750000 0.4882000 0.03184908         0    0.37   0.15      0.48
794  0.17578125 0.4882000 0.03184908         0    0.37   0.15      0.48
795  0.19531250 0.4882000 0.03184908         0    0.37   0.15      0.48
796  1.00000000 0.4882000 0.03184908         0    0.37   0.15      0.48
797  1.00000000 0.4882000 0.03184908         0    0.37   0.15      0.48
798  1.00000000 0.4882000 0.03184908         0    0.37   0.15      0.48
799  1.00000000 0.4882000 0.03184908         0    0.37   0.15      0.48
800  1.00000000 0.4882000 0.03184908         0    0.37   0.15      0.48
801  1.00000000 0.4589709 0.04619091         0    0.28   0.18      0.54
802  1.00000000 0.4589709 0.04619091         0    0.28   0.18      0.54
803  0.30859375 0.4589709 0.04619091         0    0.28   0.18      0.54
804  1.00000000 0.4589709 0.04619091         0    0.28   0.18      0.54
805  1.00000000 0.4589709 0.04619091         0    0.28   0.18      0.54
806  1.00000000 0.4589709 0.04619091         0    0.28   0.18      0.54
807  0.11328125 0.4589709 0.04619091         0    0.28   0.18      0.54
808  1.00000000 0.4589709 0.04619091         0    0.28   0.18      0.54
809  1.00000000 0.4589709 0.04619091         0    0.28   0.18      0.54
810  1.00000000 0.4589709 0.04619091         0    0.28   0.18      0.54
811  0.17578125 0.4589709 0.04619091         0    0.28   0.18      0.54
812  1.00000000 0.4589709 0.04619091         0    0.28   0.18      0.54
813  1.00000000 0.4589709 0.04619091         0    0.28   0.18      0.54
814  1.00000000 0.4589709 0.04619091         0    0.28   0.18      0.54
815  1.00000000 0.4589709 0.04619091         0    0.28   0.18      0.54
816  0.41015625 0.4589709 0.04619091         0    0.28   0.18      0.54
817  0.22265625 0.4589709 0.04619091         0    0.28   0.18      0.54
818  0.38671875 0.4589709 0.04619091         0    0.28   0.18      0.54
819  0.41015625 0.4589709 0.04619091         0    0.28   0.18      0.54
820  0.57421875 0.4589709 0.04619091         0    0.28   0.18      0.54
821  1.00000000 0.4589709 0.04619091         0    0.28   0.18      0.54
822  0.30859375 0.4589709 0.04619091         0    0.28   0.18      0.54
823  1.00000000 0.4589709 0.04619091         0    0.28   0.18      0.54
824  1.00000000 0.4589709 0.04619091         0    0.28   0.18      0.54
825  1.00000000 0.4589709 0.04619091         0    0.28   0.18      0.54
826  1.00000000 0.4589709 0.04619091         0    0.28   0.18      0.54
827  0.30078125 0.4589709 0.04619091         0    0.28   0.18      0.54
828  0.14062500 0.4589709 0.04619091         0    0.28   0.18      0.54
829  1.00000000 0.4589709 0.04619091         0    0.28   0.18      0.54
830  0.13671875 0.4589709 0.04619091         0    0.28   0.18      0.54
831  1.00000000 0.4589709 0.04619091         0    0.28   0.18      0.54
832  0.34375000 0.4589709 0.04619091         0    0.28   0.18      0.54
833  0.24609375 0.4589709 0.04619091         0    0.28   0.18      0.54
834  0.27343750 0.4589709 0.04619091         0    0.28   0.18      0.54
835  1.00000000 0.4589709 0.04619091         0    0.28   0.18      0.54
836  1.00000000 0.4589709 0.04619091         0    0.28   0.18      0.54
837  0.20312500 0.4589709 0.04619091         0    0.28   0.18      0.54
838  0.39843750 0.4589709 0.04619091         0    0.28   0.18      0.54
839  0.60937500 0.4589709 0.04619091         0    0.28   0.18      0.54
840  1.00000000 0.4589709 0.04619091         0    0.28   0.18      0.54
841  1.00000000 0.4589709 0.04619091         0    0.28   0.18      0.54
842  0.16796875 0.4589709 0.04619091         0    0.28   0.18      0.54
843  1.00000000 0.4589709 0.04619091         0    0.28   0.18      0.54
844  0.42187500 0.4589709 0.04619091         0    0.28   0.18      0.54
845  1.00000000 0.4589709 0.04619091         0    0.28   0.18      0.54
846  0.25000000 0.4589709 0.04619091         0    0.28   0.18      0.54
847  0.28515625 0.4589709 0.04619091         0    0.28   0.18      0.54
848  1.00000000 0.4589709 0.04619091         0    0.28   0.18      0.54
849  1.00000000 0.4589709 0.04619091         0    0.28   0.18      0.54
850  0.17968750 0.4589709 0.04619091         0    0.28   0.18      0.54
851  0.12890625 0.4589709 0.04619091         0    0.28   0.18      0.54
852  1.00000000 0.4589709 0.04619091         0    0.28   0.18      0.54
853  0.23437500 0.4589709 0.04619091         0    0.28   0.18      0.54
854  1.00000000 0.4589709 0.04619091         0    0.28   0.18      0.54
855  1.00000000 0.4589709 0.04619091         0    0.28   0.18      0.54
856  0.50390625 0.4589709 0.04619091         0    0.28   0.18      0.54
857  0.17968750 0.4589709 0.04619091         0    0.28   0.18      0.54
858  1.00000000 0.4589709 0.04619091         0    0.28   0.18      0.54
859  0.15625000 0.4589709 0.04619091         0    0.28   0.18      0.54
860  0.13281250 0.4589709 0.04619091         0    0.28   0.18      0.54
861  0.31640625 0.4589709 0.04619091         0    0.28   0.18      0.54
862  1.00000000 0.4589709 0.04619091         0    0.28   0.18      0.54
863  0.31640625 0.4589709 0.04619091         0    0.28   0.18      0.54
864  1.00000000 0.4589709 0.04619091         0    0.28   0.18      0.54
865  1.00000000 0.4589709 0.04619091         0    0.28   0.18      0.54
866  1.00000000 0.4589709 0.04619091         0    0.28   0.18      0.54
867  0.19140625 0.4589709 0.04619091         0    0.28   0.18      0.54
868  0.36328125 0.4589709 0.04619091         0    0.28   0.18      0.54
869  0.33593750 0.4589709 0.04619091         0    0.28   0.18      0.54
870  1.00000000 0.4589709 0.04619091         0    0.28   0.18      0.54
871  1.00000000 0.4589709 0.04619091         0    0.28   0.18      0.54
872  1.00000000 0.4589709 0.04619091         0    0.28   0.18      0.54
873  0.44531250 0.4589709 0.04619091         0    0.28   0.18      0.54
874  0.58593750 0.4589709 0.04619091         0    0.28   0.18      0.54
875  0.58593750 0.4589709 0.04619091         0    0.28   0.18      0.54
876  1.00000000 0.4589709 0.04619091         0    0.28   0.18      0.54
877  1.00000000 0.4589709 0.04619091         0    0.28   0.18      0.54
878  0.32031250 0.4589709 0.04619091         0    0.28   0.18      0.54
879  1.00000000 0.4589709 0.04619091         0    0.28   0.18      0.54
880  0.13671875 0.4589709 0.04619091         0    0.28   0.18      0.54
881  1.00000000 0.4589709 0.04619091         0    0.28   0.18      0.54
882  1.00000000 0.4589709 0.04619091         0    0.28   0.18      0.54
883  0.23437500 0.4589709 0.04619091         0    0.28   0.18      0.54
884  0.27734375 0.4589709 0.04619091         0    0.28   0.18      0.54
885  0.12500000 0.4589709 0.04619091         0    0.28   0.18      0.54
886  1.00000000 0.4589709 0.04619091         0    0.28   0.18      0.54
887  1.00000000 0.4589709 0.04619091         0    0.28   0.18      0.54
888  0.23046875 0.4589709 0.04619091         0    0.28   0.18      0.54
889  0.25390625 0.4589709 0.04619091         0    0.28   0.18      0.54
890  0.23046875 0.4589709 0.04619091         0    0.28   0.18      0.54
891  0.42578125 0.4589709 0.04619091         0    0.28   0.18      0.54
892  0.25390625 0.4589709 0.04619091         0    0.28   0.18      0.54
893  1.00000000 0.4589709 0.04619091         0    0.28   0.18      0.54
894  1.00000000 0.4589709 0.04619091         0    0.28   0.18      0.54
895  0.61328125 0.4589709 0.04619091         0    0.28   0.18      0.54
896  1.00000000 0.4589709 0.04619091         0    0.28   0.18      0.54
897  1.00000000 0.4589709 0.04619091         0    0.28   0.18      0.54
898  0.43359375 0.4589709 0.04619091         0    0.28   0.18      0.54
899  0.26953125 0.4589709 0.04619091         0    0.28   0.18      0.54
900  0.22265625 0.4589709 0.04619091         0    0.28   0.18      0.54
901  0.24218750 0.3350883 0.04475840         0    0.42   0.25      0.33
902  1.00000000 0.3350883 0.04475840         0    0.42   0.25      0.33
903  1.00000000 0.3350883 0.04475840         0    0.42   0.25      0.33
904  0.43359375 0.3350883 0.04475840         0    0.42   0.25      0.33
905  0.13281250 0.3350883 0.04475840         0    0.42   0.25      0.33
906  1.00000000 0.3350883 0.04475840         0    0.42   0.25      0.33
907  0.24218750 0.3350883 0.04475840         0    0.42   0.25      0.33
908  0.19531250 0.3350883 0.04475840         0    0.42   0.25      0.33
909  1.00000000 0.3350883 0.04475840         0    0.42   0.25      0.33
910  0.30468750 0.3350883 0.04475840         0    0.42   0.25      0.33
911  0.30078125 0.3350883 0.04475840         0    0.42   0.25      0.33
912  0.33984375 0.3350883 0.04475840         0    0.42   0.25      0.33
913  0.18750000 0.3350883 0.04475840         0    0.42   0.25      0.33
914  1.00000000 0.3350883 0.04475840         0    0.42   0.25      0.33
915  0.32812500 0.3350883 0.04475840         0    0.42   0.25      0.33
916  0.26953125 0.3350883 0.04475840         0    0.42   0.25      0.33
917  0.22265625 0.3350883 0.04475840         0    0.42   0.25      0.33
918  0.23828125 0.3350883 0.04475840         0    0.42   0.25      0.33
919  0.20312500 0.3350883 0.04475840         0    0.42   0.25      0.33
920  0.55859375 0.3350883 0.04475840         0    0.42   0.25      0.33
921  0.56250000 0.3350883 0.04475840         0    0.42   0.25      0.33
922  0.24609375 0.3350883 0.04475840         0    0.42   0.25      0.33
923  1.00000000 0.3350883 0.04475840         0    0.42   0.25      0.33
924  1.00000000 0.3350883 0.04475840         0    0.42   0.25      0.33
925  0.23828125 0.3350883 0.04475840         0    0.42   0.25      0.33
926  0.31250000 0.3350883 0.04475840         0    0.42   0.25      0.33
927  1.00000000 0.3350883 0.04475840         0    0.42   0.25      0.33
928  0.24218750 0.3350883 0.04475840         0    0.42   0.25      0.33
929  0.46875000 0.3350883 0.04475840         0    0.42   0.25      0.33
930  0.27343750 0.3350883 0.04475840         0    0.42   0.25      0.33
931  0.16406250 0.3350883 0.04475840         0    0.42   0.25      0.33
932  0.17187500 0.3350883 0.04475840         0    0.42   0.25      0.33
933  0.42187500 0.3350883 0.04475840         0    0.42   0.25      0.33
934  0.20312500 0.3350883 0.04475840         0    0.42   0.25      0.33
935  0.38671875 0.3350883 0.04475840         0    0.42   0.25      0.33
936  0.72656250 0.3350883 0.04475840         0    0.42   0.25      0.33
937  0.11328125 0.3350883 0.04475840         0    0.42   0.25      0.33
938  1.00000000 0.3350883 0.04475840         0    0.42   0.25      0.33
939  0.16796875 0.3350883 0.04475840         0    0.42   0.25      0.33
940  1.00000000 0.3350883 0.04475840         0    0.42   0.25      0.33
941  1.00000000 0.3350883 0.04475840         0    0.42   0.25      0.33
942  0.27734375 0.3350883 0.04475840         0    0.42   0.25      0.33
943  0.39453125 0.3350883 0.04475840         0    0.42   0.25      0.33
944  1.00000000 0.3350883 0.04475840         0    0.42   0.25      0.33
945  0.25781250 0.3350883 0.04475840         0    0.42   0.25      0.33
946  1.00000000 0.3350883 0.04475840         0    0.42   0.25      0.33
947  0.20703125 0.3350883 0.04475840         0    0.42   0.25      0.33
948  1.00000000 0.3350883 0.04475840         0    0.42   0.25      0.33
949  1.00000000 0.3350883 0.04475840         0    0.42   0.25      0.33
950  0.37890625 0.3350883 0.04475840         0    0.42   0.25      0.33
951  1.00000000 0.3350883 0.04475840         0    0.42   0.25      0.33
952  0.39843750 0.3350883 0.04475840         0    0.42   0.25      0.33
953  0.62109375 0.3350883 0.04475840         0    0.42   0.25      0.33
954  0.36328125 0.3350883 0.04475840         0    0.42   0.25      0.33
955  0.10546875 0.3350883 0.04475840         0    0.42   0.25      0.33
956  0.15234375 0.3350883 0.04475840         0    0.42   0.25      0.33
957  0.66406250 0.3350883 0.04475840         0    0.42   0.25      0.33
958  0.29296875 0.3350883 0.04475840         0    0.42   0.25      0.33
959  1.00000000 0.3350883 0.04475840         0    0.42   0.25      0.33
960  0.35546875 0.3350883 0.04475840         0    0.42   0.25      0.33
961  0.63281250 0.3350883 0.04475840         0    0.42   0.25      0.33
962  0.23828125 0.3350883 0.04475840         0    0.42   0.25      0.33
963  1.00000000 0.3350883 0.04475840         0    0.42   0.25      0.33
964  0.22265625 0.3350883 0.04475840         0    0.42   0.25      0.33
965  0.18359375 0.3350883 0.04475840         0    0.42   0.25      0.33
966  0.23046875 0.3350883 0.04475840         0    0.42   0.25      0.33
967  0.19531250 0.3350883 0.04475840         0    0.42   0.25      0.33
968  0.18750000 0.3350883 0.04475840         0    0.42   0.25      0.33
969  0.13671875 0.3350883 0.04475840         0    0.42   0.25      0.33
970  1.00000000 0.3350883 0.04475840         0    0.42   0.25      0.33
971  0.23046875 0.3350883 0.04475840         0    0.42   0.25      0.33
972  1.00000000 0.3350883 0.04475840         0    0.42   0.25      0.33
973  1.00000000 0.3350883 0.04475840         0    0.42   0.25      0.33
974  0.35156250 0.3350883 0.04475840         0    0.42   0.25      0.33
975  0.76953125 0.3350883 0.04475840         0    0.42   0.25      0.33
976  1.00000000 0.3350883 0.04475840         0    0.42   0.25      0.33
977  0.18750000 0.3350883 0.04475840         0    0.42   0.25      0.33
978  0.27734375 0.3350883 0.04475840         0    0.42   0.25      0.33
979  0.16796875 0.3350883 0.04475840         0    0.42   0.25      0.33
980  0.15625000 0.3350883 0.04475840         0    0.42   0.25      0.33
981  0.11718750 0.3350883 0.04475840         0    0.42   0.25      0.33
982  1.00000000 0.3350883 0.04475840         0    0.42   0.25      0.33
983  0.23828125 0.3350883 0.04475840         0    0.42   0.25      0.33
984  0.19140625 0.3350883 0.04475840         0    0.42   0.25      0.33
985  0.32031250 0.3350883 0.04475840         0    0.42   0.25      0.33
986  1.00000000 0.3350883 0.04475840         0    0.42   0.25      0.33
987  1.00000000 0.3350883 0.04475840         0    0.42   0.25      0.33
988  0.16406250 0.3350883 0.04475840         0    0.42   0.25      0.33
989  0.27734375 0.3350883 0.04475840         0    0.42   0.25      0.33
990  0.33203125 0.3350883 0.04475840         0    0.42   0.25      0.33
991  1.00000000 0.3350883 0.04475840         0    0.42   0.25      0.33
992  1.00000000 0.3350883 0.04475840         0    0.42   0.25      0.33
993  0.36718750 0.3350883 0.04475840         0    0.42   0.25      0.33
994  0.12109375 0.3350883 0.04475840         0    0.42   0.25      0.33
995  0.49609375 0.3350883 0.04475840         0    0.42   0.25      0.33
996  1.00000000 0.3350883 0.04475840         0    0.42   0.25      0.33
997  0.36718750 0.3350883 0.04475840         0    0.42   0.25      0.33
998  0.19140625 0.3350883 0.04475840         0    0.42   0.25      0.33
999  1.00000000 0.3350883 0.04475840         0    0.42   0.25      0.33
1000 0.44140625 0.3350883 0.04475840         0    0.42   0.25      0.33
