      prop.aneu prob.meio  prob.mito dispersal euploid mosaic aneuploid
1    0.02734375 0.4993960 0.01196256         0    0.46   0.08      0.46
2    1.00000000 0.4993960 0.01196256         0    0.46   0.08      0.46
3    1.00000000 0.4993960 0.01196256         0    0.46   0.08      0.46
4    0.03906250 0.4993960 0.01196256         0    0.46   0.08      0.46
5    1.00000000 0.4993960 0.01196256         0    0.46   0.08      0.46
6    1.00000000 0.4993960 0.01196256         0    0.46   0.08      0.46
7    0.14843750 0.4993960 0.01196256         0    0.46   0.08      0.46
8    1.00000000 0.4993960 0.01196256         0    0.46   0.08      0.46
9    1.00000000 0.4993960 0.01196256         0    0.46   0.08      0.46
10   1.00000000 0.4993960 0.01196256         0    0.46   0.08      0.46
11   1.00000000 0.4993960 0.01196256         0    0.46   0.08      0.46
12   0.28906250 0.4993960 0.01196256         0    0.46   0.08      0.46
13   1.00000000 0.4993960 0.01196256         0    0.46   0.08      0.46
14   0.03515625 0.4993960 0.01196256         0    0.46   0.08      0.46
15   0.04687500 0.4993960 0.01196256         0    0.46   0.08      0.46
16   0.07031250 0.4993960 0.01196256         0    0.46   0.08      0.46
17   1.00000000 0.4993960 0.01196256         0    0.46   0.08      0.46
18   0.07421875 0.4993960 0.01196256         0    0.46   0.08      0.46
19   0.20312500 0.4993960 0.01196256         0    0.46   0.08      0.46
20   0.25781250 0.4993960 0.01196256         0    0.46   0.08      0.46
21   1.00000000 0.4993960 0.01196256         0    0.46   0.08      0.46
22   0.00781250 0.4993960 0.01196256         0    0.46   0.08      0.46
23   1.00000000 0.4993960 0.01196256         0    0.46   0.08      0.46
24   1.00000000 0.4993960 0.01196256         0    0.46   0.08      0.46
25   0.10546875 0.4993960 0.01196256         0    0.46   0.08      0.46
26   0.03906250 0.4993960 0.01196256         0    0.46   0.08      0.46
27   1.00000000 0.4993960 0.01196256         0    0.46   0.08      0.46
28   1.00000000 0.4993960 0.01196256         0    0.46   0.08      0.46
29   1.00000000 0.4993960 0.01196256         0    0.46   0.08      0.46
30   0.07031250 0.4993960 0.01196256         0    0.46   0.08      0.46
31   1.00000000 0.4993960 0.01196256         0    0.46   0.08      0.46
32   0.05078125 0.4993960 0.01196256         0    0.46   0.08      0.46
33   0.01171875 0.4993960 0.01196256         0    0.46   0.08      0.46
34   1.00000000 0.4993960 0.01196256         0    0.46   0.08      0.46
35   0.05859375 0.4993960 0.01196256         0    0.46   0.08      0.46
36   1.00000000 0.4993960 0.01196256         0    0.46   0.08      0.46
37   0.34375000 0.4993960 0.01196256         0    0.46   0.08      0.46
38   0.08984375 0.4993960 0.01196256         0    0.46   0.08      0.46
39   0.05468750 0.4993960 0.01196256         0    0.46   0.08      0.46
40   0.17578125 0.4993960 0.01196256         0    0.46   0.08      0.46
41   1.00000000 0.4993960 0.01196256         0    0.46   0.08      0.46
42   1.00000000 0.4993960 0.01196256         0    0.46   0.08      0.46
43   1.00000000 0.4993960 0.01196256         0    0.46   0.08      0.46
44   0.05468750 0.4993960 0.01196256         0    0.46   0.08      0.46
45   0.05859375 0.4993960 0.01196256         0    0.46   0.08      0.46
46   0.03125000 0.4993960 0.01196256         0    0.46   0.08      0.46
47   1.00000000 0.4993960 0.01196256         0    0.46   0.08      0.46
48   0.01562500 0.4993960 0.01196256         0    0.46   0.08      0.46
49   1.00000000 0.4993960 0.01196256         0    0.46   0.08      0.46
50   1.00000000 0.4993960 0.01196256         0    0.46   0.08      0.46
51   1.00000000 0.4993960 0.01196256         0    0.46   0.08      0.46
52   1.00000000 0.4993960 0.01196256         0    0.46   0.08      0.46
53   1.00000000 0.4993960 0.01196256         0    0.46   0.08      0.46
54   1.00000000 0.4993960 0.01196256         0    0.46   0.08      0.46
55   0.12890625 0.4993960 0.01196256         0    0.46   0.08      0.46
56   0.01953125 0.4993960 0.01196256         0    0.46   0.08      0.46
57   0.01953125 0.4993960 0.01196256         0    0.46   0.08      0.46
58   0.06250000 0.4993960 0.01196256         0    0.46   0.08      0.46
59   1.00000000 0.4993960 0.01196256         0    0.46   0.08      0.46
60   1.00000000 0.4993960 0.01196256         0    0.46   0.08      0.46
61   1.00000000 0.4993960 0.01196256         0    0.46   0.08      0.46
62   1.00000000 0.4993960 0.01196256         0    0.46   0.08      0.46
63   0.04296875 0.4993960 0.01196256         0    0.46   0.08      0.46
64   1.00000000 0.4993960 0.01196256         0    0.46   0.08      0.46
65   0.17187500 0.4993960 0.01196256         0    0.46   0.08      0.46
66   0.08593750 0.4993960 0.01196256         0    0.46   0.08      0.46
67   1.00000000 0.4993960 0.01196256         0    0.46   0.08      0.46
68   0.05078125 0.4993960 0.01196256         0    0.46   0.08      0.46
69   1.00000000 0.4993960 0.01196256         0    0.46   0.08      0.46
70   0.06250000 0.4993960 0.01196256         0    0.46   0.08      0.46
71   0.15234375 0.4993960 0.01196256         0    0.46   0.08      0.46
72   0.05859375 0.4993960 0.01196256         0    0.46   0.08      0.46
73   0.01953125 0.4993960 0.01196256         0    0.46   0.08      0.46
74   0.06250000 0.4993960 0.01196256         0    0.46   0.08      0.46
75   0.03515625 0.4993960 0.01196256         0    0.46   0.08      0.46
76   0.04296875 0.4993960 0.01196256         0    0.46   0.08      0.46
77   1.00000000 0.4993960 0.01196256         0    0.46   0.08      0.46
78   0.02734375 0.4993960 0.01196256         0    0.46   0.08      0.46
79   1.00000000 0.4993960 0.01196256         0    0.46   0.08      0.46
80   1.00000000 0.4993960 0.01196256         0    0.46   0.08      0.46
81   0.13671875 0.4993960 0.01196256         0    0.46   0.08      0.46
82   0.15234375 0.4993960 0.01196256         0    0.46   0.08      0.46
83   1.00000000 0.4993960 0.01196256         0    0.46   0.08      0.46
84   0.11328125 0.4993960 0.01196256         0    0.46   0.08      0.46
85   0.10546875 0.4993960 0.01196256         0    0.46   0.08      0.46
86   0.01953125 0.4993960 0.01196256         0    0.46   0.08      0.46
87   1.00000000 0.4993960 0.01196256         0    0.46   0.08      0.46
88   1.00000000 0.4993960 0.01196256         0    0.46   0.08      0.46
89   0.00390625 0.4993960 0.01196256         0    0.46   0.08      0.46
90   0.08984375 0.4993960 0.01196256         0    0.46   0.08      0.46
91   0.08203125 0.4993960 0.01196256         0    0.46   0.08      0.46
92   0.12109375 0.4993960 0.01196256         0    0.46   0.08      0.46
93   0.04687500 0.4993960 0.01196256         0    0.46   0.08      0.46
94   1.00000000 0.4993960 0.01196256         0    0.46   0.08      0.46
95   1.00000000 0.4993960 0.01196256         0    0.46   0.08      0.46
96   1.00000000 0.4993960 0.01196256         0    0.46   0.08      0.46
97   0.33593750 0.4993960 0.01196256         0    0.46   0.08      0.46
98   0.05078125 0.4993960 0.01196256         0    0.46   0.08      0.46
99   0.04296875 0.4993960 0.01196256         0    0.46   0.08      0.46
100  1.00000000 0.4993960 0.01196256         0    0.46   0.08      0.46
101  1.00000000 0.3126544 0.03893182         0    0.34   0.20      0.46
102  0.29296875 0.3126544 0.03893182         0    0.34   0.20      0.46
103  0.33203125 0.3126544 0.03893182         0    0.34   0.20      0.46
104  1.00000000 0.3126544 0.03893182         0    0.34   0.20      0.46
105  0.21093750 0.3126544 0.03893182         0    0.34   0.20      0.46
106  0.11718750 0.3126544 0.03893182         0    0.34   0.20      0.46
107  0.35937500 0.3126544 0.03893182         0    0.34   0.20      0.46
108  0.25390625 0.3126544 0.03893182         0    0.34   0.20      0.46
109  0.14453125 0.3126544 0.03893182         0    0.34   0.20      0.46
110  0.13671875 0.3126544 0.03893182         0    0.34   0.20      0.46
111  1.00000000 0.3126544 0.03893182         0    0.34   0.20      0.46
112  1.00000000 0.3126544 0.03893182         0    0.34   0.20      0.46
113  0.19921875 0.3126544 0.03893182         0    0.34   0.20      0.46
114  1.00000000 0.3126544 0.03893182         0    0.34   0.20      0.46
115  0.52734375 0.3126544 0.03893182         0    0.34   0.20      0.46
116  0.37890625 0.3126544 0.03893182         0    0.34   0.20      0.46
117  1.00000000 0.3126544 0.03893182         0    0.34   0.20      0.46
118  1.00000000 0.3126544 0.03893182         0    0.34   0.20      0.46
119  1.00000000 0.3126544 0.03893182         0    0.34   0.20      0.46
120  0.11718750 0.3126544 0.03893182         0    0.34   0.20      0.46
121  1.00000000 0.3126544 0.03893182         0    0.34   0.20      0.46
122  1.00000000 0.3126544 0.03893182         0    0.34   0.20      0.46
123  1.00000000 0.3126544 0.03893182         0    0.34   0.20      0.46
124  0.19140625 0.3126544 0.03893182         0    0.34   0.20      0.46
125  0.16406250 0.3126544 0.03893182         0    0.34   0.20      0.46
126  1.00000000 0.3126544 0.03893182         0    0.34   0.20      0.46
127  0.38281250 0.3126544 0.03893182         0    0.34   0.20      0.46
128  1.00000000 0.3126544 0.03893182         0    0.34   0.20      0.46
129  0.24218750 0.3126544 0.03893182         0    0.34   0.20      0.46
130  0.38281250 0.3126544 0.03893182         0    0.34   0.20      0.46
131  0.42187500 0.3126544 0.03893182         0    0.34   0.20      0.46
132  0.15625000 0.3126544 0.03893182         0    0.34   0.20      0.46
133  0.46875000 0.3126544 0.03893182         0    0.34   0.20      0.46
134  0.19921875 0.3126544 0.03893182         0    0.34   0.20      0.46
135  0.20312500 0.3126544 0.03893182         0    0.34   0.20      0.46
136  1.00000000 0.3126544 0.03893182         0    0.34   0.20      0.46
137  0.57031250 0.3126544 0.03893182         0    0.34   0.20      0.46
138  1.00000000 0.3126544 0.03893182         0    0.34   0.20      0.46
139  0.15234375 0.3126544 0.03893182         0    0.34   0.20      0.46
140  1.00000000 0.3126544 0.03893182         0    0.34   0.20      0.46
141  0.15234375 0.3126544 0.03893182         0    0.34   0.20      0.46
142  1.00000000 0.3126544 0.03893182         0    0.34   0.20      0.46
143  0.34765625 0.3126544 0.03893182         0    0.34   0.20      0.46
144  1.00000000 0.3126544 0.03893182         0    0.34   0.20      0.46
145  0.32421875 0.3126544 0.03893182         0    0.34   0.20      0.46
146  0.17968750 0.3126544 0.03893182         0    0.34   0.20      0.46
147  1.00000000 0.3126544 0.03893182         0    0.34   0.20      0.46
148  0.24609375 0.3126544 0.03893182         0    0.34   0.20      0.46
149  1.00000000 0.3126544 0.03893182         0    0.34   0.20      0.46
150  0.29296875 0.3126544 0.03893182         0    0.34   0.20      0.46
151  0.50000000 0.3126544 0.03893182         0    0.34   0.20      0.46
152  0.17187500 0.3126544 0.03893182         0    0.34   0.20      0.46
153  1.00000000 0.3126544 0.03893182         0    0.34   0.20      0.46
154  0.20312500 0.3126544 0.03893182         0    0.34   0.20      0.46
155  1.00000000 0.3126544 0.03893182         0    0.34   0.20      0.46
156  1.00000000 0.3126544 0.03893182         0    0.34   0.20      0.46
157  0.16015625 0.3126544 0.03893182         0    0.34   0.20      0.46
158  0.31640625 0.3126544 0.03893182         0    0.34   0.20      0.46
159  0.41015625 0.3126544 0.03893182         0    0.34   0.20      0.46
160  1.00000000 0.3126544 0.03893182         0    0.34   0.20      0.46
161  0.14453125 0.3126544 0.03893182         0    0.34   0.20      0.46
162  1.00000000 0.3126544 0.03893182         0    0.34   0.20      0.46
163  1.00000000 0.3126544 0.03893182         0    0.34   0.20      0.46
164  0.28125000 0.3126544 0.03893182         0    0.34   0.20      0.46
165  0.14453125 0.3126544 0.03893182         0    0.34   0.20      0.46
166  0.36328125 0.3126544 0.03893182         0    0.34   0.20      0.46
167  0.46093750 0.3126544 0.03893182         0    0.34   0.20      0.46
168  0.13671875 0.3126544 0.03893182         0    0.34   0.20      0.46
169  0.15234375 0.3126544 0.03893182         0    0.34   0.20      0.46
170  1.00000000 0.3126544 0.03893182         0    0.34   0.20      0.46
171  1.00000000 0.3126544 0.03893182         0    0.34   0.20      0.46
172  0.34765625 0.3126544 0.03893182         0    0.34   0.20      0.46
173  0.41406250 0.3126544 0.03893182         0    0.34   0.20      0.46
174  0.11718750 0.3126544 0.03893182         0    0.34   0.20      0.46
175  1.00000000 0.3126544 0.03893182         0    0.34   0.20      0.46
176  1.00000000 0.3126544 0.03893182         0    0.34   0.20      0.46
177  0.20703125 0.3126544 0.03893182         0    0.34   0.20      0.46
178  1.00000000 0.3126544 0.03893182         0    0.34   0.20      0.46
179  0.43359375 0.3126544 0.03893182         0    0.34   0.20      0.46
180  1.00000000 0.3126544 0.03893182         0    0.34   0.20      0.46
181  1.00000000 0.3126544 0.03893182         0    0.34   0.20      0.46
182  0.59765625 0.3126544 0.03893182         0    0.34   0.20      0.46
183  0.16796875 0.3126544 0.03893182         0    0.34   0.20      0.46
184  0.54296875 0.3126544 0.03893182         0    0.34   0.20      0.46
185  1.00000000 0.3126544 0.03893182         0    0.34   0.20      0.46
186  0.39843750 0.3126544 0.03893182         0    0.34   0.20      0.46
187  1.00000000 0.3126544 0.03893182         0    0.34   0.20      0.46
188  0.19921875 0.3126544 0.03893182         0    0.34   0.20      0.46
189  0.14453125 0.3126544 0.03893182         0    0.34   0.20      0.46
190  0.19140625 0.3126544 0.03893182         0    0.34   0.20      0.46
191  1.00000000 0.3126544 0.03893182         0    0.34   0.20      0.46
192  0.33984375 0.3126544 0.03893182         0    0.34   0.20      0.46
193  0.14453125 0.3126544 0.03893182         0    0.34   0.20      0.46
194  1.00000000 0.3126544 0.03893182         0    0.34   0.20      0.46
195  1.00000000 0.3126544 0.03893182         0    0.34   0.20      0.46
196  0.11718750 0.3126544 0.03893182         0    0.34   0.20      0.46
197  0.53125000 0.3126544 0.03893182         0    0.34   0.20      0.46
198  0.12109375 0.3126544 0.03893182         0    0.34   0.20      0.46
199  1.00000000 0.3126544 0.03893182         0    0.34   0.20      0.46
200  1.00000000 0.3126544 0.03893182         0    0.34   0.20      0.46
201  0.20703125 0.3212454 0.03375833         0    0.37   0.20      0.43
202  0.28125000 0.3212454 0.03375833         0    0.37   0.20      0.43
203  1.00000000 0.3212454 0.03375833         0    0.37   0.20      0.43
204  0.14062500 0.3212454 0.03375833         0    0.37   0.20      0.43
205  0.11718750 0.3212454 0.03375833         0    0.37   0.20      0.43
206  1.00000000 0.3212454 0.03375833         0    0.37   0.20      0.43
207  0.20703125 0.3212454 0.03375833         0    0.37   0.20      0.43
208  0.21093750 0.3212454 0.03375833         0    0.37   0.20      0.43
209  0.25781250 0.3212454 0.03375833         0    0.37   0.20      0.43
210  0.14062500 0.3212454 0.03375833         0    0.37   0.20      0.43
211  0.14062500 0.3212454 0.03375833         0    0.37   0.20      0.43
212  0.15625000 0.3212454 0.03375833         0    0.37   0.20      0.43
213  1.00000000 0.3212454 0.03375833         0    0.37   0.20      0.43
214  1.00000000 0.3212454 0.03375833         0    0.37   0.20      0.43
215  0.36718750 0.3212454 0.03375833         0    0.37   0.20      0.43
216  1.00000000 0.3212454 0.03375833         0    0.37   0.20      0.43
217  1.00000000 0.3212454 0.03375833         0    0.37   0.20      0.43
218  0.13281250 0.3212454 0.03375833         0    0.37   0.20      0.43
219  1.00000000 0.3212454 0.03375833         0    0.37   0.20      0.43
220  0.19921875 0.3212454 0.03375833         0    0.37   0.20      0.43
221  0.19140625 0.3212454 0.03375833         0    0.37   0.20      0.43
222  1.00000000 0.3212454 0.03375833         0    0.37   0.20      0.43
223  1.00000000 0.3212454 0.03375833         0    0.37   0.20      0.43
224  1.00000000 0.3212454 0.03375833         0    0.37   0.20      0.43
225  0.12109375 0.3212454 0.03375833         0    0.37   0.20      0.43
226  0.28906250 0.3212454 0.03375833         0    0.37   0.20      0.43
227  0.32812500 0.3212454 0.03375833         0    0.37   0.20      0.43
228  0.31640625 0.3212454 0.03375833         0    0.37   0.20      0.43
229  0.17968750 0.3212454 0.03375833         0    0.37   0.20      0.43
230  0.22656250 0.3212454 0.03375833         0    0.37   0.20      0.43
231  0.11328125 0.3212454 0.03375833         0    0.37   0.20      0.43
232  0.10546875 0.3212454 0.03375833         0    0.37   0.20      0.43
233  1.00000000 0.3212454 0.03375833         0    0.37   0.20      0.43
234  0.14843750 0.3212454 0.03375833         0    0.37   0.20      0.43
235  0.33593750 0.3212454 0.03375833         0    0.37   0.20      0.43
236  0.25390625 0.3212454 0.03375833         0    0.37   0.20      0.43
237  1.00000000 0.3212454 0.03375833         0    0.37   0.20      0.43
238  0.20312500 0.3212454 0.03375833         0    0.37   0.20      0.43
239  0.14062500 0.3212454 0.03375833         0    0.37   0.20      0.43
240  1.00000000 0.3212454 0.03375833         0    0.37   0.20      0.43
241  0.08593750 0.3212454 0.03375833         0    0.37   0.20      0.43
242  1.00000000 0.3212454 0.03375833         0    0.37   0.20      0.43
243  0.26953125 0.3212454 0.03375833         0    0.37   0.20      0.43
244  0.26953125 0.3212454 0.03375833         0    0.37   0.20      0.43
245  0.08984375 0.3212454 0.03375833         0    0.37   0.20      0.43
246  0.14453125 0.3212454 0.03375833         0    0.37   0.20      0.43
247  1.00000000 0.3212454 0.03375833         0    0.37   0.20      0.43
248  0.33203125 0.3212454 0.03375833         0    0.37   0.20      0.43
249  0.20312500 0.3212454 0.03375833         0    0.37   0.20      0.43
250  1.00000000 0.3212454 0.03375833         0    0.37   0.20      0.43
251  1.00000000 0.3212454 0.03375833         0    0.37   0.20      0.43
252  0.10937500 0.3212454 0.03375833         0    0.37   0.20      0.43
253  0.07031250 0.3212454 0.03375833         0    0.37   0.20      0.43
254  1.00000000 0.3212454 0.03375833         0    0.37   0.20      0.43
255  1.00000000 0.3212454 0.03375833         0    0.37   0.20      0.43
256  1.00000000 0.3212454 0.03375833         0    0.37   0.20      0.43
257  1.00000000 0.3212454 0.03375833         0    0.37   0.20      0.43
258  1.00000000 0.3212454 0.03375833         0    0.37   0.20      0.43
259  1.00000000 0.3212454 0.03375833         0    0.37   0.20      0.43
260  0.12890625 0.3212454 0.03375833         0    0.37   0.20      0.43
261  1.00000000 0.3212454 0.03375833         0    0.37   0.20      0.43
262  1.00000000 0.3212454 0.03375833         0    0.37   0.20      0.43
263  0.45312500 0.3212454 0.03375833         0    0.37   0.20      0.43
264  0.66406250 0.3212454 0.03375833         0    0.37   0.20      0.43
265  1.00000000 0.3212454 0.03375833         0    0.37   0.20      0.43
266  0.35156250 0.3212454 0.03375833         0    0.37   0.20      0.43
267  1.00000000 0.3212454 0.03375833         0    0.37   0.20      0.43
268  0.12109375 0.3212454 0.03375833         0    0.37   0.20      0.43
269  1.00000000 0.3212454 0.03375833         0    0.37   0.20      0.43
270  1.00000000 0.3212454 0.03375833         0    0.37   0.20      0.43
271  0.58984375 0.3212454 0.03375833         0    0.37   0.20      0.43
272  0.14453125 0.3212454 0.03375833         0    0.37   0.20      0.43
273  0.38671875 0.3212454 0.03375833         0    0.37   0.20      0.43
274  0.19140625 0.3212454 0.03375833         0    0.37   0.20      0.43
275  1.00000000 0.3212454 0.03375833         0    0.37   0.20      0.43
276  0.21484375 0.3212454 0.03375833         0    0.37   0.20      0.43
277  1.00000000 0.3212454 0.03375833         0    0.37   0.20      0.43
278  0.30078125 0.3212454 0.03375833         0    0.37   0.20      0.43
279  0.12500000 0.3212454 0.03375833         0    0.37   0.20      0.43
280  0.21093750 0.3212454 0.03375833         0    0.37   0.20      0.43
281  1.00000000 0.3212454 0.03375833         0    0.37   0.20      0.43
282  0.18359375 0.3212454 0.03375833         0    0.37   0.20      0.43
283  1.00000000 0.3212454 0.03375833         0    0.37   0.20      0.43
284  1.00000000 0.3212454 0.03375833         0    0.37   0.20      0.43
285  0.42187500 0.3212454 0.03375833         0    0.37   0.20      0.43
286  1.00000000 0.3212454 0.03375833         0    0.37   0.20      0.43
287  1.00000000 0.3212454 0.03375833         0    0.37   0.20      0.43
288  0.44140625 0.3212454 0.03375833         0    0.37   0.20      0.43
289  0.23046875 0.3212454 0.03375833         0    0.37   0.20      0.43
290  0.36328125 0.3212454 0.03375833         0    0.37   0.20      0.43
291  1.00000000 0.3212454 0.03375833         0    0.37   0.20      0.43
292  0.19921875 0.3212454 0.03375833         0    0.37   0.20      0.43
293  1.00000000 0.3212454 0.03375833         0    0.37   0.20      0.43
294  0.24218750 0.3212454 0.03375833         0    0.37   0.20      0.43
295  1.00000000 0.3212454 0.03375833         0    0.37   0.20      0.43
296  0.26562500 0.3212454 0.03375833         0    0.37   0.20      0.43
297  0.17578125 0.3212454 0.03375833         0    0.37   0.20      0.43
298  1.00000000 0.3212454 0.03375833         0    0.37   0.20      0.43
299  0.45312500 0.3212454 0.03375833         0    0.37   0.20      0.43
300  1.00000000 0.3212454 0.03375833         0    0.37   0.20      0.43
301  1.00000000 0.2552564 0.07193346         0    0.27   0.29      0.44
302  0.29687500 0.2552564 0.07193346         0    0.27   0.29      0.44
303  0.50000000 0.2552564 0.07193346         0    0.27   0.29      0.44
304  1.00000000 0.2552564 0.07193346         0    0.27   0.29      0.44
305  0.42187500 0.2552564 0.07193346         0    0.27   0.29      0.44
306  1.00000000 0.2552564 0.07193346         0    0.27   0.29      0.44
307  0.54687500 0.2552564 0.07193346         0    0.27   0.29      0.44
308  0.33203125 0.2552564 0.07193346         0    0.27   0.29      0.44
309  1.00000000 0.2552564 0.07193346         0    0.27   0.29      0.44
310  0.66406250 0.2552564 0.07193346         0    0.27   0.29      0.44
311  0.68750000 0.2552564 0.07193346         0    0.27   0.29      0.44
312  1.00000000 0.2552564 0.07193346         0    0.27   0.29      0.44
313  0.62500000 0.2552564 0.07193346         0    0.27   0.29      0.44
314  0.48828125 0.2552564 0.07193346         0    0.27   0.29      0.44
315  1.00000000 0.2552564 0.07193346         0    0.27   0.29      0.44
316  0.31250000 0.2552564 0.07193346         0    0.27   0.29      0.44
317  0.31640625 0.2552564 0.07193346         0    0.27   0.29      0.44
318  0.52734375 0.2552564 0.07193346         0    0.27   0.29      0.44
319  0.46484375 0.2552564 0.07193346         0    0.27   0.29      0.44
320  0.38281250 0.2552564 0.07193346         0    0.27   0.29      0.44
321  0.73437500 0.2552564 0.07193346         0    0.27   0.29      0.44
322  1.00000000 0.2552564 0.07193346         0    0.27   0.29      0.44
323  0.51171875 0.2552564 0.07193346         0    0.27   0.29      0.44
324  0.26953125 0.2552564 0.07193346         0    0.27   0.29      0.44
325  0.25781250 0.2552564 0.07193346         0    0.27   0.29      0.44
326  1.00000000 0.2552564 0.07193346         0    0.27   0.29      0.44
327  0.30078125 0.2552564 0.07193346         0    0.27   0.29      0.44
328  0.30078125 0.2552564 0.07193346         0    0.27   0.29      0.44
329  0.35546875 0.2552564 0.07193346         0    0.27   0.29      0.44
330  1.00000000 0.2552564 0.07193346         0    0.27   0.29      0.44
331  0.30078125 0.2552564 0.07193346         0    0.27   0.29      0.44
332  1.00000000 0.2552564 0.07193346         0    0.27   0.29      0.44
333  0.35156250 0.2552564 0.07193346         0    0.27   0.29      0.44
334  0.39453125 0.2552564 0.07193346         0    0.27   0.29      0.44
335  1.00000000 0.2552564 0.07193346         0    0.27   0.29      0.44
336  0.48046875 0.2552564 0.07193346         0    0.27   0.29      0.44
337  0.46093750 0.2552564 0.07193346         0    0.27   0.29      0.44
338  1.00000000 0.2552564 0.07193346         0    0.27   0.29      0.44
339  0.26171875 0.2552564 0.07193346         0    0.27   0.29      0.44
340  1.00000000 0.2552564 0.07193346         0    0.27   0.29      0.44
341  0.50000000 0.2552564 0.07193346         0    0.27   0.29      0.44
342  0.46093750 0.2552564 0.07193346         0    0.27   0.29      0.44
343  0.50390625 0.2552564 0.07193346         0    0.27   0.29      0.44
344  1.00000000 0.2552564 0.07193346         0    0.27   0.29      0.44
345  0.46093750 0.2552564 0.07193346         0    0.27   0.29      0.44
346  1.00000000 0.2552564 0.07193346         0    0.27   0.29      0.44
347  0.82421875 0.2552564 0.07193346         0    0.27   0.29      0.44
348  0.21093750 0.2552564 0.07193346         0    0.27   0.29      0.44
349  0.34375000 0.2552564 0.07193346         0    0.27   0.29      0.44
350  0.27734375 0.2552564 0.07193346         0    0.27   0.29      0.44
351  0.69531250 0.2552564 0.07193346         0    0.27   0.29      0.44
352  0.70312500 0.2552564 0.07193346         0    0.27   0.29      0.44
353  0.21875000 0.2552564 0.07193346         0    0.27   0.29      0.44
354  0.31250000 0.2552564 0.07193346         0    0.27   0.29      0.44
355  0.33203125 0.2552564 0.07193346         0    0.27   0.29      0.44
356  1.00000000 0.2552564 0.07193346         0    0.27   0.29      0.44
357  0.28125000 0.2552564 0.07193346         0    0.27   0.29      0.44
358  0.36718750 0.2552564 0.07193346         0    0.27   0.29      0.44
359  0.34765625 0.2552564 0.07193346         0    0.27   0.29      0.44
360  0.73046875 0.2552564 0.07193346         0    0.27   0.29      0.44
361  0.51171875 0.2552564 0.07193346         0    0.27   0.29      0.44
362  0.39453125 0.2552564 0.07193346         0    0.27   0.29      0.44
363  0.71484375 0.2552564 0.07193346         0    0.27   0.29      0.44
364  1.00000000 0.2552564 0.07193346         0    0.27   0.29      0.44
365  0.44140625 0.2552564 0.07193346         0    0.27   0.29      0.44
366  0.47656250 0.2552564 0.07193346         0    0.27   0.29      0.44
367  0.53125000 0.2552564 0.07193346         0    0.27   0.29      0.44
368  0.39843750 0.2552564 0.07193346         0    0.27   0.29      0.44
369  0.83593750 0.2552564 0.07193346         0    0.27   0.29      0.44
370  0.57031250 0.2552564 0.07193346         0    0.27   0.29      0.44
371  0.58203125 0.2552564 0.07193346         0    0.27   0.29      0.44
372  0.30859375 0.2552564 0.07193346         0    0.27   0.29      0.44
373  1.00000000 0.2552564 0.07193346         0    0.27   0.29      0.44
374  0.42187500 0.2552564 0.07193346         0    0.27   0.29      0.44
375  0.46875000 0.2552564 0.07193346         0    0.27   0.29      0.44
376  1.00000000 0.2552564 0.07193346         0    0.27   0.29      0.44
377  1.00000000 0.2552564 0.07193346         0    0.27   0.29      0.44
378  0.48046875 0.2552564 0.07193346         0    0.27   0.29      0.44
379  0.35546875 0.2552564 0.07193346         0    0.27   0.29      0.44
380  1.00000000 0.2552564 0.07193346         0    0.27   0.29      0.44
381  0.41796875 0.2552564 0.07193346         0    0.27   0.29      0.44
382  0.30078125 0.2552564 0.07193346         0    0.27   0.29      0.44
383  0.80468750 0.2552564 0.07193346         0    0.27   0.29      0.44
384  0.47265625 0.2552564 0.07193346         0    0.27   0.29      0.44
385  0.24609375 0.2552564 0.07193346         0    0.27   0.29      0.44
386  0.35156250 0.2552564 0.07193346         0    0.27   0.29      0.44
387  0.39843750 0.2552564 0.07193346         0    0.27   0.29      0.44
388  1.00000000 0.2552564 0.07193346         0    0.27   0.29      0.44
389  0.46875000 0.2552564 0.07193346         0    0.27   0.29      0.44
390  0.48828125 0.2552564 0.07193346         0    0.27   0.29      0.44
391  0.51953125 0.2552564 0.07193346         0    0.27   0.29      0.44
392  1.00000000 0.2552564 0.07193346         0    0.27   0.29      0.44
393  1.00000000 0.2552564 0.07193346         0    0.27   0.29      0.44
394  0.33593750 0.2552564 0.07193346         0    0.27   0.29      0.44
395  0.48437500 0.2552564 0.07193346         0    0.27   0.29      0.44
396  1.00000000 0.2552564 0.07193346         0    0.27   0.29      0.44
397  0.44140625 0.2552564 0.07193346         0    0.27   0.29      0.44
398  1.00000000 0.2552564 0.07193346         0    0.27   0.29      0.44
399  1.00000000 0.2552564 0.07193346         0    0.27   0.29      0.44
400  1.00000000 0.2552564 0.07193346         0    0.27   0.29      0.44
401  1.00000000 0.4719864 0.01552291         0    0.36   0.12      0.52
402  0.10546875 0.4719864 0.01552291         0    0.36   0.12      0.52
403  0.10156250 0.4719864 0.01552291         0    0.36   0.12      0.52
404  0.05468750 0.4719864 0.01552291         0    0.36   0.12      0.52
405  1.00000000 0.4719864 0.01552291         0    0.36   0.12      0.52
406  1.00000000 0.4719864 0.01552291         0    0.36   0.12      0.52
407  0.08203125 0.4719864 0.01552291         0    0.36   0.12      0.52
408  1.00000000 0.4719864 0.01552291         0    0.36   0.12      0.52
409  1.00000000 0.4719864 0.01552291         0    0.36   0.12      0.52
410  0.09375000 0.4719864 0.01552291         0    0.36   0.12      0.52
411  1.00000000 0.4719864 0.01552291         0    0.36   0.12      0.52
412  0.01953125 0.4719864 0.01552291         0    0.36   0.12      0.52
413  0.51171875 0.4719864 0.01552291         0    0.36   0.12      0.52
414  1.00000000 0.4719864 0.01552291         0    0.36   0.12      0.52
415  1.00000000 0.4719864 0.01552291         0    0.36   0.12      0.52
416  0.08593750 0.4719864 0.01552291         0    0.36   0.12      0.52
417  1.00000000 0.4719864 0.01552291         0    0.36   0.12      0.52
418  1.00000000 0.4719864 0.01552291         0    0.36   0.12      0.52
419  1.00000000 0.4719864 0.01552291         0    0.36   0.12      0.52
420  0.10156250 0.4719864 0.01552291         0    0.36   0.12      0.52
421  0.08593750 0.4719864 0.01552291         0    0.36   0.12      0.52
422  0.28515625 0.4719864 0.01552291         0    0.36   0.12      0.52
423  1.00000000 0.4719864 0.01552291         0    0.36   0.12      0.52
424  0.19531250 0.4719864 0.01552291         0    0.36   0.12      0.52
425  0.11328125 0.4719864 0.01552291         0    0.36   0.12      0.52
426  0.06250000 0.4719864 0.01552291         0    0.36   0.12      0.52
427  1.00000000 0.4719864 0.01552291         0    0.36   0.12      0.52
428  1.00000000 0.4719864 0.01552291         0    0.36   0.12      0.52
429  0.31640625 0.4719864 0.01552291         0    0.36   0.12      0.52
430  1.00000000 0.4719864 0.01552291         0    0.36   0.12      0.52
431  1.00000000 0.4719864 0.01552291         0    0.36   0.12      0.52
432  0.03515625 0.4719864 0.01552291         0    0.36   0.12      0.52
433  1.00000000 0.4719864 0.01552291         0    0.36   0.12      0.52
434  0.03515625 0.4719864 0.01552291         0    0.36   0.12      0.52
435  0.02734375 0.4719864 0.01552291         0    0.36   0.12      0.52
436  0.01562500 0.4719864 0.01552291         0    0.36   0.12      0.52
437  1.00000000 0.4719864 0.01552291         0    0.36   0.12      0.52
438  0.08593750 0.4719864 0.01552291         0    0.36   0.12      0.52
439  1.00000000 0.4719864 0.01552291         0    0.36   0.12      0.52
440  0.12500000 0.4719864 0.01552291         0    0.36   0.12      0.52
441  0.02343750 0.4719864 0.01552291         0    0.36   0.12      0.52
442  1.00000000 0.4719864 0.01552291         0    0.36   0.12      0.52
443  1.00000000 0.4719864 0.01552291         0    0.36   0.12      0.52
444  1.00000000 0.4719864 0.01552291         0    0.36   0.12      0.52
445  1.00000000 0.4719864 0.01552291         0    0.36   0.12      0.52
446  1.00000000 0.4719864 0.01552291         0    0.36   0.12      0.52
447  0.12890625 0.4719864 0.01552291         0    0.36   0.12      0.52
448  1.00000000 0.4719864 0.01552291         0    0.36   0.12      0.52
449  1.00000000 0.4719864 0.01552291         0    0.36   0.12      0.52
450  0.05078125 0.4719864 0.01552291         0    0.36   0.12      0.52
451  0.08593750 0.4719864 0.01552291         0    0.36   0.12      0.52
452  1.00000000 0.4719864 0.01552291         0    0.36   0.12      0.52
453  0.03906250 0.4719864 0.01552291         0    0.36   0.12      0.52
454  1.00000000 0.4719864 0.01552291         0    0.36   0.12      0.52
455  1.00000000 0.4719864 0.01552291         0    0.36   0.12      0.52
456  0.05859375 0.4719864 0.01552291         0    0.36   0.12      0.52
457  0.03515625 0.4719864 0.01552291         0    0.36   0.12      0.52
458  0.01953125 0.4719864 0.01552291         0    0.36   0.12      0.52
459  0.06250000 0.4719864 0.01552291         0    0.36   0.12      0.52
460  0.20703125 0.4719864 0.01552291         0    0.36   0.12      0.52
461  0.04296875 0.4719864 0.01552291         0    0.36   0.12      0.52
462  1.00000000 0.4719864 0.01552291         0    0.36   0.12      0.52
463  1.00000000 0.4719864 0.01552291         0    0.36   0.12      0.52
464  0.01562500 0.4719864 0.01552291         0    0.36   0.12      0.52
465  1.00000000 0.4719864 0.01552291         0    0.36   0.12      0.52
466  0.18750000 0.4719864 0.01552291         0    0.36   0.12      0.52
467  1.00000000 0.4719864 0.01552291         0    0.36   0.12      0.52
468  1.00000000 0.4719864 0.01552291         0    0.36   0.12      0.52
469  1.00000000 0.4719864 0.01552291         0    0.36   0.12      0.52
470  0.16796875 0.4719864 0.01552291         0    0.36   0.12      0.52
471  0.06640625 0.4719864 0.01552291         0    0.36   0.12      0.52
472  1.00000000 0.4719864 0.01552291         0    0.36   0.12      0.52
473  1.00000000 0.4719864 0.01552291         0    0.36   0.12      0.52
474  1.00000000 0.4719864 0.01552291         0    0.36   0.12      0.52
475  1.00000000 0.4719864 0.01552291         0    0.36   0.12      0.52
476  1.00000000 0.4719864 0.01552291         0    0.36   0.12      0.52
477  1.00000000 0.4719864 0.01552291         0    0.36   0.12      0.52
478  0.09765625 0.4719864 0.01552291         0    0.36   0.12      0.52
479  0.04687500 0.4719864 0.01552291         0    0.36   0.12      0.52
480  0.09375000 0.4719864 0.01552291         0    0.36   0.12      0.52
481  1.00000000 0.4719864 0.01552291         0    0.36   0.12      0.52
482  1.00000000 0.4719864 0.01552291         0    0.36   0.12      0.52
483  1.00000000 0.4719864 0.01552291         0    0.36   0.12      0.52
484  1.00000000 0.4719864 0.01552291         0    0.36   0.12      0.52
485  1.00000000 0.4719864 0.01552291         0    0.36   0.12      0.52
486  0.09765625 0.4719864 0.01552291         0    0.36   0.12      0.52
487  1.00000000 0.4719864 0.01552291         0    0.36   0.12      0.52
488  0.22656250 0.4719864 0.01552291         0    0.36   0.12      0.52
489  1.00000000 0.4719864 0.01552291         0    0.36   0.12      0.52
490  1.00000000 0.4719864 0.01552291         0    0.36   0.12      0.52
491  0.07031250 0.4719864 0.01552291         0    0.36   0.12      0.52
492  0.03906250 0.4719864 0.01552291         0    0.36   0.12      0.52
493  0.10937500 0.4719864 0.01552291         0    0.36   0.12      0.52
494  0.07812500 0.4719864 0.01552291         0    0.36   0.12      0.52
495  1.00000000 0.4719864 0.01552291         0    0.36   0.12      0.52
496  0.02734375 0.4719864 0.01552291         0    0.36   0.12      0.52
497  0.07031250 0.4719864 0.01552291         0    0.36   0.12      0.52
498  0.10546875 0.4719864 0.01552291         0    0.36   0.12      0.52
499  1.00000000 0.4719864 0.01552291         0    0.36   0.12      0.52
500  0.53906250 0.4719864 0.01552291         0    0.36   0.12      0.52
501  1.00000000 0.2736951 0.01226323         0    0.50   0.16      0.34
502  0.06250000 0.2736951 0.01226323         0    0.50   0.16      0.34
503  0.05078125 0.2736951 0.01226323         0    0.50   0.16      0.34
504  1.00000000 0.2736951 0.01226323         0    0.50   0.16      0.34
505  0.14453125 0.2736951 0.01226323         0    0.50   0.16      0.34
506  0.03125000 0.2736951 0.01226323         0    0.50   0.16      0.34
507  1.00000000 0.2736951 0.01226323         0    0.50   0.16      0.34
508  0.60546875 0.2736951 0.01226323         0    0.50   0.16      0.34
509  1.00000000 0.2736951 0.01226323         0    0.50   0.16      0.34
510  0.44921875 0.2736951 0.01226323         0    0.50   0.16      0.34
511  0.05078125 0.2736951 0.01226323         0    0.50   0.16      0.34
512  0.29687500 0.2736951 0.01226323         0    0.50   0.16      0.34
513  0.02343750 0.2736951 0.01226323         0    0.50   0.16      0.34
514  0.05859375 0.2736951 0.01226323         0    0.50   0.16      0.34
515  1.00000000 0.2736951 0.01226323         0    0.50   0.16      0.34
516  0.02343750 0.2736951 0.01226323         0    0.50   0.16      0.34
517  1.00000000 0.2736951 0.01226323         0    0.50   0.16      0.34
518  0.00781250 0.2736951 0.01226323         0    0.50   0.16      0.34
519  0.05859375 0.2736951 0.01226323         0    0.50   0.16      0.34
520  1.00000000 0.2736951 0.01226323         0    0.50   0.16      0.34
521  0.18750000 0.2736951 0.01226323         0    0.50   0.16      0.34
522  0.14453125 0.2736951 0.01226323         0    0.50   0.16      0.34
523  0.03906250 0.2736951 0.01226323         0    0.50   0.16      0.34
524  0.10156250 0.2736951 0.01226323         0    0.50   0.16      0.34
525  1.00000000 0.2736951 0.01226323         0    0.50   0.16      0.34
526  1.00000000 0.2736951 0.01226323         0    0.50   0.16      0.34
527  0.02734375 0.2736951 0.01226323         0    0.50   0.16      0.34
528  0.41796875 0.2736951 0.01226323         0    0.50   0.16      0.34
529  1.00000000 0.2736951 0.01226323         0    0.50   0.16      0.34
530  1.00000000 0.2736951 0.01226323         0    0.50   0.16      0.34
531  1.00000000 0.2736951 0.01226323         0    0.50   0.16      0.34
532  0.06640625 0.2736951 0.01226323         0    0.50   0.16      0.34
533  0.04687500 0.2736951 0.01226323         0    0.50   0.16      0.34
534  0.03125000 0.2736951 0.01226323         0    0.50   0.16      0.34
535  0.20703125 0.2736951 0.01226323         0    0.50   0.16      0.34
536  0.03125000 0.2736951 0.01226323         0    0.50   0.16      0.34
537  0.05078125 0.2736951 0.01226323         0    0.50   0.16      0.34
538  0.01562500 0.2736951 0.01226323         0    0.50   0.16      0.34
539  0.28906250 0.2736951 0.01226323         0    0.50   0.16      0.34
540  0.03906250 0.2736951 0.01226323         0    0.50   0.16      0.34
541  1.00000000 0.2736951 0.01226323         0    0.50   0.16      0.34
542  0.10156250 0.2736951 0.01226323         0    0.50   0.16      0.34
543  0.14062500 0.2736951 0.01226323         0    0.50   0.16      0.34
544  0.07031250 0.2736951 0.01226323         0    0.50   0.16      0.34
545  1.00000000 0.2736951 0.01226323         0    0.50   0.16      0.34
546  0.16015625 0.2736951 0.01226323         0    0.50   0.16      0.34
547  0.01562500 0.2736951 0.01226323         0    0.50   0.16      0.34
548  0.10937500 0.2736951 0.01226323         0    0.50   0.16      0.34
549  0.01953125 0.2736951 0.01226323         0    0.50   0.16      0.34
550  0.05078125 0.2736951 0.01226323         0    0.50   0.16      0.34
551  0.30468750 0.2736951 0.01226323         0    0.50   0.16      0.34
552  0.09765625 0.2736951 0.01226323         0    0.50   0.16      0.34
553  1.00000000 0.2736951 0.01226323         0    0.50   0.16      0.34
554  0.09375000 0.2736951 0.01226323         0    0.50   0.16      0.34
555  1.00000000 0.2736951 0.01226323         0    0.50   0.16      0.34
556  0.03125000 0.2736951 0.01226323         0    0.50   0.16      0.34
557  0.17968750 0.2736951 0.01226323         0    0.50   0.16      0.34
558  1.00000000 0.2736951 0.01226323         0    0.50   0.16      0.34
559  0.04296875 0.2736951 0.01226323         0    0.50   0.16      0.34
560  0.01953125 0.2736951 0.01226323         0    0.50   0.16      0.34
561  0.08593750 0.2736951 0.01226323         0    0.50   0.16      0.34
562  1.00000000 0.2736951 0.01226323         0    0.50   0.16      0.34
563  0.32031250 0.2736951 0.01226323         0    0.50   0.16      0.34
564  0.08984375 0.2736951 0.01226323         0    0.50   0.16      0.34
565  1.00000000 0.2736951 0.01226323         0    0.50   0.16      0.34
566  0.01171875 0.2736951 0.01226323         0    0.50   0.16      0.34
567  0.21093750 0.2736951 0.01226323         0    0.50   0.16      0.34
568  0.19531250 0.2736951 0.01226323         0    0.50   0.16      0.34
569  0.07031250 0.2736951 0.01226323         0    0.50   0.16      0.34
570  0.06640625 0.2736951 0.01226323         0    0.50   0.16      0.34
571  0.08984375 0.2736951 0.01226323         0    0.50   0.16      0.34
572  1.00000000 0.2736951 0.01226323         0    0.50   0.16      0.34
573  1.00000000 0.2736951 0.01226323         0    0.50   0.16      0.34
574  0.04687500 0.2736951 0.01226323         0    0.50   0.16      0.34
575  1.00000000 0.2736951 0.01226323         0    0.50   0.16      0.34
576  0.05078125 0.2736951 0.01226323         0    0.50   0.16      0.34
577  1.00000000 0.2736951 0.01226323         0    0.50   0.16      0.34
578  1.00000000 0.2736951 0.01226323         0    0.50   0.16      0.34
579  0.50390625 0.2736951 0.01226323         0    0.50   0.16      0.34
580  1.00000000 0.2736951 0.01226323         0    0.50   0.16      0.34
581  0.06250000 0.2736951 0.01226323         0    0.50   0.16      0.34
582  0.13671875 0.2736951 0.01226323         0    0.50   0.16      0.34
583  0.03125000 0.2736951 0.01226323         0    0.50   0.16      0.34
584  0.02343750 0.2736951 0.01226323         0    0.50   0.16      0.34
585  0.07421875 0.2736951 0.01226323         0    0.50   0.16      0.34
586  0.31640625 0.2736951 0.01226323         0    0.50   0.16      0.34
587  1.00000000 0.2736951 0.01226323         0    0.50   0.16      0.34
588  0.15625000 0.2736951 0.01226323         0    0.50   0.16      0.34
589  1.00000000 0.2736951 0.01226323         0    0.50   0.16      0.34
590  1.00000000 0.2736951 0.01226323         0    0.50   0.16      0.34
591  0.04687500 0.2736951 0.01226323         0    0.50   0.16      0.34
592  1.00000000 0.2736951 0.01226323         0    0.50   0.16      0.34
593  1.00000000 0.2736951 0.01226323         0    0.50   0.16      0.34
594  0.08593750 0.2736951 0.01226323         0    0.50   0.16      0.34
595  0.29296875 0.2736951 0.01226323         0    0.50   0.16      0.34
596  1.00000000 0.2736951 0.01226323         0    0.50   0.16      0.34
597  0.30859375 0.2736951 0.01226323         0    0.50   0.16      0.34
598  1.00000000 0.2736951 0.01226323         0    0.50   0.16      0.34
599  0.05859375 0.2736951 0.01226323         0    0.50   0.16      0.34
600  0.03906250 0.2736951 0.01226323         0    0.50   0.16      0.34
601  0.39453125 0.3131777 0.06245665         0    0.27   0.33      0.40
602  1.00000000 0.3131777 0.06245665         0    0.27   0.33      0.40
603  1.00000000 0.3131777 0.06245665         0    0.27   0.33      0.40
604  1.00000000 0.3131777 0.06245665         0    0.27   0.33      0.40
605  1.00000000 0.3131777 0.06245665         0    0.27   0.33      0.40
606  0.21875000 0.3131777 0.06245665         0    0.27   0.33      0.40
607  0.47265625 0.3131777 0.06245665         0    0.27   0.33      0.40
608  0.33984375 0.3131777 0.06245665         0    0.27   0.33      0.40
609  0.32031250 0.3131777 0.06245665         0    0.27   0.33      0.40
610  1.00000000 0.3131777 0.06245665         0    0.27   0.33      0.40
611  1.00000000 0.3131777 0.06245665         0    0.27   0.33      0.40
612  0.30468750 0.3131777 0.06245665         0    0.27   0.33      0.40
613  0.70703125 0.3131777 0.06245665         0    0.27   0.33      0.40
614  0.25000000 0.3131777 0.06245665         0    0.27   0.33      0.40
615  0.52343750 0.3131777 0.06245665         0    0.27   0.33      0.40
616  0.39843750 0.3131777 0.06245665         0    0.27   0.33      0.40
617  0.30468750 0.3131777 0.06245665         0    0.27   0.33      0.40
618  0.32421875 0.3131777 0.06245665         0    0.27   0.33      0.40
619  0.35546875 0.3131777 0.06245665         0    0.27   0.33      0.40
620  0.31250000 0.3131777 0.06245665         0    0.27   0.33      0.40
621  1.00000000 0.3131777 0.06245665         0    0.27   0.33      0.40
622  0.27734375 0.3131777 0.06245665         0    0.27   0.33      0.40
623  0.54296875 0.3131777 0.06245665         0    0.27   0.33      0.40
624  1.00000000 0.3131777 0.06245665         0    0.27   0.33      0.40
625  0.54687500 0.3131777 0.06245665         0    0.27   0.33      0.40
626  0.33593750 0.3131777 0.06245665         0    0.27   0.33      0.40
627  0.42187500 0.3131777 0.06245665         0    0.27   0.33      0.40
628  0.56640625 0.3131777 0.06245665         0    0.27   0.33      0.40
629  0.46484375 0.3131777 0.06245665         0    0.27   0.33      0.40
630  1.00000000 0.3131777 0.06245665         0    0.27   0.33      0.40
631  0.31250000 0.3131777 0.06245665         0    0.27   0.33      0.40
632  0.44921875 0.3131777 0.06245665         0    0.27   0.33      0.40
633  0.25000000 0.3131777 0.06245665         0    0.27   0.33      0.40
634  0.29296875 0.3131777 0.06245665         0    0.27   0.33      0.40
635  1.00000000 0.3131777 0.06245665         0    0.27   0.33      0.40
636  0.24218750 0.3131777 0.06245665         0    0.27   0.33      0.40
637  0.30468750 0.3131777 0.06245665         0    0.27   0.33      0.40
638  0.23828125 0.3131777 0.06245665         0    0.27   0.33      0.40
639  0.46484375 0.3131777 0.06245665         0    0.27   0.33      0.40
640  0.48828125 0.3131777 0.06245665         0    0.27   0.33      0.40
641  0.33203125 0.3131777 0.06245665         0    0.27   0.33      0.40
642  0.33203125 0.3131777 0.06245665         0    0.27   0.33      0.40
643  1.00000000 0.3131777 0.06245665         0    0.27   0.33      0.40
644  0.21484375 0.3131777 0.06245665         0    0.27   0.33      0.40
645  0.32812500 0.3131777 0.06245665         0    0.27   0.33      0.40
646  0.50000000 0.3131777 0.06245665         0    0.27   0.33      0.40
647  0.28125000 0.3131777 0.06245665         0    0.27   0.33      0.40
648  0.19531250 0.3131777 0.06245665         0    0.27   0.33      0.40
649  1.00000000 0.3131777 0.06245665         0    0.27   0.33      0.40
650  0.26953125 0.3131777 0.06245665         0    0.27   0.33      0.40
651  1.00000000 0.3131777 0.06245665         0    0.27   0.33      0.40
652  0.50390625 0.3131777 0.06245665         0    0.27   0.33      0.40
653  0.56640625 0.3131777 0.06245665         0    0.27   0.33      0.40
654  0.32812500 0.3131777 0.06245665         0    0.27   0.33      0.40
655  1.00000000 0.3131777 0.06245665         0    0.27   0.33      0.40
656  1.00000000 0.3131777 0.06245665         0    0.27   0.33      0.40
657  1.00000000 0.3131777 0.06245665         0    0.27   0.33      0.40
658  0.37890625 0.3131777 0.06245665         0    0.27   0.33      0.40
659  0.29687500 0.3131777 0.06245665         0    0.27   0.33      0.40
660  0.32812500 0.3131777 0.06245665         0    0.27   0.33      0.40
661  0.29296875 0.3131777 0.06245665         0    0.27   0.33      0.40
662  0.35546875 0.3131777 0.06245665         0    0.27   0.33      0.40
663  0.31250000 0.3131777 0.06245665         0    0.27   0.33      0.40
664  0.55078125 0.3131777 0.06245665         0    0.27   0.33      0.40
665  1.00000000 0.3131777 0.06245665         0    0.27   0.33      0.40
666  0.26953125 0.3131777 0.06245665         0    0.27   0.33      0.40
667  0.32421875 0.3131777 0.06245665         0    0.27   0.33      0.40
668  0.41015625 0.3131777 0.06245665         0    0.27   0.33      0.40
669  0.48828125 0.3131777 0.06245665         0    0.27   0.33      0.40
670  0.21484375 0.3131777 0.06245665         0    0.27   0.33      0.40
671  1.00000000 0.3131777 0.06245665         0    0.27   0.33      0.40
672  1.00000000 0.3131777 0.06245665         0    0.27   0.33      0.40
673  0.45312500 0.3131777 0.06245665         0    0.27   0.33      0.40
674  0.48828125 0.3131777 0.06245665         0    0.27   0.33      0.40
675  0.32031250 0.3131777 0.06245665         0    0.27   0.33      0.40
676  1.00000000 0.3131777 0.06245665         0    0.27   0.33      0.40
677  1.00000000 0.3131777 0.06245665         0    0.27   0.33      0.40
678  1.00000000 0.3131777 0.06245665         0    0.27   0.33      0.40
679  0.35546875 0.3131777 0.06245665         0    0.27   0.33      0.40
680  0.61328125 0.3131777 0.06245665         0    0.27   0.33      0.40
681  0.46093750 0.3131777 0.06245665         0    0.27   0.33      0.40
682  0.57812500 0.3131777 0.06245665         0    0.27   0.33      0.40
683  0.40234375 0.3131777 0.06245665         0    0.27   0.33      0.40
684  1.00000000 0.3131777 0.06245665         0    0.27   0.33      0.40
685  0.42187500 0.3131777 0.06245665         0    0.27   0.33      0.40
686  1.00000000 0.3131777 0.06245665         0    0.27   0.33      0.40
687  0.20703125 0.3131777 0.06245665         0    0.27   0.33      0.40
688  0.27734375 0.3131777 0.06245665         0    0.27   0.33      0.40
689  0.49609375 0.3131777 0.06245665         0    0.27   0.33      0.40
690  0.71484375 0.3131777 0.06245665         0    0.27   0.33      0.40
691  0.57812500 0.3131777 0.06245665         0    0.27   0.33      0.40
692  1.00000000 0.3131777 0.06245665         0    0.27   0.33      0.40
693  1.00000000 0.3131777 0.06245665         0    0.27   0.33      0.40
694  1.00000000 0.3131777 0.06245665         0    0.27   0.33      0.40
695  1.00000000 0.3131777 0.06245665         0    0.27   0.33      0.40
696  0.21093750 0.3131777 0.06245665         0    0.27   0.33      0.40
697  1.00000000 0.3131777 0.06245665         0    0.27   0.33      0.40
698  0.43359375 0.3131777 0.06245665         0    0.27   0.33      0.40
699  1.00000000 0.3131777 0.06245665         0    0.27   0.33      0.40
700  1.00000000 0.3131777 0.06245665         0    0.27   0.33      0.40
701  0.20703125 0.1818841 0.04298963         0    0.48   0.21      0.31
702  0.20312500 0.1818841 0.04298963         0    0.48   0.21      0.31
703  0.34375000 0.1818841 0.04298963         0    0.48   0.21      0.31
704  1.00000000 0.1818841 0.04298963         0    0.48   0.21      0.31
705  0.30468750 0.1818841 0.04298963         0    0.48   0.21      0.31
706  0.24218750 0.1818841 0.04298963         0    0.48   0.21      0.31
707  0.11718750 0.1818841 0.04298963         0    0.48   0.21      0.31
708  0.08203125 0.1818841 0.04298963         0    0.48   0.21      0.31
709  0.59375000 0.1818841 0.04298963         0    0.48   0.21      0.31
710  0.46093750 0.1818841 0.04298963         0    0.48   0.21      0.31
711  0.19531250 0.1818841 0.04298963         0    0.48   0.21      0.31
712  0.12890625 0.1818841 0.04298963         0    0.48   0.21      0.31
713  1.00000000 0.1818841 0.04298963         0    0.48   0.21      0.31
714  0.14843750 0.1818841 0.04298963         0    0.48   0.21      0.31
715  0.17968750 0.1818841 0.04298963         0    0.48   0.21      0.31
716  0.30859375 0.1818841 0.04298963         0    0.48   0.21      0.31
717  1.00000000 0.1818841 0.04298963         0    0.48   0.21      0.31
718  0.46093750 0.1818841 0.04298963         0    0.48   0.21      0.31
719  0.30078125 0.1818841 0.04298963         0    0.48   0.21      0.31
720  1.00000000 0.1818841 0.04298963         0    0.48   0.21      0.31
721  0.24609375 0.1818841 0.04298963         0    0.48   0.21      0.31
722  0.12500000 0.1818841 0.04298963         0    0.48   0.21      0.31
723  0.32812500 0.1818841 0.04298963         0    0.48   0.21      0.31
724  0.94140625 0.1818841 0.04298963         0    0.48   0.21      0.31
725  0.19921875 0.1818841 0.04298963         0    0.48   0.21      0.31
726  0.19531250 0.1818841 0.04298963         0    0.48   0.21      0.31
727  0.53515625 0.1818841 0.04298963         0    0.48   0.21      0.31
728  0.18750000 0.1818841 0.04298963         0    0.48   0.21      0.31
729  1.00000000 0.1818841 0.04298963         0    0.48   0.21      0.31
730  1.00000000 0.1818841 0.04298963         0    0.48   0.21      0.31
731  0.13671875 0.1818841 0.04298963         0    0.48   0.21      0.31
732  0.17968750 0.1818841 0.04298963         0    0.48   0.21      0.31
733  1.00000000 0.1818841 0.04298963         0    0.48   0.21      0.31
734  0.21484375 0.1818841 0.04298963         0    0.48   0.21      0.31
735  1.00000000 0.1818841 0.04298963         0    0.48   0.21      0.31
736  0.39843750 0.1818841 0.04298963         0    0.48   0.21      0.31
737  1.00000000 0.1818841 0.04298963         0    0.48   0.21      0.31
738  0.19531250 0.1818841 0.04298963         0    0.48   0.21      0.31
739  0.12500000 0.1818841 0.04298963         0    0.48   0.21      0.31
740  0.11718750 0.1818841 0.04298963         0    0.48   0.21      0.31
741  0.25390625 0.1818841 0.04298963         0    0.48   0.21      0.31
742  0.19921875 0.1818841 0.04298963         0    0.48   0.21      0.31
743  1.00000000 0.1818841 0.04298963         0    0.48   0.21      0.31
744  0.30078125 0.1818841 0.04298963         0    0.48   0.21      0.31
745  0.27343750 0.1818841 0.04298963         0    0.48   0.21      0.31
746  0.64843750 0.1818841 0.04298963         0    0.48   0.21      0.31
747  0.39453125 0.1818841 0.04298963         0    0.48   0.21      0.31
748  0.57812500 0.1818841 0.04298963         0    0.48   0.21      0.31
749  0.11328125 0.1818841 0.04298963         0    0.48   0.21      0.31
750  1.00000000 0.1818841 0.04298963         0    0.48   0.21      0.31
751  1.00000000 0.1818841 0.04298963         0    0.48   0.21      0.31
752  0.08593750 0.1818841 0.04298963         0    0.48   0.21      0.31
753  0.23828125 0.1818841 0.04298963         0    0.48   0.21      0.31
754  1.00000000 0.1818841 0.04298963         0    0.48   0.21      0.31
755  0.18750000 0.1818841 0.04298963         0    0.48   0.21      0.31
756  0.38281250 0.1818841 0.04298963         0    0.48   0.21      0.31
757  0.22265625 0.1818841 0.04298963         0    0.48   0.21      0.31
758  0.26953125 0.1818841 0.04298963         0    0.48   0.21      0.31
759  0.19140625 0.1818841 0.04298963         0    0.48   0.21      0.31
760  0.19921875 0.1818841 0.04298963         0    0.48   0.21      0.31
761  0.13281250 0.1818841 0.04298963         0    0.48   0.21      0.31
762  1.00000000 0.1818841 0.04298963         0    0.48   0.21      0.31
763  0.70703125 0.1818841 0.04298963         0    0.48   0.21      0.31
764  0.25781250 0.1818841 0.04298963         0    0.48   0.21      0.31
765  1.00000000 0.1818841 0.04298963         0    0.48   0.21      0.31
766  0.61718750 0.1818841 0.04298963         0    0.48   0.21      0.31
767  1.00000000 0.1818841 0.04298963         0    0.48   0.21      0.31
768  0.31640625 0.1818841 0.04298963         0    0.48   0.21      0.31
769  1.00000000 0.1818841 0.04298963         0    0.48   0.21      0.31
770  0.18750000 0.1818841 0.04298963         0    0.48   0.21      0.31
771  0.19531250 0.1818841 0.04298963         0    0.48   0.21      0.31
772  0.43359375 0.1818841 0.04298963         0    0.48   0.21      0.31
773  0.47656250 0.1818841 0.04298963         0    0.48   0.21      0.31
774  0.45703125 0.1818841 0.04298963         0    0.48   0.21      0.31
775  0.20703125 0.1818841 0.04298963         0    0.48   0.21      0.31
776  1.00000000 0.1818841 0.04298963         0    0.48   0.21      0.31
777  1.00000000 0.1818841 0.04298963         0    0.48   0.21      0.31
778  0.21484375 0.1818841 0.04298963         0    0.48   0.21      0.31
779  1.00000000 0.1818841 0.04298963         0    0.48   0.21      0.31
780  0.60156250 0.1818841 0.04298963         0    0.48   0.21      0.31
781  0.57812500 0.1818841 0.04298963         0    0.48   0.21      0.31
782  0.29687500 0.1818841 0.04298963         0    0.48   0.21      0.31
783  0.67578125 0.1818841 0.04298963         0    0.48   0.21      0.31
784  0.12890625 0.1818841 0.04298963         0    0.48   0.21      0.31
785  0.16015625 0.1818841 0.04298963         0    0.48   0.21      0.31
786  0.69140625 0.1818841 0.04298963         0    0.48   0.21      0.31
787  1.00000000 0.1818841 0.04298963         0    0.48   0.21      0.31
788  0.22265625 0.1818841 0.04298963         0    0.48   0.21      0.31
789  1.00000000 0.1818841 0.04298963         0    0.48   0.21      0.31
790  0.15234375 0.1818841 0.04298963         0    0.48   0.21      0.31
791  0.17187500 0.1818841 0.04298963         0    0.48   0.21      0.31
792  0.16796875 0.1818841 0.04298963         0    0.48   0.21      0.31
793  0.64453125 0.1818841 0.04298963         0    0.48   0.21      0.31
794  1.00000000 0.1818841 0.04298963         0    0.48   0.21      0.31
795  0.35546875 0.1818841 0.04298963         0    0.48   0.21      0.31
796  0.21484375 0.1818841 0.04298963         0    0.48   0.21      0.31
797  0.32031250 0.1818841 0.04298963         0    0.48   0.21      0.31
798  1.00000000 0.1818841 0.04298963         0    0.48   0.21      0.31
799  0.58984375 0.1818841 0.04298963         0    0.48   0.21      0.31
800  0.20312500 0.1818841 0.04298963         0    0.48   0.21      0.31
801  0.09375000 0.4343592 0.04532499         0    0.34   0.20      0.46
802  1.00000000 0.4343592 0.04532499         0    0.34   0.20      0.46
803  0.17968750 0.4343592 0.04532499         0    0.34   0.20      0.46
804  0.66015625 0.4343592 0.04532499         0    0.34   0.20      0.46
805  0.23437500 0.4343592 0.04532499         0    0.34   0.20      0.46
806  0.23437500 0.4343592 0.04532499         0    0.34   0.20      0.46
807  1.00000000 0.4343592 0.04532499         0    0.34   0.20      0.46
808  0.25390625 0.4343592 0.04532499         0    0.34   0.20      0.46
809  0.18750000 0.4343592 0.04532499         0    0.34   0.20      0.46
810  0.19140625 0.4343592 0.04532499         0    0.34   0.20      0.46
811  1.00000000 0.4343592 0.04532499         0    0.34   0.20      0.46
812  1.00000000 0.4343592 0.04532499         0    0.34   0.20      0.46
813  0.69140625 0.4343592 0.04532499         0    0.34   0.20      0.46
814  0.24218750 0.4343592 0.04532499         0    0.34   0.20      0.46
815  0.32031250 0.4343592 0.04532499         0    0.34   0.20      0.46
816  0.20312500 0.4343592 0.04532499         0    0.34   0.20      0.46
817  1.00000000 0.4343592 0.04532499         0    0.34   0.20      0.46
818  0.08593750 0.4343592 0.04532499         0    0.34   0.20      0.46
819  0.19140625 0.4343592 0.04532499         0    0.34   0.20      0.46
820  0.76953125 0.4343592 0.04532499         0    0.34   0.20      0.46
821  1.00000000 0.4343592 0.04532499         0    0.34   0.20      0.46
822  0.70703125 0.4343592 0.04532499         0    0.34   0.20      0.46
823  1.00000000 0.4343592 0.04532499         0    0.34   0.20      0.46
824  0.19531250 0.4343592 0.04532499         0    0.34   0.20      0.46
825  0.23828125 0.4343592 0.04532499         0    0.34   0.20      0.46
826  0.17187500 0.4343592 0.04532499         0    0.34   0.20      0.46
827  0.22656250 0.4343592 0.04532499         0    0.34   0.20      0.46
828  0.12109375 0.4343592 0.04532499         0    0.34   0.20      0.46
829  0.42578125 0.4343592 0.04532499         0    0.34   0.20      0.46
830  1.00000000 0.4343592 0.04532499         0    0.34   0.20      0.46
831  0.34765625 0.4343592 0.04532499         0    0.34   0.20      0.46
832  0.21093750 0.4343592 0.04532499         0    0.34   0.20      0.46
833  1.00000000 0.4343592 0.04532499         0    0.34   0.20      0.46
834  1.00000000 0.4343592 0.04532499         0    0.34   0.20      0.46
835  1.00000000 0.4343592 0.04532499         0    0.34   0.20      0.46
836  1.00000000 0.4343592 0.04532499         0    0.34   0.20      0.46
837  0.58984375 0.4343592 0.04532499         0    0.34   0.20      0.46
838  0.46484375 0.4343592 0.04532499         0    0.34   0.20      0.46
839  0.66796875 0.4343592 0.04532499         0    0.34   0.20      0.46
840  0.18750000 0.4343592 0.04532499         0    0.34   0.20      0.46
841  0.18359375 0.4343592 0.04532499         0    0.34   0.20      0.46
842  0.39453125 0.4343592 0.04532499         0    0.34   0.20      0.46
843  1.00000000 0.4343592 0.04532499         0    0.34   0.20      0.46
844  0.22265625 0.4343592 0.04532499         0    0.34   0.20      0.46
845  1.00000000 0.4343592 0.04532499         0    0.34   0.20      0.46
846  1.00000000 0.4343592 0.04532499         0    0.34   0.20      0.46
847  0.17187500 0.4343592 0.04532499         0    0.34   0.20      0.46
848  1.00000000 0.4343592 0.04532499         0    0.34   0.20      0.46
849  0.21093750 0.4343592 0.04532499         0    0.34   0.20      0.46
850  1.00000000 0.4343592 0.04532499         0    0.34   0.20      0.46
851  0.25390625 0.4343592 0.04532499         0    0.34   0.20      0.46
852  1.00000000 0.4343592 0.04532499         0    0.34   0.20      0.46
853  0.23437500 0.4343592 0.04532499         0    0.34   0.20      0.46
854  0.27734375 0.4343592 0.04532499         0    0.34   0.20      0.46
855  0.12890625 0.4343592 0.04532499         0    0.34   0.20      0.46
856  0.67968750 0.4343592 0.04532499         0    0.34   0.20      0.46
857  0.17187500 0.4343592 0.04532499         0    0.34   0.20      0.46
858  1.00000000 0.4343592 0.04532499         0    0.34   0.20      0.46
859  0.16406250 0.4343592 0.04532499         0    0.34   0.20      0.46
860  0.17578125 0.4343592 0.04532499         0    0.34   0.20      0.46
861  0.35546875 0.4343592 0.04532499         0    0.34   0.20      0.46
862  0.27734375 0.4343592 0.04532499         0    0.34   0.20      0.46
863  1.00000000 0.4343592 0.04532499         0    0.34   0.20      0.46
864  1.00000000 0.4343592 0.04532499         0    0.34   0.20      0.46
865  1.00000000 0.4343592 0.04532499         0    0.34   0.20      0.46
866  1.00000000 0.4343592 0.04532499         0    0.34   0.20      0.46
867  0.33593750 0.4343592 0.04532499         0    0.34   0.20      0.46
868  1.00000000 0.4343592 0.04532499         0    0.34   0.20      0.46
869  0.19531250 0.4343592 0.04532499         0    0.34   0.20      0.46
870  0.29687500 0.4343592 0.04532499         0    0.34   0.20      0.46
871  0.45312500 0.4343592 0.04532499         0    0.34   0.20      0.46
872  0.29296875 0.4343592 0.04532499         0    0.34   0.20      0.46
873  1.00000000 0.4343592 0.04532499         0    0.34   0.20      0.46
874  0.26171875 0.4343592 0.04532499         0    0.34   0.20      0.46
875  1.00000000 0.4343592 0.04532499         0    0.34   0.20      0.46
876  1.00000000 0.4343592 0.04532499         0    0.34   0.20      0.46
877  0.20703125 0.4343592 0.04532499         0    0.34   0.20      0.46
878  1.00000000 0.4343592 0.04532499         0    0.34   0.20      0.46
879  0.21484375 0.4343592 0.04532499         0    0.34   0.20      0.46
880  0.33593750 0.4343592 0.04532499         0    0.34   0.20      0.46
881  1.00000000 0.4343592 0.04532499         0    0.34   0.20      0.46
882  1.00000000 0.4343592 0.04532499         0    0.34   0.20      0.46
883  0.53515625 0.4343592 0.04532499         0    0.34   0.20      0.46
884  0.38671875 0.4343592 0.04532499         0    0.34   0.20      0.46
885  1.00000000 0.4343592 0.04532499         0    0.34   0.20      0.46
886  0.53515625 0.4343592 0.04532499         0    0.34   0.20      0.46
887  0.14062500 0.4343592 0.04532499         0    0.34   0.20      0.46
888  0.13671875 0.4343592 0.04532499         0    0.34   0.20      0.46
889  1.00000000 0.4343592 0.04532499         0    0.34   0.20      0.46
890  0.22265625 0.4343592 0.04532499         0    0.34   0.20      0.46
891  1.00000000 0.4343592 0.04532499         0    0.34   0.20      0.46
892  1.00000000 0.4343592 0.04532499         0    0.34   0.20      0.46
893  1.00000000 0.4343592 0.04532499         0    0.34   0.20      0.46
894  1.00000000 0.4343592 0.04532499         0    0.34   0.20      0.46
895  1.00000000 0.4343592 0.04532499         0    0.34   0.20      0.46
896  0.14843750 0.4343592 0.04532499         0    0.34   0.20      0.46
897  1.00000000 0.4343592 0.04532499         0    0.34   0.20      0.46
898  0.37890625 0.4343592 0.04532499         0    0.34   0.20      0.46
899  0.28906250 0.4343592 0.04532499         0    0.34   0.20      0.46
900  1.00000000 0.4343592 0.04532499         0    0.34   0.20      0.46
901  0.14843750 0.3758872 0.04695401         0    0.27   0.31      0.42
902  1.00000000 0.3758872 0.04695401         0    0.27   0.31      0.42
903  0.68750000 0.3758872 0.04695401         0    0.27   0.31      0.42
904  0.60937500 0.3758872 0.04695401         0    0.27   0.31      0.42
905  0.23046875 0.3758872 0.04695401         0    0.27   0.31      0.42
906  1.00000000 0.3758872 0.04695401         0    0.27   0.31      0.42
907  0.20312500 0.3758872 0.04695401         0    0.27   0.31      0.42
908  0.42187500 0.3758872 0.04695401         0    0.27   0.31      0.42
909  0.44921875 0.3758872 0.04695401         0    0.27   0.31      0.42
910  0.46484375 0.3758872 0.04695401         0    0.27   0.31      0.42
911  0.18359375 0.3758872 0.04695401         0    0.27   0.31      0.42
912  0.23437500 0.3758872 0.04695401         0    0.27   0.31      0.42
913  0.39062500 0.3758872 0.04695401         0    0.27   0.31      0.42
914  0.13671875 0.3758872 0.04695401         0    0.27   0.31      0.42
915  1.00000000 0.3758872 0.04695401         0    0.27   0.31      0.42
916  1.00000000 0.3758872 0.04695401         0    0.27   0.31      0.42
917  0.19531250 0.3758872 0.04695401         0    0.27   0.31      0.42
918  0.51953125 0.3758872 0.04695401         0    0.27   0.31      0.42
919  1.00000000 0.3758872 0.04695401         0    0.27   0.31      0.42
920  0.17968750 0.3758872 0.04695401         0    0.27   0.31      0.42
921  0.72656250 0.3758872 0.04695401         0    0.27   0.31      0.42
922  0.31250000 0.3758872 0.04695401         0    0.27   0.31      0.42
923  0.22656250 0.3758872 0.04695401         0    0.27   0.31      0.42
924  1.00000000 0.3758872 0.04695401         0    0.27   0.31      0.42
925  0.14062500 0.3758872 0.04695401         0    0.27   0.31      0.42
926  1.00000000 0.3758872 0.04695401         0    0.27   0.31      0.42
927  0.42578125 0.3758872 0.04695401         0    0.27   0.31      0.42
928  1.00000000 0.3758872 0.04695401         0    0.27   0.31      0.42
929  1.00000000 0.3758872 0.04695401         0    0.27   0.31      0.42
930  0.24218750 0.3758872 0.04695401         0    0.27   0.31      0.42
931  1.00000000 0.3758872 0.04695401         0    0.27   0.31      0.42
932  1.00000000 0.3758872 0.04695401         0    0.27   0.31      0.42
933  0.08203125 0.3758872 0.04695401         0    0.27   0.31      0.42
934  0.57421875 0.3758872 0.04695401         0    0.27   0.31      0.42
935  1.00000000 0.3758872 0.04695401         0    0.27   0.31      0.42
936  0.34765625 0.3758872 0.04695401         0    0.27   0.31      0.42
937  1.00000000 0.3758872 0.04695401         0    0.27   0.31      0.42
938  1.00000000 0.3758872 0.04695401         0    0.27   0.31      0.42
939  0.25000000 0.3758872 0.04695401         0    0.27   0.31      0.42
940  1.00000000 0.3758872 0.04695401         0    0.27   0.31      0.42
941  0.34765625 0.3758872 0.04695401         0    0.27   0.31      0.42
942  0.19921875 0.3758872 0.04695401         0    0.27   0.31      0.42
943  1.00000000 0.3758872 0.04695401         0    0.27   0.31      0.42
944  0.27343750 0.3758872 0.04695401         0    0.27   0.31      0.42
945  0.17968750 0.3758872 0.04695401         0    0.27   0.31      0.42
946  1.00000000 0.3758872 0.04695401         0    0.27   0.31      0.42
947  1.00000000 0.3758872 0.04695401         0    0.27   0.31      0.42
948  0.33984375 0.3758872 0.04695401         0    0.27   0.31      0.42
949  1.00000000 0.3758872 0.04695401         0    0.27   0.31      0.42
950  0.19140625 0.3758872 0.04695401         0    0.27   0.31      0.42
951  1.00000000 0.3758872 0.04695401         0    0.27   0.31      0.42
952  0.58984375 0.3758872 0.04695401         0    0.27   0.31      0.42
953  0.35546875 0.3758872 0.04695401         0    0.27   0.31      0.42
954  0.40234375 0.3758872 0.04695401         0    0.27   0.31      0.42
955  1.00000000 0.3758872 0.04695401         0    0.27   0.31      0.42
956  0.20703125 0.3758872 0.04695401         0    0.27   0.31      0.42
957  0.47265625 0.3758872 0.04695401         0    0.27   0.31      0.42
958  0.23046875 0.3758872 0.04695401         0    0.27   0.31      0.42
959  1.00000000 0.3758872 0.04695401         0    0.27   0.31      0.42
960  0.21484375 0.3758872 0.04695401         0    0.27   0.31      0.42
961  0.24218750 0.3758872 0.04695401         0    0.27   0.31      0.42
962  1.00000000 0.3758872 0.04695401         0    0.27   0.31      0.42
963  1.00000000 0.3758872 0.04695401         0    0.27   0.31      0.42
964  1.00000000 0.3758872 0.04695401         0    0.27   0.31      0.42
965  0.40234375 0.3758872 0.04695401         0    0.27   0.31      0.42
966  1.00000000 0.3758872 0.04695401         0    0.27   0.31      0.42
967  0.31250000 0.3758872 0.04695401         0    0.27   0.31      0.42
968  1.00000000 0.3758872 0.04695401         0    0.27   0.31      0.42
969  0.59375000 0.3758872 0.04695401         0    0.27   0.31      0.42
970  0.37109375 0.3758872 0.04695401         0    0.27   0.31      0.42
971  0.53515625 0.3758872 0.04695401         0    0.27   0.31      0.42
972  0.24218750 0.3758872 0.04695401         0    0.27   0.31      0.42
973  0.29296875 0.3758872 0.04695401         0    0.27   0.31      0.42
974  0.13671875 0.3758872 0.04695401         0    0.27   0.31      0.42
975  0.55078125 0.3758872 0.04695401         0    0.27   0.31      0.42
976  0.33593750 0.3758872 0.04695401         0    0.27   0.31      0.42
977  0.53515625 0.3758872 0.04695401         0    0.27   0.31      0.42
978  1.00000000 0.3758872 0.04695401         0    0.27   0.31      0.42
979  1.00000000 0.3758872 0.04695401         0    0.27   0.31      0.42
980  0.12500000 0.3758872 0.04695401         0    0.27   0.31      0.42
981  0.41796875 0.3758872 0.04695401         0    0.27   0.31      0.42
982  1.00000000 0.3758872 0.04695401         0    0.27   0.31      0.42
983  1.00000000 0.3758872 0.04695401         0    0.27   0.31      0.42
984  0.23437500 0.3758872 0.04695401         0    0.27   0.31      0.42
985  0.19921875 0.3758872 0.04695401         0    0.27   0.31      0.42
986  1.00000000 0.3758872 0.04695401         0    0.27   0.31      0.42
987  0.24609375 0.3758872 0.04695401         0    0.27   0.31      0.42
988  1.00000000 0.3758872 0.04695401         0    0.27   0.31      0.42
989  0.30078125 0.3758872 0.04695401         0    0.27   0.31      0.42
990  1.00000000 0.3758872 0.04695401         0    0.27   0.31      0.42
991  0.45312500 0.3758872 0.04695401         0    0.27   0.31      0.42
992  1.00000000 0.3758872 0.04695401         0    0.27   0.31      0.42
993  1.00000000 0.3758872 0.04695401         0    0.27   0.31      0.42
994  1.00000000 0.3758872 0.04695401         0    0.27   0.31      0.42
995  0.18750000 0.3758872 0.04695401         0    0.27   0.31      0.42
996  0.26562500 0.3758872 0.04695401         0    0.27   0.31      0.42
997  1.00000000 0.3758872 0.04695401         0    0.27   0.31      0.42
998  0.21484375 0.3758872 0.04695401         0    0.27   0.31      0.42
999  1.00000000 0.3758872 0.04695401         0    0.27   0.31      0.42
1000 0.25390625 0.3758872 0.04695401         0    0.27   0.31      0.42
