      prop.aneu prob.meio  prob.mito dispersal euploid mosaic aneuploid
1    0.05859375 0.4311492 0.01972514         0    0.42   0.17      0.41
2    1.00000000 0.4311492 0.01972514         0    0.42   0.17      0.41
3    1.00000000 0.4311492 0.01972514         0    0.42   0.17      0.41
4    1.00000000 0.4311492 0.01972514         0    0.42   0.17      0.41
5    0.10156250 0.4311492 0.01972514         0    0.42   0.17      0.41
6    1.00000000 0.4311492 0.01972514         0    0.42   0.17      0.41
7    0.08593750 0.4311492 0.01972514         0    0.42   0.17      0.41
8    1.00000000 0.4311492 0.01972514         0    0.42   0.17      0.41
9    1.00000000 0.4311492 0.01972514         0    0.42   0.17      0.41
10   0.27343750 0.4311492 0.01972514         0    0.42   0.17      0.41
11   1.00000000 0.4311492 0.01972514         0    0.42   0.17      0.41
12   1.00000000 0.4311492 0.01972514         0    0.42   0.17      0.41
13   0.05859375 0.4311492 0.01972514         0    0.42   0.17      0.41
14   0.02343750 0.4311492 0.01972514         0    0.42   0.17      0.41
15   1.00000000 0.4311492 0.01972514         0    0.42   0.17      0.41
16   0.14453125 0.4311492 0.01972514         0    0.42   0.17      0.41
17   0.52343750 0.4311492 0.01972514         0    0.42   0.17      0.41
18   0.11328125 0.4311492 0.01972514         0    0.42   0.17      0.41
19   1.00000000 0.4311492 0.01972514         0    0.42   0.17      0.41
20   0.11718750 0.4311492 0.01972514         0    0.42   0.17      0.41
21   0.08984375 0.4311492 0.01972514         0    0.42   0.17      0.41
22   0.09375000 0.4311492 0.01972514         0    0.42   0.17      0.41
23   0.03906250 0.4311492 0.01972514         0    0.42   0.17      0.41
24   0.13281250 0.4311492 0.01972514         0    0.42   0.17      0.41
25   1.00000000 0.4311492 0.01972514         0    0.42   0.17      0.41
26   1.00000000 0.4311492 0.01972514         0    0.42   0.17      0.41
27   0.18359375 0.4311492 0.01972514         0    0.42   0.17      0.41
28   0.13671875 0.4311492 0.01972514         0    0.42   0.17      0.41
29   0.06640625 0.4311492 0.01972514         0    0.42   0.17      0.41
30   1.00000000 0.4311492 0.01972514         0    0.42   0.17      0.41
31   0.18750000 0.4311492 0.01972514         0    0.42   0.17      0.41
32   0.25390625 0.4311492 0.01972514         0    0.42   0.17      0.41
33   0.18750000 0.4311492 0.01972514         0    0.42   0.17      0.41
34   0.06640625 0.4311492 0.01972514         0    0.42   0.17      0.41
35   1.00000000 0.4311492 0.01972514         0    0.42   0.17      0.41
36   0.16406250 0.4311492 0.01972514         0    0.42   0.17      0.41
37   1.00000000 0.4311492 0.01972514         0    0.42   0.17      0.41
38   0.07031250 0.4311492 0.01972514         0    0.42   0.17      0.41
39   0.04296875 0.4311492 0.01972514         0    0.42   0.17      0.41
40   1.00000000 0.4311492 0.01972514         0    0.42   0.17      0.41
41   0.06250000 0.4311492 0.01972514         0    0.42   0.17      0.41
42   0.14062500 0.4311492 0.01972514         0    0.42   0.17      0.41
43   0.10156250 0.4311492 0.01972514         0    0.42   0.17      0.41
44   0.16015625 0.4311492 0.01972514         0    0.42   0.17      0.41
45   1.00000000 0.4311492 0.01972514         0    0.42   0.17      0.41
46   0.07812500 0.4311492 0.01972514         0    0.42   0.17      0.41
47   1.00000000 0.4311492 0.01972514         0    0.42   0.17      0.41
48   0.12500000 0.4311492 0.01972514         0    0.42   0.17      0.41
49   1.00000000 0.4311492 0.01972514         0    0.42   0.17      0.41
50   0.49218750 0.4311492 0.01972514         0    0.42   0.17      0.41
51   1.00000000 0.4311492 0.01972514         0    0.42   0.17      0.41
52   0.10546875 0.4311492 0.01972514         0    0.42   0.17      0.41
53   0.57421875 0.4311492 0.01972514         0    0.42   0.17      0.41
54   0.28906250 0.4311492 0.01972514         0    0.42   0.17      0.41
55   0.05078125 0.4311492 0.01972514         0    0.42   0.17      0.41
56   1.00000000 0.4311492 0.01972514         0    0.42   0.17      0.41
57   1.00000000 0.4311492 0.01972514         0    0.42   0.17      0.41
58   0.25781250 0.4311492 0.01972514         0    0.42   0.17      0.41
59   0.17968750 0.4311492 0.01972514         0    0.42   0.17      0.41
60   1.00000000 0.4311492 0.01972514         0    0.42   0.17      0.41
61   0.07031250 0.4311492 0.01972514         0    0.42   0.17      0.41
62   1.00000000 0.4311492 0.01972514         0    0.42   0.17      0.41
63   0.11328125 0.4311492 0.01972514         0    0.42   0.17      0.41
64   1.00000000 0.4311492 0.01972514         0    0.42   0.17      0.41
65   1.00000000 0.4311492 0.01972514         0    0.42   0.17      0.41
66   1.00000000 0.4311492 0.01972514         0    0.42   0.17      0.41
67   0.04296875 0.4311492 0.01972514         0    0.42   0.17      0.41
68   0.10937500 0.4311492 0.01972514         0    0.42   0.17      0.41
69   1.00000000 0.4311492 0.01972514         0    0.42   0.17      0.41
70   0.07812500 0.4311492 0.01972514         0    0.42   0.17      0.41
71   1.00000000 0.4311492 0.01972514         0    0.42   0.17      0.41
72   0.06250000 0.4311492 0.01972514         0    0.42   0.17      0.41
73   0.10546875 0.4311492 0.01972514         0    0.42   0.17      0.41
74   0.04296875 0.4311492 0.01972514         0    0.42   0.17      0.41
75   0.17187500 0.4311492 0.01972514         0    0.42   0.17      0.41
76   0.32812500 0.4311492 0.01972514         0    0.42   0.17      0.41
77   1.00000000 0.4311492 0.01972514         0    0.42   0.17      0.41
78   1.00000000 0.4311492 0.01972514         0    0.42   0.17      0.41
79   0.16406250 0.4311492 0.01972514         0    0.42   0.17      0.41
80   1.00000000 0.4311492 0.01972514         0    0.42   0.17      0.41
81   0.10156250 0.4311492 0.01972514         0    0.42   0.17      0.41
82   0.01562500 0.4311492 0.01972514         0    0.42   0.17      0.41
83   1.00000000 0.4311492 0.01972514         0    0.42   0.17      0.41
84   1.00000000 0.4311492 0.01972514         0    0.42   0.17      0.41
85   0.06640625 0.4311492 0.01972514         0    0.42   0.17      0.41
86   0.21875000 0.4311492 0.01972514         0    0.42   0.17      0.41
87   1.00000000 0.4311492 0.01972514         0    0.42   0.17      0.41
88   0.04296875 0.4311492 0.01972514         0    0.42   0.17      0.41
89   1.00000000 0.4311492 0.01972514         0    0.42   0.17      0.41
90   1.00000000 0.4311492 0.01972514         0    0.42   0.17      0.41
91   0.10546875 0.4311492 0.01972514         0    0.42   0.17      0.41
92   0.02734375 0.4311492 0.01972514         0    0.42   0.17      0.41
93   0.19140625 0.4311492 0.01972514         0    0.42   0.17      0.41
94   0.13671875 0.4311492 0.01972514         0    0.42   0.17      0.41
95   1.00000000 0.4311492 0.01972514         0    0.42   0.17      0.41
96   0.04296875 0.4311492 0.01972514         0    0.42   0.17      0.41
97   0.04687500 0.4311492 0.01972514         0    0.42   0.17      0.41
98   1.00000000 0.4311492 0.01972514         0    0.42   0.17      0.41
99   1.00000000 0.4311492 0.01972514         0    0.42   0.17      0.41
100  0.55468750 0.4311492 0.01972514         0    0.42   0.17      0.41
101  0.05859375 0.2631305 0.02874133         0    0.48   0.16      0.36
102  1.00000000 0.2631305 0.02874133         0    0.48   0.16      0.36
103  1.00000000 0.2631305 0.02874133         0    0.48   0.16      0.36
104  0.59375000 0.2631305 0.02874133         0    0.48   0.16      0.36
105  0.11328125 0.2631305 0.02874133         0    0.48   0.16      0.36
106  0.28906250 0.2631305 0.02874133         0    0.48   0.16      0.36
107  0.13281250 0.2631305 0.02874133         0    0.48   0.16      0.36
108  0.23046875 0.2631305 0.02874133         0    0.48   0.16      0.36
109  0.14453125 0.2631305 0.02874133         0    0.48   0.16      0.36
110  1.00000000 0.2631305 0.02874133         0    0.48   0.16      0.36
111  1.00000000 0.2631305 0.02874133         0    0.48   0.16      0.36
112  1.00000000 0.2631305 0.02874133         0    0.48   0.16      0.36
113  0.12890625 0.2631305 0.02874133         0    0.48   0.16      0.36
114  1.00000000 0.2631305 0.02874133         0    0.48   0.16      0.36
115  1.00000000 0.2631305 0.02874133         0    0.48   0.16      0.36
116  1.00000000 0.2631305 0.02874133         0    0.48   0.16      0.36
117  1.00000000 0.2631305 0.02874133         0    0.48   0.16      0.36
118  0.17187500 0.2631305 0.02874133         0    0.48   0.16      0.36
119  0.10937500 0.2631305 0.02874133         0    0.48   0.16      0.36
120  0.08203125 0.2631305 0.02874133         0    0.48   0.16      0.36
121  1.00000000 0.2631305 0.02874133         0    0.48   0.16      0.36
122  1.00000000 0.2631305 0.02874133         0    0.48   0.16      0.36
123  0.14062500 0.2631305 0.02874133         0    0.48   0.16      0.36
124  0.07812500 0.2631305 0.02874133         0    0.48   0.16      0.36
125  0.16015625 0.2631305 0.02874133         0    0.48   0.16      0.36
126  0.26562500 0.2631305 0.02874133         0    0.48   0.16      0.36
127  0.16796875 0.2631305 0.02874133         0    0.48   0.16      0.36
128  0.09765625 0.2631305 0.02874133         0    0.48   0.16      0.36
129  0.08203125 0.2631305 0.02874133         0    0.48   0.16      0.36
130  1.00000000 0.2631305 0.02874133         0    0.48   0.16      0.36
131  0.41406250 0.2631305 0.02874133         0    0.48   0.16      0.36
132  0.56250000 0.2631305 0.02874133         0    0.48   0.16      0.36
133  0.69140625 0.2631305 0.02874133         0    0.48   0.16      0.36
134  0.08203125 0.2631305 0.02874133         0    0.48   0.16      0.36
135  0.12500000 0.2631305 0.02874133         0    0.48   0.16      0.36
136  1.00000000 0.2631305 0.02874133         0    0.48   0.16      0.36
137  0.07031250 0.2631305 0.02874133         0    0.48   0.16      0.36
138  0.19531250 0.2631305 0.02874133         0    0.48   0.16      0.36
139  0.09375000 0.2631305 0.02874133         0    0.48   0.16      0.36
140  1.00000000 0.2631305 0.02874133         0    0.48   0.16      0.36
141  0.14453125 0.2631305 0.02874133         0    0.48   0.16      0.36
142  0.25390625 0.2631305 0.02874133         0    0.48   0.16      0.36
143  0.26953125 0.2631305 0.02874133         0    0.48   0.16      0.36
144  0.16015625 0.2631305 0.02874133         0    0.48   0.16      0.36
145  1.00000000 0.2631305 0.02874133         0    0.48   0.16      0.36
146  0.24609375 0.2631305 0.02874133         0    0.48   0.16      0.36
147  0.19531250 0.2631305 0.02874133         0    0.48   0.16      0.36
148  0.17968750 0.2631305 0.02874133         0    0.48   0.16      0.36
149  1.00000000 0.2631305 0.02874133         0    0.48   0.16      0.36
150  1.00000000 0.2631305 0.02874133         0    0.48   0.16      0.36
151  0.30468750 0.2631305 0.02874133         0    0.48   0.16      0.36
152  0.61718750 0.2631305 0.02874133         0    0.48   0.16      0.36
153  0.07421875 0.2631305 0.02874133         0    0.48   0.16      0.36
154  0.08203125 0.2631305 0.02874133         0    0.48   0.16      0.36
155  0.08984375 0.2631305 0.02874133         0    0.48   0.16      0.36
156  0.24609375 0.2631305 0.02874133         0    0.48   0.16      0.36
157  0.14062500 0.2631305 0.02874133         0    0.48   0.16      0.36
158  0.20312500 0.2631305 0.02874133         0    0.48   0.16      0.36
159  0.57812500 0.2631305 0.02874133         0    0.48   0.16      0.36
160  1.00000000 0.2631305 0.02874133         0    0.48   0.16      0.36
161  0.07812500 0.2631305 0.02874133         0    0.48   0.16      0.36
162  0.11718750 0.2631305 0.02874133         0    0.48   0.16      0.36
163  1.00000000 0.2631305 0.02874133         0    0.48   0.16      0.36
164  1.00000000 0.2631305 0.02874133         0    0.48   0.16      0.36
165  1.00000000 0.2631305 0.02874133         0    0.48   0.16      0.36
166  0.17187500 0.2631305 0.02874133         0    0.48   0.16      0.36
167  0.08203125 0.2631305 0.02874133         0    0.48   0.16      0.36
168  0.30468750 0.2631305 0.02874133         0    0.48   0.16      0.36
169  0.12890625 0.2631305 0.02874133         0    0.48   0.16      0.36
170  0.34375000 0.2631305 0.02874133         0    0.48   0.16      0.36
171  0.20312500 0.2631305 0.02874133         0    0.48   0.16      0.36
172  0.50390625 0.2631305 0.02874133         0    0.48   0.16      0.36
173  0.10156250 0.2631305 0.02874133         0    0.48   0.16      0.36
174  0.11718750 0.2631305 0.02874133         0    0.48   0.16      0.36
175  1.00000000 0.2631305 0.02874133         0    0.48   0.16      0.36
176  1.00000000 0.2631305 0.02874133         0    0.48   0.16      0.36
177  0.06640625 0.2631305 0.02874133         0    0.48   0.16      0.36
178  0.28125000 0.2631305 0.02874133         0    0.48   0.16      0.36
179  0.06640625 0.2631305 0.02874133         0    0.48   0.16      0.36
180  1.00000000 0.2631305 0.02874133         0    0.48   0.16      0.36
181  0.07031250 0.2631305 0.02874133         0    0.48   0.16      0.36
182  1.00000000 0.2631305 0.02874133         0    0.48   0.16      0.36
183  0.07812500 0.2631305 0.02874133         0    0.48   0.16      0.36
184  0.12890625 0.2631305 0.02874133         0    0.48   0.16      0.36
185  0.09375000 0.2631305 0.02874133         0    0.48   0.16      0.36
186  1.00000000 0.2631305 0.02874133         0    0.48   0.16      0.36
187  0.16406250 0.2631305 0.02874133         0    0.48   0.16      0.36
188  0.09765625 0.2631305 0.02874133         0    0.48   0.16      0.36
189  0.32031250 0.2631305 0.02874133         0    0.48   0.16      0.36
190  1.00000000 0.2631305 0.02874133         0    0.48   0.16      0.36
191  0.14453125 0.2631305 0.02874133         0    0.48   0.16      0.36
192  0.79296875 0.2631305 0.02874133         0    0.48   0.16      0.36
193  0.27734375 0.2631305 0.02874133         0    0.48   0.16      0.36
194  0.06640625 0.2631305 0.02874133         0    0.48   0.16      0.36
195  0.19140625 0.2631305 0.02874133         0    0.48   0.16      0.36
196  1.00000000 0.2631305 0.02874133         0    0.48   0.16      0.36
197  0.21484375 0.2631305 0.02874133         0    0.48   0.16      0.36
198  0.20312500 0.2631305 0.02874133         0    0.48   0.16      0.36
199  1.00000000 0.2631305 0.02874133         0    0.48   0.16      0.36
200  0.23046875 0.2631305 0.02874133         0    0.48   0.16      0.36
201  0.23046875 0.3977637 0.01645088         0    0.46   0.16      0.38
202  0.28125000 0.3977637 0.01645088         0    0.46   0.16      0.38
203  0.03515625 0.3977637 0.01645088         0    0.46   0.16      0.38
204  1.00000000 0.3977637 0.01645088         0    0.46   0.16      0.38
205  0.05468750 0.3977637 0.01645088         0    0.46   0.16      0.38
206  1.00000000 0.3977637 0.01645088         0    0.46   0.16      0.38
207  0.14453125 0.3977637 0.01645088         0    0.46   0.16      0.38
208  1.00000000 0.3977637 0.01645088         0    0.46   0.16      0.38
209  1.00000000 0.3977637 0.01645088         0    0.46   0.16      0.38
210  0.07421875 0.3977637 0.01645088         0    0.46   0.16      0.38
211  0.01953125 0.3977637 0.01645088         0    0.46   0.16      0.38
212  0.07031250 0.3977637 0.01645088         0    0.46   0.16      0.38
213  0.08984375 0.3977637 0.01645088         0    0.46   0.16      0.38
214  0.19140625 0.3977637 0.01645088         0    0.46   0.16      0.38
215  1.00000000 0.3977637 0.01645088         0    0.46   0.16      0.38
216  0.08593750 0.3977637 0.01645088         0    0.46   0.16      0.38
217  0.07031250 0.3977637 0.01645088         0    0.46   0.16      0.38
218  1.00000000 0.3977637 0.01645088         0    0.46   0.16      0.38
219  0.04687500 0.3977637 0.01645088         0    0.46   0.16      0.38
220  1.00000000 0.3977637 0.01645088         0    0.46   0.16      0.38
221  0.11328125 0.3977637 0.01645088         0    0.46   0.16      0.38
222  0.05468750 0.3977637 0.01645088         0    0.46   0.16      0.38
223  1.00000000 0.3977637 0.01645088         0    0.46   0.16      0.38
224  1.00000000 0.3977637 0.01645088         0    0.46   0.16      0.38
225  1.00000000 0.3977637 0.01645088         0    0.46   0.16      0.38
226  0.07421875 0.3977637 0.01645088         0    0.46   0.16      0.38
227  0.05468750 0.3977637 0.01645088         0    0.46   0.16      0.38
228  1.00000000 0.3977637 0.01645088         0    0.46   0.16      0.38
229  0.05859375 0.3977637 0.01645088         0    0.46   0.16      0.38
230  1.00000000 0.3977637 0.01645088         0    0.46   0.16      0.38
231  0.16796875 0.3977637 0.01645088         0    0.46   0.16      0.38
232  0.12500000 0.3977637 0.01645088         0    0.46   0.16      0.38
233  1.00000000 0.3977637 0.01645088         0    0.46   0.16      0.38
234  0.15625000 0.3977637 0.01645088         0    0.46   0.16      0.38
235  0.03906250 0.3977637 0.01645088         0    0.46   0.16      0.38
236  1.00000000 0.3977637 0.01645088         0    0.46   0.16      0.38
237  1.00000000 0.3977637 0.01645088         0    0.46   0.16      0.38
238  0.33203125 0.3977637 0.01645088         0    0.46   0.16      0.38
239  1.00000000 0.3977637 0.01645088         0    0.46   0.16      0.38
240  1.00000000 0.3977637 0.01645088         0    0.46   0.16      0.38
241  0.03125000 0.3977637 0.01645088         0    0.46   0.16      0.38
242  0.20312500 0.3977637 0.01645088         0    0.46   0.16      0.38
243  0.09765625 0.3977637 0.01645088         0    0.46   0.16      0.38
244  1.00000000 0.3977637 0.01645088         0    0.46   0.16      0.38
245  0.18359375 0.3977637 0.01645088         0    0.46   0.16      0.38
246  0.30859375 0.3977637 0.01645088         0    0.46   0.16      0.38
247  0.53906250 0.3977637 0.01645088         0    0.46   0.16      0.38
248  0.06250000 0.3977637 0.01645088         0    0.46   0.16      0.38
249  0.02343750 0.3977637 0.01645088         0    0.46   0.16      0.38
250  1.00000000 0.3977637 0.01645088         0    0.46   0.16      0.38
251  0.23828125 0.3977637 0.01645088         0    0.46   0.16      0.38
252  0.03125000 0.3977637 0.01645088         0    0.46   0.16      0.38
253  1.00000000 0.3977637 0.01645088         0    0.46   0.16      0.38
254  1.00000000 0.3977637 0.01645088         0    0.46   0.16      0.38
255  0.06250000 0.3977637 0.01645088         0    0.46   0.16      0.38
256  0.09375000 0.3977637 0.01645088         0    0.46   0.16      0.38
257  0.12500000 0.3977637 0.01645088         0    0.46   0.16      0.38
258  1.00000000 0.3977637 0.01645088         0    0.46   0.16      0.38
259  0.05078125 0.3977637 0.01645088         0    0.46   0.16      0.38
260  0.10937500 0.3977637 0.01645088         0    0.46   0.16      0.38
261  1.00000000 0.3977637 0.01645088         0    0.46   0.16      0.38
262  0.05468750 0.3977637 0.01645088         0    0.46   0.16      0.38
263  1.00000000 0.3977637 0.01645088         0    0.46   0.16      0.38
264  1.00000000 0.3977637 0.01645088         0    0.46   0.16      0.38
265  0.06640625 0.3977637 0.01645088         0    0.46   0.16      0.38
266  1.00000000 0.3977637 0.01645088         0    0.46   0.16      0.38
267  1.00000000 0.3977637 0.01645088         0    0.46   0.16      0.38
268  0.04687500 0.3977637 0.01645088         0    0.46   0.16      0.38
269  1.00000000 0.3977637 0.01645088         0    0.46   0.16      0.38
270  1.00000000 0.3977637 0.01645088         0    0.46   0.16      0.38
271  0.11328125 0.3977637 0.01645088         0    0.46   0.16      0.38
272  0.03515625 0.3977637 0.01645088         0    0.46   0.16      0.38
273  1.00000000 0.3977637 0.01645088         0    0.46   0.16      0.38
274  0.07421875 0.3977637 0.01645088         0    0.46   0.16      0.38
275  0.06640625 0.3977637 0.01645088         0    0.46   0.16      0.38
276  0.21875000 0.3977637 0.01645088         0    0.46   0.16      0.38
277  0.28125000 0.3977637 0.01645088         0    0.46   0.16      0.38
278  0.27734375 0.3977637 0.01645088         0    0.46   0.16      0.38
279  0.08593750 0.3977637 0.01645088         0    0.46   0.16      0.38
280  0.05468750 0.3977637 0.01645088         0    0.46   0.16      0.38
281  1.00000000 0.3977637 0.01645088         0    0.46   0.16      0.38
282  0.07421875 0.3977637 0.01645088         0    0.46   0.16      0.38
283  0.07812500 0.3977637 0.01645088         0    0.46   0.16      0.38
284  1.00000000 0.3977637 0.01645088         0    0.46   0.16      0.38
285  1.00000000 0.3977637 0.01645088         0    0.46   0.16      0.38
286  1.00000000 0.3977637 0.01645088         0    0.46   0.16      0.38
287  0.04296875 0.3977637 0.01645088         0    0.46   0.16      0.38
288  0.05468750 0.3977637 0.01645088         0    0.46   0.16      0.38
289  0.25000000 0.3977637 0.01645088         0    0.46   0.16      0.38
290  1.00000000 0.3977637 0.01645088         0    0.46   0.16      0.38
291  0.03515625 0.3977637 0.01645088         0    0.46   0.16      0.38
292  0.02343750 0.3977637 0.01645088         0    0.46   0.16      0.38
293  0.14453125 0.3977637 0.01645088         0    0.46   0.16      0.38
294  1.00000000 0.3977637 0.01645088         0    0.46   0.16      0.38
295  0.05468750 0.3977637 0.01645088         0    0.46   0.16      0.38
296  0.03906250 0.3977637 0.01645088         0    0.46   0.16      0.38
297  0.30078125 0.3977637 0.01645088         0    0.46   0.16      0.38
298  1.00000000 0.3977637 0.01645088         0    0.46   0.16      0.38
299  0.30078125 0.3977637 0.01645088         0    0.46   0.16      0.38
300  0.03906250 0.3977637 0.01645088         0    0.46   0.16      0.38
301  0.48046875 0.3671270 0.06782485         0    0.32   0.23      0.45
302  0.46484375 0.3671270 0.06782485         0    0.32   0.23      0.45
303  1.00000000 0.3671270 0.06782485         0    0.32   0.23      0.45
304  1.00000000 0.3671270 0.06782485         0    0.32   0.23      0.45
305  1.00000000 0.3671270 0.06782485         0    0.32   0.23      0.45
306  0.39843750 0.3671270 0.06782485         0    0.32   0.23      0.45
307  0.21484375 0.3671270 0.06782485         0    0.32   0.23      0.45
308  1.00000000 0.3671270 0.06782485         0    0.32   0.23      0.45
309  0.12890625 0.3671270 0.06782485         0    0.32   0.23      0.45
310  0.27343750 0.3671270 0.06782485         0    0.32   0.23      0.45
311  0.58593750 0.3671270 0.06782485         0    0.32   0.23      0.45
312  0.25390625 0.3671270 0.06782485         0    0.32   0.23      0.45
313  1.00000000 0.3671270 0.06782485         0    0.32   0.23      0.45
314  0.60937500 0.3671270 0.06782485         0    0.32   0.23      0.45
315  0.28125000 0.3671270 0.06782485         0    0.32   0.23      0.45
316  0.42578125 0.3671270 0.06782485         0    0.32   0.23      0.45
317  1.00000000 0.3671270 0.06782485         0    0.32   0.23      0.45
318  0.41406250 0.3671270 0.06782485         0    0.32   0.23      0.45
319  0.24609375 0.3671270 0.06782485         0    0.32   0.23      0.45
320  0.75390625 0.3671270 0.06782485         0    0.32   0.23      0.45
321  0.39062500 0.3671270 0.06782485         0    0.32   0.23      0.45
322  0.25781250 0.3671270 0.06782485         0    0.32   0.23      0.45
323  0.28906250 0.3671270 0.06782485         0    0.32   0.23      0.45
324  0.29296875 0.3671270 0.06782485         0    0.32   0.23      0.45
325  1.00000000 0.3671270 0.06782485         0    0.32   0.23      0.45
326  0.29296875 0.3671270 0.06782485         0    0.32   0.23      0.45
327  0.26562500 0.3671270 0.06782485         0    0.32   0.23      0.45
328  1.00000000 0.3671270 0.06782485         0    0.32   0.23      0.45
329  1.00000000 0.3671270 0.06782485         0    0.32   0.23      0.45
330  0.79687500 0.3671270 0.06782485         0    0.32   0.23      0.45
331  1.00000000 0.3671270 0.06782485         0    0.32   0.23      0.45
332  1.00000000 0.3671270 0.06782485         0    0.32   0.23      0.45
333  1.00000000 0.3671270 0.06782485         0    0.32   0.23      0.45
334  0.48828125 0.3671270 0.06782485         0    0.32   0.23      0.45
335  0.68750000 0.3671270 0.06782485         0    0.32   0.23      0.45
336  0.44531250 0.3671270 0.06782485         0    0.32   0.23      0.45
337  0.69531250 0.3671270 0.06782485         0    0.32   0.23      0.45
338  0.31250000 0.3671270 0.06782485         0    0.32   0.23      0.45
339  0.42187500 0.3671270 0.06782485         0    0.32   0.23      0.45
340  0.36718750 0.3671270 0.06782485         0    0.32   0.23      0.45
341  1.00000000 0.3671270 0.06782485         0    0.32   0.23      0.45
342  1.00000000 0.3671270 0.06782485         0    0.32   0.23      0.45
343  0.59375000 0.3671270 0.06782485         0    0.32   0.23      0.45
344  0.28515625 0.3671270 0.06782485         0    0.32   0.23      0.45
345  0.64843750 0.3671270 0.06782485         0    0.32   0.23      0.45
346  1.00000000 0.3671270 0.06782485         0    0.32   0.23      0.45
347  0.37500000 0.3671270 0.06782485         0    0.32   0.23      0.45
348  0.54296875 0.3671270 0.06782485         0    0.32   0.23      0.45
349  1.00000000 0.3671270 0.06782485         0    0.32   0.23      0.45
350  1.00000000 0.3671270 0.06782485         0    0.32   0.23      0.45
351  1.00000000 0.3671270 0.06782485         0    0.32   0.23      0.45
352  0.28515625 0.3671270 0.06782485         0    0.32   0.23      0.45
353  1.00000000 0.3671270 0.06782485         0    0.32   0.23      0.45
354  0.27343750 0.3671270 0.06782485         0    0.32   0.23      0.45
355  1.00000000 0.3671270 0.06782485         0    0.32   0.23      0.45
356  0.42187500 0.3671270 0.06782485         0    0.32   0.23      0.45
357  1.00000000 0.3671270 0.06782485         0    0.32   0.23      0.45
358  1.00000000 0.3671270 0.06782485         0    0.32   0.23      0.45
359  1.00000000 0.3671270 0.06782485         0    0.32   0.23      0.45
360  1.00000000 0.3671270 0.06782485         0    0.32   0.23      0.45
361  1.00000000 0.3671270 0.06782485         0    0.32   0.23      0.45
362  0.43750000 0.3671270 0.06782485         0    0.32   0.23      0.45
363  0.36328125 0.3671270 0.06782485         0    0.32   0.23      0.45
364  0.26171875 0.3671270 0.06782485         0    0.32   0.23      0.45
365  0.44921875 0.3671270 0.06782485         0    0.32   0.23      0.45
366  0.62109375 0.3671270 0.06782485         0    0.32   0.23      0.45
367  1.00000000 0.3671270 0.06782485         0    0.32   0.23      0.45
368  0.26562500 0.3671270 0.06782485         0    0.32   0.23      0.45
369  0.42968750 0.3671270 0.06782485         0    0.32   0.23      0.45
370  0.34765625 0.3671270 0.06782485         0    0.32   0.23      0.45
371  1.00000000 0.3671270 0.06782485         0    0.32   0.23      0.45
372  0.22656250 0.3671270 0.06782485         0    0.32   0.23      0.45
373  0.30468750 0.3671270 0.06782485         0    0.32   0.23      0.45
374  0.62890625 0.3671270 0.06782485         0    0.32   0.23      0.45
375  0.69140625 0.3671270 0.06782485         0    0.32   0.23      0.45
376  1.00000000 0.3671270 0.06782485         0    0.32   0.23      0.45
377  1.00000000 0.3671270 0.06782485         0    0.32   0.23      0.45
378  1.00000000 0.3671270 0.06782485         0    0.32   0.23      0.45
379  1.00000000 0.3671270 0.06782485         0    0.32   0.23      0.45
380  1.00000000 0.3671270 0.06782485         0    0.32   0.23      0.45
381  1.00000000 0.3671270 0.06782485         0    0.32   0.23      0.45
382  0.24218750 0.3671270 0.06782485         0    0.32   0.23      0.45
383  0.24218750 0.3671270 0.06782485         0    0.32   0.23      0.45
384  0.37109375 0.3671270 0.06782485         0    0.32   0.23      0.45
385  1.00000000 0.3671270 0.06782485         0    0.32   0.23      0.45
386  0.33984375 0.3671270 0.06782485         0    0.32   0.23      0.45
387  1.00000000 0.3671270 0.06782485         0    0.32   0.23      0.45
388  0.34765625 0.3671270 0.06782485         0    0.32   0.23      0.45
389  1.00000000 0.3671270 0.06782485         0    0.32   0.23      0.45
390  0.33203125 0.3671270 0.06782485         0    0.32   0.23      0.45
391  0.32812500 0.3671270 0.06782485         0    0.32   0.23      0.45
392  1.00000000 0.3671270 0.06782485         0    0.32   0.23      0.45
393  0.27734375 0.3671270 0.06782485         0    0.32   0.23      0.45
394  0.42968750 0.3671270 0.06782485         0    0.32   0.23      0.45
395  1.00000000 0.3671270 0.06782485         0    0.32   0.23      0.45
396  0.51171875 0.3671270 0.06782485         0    0.32   0.23      0.45
397  0.52734375 0.3671270 0.06782485         0    0.32   0.23      0.45
398  0.40234375 0.3671270 0.06782485         0    0.32   0.23      0.45
399  0.44140625 0.3671270 0.06782485         0    0.32   0.23      0.45
400  0.37109375 0.3671270 0.06782485         0    0.32   0.23      0.45
401  1.00000000 0.2617950 0.02897843         0    0.45   0.26      0.29
402  0.14843750 0.2617950 0.02897843         0    0.45   0.26      0.29
403  0.50000000 0.2617950 0.02897843         0    0.45   0.26      0.29
404  0.10156250 0.2617950 0.02897843         0    0.45   0.26      0.29
405  1.00000000 0.2617950 0.02897843         0    0.45   0.26      0.29
406  0.07812500 0.2617950 0.02897843         0    0.45   0.26      0.29
407  1.00000000 0.2617950 0.02897843         0    0.45   0.26      0.29
408  0.19921875 0.2617950 0.02897843         0    0.45   0.26      0.29
409  0.13281250 0.2617950 0.02897843         0    0.45   0.26      0.29
410  0.23046875 0.2617950 0.02897843         0    0.45   0.26      0.29
411  0.20312500 0.2617950 0.02897843         0    0.45   0.26      0.29
412  0.09765625 0.2617950 0.02897843         0    0.45   0.26      0.29
413  0.10156250 0.2617950 0.02897843         0    0.45   0.26      0.29
414  1.00000000 0.2617950 0.02897843         0    0.45   0.26      0.29
415  0.48437500 0.2617950 0.02897843         0    0.45   0.26      0.29
416  0.14453125 0.2617950 0.02897843         0    0.45   0.26      0.29
417  0.25000000 0.2617950 0.02897843         0    0.45   0.26      0.29
418  0.51953125 0.2617950 0.02897843         0    0.45   0.26      0.29
419  0.23046875 0.2617950 0.02897843         0    0.45   0.26      0.29
420  0.05468750 0.2617950 0.02897843         0    0.45   0.26      0.29
421  1.00000000 0.2617950 0.02897843         0    0.45   0.26      0.29
422  0.19531250 0.2617950 0.02897843         0    0.45   0.26      0.29
423  0.19531250 0.2617950 0.02897843         0    0.45   0.26      0.29
424  1.00000000 0.2617950 0.02897843         0    0.45   0.26      0.29
425  0.13671875 0.2617950 0.02897843         0    0.45   0.26      0.29
426  1.00000000 0.2617950 0.02897843         0    0.45   0.26      0.29
427  0.09765625 0.2617950 0.02897843         0    0.45   0.26      0.29
428  0.33203125 0.2617950 0.02897843         0    0.45   0.26      0.29
429  0.12109375 0.2617950 0.02897843         0    0.45   0.26      0.29
430  1.00000000 0.2617950 0.02897843         0    0.45   0.26      0.29
431  0.53515625 0.2617950 0.02897843         0    0.45   0.26      0.29
432  0.24218750 0.2617950 0.02897843         0    0.45   0.26      0.29
433  1.00000000 0.2617950 0.02897843         0    0.45   0.26      0.29
434  0.34375000 0.2617950 0.02897843         0    0.45   0.26      0.29
435  1.00000000 0.2617950 0.02897843         0    0.45   0.26      0.29
436  1.00000000 0.2617950 0.02897843         0    0.45   0.26      0.29
437  0.19140625 0.2617950 0.02897843         0    0.45   0.26      0.29
438  0.10937500 0.2617950 0.02897843         0    0.45   0.26      0.29
439  0.35937500 0.2617950 0.02897843         0    0.45   0.26      0.29
440  0.30468750 0.2617950 0.02897843         0    0.45   0.26      0.29
441  0.06250000 0.2617950 0.02897843         0    0.45   0.26      0.29
442  0.10156250 0.2617950 0.02897843         0    0.45   0.26      0.29
443  0.22265625 0.2617950 0.02897843         0    0.45   0.26      0.29
444  0.09765625 0.2617950 0.02897843         0    0.45   0.26      0.29
445  0.24218750 0.2617950 0.02897843         0    0.45   0.26      0.29
446  0.06250000 0.2617950 0.02897843         0    0.45   0.26      0.29
447  0.21875000 0.2617950 0.02897843         0    0.45   0.26      0.29
448  0.11328125 0.2617950 0.02897843         0    0.45   0.26      0.29
449  0.17187500 0.2617950 0.02897843         0    0.45   0.26      0.29
450  0.29687500 0.2617950 0.02897843         0    0.45   0.26      0.29
451  0.09765625 0.2617950 0.02897843         0    0.45   0.26      0.29
452  1.00000000 0.2617950 0.02897843         0    0.45   0.26      0.29
453  0.13671875 0.2617950 0.02897843         0    0.45   0.26      0.29
454  0.14843750 0.2617950 0.02897843         0    0.45   0.26      0.29
455  1.00000000 0.2617950 0.02897843         0    0.45   0.26      0.29
456  1.00000000 0.2617950 0.02897843         0    0.45   0.26      0.29
457  0.34375000 0.2617950 0.02897843         0    0.45   0.26      0.29
458  0.11328125 0.2617950 0.02897843         0    0.45   0.26      0.29
459  0.41796875 0.2617950 0.02897843         0    0.45   0.26      0.29
460  1.00000000 0.2617950 0.02897843         0    0.45   0.26      0.29
461  0.16406250 0.2617950 0.02897843         0    0.45   0.26      0.29
462  0.27734375 0.2617950 0.02897843         0    0.45   0.26      0.29
463  0.20703125 0.2617950 0.02897843         0    0.45   0.26      0.29
464  1.00000000 0.2617950 0.02897843         0    0.45   0.26      0.29
465  0.31250000 0.2617950 0.02897843         0    0.45   0.26      0.29
466  0.11718750 0.2617950 0.02897843         0    0.45   0.26      0.29
467  1.00000000 0.2617950 0.02897843         0    0.45   0.26      0.29
468  0.20703125 0.2617950 0.02897843         0    0.45   0.26      0.29
469  1.00000000 0.2617950 0.02897843         0    0.45   0.26      0.29
470  0.08203125 0.2617950 0.02897843         0    0.45   0.26      0.29
471  0.11718750 0.2617950 0.02897843         0    0.45   0.26      0.29
472  0.17187500 0.2617950 0.02897843         0    0.45   0.26      0.29
473  0.11328125 0.2617950 0.02897843         0    0.45   0.26      0.29
474  0.20312500 0.2617950 0.02897843         0    0.45   0.26      0.29
475  1.00000000 0.2617950 0.02897843         0    0.45   0.26      0.29
476  0.08593750 0.2617950 0.02897843         0    0.45   0.26      0.29
477  0.17187500 0.2617950 0.02897843         0    0.45   0.26      0.29
478  1.00000000 0.2617950 0.02897843         0    0.45   0.26      0.29
479  0.27734375 0.2617950 0.02897843         0    0.45   0.26      0.29
480  0.13281250 0.2617950 0.02897843         0    0.45   0.26      0.29
481  0.05859375 0.2617950 0.02897843         0    0.45   0.26      0.29
482  0.17578125 0.2617950 0.02897843         0    0.45   0.26      0.29
483  0.16406250 0.2617950 0.02897843         0    0.45   0.26      0.29
484  0.12500000 0.2617950 0.02897843         0    0.45   0.26      0.29
485  1.00000000 0.2617950 0.02897843         0    0.45   0.26      0.29
486  1.00000000 0.2617950 0.02897843         0    0.45   0.26      0.29
487  0.42578125 0.2617950 0.02897843         0    0.45   0.26      0.29
488  0.26953125 0.2617950 0.02897843         0    0.45   0.26      0.29
489  0.12500000 0.2617950 0.02897843         0    0.45   0.26      0.29
490  0.43359375 0.2617950 0.02897843         0    0.45   0.26      0.29
491  0.38281250 0.2617950 0.02897843         0    0.45   0.26      0.29
492  0.13281250 0.2617950 0.02897843         0    0.45   0.26      0.29
493  0.11718750 0.2617950 0.02897843         0    0.45   0.26      0.29
494  1.00000000 0.2617950 0.02897843         0    0.45   0.26      0.29
495  0.39062500 0.2617950 0.02897843         0    0.45   0.26      0.29
496  0.12500000 0.2617950 0.02897843         0    0.45   0.26      0.29
497  0.32421875 0.2617950 0.02897843         0    0.45   0.26      0.29
498  0.40234375 0.2617950 0.02897843         0    0.45   0.26      0.29
499  0.10156250 0.2617950 0.02897843         0    0.45   0.26      0.29
500  1.00000000 0.2617950 0.02897843         0    0.45   0.26      0.29
501  0.25390625 0.3419033 0.03210284         0    0.39   0.27      0.34
502  0.17578125 0.3419033 0.03210284         0    0.39   0.27      0.34
503  1.00000000 0.3419033 0.03210284         0    0.39   0.27      0.34
504  0.41406250 0.3419033 0.03210284         0    0.39   0.27      0.34
505  0.38281250 0.3419033 0.03210284         0    0.39   0.27      0.34
506  0.11718750 0.3419033 0.03210284         0    0.39   0.27      0.34
507  0.09375000 0.3419033 0.03210284         0    0.39   0.27      0.34
508  1.00000000 0.3419033 0.03210284         0    0.39   0.27      0.34
509  0.58203125 0.3419033 0.03210284         0    0.39   0.27      0.34
510  0.16796875 0.3419033 0.03210284         0    0.39   0.27      0.34
511  1.00000000 0.3419033 0.03210284         0    0.39   0.27      0.34
512  0.09375000 0.3419033 0.03210284         0    0.39   0.27      0.34
513  0.08203125 0.3419033 0.03210284         0    0.39   0.27      0.34
514  0.33984375 0.3419033 0.03210284         0    0.39   0.27      0.34
515  0.14843750 0.3419033 0.03210284         0    0.39   0.27      0.34
516  0.21093750 0.3419033 0.03210284         0    0.39   0.27      0.34
517  0.32031250 0.3419033 0.03210284         0    0.39   0.27      0.34
518  1.00000000 0.3419033 0.03210284         0    0.39   0.27      0.34
519  0.37890625 0.3419033 0.03210284         0    0.39   0.27      0.34
520  0.30468750 0.3419033 0.03210284         0    0.39   0.27      0.34
521  1.00000000 0.3419033 0.03210284         0    0.39   0.27      0.34
522  1.00000000 0.3419033 0.03210284         0    0.39   0.27      0.34
523  0.06640625 0.3419033 0.03210284         0    0.39   0.27      0.34
524  1.00000000 0.3419033 0.03210284         0    0.39   0.27      0.34
525  1.00000000 0.3419033 0.03210284         0    0.39   0.27      0.34
526  1.00000000 0.3419033 0.03210284         0    0.39   0.27      0.34
527  1.00000000 0.3419033 0.03210284         0    0.39   0.27      0.34
528  0.56640625 0.3419033 0.03210284         0    0.39   0.27      0.34
529  0.24218750 0.3419033 0.03210284         0    0.39   0.27      0.34
530  0.21875000 0.3419033 0.03210284         0    0.39   0.27      0.34
531  1.00000000 0.3419033 0.03210284         0    0.39   0.27      0.34
532  0.18750000 0.3419033 0.03210284         0    0.39   0.27      0.34
533  0.37890625 0.3419033 0.03210284         0    0.39   0.27      0.34
534  1.00000000 0.3419033 0.03210284         0    0.39   0.27      0.34
535  1.00000000 0.3419033 0.03210284         0    0.39   0.27      0.34
536  0.32031250 0.3419033 0.03210284         0    0.39   0.27      0.34
537  1.00000000 0.3419033 0.03210284         0    0.39   0.27      0.34
538  0.17187500 0.3419033 0.03210284         0    0.39   0.27      0.34
539  0.20703125 0.3419033 0.03210284         0    0.39   0.27      0.34
540  1.00000000 0.3419033 0.03210284         0    0.39   0.27      0.34
541  0.12500000 0.3419033 0.03210284         0    0.39   0.27      0.34
542  0.12109375 0.3419033 0.03210284         0    0.39   0.27      0.34
543  1.00000000 0.3419033 0.03210284         0    0.39   0.27      0.34
544  0.54296875 0.3419033 0.03210284         0    0.39   0.27      0.34
545  1.00000000 0.3419033 0.03210284         0    0.39   0.27      0.34
546  0.17578125 0.3419033 0.03210284         0    0.39   0.27      0.34
547  0.13671875 0.3419033 0.03210284         0    0.39   0.27      0.34
548  1.00000000 0.3419033 0.03210284         0    0.39   0.27      0.34
549  0.54296875 0.3419033 0.03210284         0    0.39   0.27      0.34
550  0.19531250 0.3419033 0.03210284         0    0.39   0.27      0.34
551  0.05078125 0.3419033 0.03210284         0    0.39   0.27      0.34
552  0.33984375 0.3419033 0.03210284         0    0.39   0.27      0.34
553  0.17968750 0.3419033 0.03210284         0    0.39   0.27      0.34
554  0.40625000 0.3419033 0.03210284         0    0.39   0.27      0.34
555  0.56640625 0.3419033 0.03210284         0    0.39   0.27      0.34
556  0.15625000 0.3419033 0.03210284         0    0.39   0.27      0.34
557  0.28125000 0.3419033 0.03210284         0    0.39   0.27      0.34
558  0.09375000 0.3419033 0.03210284         0    0.39   0.27      0.34
559  1.00000000 0.3419033 0.03210284         0    0.39   0.27      0.34
560  1.00000000 0.3419033 0.03210284         0    0.39   0.27      0.34
561  1.00000000 0.3419033 0.03210284         0    0.39   0.27      0.34
562  0.43750000 0.3419033 0.03210284         0    0.39   0.27      0.34
563  0.34375000 0.3419033 0.03210284         0    0.39   0.27      0.34
564  1.00000000 0.3419033 0.03210284         0    0.39   0.27      0.34
565  0.35156250 0.3419033 0.03210284         0    0.39   0.27      0.34
566  0.25390625 0.3419033 0.03210284         0    0.39   0.27      0.34
567  0.53515625 0.3419033 0.03210284         0    0.39   0.27      0.34
568  0.05468750 0.3419033 0.03210284         0    0.39   0.27      0.34
569  1.00000000 0.3419033 0.03210284         0    0.39   0.27      0.34
570  0.21875000 0.3419033 0.03210284         0    0.39   0.27      0.34
571  0.12500000 0.3419033 0.03210284         0    0.39   0.27      0.34
572  0.09765625 0.3419033 0.03210284         0    0.39   0.27      0.34
573  0.14453125 0.3419033 0.03210284         0    0.39   0.27      0.34
574  0.13281250 0.3419033 0.03210284         0    0.39   0.27      0.34
575  0.18750000 0.3419033 0.03210284         0    0.39   0.27      0.34
576  1.00000000 0.3419033 0.03210284         0    0.39   0.27      0.34
577  0.19921875 0.3419033 0.03210284         0    0.39   0.27      0.34
578  0.10937500 0.3419033 0.03210284         0    0.39   0.27      0.34
579  1.00000000 0.3419033 0.03210284         0    0.39   0.27      0.34
580  0.20312500 0.3419033 0.03210284         0    0.39   0.27      0.34
581  0.25390625 0.3419033 0.03210284         0    0.39   0.27      0.34
582  0.33984375 0.3419033 0.03210284         0    0.39   0.27      0.34
583  0.24609375 0.3419033 0.03210284         0    0.39   0.27      0.34
584  0.19140625 0.3419033 0.03210284         0    0.39   0.27      0.34
585  0.21875000 0.3419033 0.03210284         0    0.39   0.27      0.34
586  0.28125000 0.3419033 0.03210284         0    0.39   0.27      0.34
587  1.00000000 0.3419033 0.03210284         0    0.39   0.27      0.34
588  0.23828125 0.3419033 0.03210284         0    0.39   0.27      0.34
589  0.25000000 0.3419033 0.03210284         0    0.39   0.27      0.34
590  1.00000000 0.3419033 0.03210284         0    0.39   0.27      0.34
591  0.14062500 0.3419033 0.03210284         0    0.39   0.27      0.34
592  1.00000000 0.3419033 0.03210284         0    0.39   0.27      0.34
593  0.09375000 0.3419033 0.03210284         0    0.39   0.27      0.34
594  0.40234375 0.3419033 0.03210284         0    0.39   0.27      0.34
595  1.00000000 0.3419033 0.03210284         0    0.39   0.27      0.34
596  1.00000000 0.3419033 0.03210284         0    0.39   0.27      0.34
597  0.14453125 0.3419033 0.03210284         0    0.39   0.27      0.34
598  0.16015625 0.3419033 0.03210284         0    0.39   0.27      0.34
599  1.00000000 0.3419033 0.03210284         0    0.39   0.27      0.34
600  0.13281250 0.3419033 0.03210284         0    0.39   0.27      0.34
601  1.00000000 0.5177133 0.03834677         0    0.26   0.20      0.54
602  1.00000000 0.5177133 0.03834677         0    0.26   0.20      0.54
603  1.00000000 0.5177133 0.03834677         0    0.26   0.20      0.54
604  1.00000000 0.5177133 0.03834677         0    0.26   0.20      0.54
605  0.30078125 0.5177133 0.03834677         0    0.26   0.20      0.54
606  0.46484375 0.5177133 0.03834677         0    0.26   0.20      0.54
607  1.00000000 0.5177133 0.03834677         0    0.26   0.20      0.54
608  1.00000000 0.5177133 0.03834677         0    0.26   0.20      0.54
609  1.00000000 0.5177133 0.03834677         0    0.26   0.20      0.54
610  1.00000000 0.5177133 0.03834677         0    0.26   0.20      0.54
611  0.16796875 0.5177133 0.03834677         0    0.26   0.20      0.54
612  1.00000000 0.5177133 0.03834677         0    0.26   0.20      0.54
613  0.21093750 0.5177133 0.03834677         0    0.26   0.20      0.54
614  1.00000000 0.5177133 0.03834677         0    0.26   0.20      0.54
615  0.15625000 0.5177133 0.03834677         0    0.26   0.20      0.54
616  0.39453125 0.5177133 0.03834677         0    0.26   0.20      0.54
617  1.00000000 0.5177133 0.03834677         0    0.26   0.20      0.54
618  1.00000000 0.5177133 0.03834677         0    0.26   0.20      0.54
619  0.62109375 0.5177133 0.03834677         0    0.26   0.20      0.54
620  0.16406250 0.5177133 0.03834677         0    0.26   0.20      0.54
621  0.24218750 0.5177133 0.03834677         0    0.26   0.20      0.54
622  1.00000000 0.5177133 0.03834677         0    0.26   0.20      0.54
623  1.00000000 0.5177133 0.03834677         0    0.26   0.20      0.54
624  1.00000000 0.5177133 0.03834677         0    0.26   0.20      0.54
625  1.00000000 0.5177133 0.03834677         0    0.26   0.20      0.54
626  1.00000000 0.5177133 0.03834677         0    0.26   0.20      0.54
627  1.00000000 0.5177133 0.03834677         0    0.26   0.20      0.54
628  1.00000000 0.5177133 0.03834677         0    0.26   0.20      0.54
629  1.00000000 0.5177133 0.03834677         0    0.26   0.20      0.54
630  0.15234375 0.5177133 0.03834677         0    0.26   0.20      0.54
631  1.00000000 0.5177133 0.03834677         0    0.26   0.20      0.54
632  0.15625000 0.5177133 0.03834677         0    0.26   0.20      0.54
633  1.00000000 0.5177133 0.03834677         0    0.26   0.20      0.54
634  0.46484375 0.5177133 0.03834677         0    0.26   0.20      0.54
635  0.11718750 0.5177133 0.03834677         0    0.26   0.20      0.54
636  1.00000000 0.5177133 0.03834677         0    0.26   0.20      0.54
637  1.00000000 0.5177133 0.03834677         0    0.26   0.20      0.54
638  1.00000000 0.5177133 0.03834677         0    0.26   0.20      0.54
639  1.00000000 0.5177133 0.03834677         0    0.26   0.20      0.54
640  0.08984375 0.5177133 0.03834677         0    0.26   0.20      0.54
641  1.00000000 0.5177133 0.03834677         0    0.26   0.20      0.54
642  1.00000000 0.5177133 0.03834677         0    0.26   0.20      0.54
643  1.00000000 0.5177133 0.03834677         0    0.26   0.20      0.54
644  1.00000000 0.5177133 0.03834677         0    0.26   0.20      0.54
645  0.20312500 0.5177133 0.03834677         0    0.26   0.20      0.54
646  1.00000000 0.5177133 0.03834677         0    0.26   0.20      0.54
647  0.56250000 0.5177133 0.03834677         0    0.26   0.20      0.54
648  0.27343750 0.5177133 0.03834677         0    0.26   0.20      0.54
649  1.00000000 0.5177133 0.03834677         0    0.26   0.20      0.54
650  0.20703125 0.5177133 0.03834677         0    0.26   0.20      0.54
651  1.00000000 0.5177133 0.03834677         0    0.26   0.20      0.54
652  0.18750000 0.5177133 0.03834677         0    0.26   0.20      0.54
653  0.36718750 0.5177133 0.03834677         0    0.26   0.20      0.54
654  1.00000000 0.5177133 0.03834677         0    0.26   0.20      0.54
655  0.16015625 0.5177133 0.03834677         0    0.26   0.20      0.54
656  1.00000000 0.5177133 0.03834677         0    0.26   0.20      0.54
657  0.20312500 0.5177133 0.03834677         0    0.26   0.20      0.54
658  0.12890625 0.5177133 0.03834677         0    0.26   0.20      0.54
659  1.00000000 0.5177133 0.03834677         0    0.26   0.20      0.54
660  0.20312500 0.5177133 0.03834677         0    0.26   0.20      0.54
661  1.00000000 0.5177133 0.03834677         0    0.26   0.20      0.54
662  1.00000000 0.5177133 0.03834677         0    0.26   0.20      0.54
663  1.00000000 0.5177133 0.03834677         0    0.26   0.20      0.54
664  0.11718750 0.5177133 0.03834677         0    0.26   0.20      0.54
665  1.00000000 0.5177133 0.03834677         0    0.26   0.20      0.54
666  1.00000000 0.5177133 0.03834677         0    0.26   0.20      0.54
667  0.44140625 0.5177133 0.03834677         0    0.26   0.20      0.54
668  1.00000000 0.5177133 0.03834677         0    0.26   0.20      0.54
669  1.00000000 0.5177133 0.03834677         0    0.26   0.20      0.54
670  0.13281250 0.5177133 0.03834677         0    0.26   0.20      0.54
671  0.14453125 0.5177133 0.03834677         0    0.26   0.20      0.54
672  1.00000000 0.5177133 0.03834677         0    0.26   0.20      0.54
673  0.15625000 0.5177133 0.03834677         0    0.26   0.20      0.54
674  0.19531250 0.5177133 0.03834677         0    0.26   0.20      0.54
675  0.50000000 0.5177133 0.03834677         0    0.26   0.20      0.54
676  0.60156250 0.5177133 0.03834677         0    0.26   0.20      0.54
677  0.25000000 0.5177133 0.03834677         0    0.26   0.20      0.54
678  0.23046875 0.5177133 0.03834677         0    0.26   0.20      0.54
679  0.44921875 0.5177133 0.03834677         0    0.26   0.20      0.54
680  0.38671875 0.5177133 0.03834677         0    0.26   0.20      0.54
681  1.00000000 0.5177133 0.03834677         0    0.26   0.20      0.54
682  1.00000000 0.5177133 0.03834677         0    0.26   0.20      0.54
683  0.15625000 0.5177133 0.03834677         0    0.26   0.20      0.54
684  1.00000000 0.5177133 0.03834677         0    0.26   0.20      0.54
685  0.35546875 0.5177133 0.03834677         0    0.26   0.20      0.54
686  0.25000000 0.5177133 0.03834677         0    0.26   0.20      0.54
687  0.11718750 0.5177133 0.03834677         0    0.26   0.20      0.54
688  1.00000000 0.5177133 0.03834677         0    0.26   0.20      0.54
689  0.27343750 0.5177133 0.03834677         0    0.26   0.20      0.54
690  1.00000000 0.5177133 0.03834677         0    0.26   0.20      0.54
691  0.23437500 0.5177133 0.03834677         0    0.26   0.20      0.54
692  1.00000000 0.5177133 0.03834677         0    0.26   0.20      0.54
693  0.21484375 0.5177133 0.03834677         0    0.26   0.20      0.54
694  1.00000000 0.5177133 0.03834677         0    0.26   0.20      0.54
695  1.00000000 0.5177133 0.03834677         0    0.26   0.20      0.54
696  1.00000000 0.5177133 0.03834677         0    0.26   0.20      0.54
697  0.08203125 0.5177133 0.03834677         0    0.26   0.20      0.54
698  1.00000000 0.5177133 0.03834677         0    0.26   0.20      0.54
699  0.18750000 0.5177133 0.03834677         0    0.26   0.20      0.54
700  0.25000000 0.5177133 0.03834677         0    0.26   0.20      0.54
701  0.63671875 0.4651625 0.04926995         0    0.32   0.20      0.48
702  0.14843750 0.4651625 0.04926995         0    0.32   0.20      0.48
703  0.23046875 0.4651625 0.04926995         0    0.32   0.20      0.48
704  0.21875000 0.4651625 0.04926995         0    0.32   0.20      0.48
705  0.52343750 0.4651625 0.04926995         0    0.32   0.20      0.48
706  0.23437500 0.4651625 0.04926995         0    0.32   0.20      0.48
707  1.00000000 0.4651625 0.04926995         0    0.32   0.20      0.48
708  1.00000000 0.4651625 0.04926995         0    0.32   0.20      0.48
709  0.19531250 0.4651625 0.04926995         0    0.32   0.20      0.48
710  0.21093750 0.4651625 0.04926995         0    0.32   0.20      0.48
711  1.00000000 0.4651625 0.04926995         0    0.32   0.20      0.48
712  1.00000000 0.4651625 0.04926995         0    0.32   0.20      0.48
713  0.23437500 0.4651625 0.04926995         0    0.32   0.20      0.48
714  0.37109375 0.4651625 0.04926995         0    0.32   0.20      0.48
715  0.35546875 0.4651625 0.04926995         0    0.32   0.20      0.48
716  1.00000000 0.4651625 0.04926995         0    0.32   0.20      0.48
717  0.46093750 0.4651625 0.04926995         0    0.32   0.20      0.48
718  0.17187500 0.4651625 0.04926995         0    0.32   0.20      0.48
719  0.57031250 0.4651625 0.04926995         0    0.32   0.20      0.48
720  0.30859375 0.4651625 0.04926995         0    0.32   0.20      0.48
721  0.22656250 0.4651625 0.04926995         0    0.32   0.20      0.48
722  1.00000000 0.4651625 0.04926995         0    0.32   0.20      0.48
723  1.00000000 0.4651625 0.04926995         0    0.32   0.20      0.48
724  0.16796875 0.4651625 0.04926995         0    0.32   0.20      0.48
725  0.28125000 0.4651625 0.04926995         0    0.32   0.20      0.48
726  0.22656250 0.4651625 0.04926995         0    0.32   0.20      0.48
727  1.00000000 0.4651625 0.04926995         0    0.32   0.20      0.48
728  0.41015625 0.4651625 0.04926995         0    0.32   0.20      0.48
729  0.42578125 0.4651625 0.04926995         0    0.32   0.20      0.48
730  1.00000000 0.4651625 0.04926995         0    0.32   0.20      0.48
731  0.18750000 0.4651625 0.04926995         0    0.32   0.20      0.48
732  0.89453125 0.4651625 0.04926995         0    0.32   0.20      0.48
733  1.00000000 0.4651625 0.04926995         0    0.32   0.20      0.48
734  0.23437500 0.4651625 0.04926995         0    0.32   0.20      0.48
735  1.00000000 0.4651625 0.04926995         0    0.32   0.20      0.48
736  1.00000000 0.4651625 0.04926995         0    0.32   0.20      0.48
737  0.12890625 0.4651625 0.04926995         0    0.32   0.20      0.48
738  0.43359375 0.4651625 0.04926995         0    0.32   0.20      0.48
739  1.00000000 0.4651625 0.04926995         0    0.32   0.20      0.48
740  0.29296875 0.4651625 0.04926995         0    0.32   0.20      0.48
741  1.00000000 0.4651625 0.04926995         0    0.32   0.20      0.48
742  0.17187500 0.4651625 0.04926995         0    0.32   0.20      0.48
743  1.00000000 0.4651625 0.04926995         0    0.32   0.20      0.48
744  1.00000000 0.4651625 0.04926995         0    0.32   0.20      0.48
745  1.00000000 0.4651625 0.04926995         0    0.32   0.20      0.48
746  0.32421875 0.4651625 0.04926995         0    0.32   0.20      0.48
747  0.61328125 0.4651625 0.04926995         0    0.32   0.20      0.48
748  0.60937500 0.4651625 0.04926995         0    0.32   0.20      0.48
749  1.00000000 0.4651625 0.04926995         0    0.32   0.20      0.48
750  1.00000000 0.4651625 0.04926995         0    0.32   0.20      0.48
751  0.18750000 0.4651625 0.04926995         0    0.32   0.20      0.48
752  0.33593750 0.4651625 0.04926995         0    0.32   0.20      0.48
753  1.00000000 0.4651625 0.04926995         0    0.32   0.20      0.48
754  1.00000000 0.4651625 0.04926995         0    0.32   0.20      0.48
755  1.00000000 0.4651625 0.04926995         0    0.32   0.20      0.48
756  1.00000000 0.4651625 0.04926995         0    0.32   0.20      0.48
757  0.23437500 0.4651625 0.04926995         0    0.32   0.20      0.48
758  1.00000000 0.4651625 0.04926995         0    0.32   0.20      0.48
759  0.52734375 0.4651625 0.04926995         0    0.32   0.20      0.48
760  0.54296875 0.4651625 0.04926995         0    0.32   0.20      0.48
761  1.00000000 0.4651625 0.04926995         0    0.32   0.20      0.48
762  0.29687500 0.4651625 0.04926995         0    0.32   0.20      0.48
763  0.73437500 0.4651625 0.04926995         0    0.32   0.20      0.48
764  1.00000000 0.4651625 0.04926995         0    0.32   0.20      0.48
765  0.73437500 0.4651625 0.04926995         0    0.32   0.20      0.48
766  0.45703125 0.4651625 0.04926995         0    0.32   0.20      0.48
767  1.00000000 0.4651625 0.04926995         0    0.32   0.20      0.48
768  1.00000000 0.4651625 0.04926995         0    0.32   0.20      0.48
769  0.51953125 0.4651625 0.04926995         0    0.32   0.20      0.48
770  0.28125000 0.4651625 0.04926995         0    0.32   0.20      0.48
771  1.00000000 0.4651625 0.04926995         0    0.32   0.20      0.48
772  0.20312500 0.4651625 0.04926995         0    0.32   0.20      0.48
773  1.00000000 0.4651625 0.04926995         0    0.32   0.20      0.48
774  1.00000000 0.4651625 0.04926995         0    0.32   0.20      0.48
775  0.19140625 0.4651625 0.04926995         0    0.32   0.20      0.48
776  0.28906250 0.4651625 0.04926995         0    0.32   0.20      0.48
777  0.43359375 0.4651625 0.04926995         0    0.32   0.20      0.48
778  1.00000000 0.4651625 0.04926995         0    0.32   0.20      0.48
779  0.16406250 0.4651625 0.04926995         0    0.32   0.20      0.48
780  0.29687500 0.4651625 0.04926995         0    0.32   0.20      0.48
781  0.36328125 0.4651625 0.04926995         0    0.32   0.20      0.48
782  1.00000000 0.4651625 0.04926995         0    0.32   0.20      0.48
783  1.00000000 0.4651625 0.04926995         0    0.32   0.20      0.48
784  0.19140625 0.4651625 0.04926995         0    0.32   0.20      0.48
785  0.40625000 0.4651625 0.04926995         0    0.32   0.20      0.48
786  1.00000000 0.4651625 0.04926995         0    0.32   0.20      0.48
787  1.00000000 0.4651625 0.04926995         0    0.32   0.20      0.48
788  1.00000000 0.4651625 0.04926995         0    0.32   0.20      0.48
789  0.24609375 0.4651625 0.04926995         0    0.32   0.20      0.48
790  1.00000000 0.4651625 0.04926995         0    0.32   0.20      0.48
791  1.00000000 0.4651625 0.04926995         0    0.32   0.20      0.48
792  0.18750000 0.4651625 0.04926995         0    0.32   0.20      0.48
793  1.00000000 0.4651625 0.04926995         0    0.32   0.20      0.48
794  1.00000000 0.4651625 0.04926995         0    0.32   0.20      0.48
795  1.00000000 0.4651625 0.04926995         0    0.32   0.20      0.48
796  1.00000000 0.4651625 0.04926995         0    0.32   0.20      0.48
797  0.57031250 0.4651625 0.04926995         0    0.32   0.20      0.48
798  0.15625000 0.4651625 0.04926995         0    0.32   0.20      0.48
799  0.31250000 0.4651625 0.04926995         0    0.32   0.20      0.48
800  0.17187500 0.4651625 0.04926995         0    0.32   0.20      0.48
801  0.28906250 0.1756087 0.05265505         0    0.33   0.32      0.35
802  1.00000000 0.1756087 0.05265505         0    0.33   0.32      0.35
803  0.25000000 0.1756087 0.05265505         0    0.33   0.32      0.35
804  0.22656250 0.1756087 0.05265505         0    0.33   0.32      0.35
805  0.33203125 0.1756087 0.05265505         0    0.33   0.32      0.35
806  0.41015625 0.1756087 0.05265505         0    0.33   0.32      0.35
807  1.00000000 0.1756087 0.05265505         0    0.33   0.32      0.35
808  0.62500000 0.1756087 0.05265505         0    0.33   0.32      0.35
809  1.00000000 0.1756087 0.05265505         0    0.33   0.32      0.35
810  0.19921875 0.1756087 0.05265505         0    0.33   0.32      0.35
811  0.72656250 0.1756087 0.05265505         0    0.33   0.32      0.35
812  0.30859375 0.1756087 0.05265505         0    0.33   0.32      0.35
813  0.25000000 0.1756087 0.05265505         0    0.33   0.32      0.35
814  0.54296875 0.1756087 0.05265505         0    0.33   0.32      0.35
815  0.68750000 0.1756087 0.05265505         0    0.33   0.32      0.35
816  0.48046875 0.1756087 0.05265505         0    0.33   0.32      0.35
817  0.17578125 0.1756087 0.05265505         0    0.33   0.32      0.35
818  0.43750000 0.1756087 0.05265505         0    0.33   0.32      0.35
819  1.00000000 0.1756087 0.05265505         0    0.33   0.32      0.35
820  0.15234375 0.1756087 0.05265505         0    0.33   0.32      0.35
821  0.17187500 0.1756087 0.05265505         0    0.33   0.32      0.35
822  0.60156250 0.1756087 0.05265505         0    0.33   0.32      0.35
823  0.18750000 0.1756087 0.05265505         0    0.33   0.32      0.35
824  0.29687500 0.1756087 0.05265505         0    0.33   0.32      0.35
825  1.00000000 0.1756087 0.05265505         0    0.33   0.32      0.35
826  0.35937500 0.1756087 0.05265505         0    0.33   0.32      0.35
827  0.21484375 0.1756087 0.05265505         0    0.33   0.32      0.35
828  0.68750000 0.1756087 0.05265505         0    0.33   0.32      0.35
829  0.24218750 0.1756087 0.05265505         0    0.33   0.32      0.35
830  0.87500000 0.1756087 0.05265505         0    0.33   0.32      0.35
831  0.30859375 0.1756087 0.05265505         0    0.33   0.32      0.35
832  1.00000000 0.1756087 0.05265505         0    0.33   0.32      0.35
833  1.00000000 0.1756087 0.05265505         0    0.33   0.32      0.35
834  1.00000000 0.1756087 0.05265505         0    0.33   0.32      0.35
835  0.32031250 0.1756087 0.05265505         0    0.33   0.32      0.35
836  0.31250000 0.1756087 0.05265505         0    0.33   0.32      0.35
837  0.26171875 0.1756087 0.05265505         0    0.33   0.32      0.35
838  0.48828125 0.1756087 0.05265505         0    0.33   0.32      0.35
839  0.24218750 0.1756087 0.05265505         0    0.33   0.32      0.35
840  1.00000000 0.1756087 0.05265505         0    0.33   0.32      0.35
841  1.00000000 0.1756087 0.05265505         0    0.33   0.32      0.35
842  0.30859375 0.1756087 0.05265505         0    0.33   0.32      0.35
843  0.55468750 0.1756087 0.05265505         0    0.33   0.32      0.35
844  0.39062500 0.1756087 0.05265505         0    0.33   0.32      0.35
845  0.27734375 0.1756087 0.05265505         0    0.33   0.32      0.35
846  1.00000000 0.1756087 0.05265505         0    0.33   0.32      0.35
847  0.35937500 0.1756087 0.05265505         0    0.33   0.32      0.35
848  1.00000000 0.1756087 0.05265505         0    0.33   0.32      0.35
849  1.00000000 0.1756087 0.05265505         0    0.33   0.32      0.35
850  0.20703125 0.1756087 0.05265505         0    0.33   0.32      0.35
851  0.33203125 0.1756087 0.05265505         0    0.33   0.32      0.35
852  0.42968750 0.1756087 0.05265505         0    0.33   0.32      0.35
853  0.57031250 0.1756087 0.05265505         0    0.33   0.32      0.35
854  1.00000000 0.1756087 0.05265505         0    0.33   0.32      0.35
855  0.43750000 0.1756087 0.05265505         0    0.33   0.32      0.35
856  0.28515625 0.1756087 0.05265505         0    0.33   0.32      0.35
857  0.33593750 0.1756087 0.05265505         0    0.33   0.32      0.35
858  0.35937500 0.1756087 0.05265505         0    0.33   0.32      0.35
859  0.37890625 0.1756087 0.05265505         0    0.33   0.32      0.35
860  0.71093750 0.1756087 0.05265505         0    0.33   0.32      0.35
861  0.25390625 0.1756087 0.05265505         0    0.33   0.32      0.35
862  1.00000000 0.1756087 0.05265505         0    0.33   0.32      0.35
863  1.00000000 0.1756087 0.05265505         0    0.33   0.32      0.35
864  0.25781250 0.1756087 0.05265505         0    0.33   0.32      0.35
865  0.19531250 0.1756087 0.05265505         0    0.33   0.32      0.35
866  0.25390625 0.1756087 0.05265505         0    0.33   0.32      0.35
867  0.27343750 0.1756087 0.05265505         0    0.33   0.32      0.35
868  0.14062500 0.1756087 0.05265505         0    0.33   0.32      0.35
869  0.43750000 0.1756087 0.05265505         0    0.33   0.32      0.35
870  0.25000000 0.1756087 0.05265505         0    0.33   0.32      0.35
871  1.00000000 0.1756087 0.05265505         0    0.33   0.32      0.35
872  0.23046875 0.1756087 0.05265505         0    0.33   0.32      0.35
873  0.18750000 0.1756087 0.05265505         0    0.33   0.32      0.35
874  0.51171875 0.1756087 0.05265505         0    0.33   0.32      0.35
875  0.40625000 0.1756087 0.05265505         0    0.33   0.32      0.35
876  0.33593750 0.1756087 0.05265505         0    0.33   0.32      0.35
877  1.00000000 0.1756087 0.05265505         0    0.33   0.32      0.35
878  0.60546875 0.1756087 0.05265505         0    0.33   0.32      0.35
879  0.40234375 0.1756087 0.05265505         0    0.33   0.32      0.35
880  0.34375000 0.1756087 0.05265505         0    0.33   0.32      0.35
881  0.37500000 0.1756087 0.05265505         0    0.33   0.32      0.35
882  0.21875000 0.1756087 0.05265505         0    0.33   0.32      0.35
883  0.43750000 0.1756087 0.05265505         0    0.33   0.32      0.35
884  1.00000000 0.1756087 0.05265505         0    0.33   0.32      0.35
885  1.00000000 0.1756087 0.05265505         0    0.33   0.32      0.35
886  0.25781250 0.1756087 0.05265505         0    0.33   0.32      0.35
887  0.16796875 0.1756087 0.05265505         0    0.33   0.32      0.35
888  1.00000000 0.1756087 0.05265505         0    0.33   0.32      0.35
889  0.17578125 0.1756087 0.05265505         0    0.33   0.32      0.35
890  0.26171875 0.1756087 0.05265505         0    0.33   0.32      0.35
891  0.63671875 0.1756087 0.05265505         0    0.33   0.32      0.35
892  0.35156250 0.1756087 0.05265505         0    0.33   0.32      0.35
893  0.17578125 0.1756087 0.05265505         0    0.33   0.32      0.35
894  1.00000000 0.1756087 0.05265505         0    0.33   0.32      0.35
895  0.23046875 0.1756087 0.05265505         0    0.33   0.32      0.35
896  0.19921875 0.1756087 0.05265505         0    0.33   0.32      0.35
897  0.50000000 0.1756087 0.05265505         0    0.33   0.32      0.35
898  0.32031250 0.1756087 0.05265505         0    0.33   0.32      0.35
899  1.00000000 0.1756087 0.05265505         0    0.33   0.32      0.35
900  0.61328125 0.1756087 0.05265505         0    0.33   0.32      0.35
901  1.00000000 0.3651412 0.03229715         0    0.36   0.23      0.41
902  0.14062500 0.3651412 0.03229715         0    0.36   0.23      0.41
903  0.34765625 0.3651412 0.03229715         0    0.36   0.23      0.41
904  0.21875000 0.3651412 0.03229715         0    0.36   0.23      0.41
905  1.00000000 0.3651412 0.03229715         0    0.36   0.23      0.41
906  1.00000000 0.3651412 0.03229715         0    0.36   0.23      0.41
907  1.00000000 0.3651412 0.03229715         0    0.36   0.23      0.41
908  0.58984375 0.3651412 0.03229715         0    0.36   0.23      0.41
909  0.16015625 0.3651412 0.03229715         0    0.36   0.23      0.41
910  1.00000000 0.3651412 0.03229715         0    0.36   0.23      0.41
911  1.00000000 0.3651412 0.03229715         0    0.36   0.23      0.41
912  0.58203125 0.3651412 0.03229715         0    0.36   0.23      0.41
913  1.00000000 0.3651412 0.03229715         0    0.36   0.23      0.41
914  0.13281250 0.3651412 0.03229715         0    0.36   0.23      0.41
915  1.00000000 0.3651412 0.03229715         0    0.36   0.23      0.41
916  0.34765625 0.3651412 0.03229715         0    0.36   0.23      0.41
917  0.16015625 0.3651412 0.03229715         0    0.36   0.23      0.41
918  1.00000000 0.3651412 0.03229715         0    0.36   0.23      0.41
919  0.23437500 0.3651412 0.03229715         0    0.36   0.23      0.41
920  0.28515625 0.3651412 0.03229715         0    0.36   0.23      0.41
921  0.13671875 0.3651412 0.03229715         0    0.36   0.23      0.41
922  0.12890625 0.3651412 0.03229715         0    0.36   0.23      0.41
923  0.14843750 0.3651412 0.03229715         0    0.36   0.23      0.41
924  0.23437500 0.3651412 0.03229715         0    0.36   0.23      0.41
925  0.16406250 0.3651412 0.03229715         0    0.36   0.23      0.41
926  0.22265625 0.3651412 0.03229715         0    0.36   0.23      0.41
927  0.33984375 0.3651412 0.03229715         0    0.36   0.23      0.41
928  0.16015625 0.3651412 0.03229715         0    0.36   0.23      0.41
929  0.57421875 0.3651412 0.03229715         0    0.36   0.23      0.41
930  0.15234375 0.3651412 0.03229715         0    0.36   0.23      0.41
931  0.18750000 0.3651412 0.03229715         0    0.36   0.23      0.41
932  1.00000000 0.3651412 0.03229715         0    0.36   0.23      0.41
933  0.36718750 0.3651412 0.03229715         0    0.36   0.23      0.41
934  1.00000000 0.3651412 0.03229715         0    0.36   0.23      0.41
935  0.62500000 0.3651412 0.03229715         0    0.36   0.23      0.41
936  1.00000000 0.3651412 0.03229715         0    0.36   0.23      0.41
937  1.00000000 0.3651412 0.03229715         0    0.36   0.23      0.41
938  1.00000000 0.3651412 0.03229715         0    0.36   0.23      0.41
939  1.00000000 0.3651412 0.03229715         0    0.36   0.23      0.41
940  0.16796875 0.3651412 0.03229715         0    0.36   0.23      0.41
941  1.00000000 0.3651412 0.03229715         0    0.36   0.23      0.41
942  1.00000000 0.3651412 0.03229715         0    0.36   0.23      0.41
943  1.00000000 0.3651412 0.03229715         0    0.36   0.23      0.41
944  0.26562500 0.3651412 0.03229715         0    0.36   0.23      0.41
945  1.00000000 0.3651412 0.03229715         0    0.36   0.23      0.41
946  1.00000000 0.3651412 0.03229715         0    0.36   0.23      0.41
947  0.33984375 0.3651412 0.03229715         0    0.36   0.23      0.41
948  0.11718750 0.3651412 0.03229715         0    0.36   0.23      0.41
949  0.06640625 0.3651412 0.03229715         0    0.36   0.23      0.41
950  0.67187500 0.3651412 0.03229715         0    0.36   0.23      0.41
951  0.31250000 0.3651412 0.03229715         0    0.36   0.23      0.41
952  1.00000000 0.3651412 0.03229715         0    0.36   0.23      0.41
953  1.00000000 0.3651412 0.03229715         0    0.36   0.23      0.41
954  1.00000000 0.3651412 0.03229715         0    0.36   0.23      0.41
955  1.00000000 0.3651412 0.03229715         0    0.36   0.23      0.41
956  0.25390625 0.3651412 0.03229715         0    0.36   0.23      0.41
957  1.00000000 0.3651412 0.03229715         0    0.36   0.23      0.41
958  0.34375000 0.3651412 0.03229715         0    0.36   0.23      0.41
959  1.00000000 0.3651412 0.03229715         0    0.36   0.23      0.41
960  0.12890625 0.3651412 0.03229715         0    0.36   0.23      0.41
961  0.15625000 0.3651412 0.03229715         0    0.36   0.23      0.41
962  0.27734375 0.3651412 0.03229715         0    0.36   0.23      0.41
963  0.15625000 0.3651412 0.03229715         0    0.36   0.23      0.41
964  0.36328125 0.3651412 0.03229715         0    0.36   0.23      0.41
965  0.13671875 0.3651412 0.03229715         0    0.36   0.23      0.41
966  0.08984375 0.3651412 0.03229715         0    0.36   0.23      0.41
967  0.12500000 0.3651412 0.03229715         0    0.36   0.23      0.41
968  0.12500000 0.3651412 0.03229715         0    0.36   0.23      0.41
969  0.09765625 0.3651412 0.03229715         0    0.36   0.23      0.41
970  0.40625000 0.3651412 0.03229715         0    0.36   0.23      0.41
971  0.17187500 0.3651412 0.03229715         0    0.36   0.23      0.41
972  0.12500000 0.3651412 0.03229715         0    0.36   0.23      0.41
973  0.16015625 0.3651412 0.03229715         0    0.36   0.23      0.41
974  0.33593750 0.3651412 0.03229715         0    0.36   0.23      0.41
975  1.00000000 0.3651412 0.03229715         0    0.36   0.23      0.41
976  1.00000000 0.3651412 0.03229715         0    0.36   0.23      0.41
977  1.00000000 0.3651412 0.03229715         0    0.36   0.23      0.41
978  0.28515625 0.3651412 0.03229715         0    0.36   0.23      0.41
979  0.59375000 0.3651412 0.03229715         0    0.36   0.23      0.41
980  0.16406250 0.3651412 0.03229715         0    0.36   0.23      0.41
981  0.29687500 0.3651412 0.03229715         0    0.36   0.23      0.41
982  0.17187500 0.3651412 0.03229715         0    0.36   0.23      0.41
983  0.38281250 0.3651412 0.03229715         0    0.36   0.23      0.41
984  1.00000000 0.3651412 0.03229715         0    0.36   0.23      0.41
985  1.00000000 0.3651412 0.03229715         0    0.36   0.23      0.41
986  0.57812500 0.3651412 0.03229715         0    0.36   0.23      0.41
987  1.00000000 0.3651412 0.03229715         0    0.36   0.23      0.41
988  0.17968750 0.3651412 0.03229715         0    0.36   0.23      0.41
989  1.00000000 0.3651412 0.03229715         0    0.36   0.23      0.41
990  0.16796875 0.3651412 0.03229715         0    0.36   0.23      0.41
991  1.00000000 0.3651412 0.03229715         0    0.36   0.23      0.41
992  0.28906250 0.3651412 0.03229715         0    0.36   0.23      0.41
993  1.00000000 0.3651412 0.03229715         0    0.36   0.23      0.41
994  0.15234375 0.3651412 0.03229715         0    0.36   0.23      0.41
995  0.11328125 0.3651412 0.03229715         0    0.36   0.23      0.41
996  0.09375000 0.3651412 0.03229715         0    0.36   0.23      0.41
997  0.15234375 0.3651412 0.03229715         0    0.36   0.23      0.41
998  0.17968750 0.3651412 0.03229715         0    0.36   0.23      0.41
999  1.00000000 0.3651412 0.03229715         0    0.36   0.23      0.41
1000 0.26953125 0.3651412 0.03229715         0    0.36   0.23      0.41
